#!ascii label  , from subject sub-v1s10x0051114_ses-1 vox2ras=TkReg
855
42054  23.375  -38.099  53.271 0.0000000000
62547  39.391  -17.255  39.543 0.0000000000
59643  51.806  -20.810  41.284 0.0000000000
55655  39.442  -24.657  49.286 0.0000000000
42079  30.955  -38.188  51.642 0.0000000000
141300  28.872  -40.696  53.434 0.0000000000
135874  45.801  -17.085  40.941 0.0000000000
62464  44.665  -17.679  46.699 0.0000000000
50907  37.789  -28.747  50.476 0.0000000000
43969  35.085  -36.329  53.886 0.0000000000
68241  55.381  -11.396  34.518 0.0000000000
62557  52.408  -17.652  38.443 0.0000000000
56703  34.814  -23.509  45.197 0.0000000000
61471  38.601  -18.636  46.625 0.0000000000
142776  27.375  -38.562  52.779 0.0000000000
40236  26.253  -39.664  53.280 0.0000000000
127863  42.567  -16.881  39.926 0.0000000000
143646  45.680  -16.608  43.713 0.0000000000
63507  41.765  -16.831  43.485 0.0000000000
46998  41.264  -33.554  48.545 0.0000000000
42028  32.706  -39.030  54.148 0.0000000000
136087  32.862  -37.076  52.259 0.0000000000
146905  34.900  -38.967  53.558 0.0000000000
68227  53.213  -11.821  36.322 0.0000000000
64521  54.356  -15.039  34.318 0.0000000000
64499  53.854  -15.002  36.519 0.0000000000
60616  49.300  -19.300  39.344 0.0000000000
60654  50.274  -19.088  36.964 0.0000000000
60613  52.448  -19.576  39.692 0.0000000000
59675  53.556  -20.742  37.901 0.0000000000
57796  52.099  -22.713  38.983 0.0000000000
132870  38.765  -26.806  50.588 0.0000000000
54632  36.213  -26.059  47.967 0.0000000000
56673  36.338  -23.302  49.113 0.0000000000
58644  36.349  -21.352  46.288 0.0000000000
58602  38.609  -21.335  49.620 0.0000000000
59553  40.204  -20.444  48.663 0.0000000000
57693  39.728  -23.205  47.576 0.0000000000
42049  29.471  -38.683  53.632 0.0000000000
61562  46.733  -18.600  39.924 0.0000000000
62513  48.798  -18.416  41.897 0.0000000000
61498  48.335  -18.363  44.013 0.0000000000
60541  46.814  -19.544  46.210 0.0000000000
48029  36.744  -32.742  51.763 0.0000000000
49060  39.278  -31.059  51.248 0.0000000000
50905  41.217  -29.562  49.569 0.0000000000
51752  41.309  -28.622  47.704 0.0000000000
53640  40.141  -26.915  45.859 0.0000000000
45894  35.015  -34.707  51.252 0.0000000000
129126  37.147  -34.971  53.476 0.0000000000
67365  54.516  -12.301  32.204 0.0000000000
142404  51.272  -15.167  37.270 0.0000000000
62567  54.069  -17.865  37.347 0.0000000000
59711  51.611  -20.570  34.591 0.0000000000
61526  39.116  -18.098  43.077 0.0000000000
129219  41.366  -17.596  46.169 0.0000000000
141924  42.361  -19.803  47.166 0.0000000000
40253  24.124  -39.637  52.794 0.0000000000
41179  24.533  -39.100  53.142 0.0000000000
40262  25.496  -40.365  52.381 0.0000000000
63566  40.718  -16.753  39.754 0.0000000000
128258  41.836  -16.965  41.134 0.0000000000
129301  40.374  -16.879  41.084 0.0000000000
42045  33.391  -38.482  54.164 0.0000000000
68228  51.532  -11.852  36.509 0.0000000000
66375  53.570  -13.494  36.358 0.0000000000
66362  51.909  -13.196  37.222 0.0000000000
60603  51.147  -19.343  40.761 0.0000000000
60614  50.858  -19.214  39.555 0.0000000000
59652  52.203  -20.541  40.525 0.0000000000
58716  52.950  -21.686  39.285 0.0000000000
54604  39.304  -25.433  50.016 0.0000000000
147609  37.477  -25.117  50.215 0.0000000000
56656  37.869  -23.620  50.040 0.0000000000
57660  37.586  -22.331  49.768 0.0000000000
56654  38.882  -22.920  49.455 0.0000000000
57669  39.622  -22.136  48.982 0.0000000000
55665  39.484  -24.111  48.867 0.0000000000
42050  28.570  -38.747  53.526 0.0000000000
41163  29.364  -39.417  54.127 0.0000000000
40231  30.816  -40.448  53.616 0.0000000000
63562  44.507  -17.637  40.118 0.0000000000
61575  44.514  -18.667  39.013 0.0000000000
135191  46.188  -18.085  40.269 0.0000000000
61550  47.688  -18.381  40.864 0.0000000000
62527  47.853  -17.300  41.847 0.0000000000
61525  48.680  -18.185  42.559 0.0000000000
62515  47.965  -17.105  42.723 0.0000000000
63472  44.770  -16.869  45.830 0.0000000000
62475  46.901  -17.313  45.416 0.0000000000
62462  46.180  -17.964  46.373 0.0000000000
59583  45.936  -20.175  46.161 0.0000000000
145013  45.221  -18.800  46.551 0.0000000000
46951  38.440  -33.270  52.536 0.0000000000
49048  37.935  -32.054  51.749 0.0000000000
48027  39.863  -32.693  51.566 0.0000000000
48060  41.562  -32.372  48.973 0.0000000000
50913  41.597  -29.454  48.392 0.0000000000
43977  33.835  -36.475  53.250 0.0000000000
43987  34.148  -36.018  52.483 0.0000000000
44925  35.094  -34.817  52.473 0.0000000000
45881  35.821  -34.320  53.197 0.0000000000
138369  36.280  -35.993  53.794 0.0000000000
69986  54.239  -9.533  35.446 0.0000000000
67355  55.082  -12.267  33.525 0.0000000000
63610  53.957  -16.454  34.170 0.0000000000
61583  51.354  -18.326  37.823 0.0000000000
62581  50.411  -17.381  36.708 0.0000000000
63587  50.947  -16.564  37.248 0.0000000000
64501  50.679  -15.592  36.987 0.0000000000
63586  51.615  -15.938  37.615 0.0000000000
63573  53.099  -15.886  37.903 0.0000000000
62555  53.397  -17.229  38.213 0.0000000000
58735  51.932  -21.855  36.569 0.0000000000
58740  52.488  -21.186  36.291 0.0000000000
50065  37.559  -29.717  50.274 0.0000000000
51753  36.497  -28.439  48.210 0.0000000000
55682  35.523  -24.957  46.977 0.0000000000
54645  35.112  -26.081  45.794 0.0000000000
134411  37.157  -20.051  46.955 0.0000000000
59618  36.422  -20.615  44.432 0.0000000000
60566  37.566  -19.519  44.415 0.0000000000
60587  38.285  -19.463  42.996 0.0000000000
61501  38.712  -18.561  44.704 0.0000000000
62480  39.752  -17.620  45.068 0.0000000000
145135  39.826  -18.244  46.887 0.0000000000
58628  41.287  -21.212  47.558 0.0000000000
59551  41.564  -19.673  47.508 0.0000000000
58641  42.168  -21.068  46.394 0.0000000000
58677  42.901  -20.929  44.562 0.0000000000
149850  26.788  -38.980  53.684 0.0000000000
40234  27.443  -40.182  53.549 0.0000000000
39188  27.769  -41.375  52.748 0.0000000000
39190  26.292  -40.600  52.474 0.0000000000
136005  43.950  -16.990  40.622 0.0000000000
63520  45.670  -16.718  42.298 0.0000000000
133855  43.925  -16.850  42.108 0.0000000000
63505  43.411  -16.770  43.486 0.0000000000
63487  43.534  -16.774  44.782 0.0000000000
42063  30.948  -38.102  52.987 0.0000000000
43062  31.632  -37.737  52.125 0.0000000000
43033  32.372  -37.719  53.822 0.0000000000
130500  33.959  -37.932  54.153 0.0000000000
132711  35.030  -37.240  53.860 0.0000000000
43968  35.860  -36.785  53.694 0.0000000000
42062  35.806  -38.883  52.920 0.0000000000
68233  54.487  -11.306  35.569 0.0000000000
66400  54.725  -13.640  34.368 0.0000000000
126805  54.427  -13.124  35.405 0.0000000000
65398  54.000  -14.537  35.966 0.0000000000
63600  54.215  -16.574  35.632 0.0000000000
60629  48.746  -19.627  38.533 0.0000000000
146071  50.265  -19.446  38.237 0.0000000000
60627  50.982  -19.207  38.769 0.0000000000
61558  52.759  -19.124  39.232 0.0000000000
144120  53.787  -18.942  38.317 0.0000000000
59660  53.477  -20.409  39.161 0.0000000000
57807  52.614  -22.251  38.632 0.0000000000
52634  38.423  -27.714  50.681 0.0000000000
52645  37.004  -27.459  49.320 0.0000000000
53621  37.637  -26.460  50.274 0.0000000000
55667  36.148  -24.535  48.684 0.0000000000
56684  35.521  -23.466  46.596 0.0000000000
58646  35.694  -22.662  45.544 0.0000000000
58618  36.304  -21.990  47.551 0.0000000000
59557  37.195  -20.761  48.328 0.0000000000
60522  38.256  -19.775  48.327 0.0000000000
60532  39.518  -19.253  48.225 0.0000000000
58600  39.435  -20.611  49.156 0.0000000000
57668  40.152  -21.985  48.487 0.0000000000
56693  39.885  -23.402  46.450 0.0000000000
42083  27.638  -38.420  50.974 0.0000000000
126186  28.917  -38.642  51.885 0.0000000000
42064  29.991  -38.487  52.871 0.0000000000
42030  30.709  -38.909  54.093 0.0000000000
40230  31.826  -40.665  53.589 0.0000000000
61571  48.213  -19.262  39.443 0.0000000000
150707  48.941  -18.852  40.823 0.0000000000
61537  50.102  -19.165  41.577 0.0000000000
60586  49.568  -19.131  42.796 0.0000000000
60563  49.046  -20.429  44.294 0.0000000000
59613  48.602  -20.985  45.111 0.0000000000
63501  47.236  -16.870  43.993 0.0000000000
143692  47.758  -18.955  45.424 0.0000000000
145528  36.253  -32.610  50.523 0.0000000000
48062  36.597  -31.940  50.108 0.0000000000
50057  38.022  -30.606  51.089 0.0000000000
50897  38.355  -29.821  51.019 0.0000000000
48045  40.866  -32.714  50.066 0.0000000000
50060  40.278  -30.198  50.588 0.0000000000
50895  39.036  -29.021  50.878 0.0000000000
51735  40.203  -28.583  50.328 0.0000000000
52643  40.838  -27.683  49.294 0.0000000000
53628  40.596  -26.516  48.672 0.0000000000
54630  40.168  -25.852  47.402 0.0000000000
132464  40.665  -27.517  46.862 0.0000000000
46963  35.860  -33.450  51.544 0.0000000000
46942  36.773  -33.805  52.918 0.0000000000
44914  38.635  -35.515  52.223 0.0000000000
150766  36.999  -37.091  52.731 0.0000000000
43974  38.228  -36.312  52.107 0.0000000000
68270  55.028  -11.116  31.760 0.0000000000
66363  51.209  -13.587  37.107 0.0000000000
138042  52.318  -14.461  37.436 0.0000000000
63583  53.777  -16.305  37.207 0.0000000000
62594  54.168  -17.787  35.467 0.0000000000
60636  54.144  -19.365  37.305 0.0000000000
60664  53.679  -19.445  36.064 0.0000000000
60676  52.660  -19.473  34.688 0.0000000000
52655  35.964  -27.649  47.014 0.0000000000
61541  38.829  -18.585  41.495 0.0000000000
62528  39.179  -17.784  41.149 0.0000000000
62502  40.181  -17.114  43.123 0.0000000000
62478  41.431  -17.134  45.303 0.0000000000
62466  42.812  -17.511  46.438 0.0000000000
61460  40.831  -19.193  47.733 0.0000000000
61468  42.292  -18.622  47.264 0.0000000000
144698  43.594  -18.406  47.064 0.0000000000
59603  43.798  -20.029  45.983 0.0000000000
54637  39.661  -25.231  46.633 0.0000000000
55687  39.393  -24.618  45.361 0.0000000000
41180  23.714  -38.943  53.180 0.0000000000
128590  24.216  -38.291  53.323 0.0000000000
63567  39.998  -16.790  39.445 0.0000000000
63556  41.085  -16.865  40.484 0.0000000000
63557  40.214  -16.822  40.326 0.0000000000
67320  52.071  -12.479  36.956 0.0000000000
67321  51.080  -12.668  36.873 0.0000000000
60594  51.066  -19.628  41.373 0.0000000000
60602  51.718  -19.844  40.875 0.0000000000
58708  52.110  -21.638  40.496 0.0000000000
58702  51.704  -22.085  41.156 0.0000000000
148748  39.498  -25.145  49.553 0.0000000000
54605  38.538  -25.096  50.151 0.0000000000
141637  39.145  -24.731  49.757 0.0000000000
56655  38.488  -23.317  49.718 0.0000000000
55646  38.972  -23.912  49.496 0.0000000000
56664  39.200  -23.592  49.200 0.0000000000
54624  39.827  -25.180  48.967 0.0000000000
40233  28.236  -40.075  53.862 0.0000000000
41164  28.532  -39.372  54.125 0.0000000000
140381  28.930  -39.990  54.053 0.0000000000
40248  29.577  -41.383  53.195 0.0000000000
63553  45.245  -17.380  40.513 0.0000000000
62535  45.312  -17.863  40.212 0.0000000000
62534  46.028  -17.542  40.616 0.0000000000
63551  47.284  -17.467  41.287 0.0000000000
63537  47.141  -16.932  41.663 0.0000000000
138874  47.488  -16.816  42.309 0.0000000000
63519  46.732  -16.665  42.324 0.0000000000
63471  45.574  -16.979  46.039 0.0000000000
62463  45.493  -17.628  46.519 0.0000000000
61479  45.573  -18.350  46.560 0.0000000000
61480  44.915  -17.977  46.850 0.0000000000
46950  39.291  -33.793  52.187 0.0000000000
48009  39.257  -32.917  52.044 0.0000000000
46962  39.920  -33.499  51.605 0.0000000000
43976  34.497  -36.080  53.550 0.0000000000
44926  34.536  -35.455  51.641 0.0000000000
44917  34.688  -35.462  52.993 0.0000000000
44916  35.359  -35.116  53.527 0.0000000000
44904  35.676  -35.671  53.907 0.0000000000
144864  54.966  -10.671  35.345 0.0000000000
69104  55.066  -9.779  35.251 0.0000000000
69112  55.407  -10.559  34.935 0.0000000000
68254  55.380  -11.422  33.560 0.0000000000
67348  55.209  -12.216  34.198 0.0000000000
62569  51.827  -17.537  38.032 0.0000000000
62570  51.164  -17.498  37.419 0.0000000000
134265  51.583  -16.827  37.726 0.0000000000
63574  52.350  -16.762  38.121 0.0000000000
132585  53.010  -16.524  38.228 0.0000000000
62556  52.919  -17.400  38.489 0.0000000000
57833  51.254  -22.275  36.291 0.0000000000
50908  37.150  -29.009  49.677 0.0000000000
51747  36.946  -28.297  49.181 0.0000000000
126532  34.795  -23.909  45.563 0.0000000000
55688  34.325  -23.982  44.912 0.0000000000
60546  37.525  -19.480  46.438 0.0000000000
60555  37.475  -19.490  45.438 0.0000000000
60554  38.024  -18.971  45.997 0.0000000000
60565  38.111  -19.032  44.998 0.0000000000
61491  38.622  -18.576  45.655 0.0000000000
61490  39.222  -18.146  45.367 0.0000000000
148445  39.194  -18.487  47.086 0.0000000000
57691  41.206  -22.239  46.443 0.0000000000
58642  41.629  -21.523  46.849 0.0000000000
57714  41.294  -22.410  45.571 0.0000000000
58665  41.838  -21.703  45.812 0.0000000000
41178  25.510  -39.276  53.175 0.0000000000
42052  25.838  -38.614  53.221 0.0000000000
41177  26.316  -39.098  53.504 0.0000000000
41166  26.910  -39.496  53.611 0.0000000000
40235  26.676  -40.343  53.141 0.0000000000
40251  25.848  -40.053  52.888 0.0000000000
63565  41.686  -16.735  39.458 0.0000000000
63575  42.315  -16.831  38.618 0.0000000000
63564  42.607  -16.841  39.239 0.0000000000
127421  43.879  -17.281  40.080 0.0000000000
63555  43.284  -16.976  40.324 0.0000000000
63540  44.458  -16.884  41.201 0.0000000000
63541  43.400  -16.943  41.192 0.0000000000
63523  42.174  -17.049  41.980 0.0000000000
149834  42.634  -16.960  42.366 0.0000000000
63506  42.663  -16.773  43.571 0.0000000000
128701  43.254  -16.739  44.056 0.0000000000
149941  42.203  -16.745  43.985 0.0000000000
42047  31.696  -38.066  53.830 0.0000000000
43046  31.897  -37.632  53.190 0.0000000000
42046  32.496  -38.247  54.143 0.0000000000
129823  34.271  -38.756  53.907 0.0000000000
42044  34.845  -38.199  53.839 0.0000000000
43031  34.381  -37.469  53.942 0.0000000000
43030  35.734  -38.063  53.367 0.0000000000
68235  52.053  -11.074  36.044 0.0000000000
139097  52.990  -10.999  36.252 0.0000000000
68234  53.736  -11.089  35.915 0.0000000000
68226  53.879  -12.039  35.851 0.0000000000
67328  54.598  -12.305  35.395 0.0000000000
67317  53.972  -12.932  35.811 0.0000000000
65399  53.713  -14.260  36.476 0.0000000000
64506  54.146  -15.240  35.793 0.0000000000
133187  49.582  -19.629  38.358 0.0000000000
60628  50.181  -19.401  38.965 0.0000000000
125424  51.622  -19.146  39.557 0.0000000000
60626  51.961  -18.902  39.098 0.0000000000
60612  53.204  -19.669  39.351 0.0000000000
59661  53.056  -20.330  39.736 0.0000000000
57795  52.556  -22.289  39.165 0.0000000000
57808  52.008  -22.744  38.274 0.0000000000
56825  51.424  -23.083  38.597 0.0000000000
52635  38.029  -27.037  50.579 0.0000000000
53613  38.128  -26.307  50.461 0.0000000000
55666  36.535  -24.022  49.481 0.0000000000
133750  36.650  -24.998  49.416 0.0000000000
56674  36.004  -23.689  48.624 0.0000000000
55676  35.766  -24.169  47.950 0.0000000000
56683  35.804  -23.359  47.645 0.0000000000
57680  35.891  -22.953  46.846 0.0000000000
146810  36.080  -22.940  48.490 0.0000000000
58603  37.896  -21.582  49.628 0.0000000000
58604  36.972  -21.963  49.231 0.0000000000
58616  37.459  -21.123  49.054 0.0000000000
59570  37.385  -20.189  47.846 0.0000000000
59556  37.876  -20.428  48.786 0.0000000000
59555  38.775  -20.314  49.103 0.0000000000
59542  39.006  -20.715  49.467 0.0000000000
57679  39.788  -22.650  48.437 0.0000000000
57678  40.273  -22.349  47.866 0.0000000000
42084  26.838  -38.221  51.445 0.0000000000
42067  27.529  -38.468  51.920 0.0000000000
42065  29.131  -38.612  52.739 0.0000000000
42081  29.657  -38.572  51.907 0.0000000000
42048  30.334  -38.558  53.707 0.0000000000
61574  45.371  -18.921  39.209 0.0000000000
61573  46.346  -19.177  39.276 0.0000000000
61572  47.266  -19.233  39.385 0.0000000000
62526  48.241  -18.061  41.684 0.0000000000
61549  48.279  -18.474  41.132 0.0000000000
61539  48.815  -18.644  41.319 0.0000000000
61538  49.461  -18.877  41.372 0.0000000000
145703  49.428  -18.834  41.832 0.0000000000
61523  49.831  -19.161  42.198 0.0000000000
61524  49.193  -18.664  42.382 0.0000000000
62500  48.350  -17.727  43.194 0.0000000000
61510  48.956  -18.636  43.204 0.0000000000
60576  48.761  -19.372  44.145 0.0000000000
61487  48.194  -19.077  44.868 0.0000000000
149347  45.439  -16.673  43.053 0.0000000000
129985  46.256  -16.589  43.063 0.0000000000
63502  46.572  -16.648  43.854 0.0000000000
61477  47.053  -18.808  46.156 0.0000000000
130082  47.320  -17.771  45.338 0.0000000000
60553  47.388  -19.460  45.934 0.0000000000
139600  47.528  -20.269  45.892 0.0000000000
59581  47.123  -20.357  46.122 0.0000000000
48047  36.276  -32.905  51.253 0.0000000000
48046  36.790  -32.333  51.047 0.0000000000
49061  38.374  -31.188  51.333 0.0000000000
49062  37.768  -31.496  51.272 0.0000000000
133957  37.983  -30.013  50.896 0.0000000000
50056  38.669  -30.192  51.142 0.0000000000
46975  40.724  -33.672  50.184 0.0000000000
46988  41.174  -33.444  49.520 0.0000000000
149430  41.323  -30.798  49.434 0.0000000000
49072  41.102  -31.180  49.679 0.0000000000
50059  40.991  -30.335  49.853 0.0000000000
50901  39.595  -29.546  50.777 0.0000000000
50900  40.493  -29.419  50.308 0.0000000000
51736  39.378  -28.648  50.658 0.0000000000
50906  40.879  -28.945  49.821 0.0000000000
51751  41.497  -28.874  48.198 0.0000000000
52642  41.223  -28.266  48.942 0.0000000000
52648  41.308  -28.221  48.357 0.0000000000
137796  40.825  -27.115  48.975 0.0000000000
144510  40.948  -27.331  48.337 0.0000000000
133286  40.789  -27.188  47.614 0.0000000000
51756  40.906  -28.350  46.914 0.0000000000
137454  32.256  -37.352  52.479 0.0000000000
43061  32.341  -37.450  51.430 0.0000000000
45905  34.964  -34.568  50.115 0.0000000000
45904  35.413  -34.010  50.859 0.0000000000
46976  35.760  -33.237  50.461 0.0000000000
45865  36.385  -34.399  53.522 0.0000000000
45880  36.306  -33.945  52.982 0.0000000000
45879  38.173  -34.724  52.924 0.0000000000
44915  37.840  -35.722  52.898 0.0000000000
43043  36.583  -37.543  52.867 0.0000000000
43985  38.497  -36.600  51.342 0.0000000000
68260  55.319  -11.160  32.603 0.0000000000
68261  54.872  -11.669  32.148 0.0000000000
67375  54.387  -11.814  31.408 0.0000000000
65424  54.525  -14.372  34.717 0.0000000000
60655  49.525  -19.257  36.546 0.0000000000
60666  48.938  -19.252  36.001 0.0000000000
64502  50.024  -14.962  36.536 0.0000000000
64494  50.696  -14.778  36.910 0.0000000000
65400  50.577  -14.060  36.885 0.0000000000
65392  51.419  -14.451  37.256 0.0000000000
148287  51.902  -13.889  37.341 0.0000000000
62568  53.760  -17.129  37.683 0.0000000000
64491  53.385  -15.675  37.486 0.0000000000
131074  53.989  -17.115  37.088 0.0000000000
63594  54.063  -16.674  36.427 0.0000000000
61602  54.304  -18.153  36.217 0.0000000000
141178  53.794  -20.475  38.111 0.0000000000
60637  54.046  -19.783  38.052 0.0000000000
127114  53.920  -20.122  37.657 0.0000000000
59698  52.020  -20.936  35.344 0.0000000000
59688  53.209  -20.290  36.469 0.0000000000
59710  52.291  -20.206  34.999 0.0000000000
60665  52.956  -19.812  35.541 0.0000000000
53629  36.614  -26.938  48.520 0.0000000000
52654  36.353  -27.707  47.831 0.0000000000
53634  36.161  -26.930  47.519 0.0000000000
58645  36.029  -22.015  45.695 0.0000000000
59617  37.035  -20.063  43.956 0.0000000000
138378  38.664  -18.850  43.259 0.0000000000
61527  38.673  -18.910  42.394 0.0000000000
150164  38.896  -18.361  40.995 0.0000000000
61540  39.157  -17.955  42.066 0.0000000000
62516  39.682  -17.295  42.527 0.0000000000
62503  39.739  -17.496  43.457 0.0000000000
62479  40.551  -17.465  45.482 0.0000000000
62489  40.875  -17.070  44.634 0.0000000000
62477  42.114  -17.258  45.908 0.0000000000
133208  42.094  -17.773  46.695 0.0000000000
60520  39.753  -19.804  48.678 0.0000000000
61461  40.124  -19.195  48.122 0.0000000000
60519  40.288  -19.810  48.293 0.0000000000
61459  41.624  -19.121  47.508 0.0000000000
60531  42.483  -19.010  47.344 0.0000000000
61467  43.039  -18.498  47.168 0.0000000000
59568  43.037  -19.124  47.223 0.0000000000
60544  43.740  -19.010  47.010 0.0000000000
59585  43.320  -19.529  46.754 0.0000000000
58676  43.928  -20.711  44.298 0.0000000000
139678  40.029  -26.097  46.543 0.0000000000
42053  25.015  -38.460  53.257 0.0000000000
40252  25.007  -39.787  52.746 0.0000000000
63577  40.764  -16.652  38.982 0.0000000000
139524  42.604  -16.942  40.734 0.0000000000
63542  41.048  -17.070  41.221 0.0000000000
63524  41.391  -17.060  42.487 0.0000000000
41160  32.883  -39.811  53.756 0.0000000000
41175  33.645  -39.503  53.757 0.0000000000
41174  34.549  -39.505  53.416 0.0000000000
129720  52.468  -11.773  36.537 0.0000000000
67318  53.400  -12.692  36.311 0.0000000000
67319  52.808  -12.522  36.706 0.0000000000
67306  53.055  -13.260  36.797 0.0000000000
66360  53.272  -13.996  36.951 0.0000000000
60604  50.533  -19.153  40.318 0.0000000000
60615  50.121  -19.169  39.637 0.0000000000
126345  51.638  -19.626  40.167 0.0000000000
59662  52.461  -20.249  40.081 0.0000000000
58707  52.664  -21.168  39.914 0.0000000000
58717  52.241  -22.194  39.783 0.0000000000
53611  39.492  -26.168  50.205 0.0000000000
126875  37.917  -25.536  50.322 0.0000000000
55648  37.735  -24.612  50.165 0.0000000000
56657  37.173  -23.849  50.093 0.0000000000
57670  36.528  -22.722  49.120 0.0000000000
57651  37.465  -22.992  49.984 0.0000000000
148598  37.899  -22.585  49.896 0.0000000000
57659  38.642  -21.867  49.624 0.0000000000
58601  39.014  -21.205  49.569 0.0000000000
148723  39.224  -22.762  49.218 0.0000000000
56672  39.410  -23.061  48.914 0.0000000000
55675  39.474  -24.055  47.875 0.0000000000
42051  27.684  -38.760  53.443 0.0000000000
42033  28.100  -38.936  53.950 0.0000000000
42032  28.964  -38.930  54.047 0.0000000000
42031  29.840  -38.926  54.080 0.0000000000
62559  43.808  -18.181  38.877 0.0000000000
62558  44.516  -18.169  39.633 0.0000000000
62544  45.368  -18.360  39.791 0.0000000000
62543  47.020  -18.193  40.560 0.0000000000
62533  47.741  -17.918  41.385 0.0000000000
62514  48.326  -17.705  42.292 0.0000000000
62501  47.768  -17.189  43.610 0.0000000000
63503  45.033  -16.637  44.304 0.0000000000
129190  45.939  -16.691  44.518 0.0000000000
63470  46.185  -16.924  45.379 0.0000000000
62476  46.253  -17.434  46.040 0.0000000000
61478  46.432  -18.656  46.307 0.0000000000
59582  46.603  -20.335  46.150 0.0000000000
60542  46.027  -19.340  46.310 0.0000000000
137291  45.232  -19.994  46.071 0.0000000000
147679  37.768  -33.139  52.562 0.0000000000
48012  37.202  -32.635  52.083 0.0000000000
48010  38.516  -32.536  52.110 0.0000000000
48028  39.055  -31.995  51.663 0.0000000000
46987  41.485  -33.206  49.030 0.0000000000
50064  41.506  -30.375  49.203 0.0000000000
50910  41.593  -29.535  48.962 0.0000000000
50071  41.670  -30.191  48.647 0.0000000000
138554  41.488  -30.118  48.083 0.0000000000
43044  33.241  -36.801  53.019 0.0000000000
43060  33.078  -37.040  51.279 0.0000000000
137350  33.522  -36.595  52.077 0.0000000000
134940  33.991  -36.170  51.325 0.0000000000
45893  35.500  -34.109  52.004 0.0000000000
45866  35.906  -34.869  53.857 0.0000000000
44903  36.290  -35.208  53.844 0.0000000000
69122  55.690  -10.532  34.149 0.0000000000
134007  55.013  -11.946  32.834 0.0000000000
64514  54.323  -15.785  34.600 0.0000000000
61593  50.760  -18.401  37.086 0.0000000000
61594  50.047  -18.454  36.486 0.0000000000
142350  50.304  -16.332  36.789 0.0000000000
64493  52.000  -15.155  37.546 0.0000000000
63585  52.529  -15.875  37.861 0.0000000000
63584  53.409  -16.428  37.863 0.0000000000
58734  52.483  -21.716  37.288 0.0000000000
59689  53.071  -20.945  37.296 0.0000000000
58741  51.682  -21.625  35.766 0.0000000000
50062  36.966  -30.544  49.764 0.0000000000
54633  35.806  -25.711  47.312 0.0000000000
54638  35.544  -25.993  46.621 0.0000000000
54639  35.095  -25.241  46.182 0.0000000000
127549  34.660  -25.641  45.240 0.0000000000
133562  36.402  -20.835  46.001 0.0000000000
59605  36.376  -20.688  45.314 0.0000000000
59588  36.842  -20.142  45.988 0.0000000000
59604  36.907  -20.025  44.906 0.0000000000
60578  37.721  -19.745  43.494 0.0000000000
60588  37.870  -20.207  42.621 0.0000000000
60577  38.255  -19.074  43.931 0.0000000000
61512  38.918  -18.487  43.881 0.0000000000
61511  39.363  -17.965  43.838 0.0000000000
61500  39.265  -18.039  44.521 0.0000000000
62468  39.847  -17.901  45.961 0.0000000000
62467  40.596  -17.951  46.527 0.0000000000
58613  40.792  -20.867  48.161 0.0000000000
59552  40.803  -20.198  47.933 0.0000000000
59569  41.456  -20.440  47.562 0.0000000000
59587  41.977  -20.771  47.059 0.0000000000
59586  42.801  -20.315  46.345 0.0000000000
58664  42.549  -20.918  45.524 0.0000000000
42068  26.748  -38.378  52.440 0.0000000000
139532  26.102  -38.369  52.862 0.0000000000
130121  26.753  -38.727  53.312 0.0000000000
42034  27.308  -38.949  53.761 0.0000000000
40249  28.014  -40.850  53.309 0.0000000000
40250  27.336  -40.836  53.086 0.0000000000
39189  27.043  -41.005  52.596 0.0000000000
62545  43.713  -17.581  39.397 0.0000000000
148316  45.111  -16.988  40.841 0.0000000000
63538  46.255  -16.855  41.579 0.0000000000
63539  45.364  -16.859  41.430 0.0000000000
133485  44.833  -16.799  41.941 0.0000000000
127357  44.823  -16.697  43.475 0.0000000000
63522  42.970  -16.930  41.965 0.0000000000
127356  44.005  -16.761  43.082 0.0000000000
63504  44.063  -16.739  44.010 0.0000000000
63473  43.930  -16.938  45.656 0.0000000000
134878  40.483  -34.448  50.270 0.0000000000
43045  32.738  -37.259  53.327 0.0000000000
131536  33.103  -37.742  54.076 0.0000000000
43032  33.674  -37.187  53.781 0.0000000000
43970  34.445  -36.806  53.765 0.0000000000
42061  36.327  -38.452  52.574 0.0000000000
69105  54.368  -10.394  35.585 0.0000000000
68232  55.101  -11.426  35.174 0.0000000000
67336  54.989  -12.944  34.641 0.0000000000
134869  54.809  -12.865  35.109 0.0000000000
66389  54.617  -13.615  35.088 0.0000000000
66374  54.062  -13.779  35.756 0.0000000000
64513  54.407  -15.123  35.022 0.0000000000
63609  54.296  -16.512  34.932 0.0000000000
62604  53.950  -17.284  34.696 0.0000000000
60641  49.005  -19.814  37.604 0.0000000000
60640  49.803  -19.516  37.429 0.0000000000
60639  50.742  -19.110  37.774 0.0000000000
60638  51.373  -18.855  38.402 0.0000000000
61582  51.943  -18.303  38.465 0.0000000000
61570  52.670  -18.390  38.772 0.0000000000
126894  53.335  -18.151  38.507 0.0000000000
60625  53.267  -19.010  38.861 0.0000000000
60624  53.676  -19.738  38.755 0.0000000000
58726  53.427  -21.019  38.406 0.0000000000
140085  53.220  -20.991  39.422 0.0000000000
58722  53.044  -21.696  38.769 0.0000000000
58727  53.003  -21.523  38.141 0.0000000000
57819  52.511  -22.244  37.977 0.0000000000
57820  51.744  -22.447  37.299 0.0000000000
51743  37.824  -27.879  50.507 0.0000000000
140780  37.301  -27.834  49.892 0.0000000000
52644  37.467  -27.207  50.138 0.0000000000
53622  37.099  -26.611  49.643 0.0000000000
129266  36.705  -25.938  49.039 0.0000000000
54615  37.258  -25.643  50.064 0.0000000000
54625  36.319  -25.336  48.576 0.0000000000
151068  35.651  -24.532  47.498 0.0000000000
55677  35.523  -24.036  47.178 0.0000000000
56694  35.097  -23.462  45.841 0.0000000000
57716  35.126  -23.010  45.236 0.0000000000
57695  35.577  -23.063  45.993 0.0000000000
57694  36.049  -22.602  46.198 0.0000000000
138006  36.288  -21.936  46.640 0.0000000000
134663  36.368  -22.267  48.400 0.0000000000
58617  36.712  -21.457  48.206 0.0000000000
58630  36.480  -21.381  47.172 0.0000000000
148981  36.995  -20.443  47.283 0.0000000000
60534  37.813  -19.507  47.380 0.0000000000
60533  38.733  -18.994  47.683 0.0000000000
60521  39.125  -19.729  48.625 0.0000000000
135249  39.734  -20.181  48.873 0.0000000000
58615  39.409  -21.372  49.252 0.0000000000
58614  40.084  -21.259  48.763 0.0000000000
58629  40.662  -21.600  48.098 0.0000000000
57692  40.400  -22.663  46.945 0.0000000000
145648  30.250  -38.462  51.046 0.0000000000
42066  28.214  -38.635  52.531 0.0000000000
126185  29.213  -38.605  50.966 0.0000000000
42080  30.374  -38.400  52.078 0.0000000000
128081  31.064  -38.458  53.868 0.0000000000
42029  31.698  -38.803  54.109 0.0000000000
41162  31.211  -39.578  53.890 0.0000000000
41161  32.141  -39.667  53.828 0.0000000000
61561  47.558  -18.754  40.148 0.0000000000
61560  48.501  -18.907  40.354 0.0000000000
61559  49.546  -19.007  40.227 0.0000000000
61548  49.621  -18.919  40.858 0.0000000000
61547  50.384  -19.055  41.023 0.0000000000
59644  51.211  -20.447  41.930 0.0000000000
132097  50.557  -19.753  42.079 0.0000000000
59635  50.826  -20.721  42.685 0.0000000000
59626  50.199  -20.474  43.197 0.0000000000
60575  49.538  -19.777  43.475 0.0000000000
63518  47.232  -16.695  43.133 0.0000000000
62487  47.942  -17.711  44.024 0.0000000000
63484  46.797  -16.878  44.667 0.0000000000
62488  47.454  -17.360  44.583 0.0000000000
61499  47.801  -18.137  44.862 0.0000000000
60552  47.913  -19.731  45.535 0.0000000000
48063  35.899  -32.603  49.739 0.0000000000
142674  37.024  -31.163  50.187 0.0000000000
49063  37.281  -32.132  51.516 0.0000000000
49074  37.383  -31.493  50.883 0.0000000000
50061  37.585  -30.592  50.557 0.0000000000
50903  38.248  -29.266  50.912 0.0000000000
45891  40.319  -34.031  50.932 0.0000000000
46961  40.421  -33.136  50.928 0.0000000000
133204  40.150  -32.012  51.038 0.0000000000
48044  41.255  -32.050  49.531 0.0000000000
135815  40.733  -31.655  50.212 0.0000000000
49059  40.162  -30.990  50.836 0.0000000000
135994  39.450  -30.217  50.986 0.0000000000
50896  38.604  -29.424  50.982 0.0000000000
50902  38.542  -28.934  50.874 0.0000000000
51737  38.814  -28.401  50.745 0.0000000000
125722  39.528  -28.197  50.525 0.0000000000
52633  39.215  -27.626  50.572 0.0000000000
51741  41.292  -28.899  49.241 0.0000000000
52632  40.224  -27.722  50.134 0.0000000000
146680  39.766  -26.935  50.251 0.0000000000
150560  40.095  -26.427  49.772 0.0000000000
53620  40.415  -26.445  49.240 0.0000000000
54623  40.276  -25.896  48.984 0.0000000000
137747  40.209  -25.676  48.375 0.0000000000
53633  40.619  -26.526  47.963 0.0000000000
53639  40.432  -26.687  47.057 0.0000000000
52661  40.451  -28.023  46.050 0.0000000000
51760  40.575  -28.919  46.215 0.0000000000
51761  40.074  -28.685  45.417 0.0000000000
42092  31.562  -37.885  51.042 0.0000000000
144393  36.295  -33.163  51.957 0.0000000000
46953  36.048  -33.614  52.492 0.0000000000
46952  36.607  -33.311  52.399 0.0000000000
46941  37.564  -33.560  52.778 0.0000000000
126952  38.697  -34.069  52.642 0.0000000000
44913  39.325  -35.317  51.435 0.0000000000
43967  36.734  -36.701  53.274 0.0000000000
43975  37.466  -36.632  52.688 0.0000000000
43986  37.877  -36.935  51.865 0.0000000000
69142  55.144  -10.512  31.304 0.0000000000
66361  52.602  -13.747  37.221 0.0000000000
64500  53.442  -14.834  37.127 0.0000000000
64492  52.884  -15.144  37.633 0.0000000000
64490  53.706  -15.497  37.024 0.0000000000
130382  53.930  -15.776  36.497 0.0000000000
62603  54.217  -17.089  35.328 0.0000000000
61615  53.733  -18.234  34.918 0.0000000000
60623  54.124  -18.785  37.657 0.0000000000
61592  54.283  -18.508  36.945 0.0000000000
150321  53.601  -20.377  37.298 0.0000000000
60653  53.878  -19.779  36.922 0.0000000000
60652  54.195  -19.005  36.536 0.0000000000
61603  54.022  -18.635  35.724 0.0000000000
60675  53.413  -19.065  35.201 0.0000000000
60690  51.577  -19.529  33.492 0.0000000000
62548  38.917  -17.881  39.708 0.0000000000
52649  36.691  -27.783  48.559 0.0000000000
59636  38.384  -19.753  42.266 0.0000000000
61551  38.767  -18.890  40.830 0.0000000000
62537  38.915  -18.170  40.488 0.0000000000
62536  39.313  -17.451  40.321 0.0000000000
145818  39.687  -16.963  40.937 0.0000000000
63525  40.433  -17.038  42.483 0.0000000000
63508  40.880  -16.994  43.233 0.0000000000
62490  40.382  -17.169  43.914 0.0000000000
63490  41.122  -16.908  43.941 0.0000000000
63489  41.733  -16.843  44.420 0.0000000000
63475  42.157  -16.940  45.142 0.0000000000
63474  42.947  -16.965  45.568 0.0000000000
63462  43.579  -17.358  46.305 0.0000000000
61481  39.658  -18.721  47.636 0.0000000000
61470  40.575  -18.572  47.391 0.0000000000
146201  41.395  -18.107  46.975 0.0000000000
60518  40.971  -19.610  47.750 0.0000000000
61469  41.512  -18.689  47.354 0.0000000000
144067  42.062  -18.257  47.141 0.0000000000
62456  42.792  -18.080  47.101 0.0000000000
62455  43.513  -18.128  47.042 0.0000000000
61466  44.177  -18.143  46.953 0.0000000000
60529  43.949  -18.505  47.032 0.0000000000
59584  44.375  -19.483  46.381 0.0000000000
59602  44.697  -20.164  45.716 0.0000000000
59616  43.416  -20.484  45.253 0.0000000000
59615  44.158  -20.308  45.154 0.0000000000
142813  39.725  -24.769  48.458 0.0000000000
54631  39.784  -24.970  47.672 0.0000000000
134644  39.547  -24.474  47.040 0.0000000000
135766  39.671  -25.828  45.756 0.0000000000
142778  39.398  -25.107  45.780 0.0000000000
132174  39.505  -23.915  46.834 0.0000000000
56702  39.515  -23.963  45.881 0.0000000000
43042  37.266  -37.319  52.265 0.0000000000
44902  37.011  -35.887  53.515 0.0000000000
44905  35.062  -35.723  53.767 0.0000000000
45863  38.038  -33.955  52.847 0.0000000000
45864  37.265  -34.198  53.148 0.0000000000
45878  39.058  -34.676  52.206 0.0000000000
47992  37.245  -33.175  52.510 0.0000000000
48011  37.819  -32.735  52.300 0.0000000000
48061  41.352  -32.808  49.367 0.0000000000
49073  40.680  -30.878  50.243 0.0000000000
49082  41.487  -31.332  49.162 0.0000000000
50055  38.986  -29.612  51.058 0.0000000000
50914  41.416  -29.329  47.826 0.0000000000
51738  38.292  -28.495  50.798 0.0000000000
51742  40.844  -28.330  49.615 0.0000000000
51744  37.381  -28.335  50.019 0.0000000000
51746  41.483  -28.859  48.648 0.0000000000
52653  41.078  -27.872  47.669 0.0000000000
53612  38.672  -25.914  50.382 0.0000000000
54613  39.869  -25.678  49.484 0.0000000000
54614  37.759  -25.997  50.310 0.0000000000
54626  35.904  -25.064  47.843 0.0000000000
55647  38.491  -24.216  49.897 0.0000000000
55649  37.057  -24.696  50.116 0.0000000000
55681  39.435  -24.515  46.248 0.0000000000
55683  35.072  -24.179  46.316 0.0000000000
56665  36.765  -23.239  49.671 0.0000000000
56682  39.528  -23.376  48.434 0.0000000000
57649  38.478  -22.534  49.669 0.0000000000
57650  38.203  -22.132  49.761 0.0000000000
57658  39.078  -22.058  49.452 0.0000000000
57661  36.976  -22.630  49.673 0.0000000000
57671  36.040  -22.618  47.702 0.0000000000
58643  40.969  -21.955  47.349 0.0000000000
58715  53.390  -21.110  38.910 0.0000000000
59543  38.351  -20.862  49.461 0.0000000000
59554  39.396  -20.304  49.074 0.0000000000
59571  36.848  -20.828  47.598 0.0000000000
59589  36.672  -20.732  46.749 0.0000000000
59606  36.131  -21.322  45.550 0.0000000000
59629  36.588  -20.718  43.498 0.0000000000
59634  51.359  -21.510  42.001 0.0000000000
59668  53.681  -20.474  38.538 0.0000000000
59697  52.596  -20.503  35.711 0.0000000000
60530  43.300  -18.711  47.176 0.0000000000
60543  44.518  -18.842  46.739 0.0000000000
60545  38.074  -19.002  46.864 0.0000000000
60564  48.491  -20.032  45.033 0.0000000000
60585  50.168  -19.779  42.776 0.0000000000
60689  52.288  -19.140  33.908 0.0000000000
61488  47.405  -18.494  45.675 0.0000000000
61489  46.864  -17.979  46.012 0.0000000000
61563  45.994  -18.601  39.740 0.0000000000
61564  38.770  -18.867  39.922 0.0000000000
61581  53.782  -18.005  37.981 0.0000000000
62465  43.975  -17.770  46.782 0.0000000000
62491  39.791  -17.592  44.259 0.0000000000
62580  54.219  -17.624  36.660 0.0000000000
62593  54.243  -17.319  35.948 0.0000000000
63460  45.005  -17.185  46.405 0.0000000000
63461  44.349  -17.256  46.339 0.0000000000
63485  45.320  -16.741  45.183 0.0000000000
63486  44.432  -16.740  44.957 0.0000000000
63488  42.631  -16.778  44.491 0.0000000000
63521  44.773  -16.761  42.670 0.0000000000
63543  40.716  -17.113  41.774 0.0000000000
63544  39.974  -16.893  41.744 0.0000000000
63552  46.611  -17.216  41.078 0.0000000000
63554  44.559  -17.157  40.516 0.0000000000
63563  43.238  -17.006  39.565 0.0000000000
65391  52.972  -14.415  37.351 0.0000000000
65401  49.762  -13.818  36.503 0.0000000000
65410  54.310  -14.445  35.380 0.0000000000
67307  52.517  -13.050  37.022 0.0000000000
67327  55.143  -12.225  34.913 0.0000000000
126428  43.116  -16.845  42.755 0.0000000000
126736  45.282  -19.397  46.327 0.0000000000
126789  41.948  -16.871  40.357 0.0000000000
127814  39.688  -29.025  50.627 0.0000000000
129560  39.216  -18.298  46.287 0.0000000000
129877  39.712  -16.990  40.127 0.0000000000
131510  39.552  -17.229  41.686 0.0000000000
131622  44.673  -18.344  46.837 0.0000000000
131741  46.765  -17.700  40.806 0.0000000000
132235  54.118  -16.018  35.920 0.0000000000
132254  43.364  -17.799  46.829 0.0000000000
133701  41.622  -30.888  48.818 0.0000000000
133971  41.429  -17.181  41.706 0.0000000000
136911  54.579  -11.125  30.973 0.0000000000
136954  38.089  -22.834  49.878 0.0000000000
137021  30.260  -39.520  54.036 0.0000000000
138646  42.295  -16.913  42.773 0.0000000000
139655  35.902  -26.327  47.220 0.0000000000
139852  54.329  -15.869  35.307 0.0000000000
141395  41.447  -32.899  48.649 0.0000000000
142406  40.239  -17.322  44.685 0.0000000000
142712  42.600  -16.995  41.407 0.0000000000
144589  50.108  -14.408  36.611 0.0000000000
144752  48.973  -19.493  36.395 0.0000000000
145974  34.859  -25.444  45.712 0.0000000000
146241  40.455  -27.025  49.624 0.0000000000
147684  44.905  -18.530  39.439 0.0000000000
150383  36.150  -22.433  47.003 0.0000000000
150542  38.742  -22.324  49.577 0.0000000000
150803  47.271  -17.915  41.044 0.0000000000
150870  41.054  -27.739  48.754 0.0000000000
