#!ascii label  , from subject sub-v1s10x0051114_ses-1 vox2ras=TkReg
1463
10766  28.576  -71.474  -38.074 0.5000000000
20849  24.343  -60.453  -31.530 0.6000000238
20859  23.831  -61.100  -31.941 0.6000000238
19867  23.428  -61.711  -32.140 0.6000000238
19866  23.685  -61.352  -32.978 0.6999999881
151012  23.326  -61.964  -33.564 0.6000000238
20876  24.795  -60.171  -34.488 0.6999999881
19891  24.313  -60.957  -34.853 0.6000000238
137076  25.743  -67.844  -32.345 0.5000000000
146249  26.223  -64.906  -35.056 0.6000000238
16008  25.477  -64.867  -33.678 0.6000000238
130925  25.299  -66.604  -32.714 0.5000000000
16989  27.614  -64.935  -36.127 0.5000000000
16036  26.562  -65.162  -35.876 0.4000000060
16024  24.983  -65.523  -34.249 0.5000000000
137995  24.943  -66.318  -33.627 0.6000000238
15940  23.171  -65.484  -27.437 0.5000000000
15146  28.863  -67.052  -38.672 0.4000000060
16872  22.881  -64.777  -27.838 0.5000000000
15941  22.770  -65.584  -28.126 0.5000000000
17844  23.074  -63.498  -28.241 0.6000000238
19827  23.714  -61.571  -29.312 0.6000000238
140909  24.368  -60.501  -30.467 0.6000000238
141328  24.953  -59.891  -31.089 0.6999999881
147003  23.535  -61.617  -30.760 0.6000000238
20848  24.951  -59.874  -32.062 0.6999999881
21881  26.404  -59.268  -31.705 0.6000000238
130867  25.752  -59.459  -32.451 0.6999999881
21895  26.832  -59.416  -32.979 0.6000000238
133739  25.924  -59.371  -33.536 0.6000000238
20875  25.321  -59.665  -34.065 0.6999999881
21910  27.825  -60.176  -33.821 0.6999999881
19892  23.826  -61.645  -35.245 0.6000000238
15077  25.793  -66.827  -31.177 0.5000000000
142915  25.206  -65.586  -32.522 0.6000000238
15087  25.447  -66.187  -31.875 0.5000000000
16975  27.098  -64.904  -35.169 0.6000000238
16963  26.468  -64.742  -34.272 0.6999999881
15098  25.004  -65.509  -33.265 0.6000000238
17007  27.760  -64.980  -37.005 0.4000000060
17826  24.633  -63.607  -27.012 0.5000000000
16871  23.373  -64.704  -27.181 0.5000000000
12417  29.183  -69.634  -38.737 0.5000000000
17843  23.494  -63.204  -27.517 0.5000000000
20816  24.800  -60.854  -27.933 0.6999999881
18766  23.835  -62.361  -27.557 0.6000000238
20815  25.489  -60.236  -28.223 0.6999999881
19809  24.185  -61.160  -28.565 0.6000000238
19810  23.687  -61.876  -28.335 0.6000000238
135132  24.692  -60.328  -29.655 0.6999999881
19826  24.191  -60.857  -29.511 0.6000000238
20838  25.096  -59.892  -30.160 0.6999999881
150775  26.612  -59.207  -30.809 0.6000000238
21882  25.808  -59.471  -30.734 0.6000000238
140944  27.307  -59.325  -32.174 0.6000000238
149619  25.539  -59.562  -31.601 0.6000000238
21893  28.916  -60.252  -33.003 0.6000000238
20873  28.613  -60.527  -33.741 0.6999999881
20908  24.870  -60.679  -36.658 0.6999999881
19911  23.798  -61.700  -36.332 0.5000000000
21912  26.064  -59.441  -34.697 0.6999999881
20891  25.452  -59.823  -35.195 0.6999999881
19910  24.410  -61.210  -36.008 0.6000000238
16932  26.155  -64.234  -32.123 0.5000000000
15990  25.360  -65.156  -31.895 0.5000000000
139988  25.592  -65.853  -31.100 0.5000000000
16949  27.234  -64.539  -33.577 0.6999999881
16933  25.650  -64.604  -32.258 0.6000000238
16973  28.834  -64.583  -35.361 0.5000000000
16961  28.615  -64.717  -34.513 0.6999999881
143272  28.270  -64.636  -33.716 0.6999999881
16950  26.242  -64.530  -33.371 0.6000000238
142866  25.693  -64.654  -33.154 0.6000000238
17005  28.754  -64.101  -37.746 0.4000000060
143626  28.246  -64.550  -36.831 0.4000000060
146066  28.327  -64.593  -35.989 0.5000000000
17825  25.389  -63.358  -27.411 0.5000000000
18763  25.811  -61.715  -27.386 0.5000000000
18781  25.566  -62.530  -27.365 0.5000000000
18765  24.569  -62.235  -27.203 0.5000000000
20814  26.269  -60.346  -27.753 0.6000000238
19793  24.380  -61.565  -27.672 0.5000000000
150130  26.216  -59.837  -28.155 0.6999999881
149437  28.010  -58.724  -28.423 0.6000000238
22869  27.031  -59.104  -28.818 0.6999999881
21849  25.948  -59.659  -28.795 0.6999999881
128384  29.001  -58.336  -29.375 0.6000000238
22887  27.081  -59.072  -29.468 0.6000000238
21848  26.474  -59.296  -29.196 0.6999999881
22904  30.169  -59.297  -31.441 0.6999999881
22885  28.543  -58.661  -29.988 0.6000000238
139278  27.183  -59.080  -30.326 0.6000000238
21878  30.557  -60.103  -32.644 0.6000000238
21879  29.454  -59.769  -32.210 0.6999999881
21880  28.224  -59.355  -31.944 0.6999999881
24006  30.666  -58.916  -33.818 0.6000000238
138810  30.673  -60.178  -33.325 0.6000000238
21892  29.898  -60.347  -33.190 0.6999999881
20921  23.628  -60.515  -37.084 0.6000000238
20857  29.335  -60.515  -33.657 0.6999999881
20907  25.550  -60.201  -36.427 0.6999999881
19925  24.250  -61.203  -36.835 0.6000000238
23993  30.023  -57.664  -33.504 0.6999999881
22927  30.028  -59.602  -34.205 0.6000000238
21925  29.473  -60.095  -34.322 0.8000000119
21926  28.750  -59.875  -34.702 0.6999999881
21927  27.013  -59.439  -35.425 0.6999999881
21928  26.114  -59.798  -35.918 0.6999999881
137144  25.552  -65.043  -31.131 0.6000000238
16948  28.862  -64.440  -33.104 0.6999999881
126213  27.909  -64.347  -32.931 0.6999999881
16931  26.790  -64.207  -32.718 0.6000000238
16960  29.537  -64.534  -34.650 0.5000000000
127544  29.150  -64.601  -33.834 0.6999999881
17945  29.376  -63.580  -37.200 0.4000000060
16988  28.938  -64.176  -36.397 0.5000000000
16886  25.799  -63.870  -28.148 0.5000000000
128102  25.770  -64.576  -28.787 0.5000000000
142803  26.001  -63.002  -27.858 0.5000000000
19808  26.682  -61.488  -27.636 0.6000000238
20797  27.921  -60.205  -27.654 0.6000000238
20798  27.034  -60.291  -27.661 0.6999999881
20799  25.543  -60.981  -27.528 0.6999999881
21816  28.351  -59.223  -27.889 0.6999999881
21817  27.494  -59.708  -27.802 0.6999999881
126459  29.126  -58.275  -28.665 0.6000000238
22832  29.350  -58.670  -27.998 0.6000000238
21833  27.416  -59.197  -28.264 0.6999999881
133155  31.355  -58.541  -30.548 0.6999999881
22883  30.468  -58.503  -30.263 0.6999999881
22866  29.800  -58.120  -29.289 0.6999999881
22955  23.579  -58.266  -35.955 0.6000000238
21877  31.815  -59.681  -32.297 0.6000000238
22903  31.200  -59.218  -31.388 0.6999999881
22884  29.464  -58.608  -30.238 0.6999999881
24969  31.026  -56.201  -32.098 0.6000000238
23992  30.877  -57.899  -33.115 0.6000000238
23991  32.021  -58.528  -32.863 0.6000000238
21907  31.719  -59.745  -33.170 0.6000000238
141662  31.112  -59.827  -32.234 0.6999999881
21955  24.437  -59.503  -37.060 0.6000000238
24970  30.406  -56.119  -32.272 0.6000000238
24005  31.566  -59.247  -33.357 0.6000000238
22967  27.573  -58.698  -36.712 0.6999999881
22968  26.875  -58.905  -36.953 0.6000000238
21954  25.597  -59.787  -37.168 0.6999999881
21967  24.922  -60.039  -37.283 0.6000000238
25882  30.587  -55.522  -31.660 0.5000000000
25896  30.020  -55.674  -32.380 0.6000000238
24982  29.468  -56.780  -33.742 0.8000000119
24016  29.322  -57.848  -35.397 0.8000000119
22952  29.068  -58.399  -35.633 0.8000000119
21939  28.259  -59.294  -35.692 0.8000000119
21940  27.610  -59.336  -36.195 0.6999999881
21941  26.778  -59.426  -36.626 0.6999999881
24007  29.726  -58.206  -34.338 0.8000000119
22941  29.195  -59.338  -34.727 0.8000000119
17897  27.579  -64.006  -32.139 0.6999999881
16919  26.763  -63.956  -31.965 0.6999999881
139320  26.389  -64.066  -31.285 0.6999999881
15979  25.725  -65.384  -30.274 0.6000000238
129724  29.911  -64.517  -33.812 0.6999999881
16900  26.328  -63.989  -30.233 0.6000000238
16959  30.408  -64.411  -34.380 0.6000000238
17858  26.034  -63.817  -29.249 0.5000000000
27916  20.290  -52.021  -32.973 0.6000000238
17842  26.575  -62.666  -28.482 0.5000000000
26908  21.228  -54.012  -33.452 0.5000000000
129298  26.970  -62.001  -28.200 0.5000000000
26907  22.783  -54.674  -33.514 0.6000000238
19805  29.084  -61.288  -28.401 0.6999999881
19807  27.471  -61.430  -27.934 0.6000000238
20795  29.748  -59.888  -27.621 0.6999999881
19789  27.919  -60.935  -27.745 0.6999999881
25928  23.861  -56.067  -33.911 0.6000000238
22831  30.301  -58.529  -28.001 0.6999999881
21814  30.014  -59.124  -27.725 0.6000000238
23964  32.659  -57.748  -29.593 0.6999999881
23965  31.928  -57.706  -29.162 0.6999999881
23933  30.513  -57.910  -28.923 0.6999999881
24026  24.038  -57.593  -35.561 0.6000000238
25019  23.990  -57.091  -34.867 0.6000000238
22902  32.150  -59.023  -31.405 0.6000000238
22865  31.099  -58.015  -29.535 0.6999999881
24025  24.932  -57.508  -35.949 0.6000000238
143987  23.513  -57.854  -35.438 0.6000000238
23990  32.850  -58.324  -32.552 0.6000000238
150073  32.403  -58.976  -32.775 0.6000000238
25016  26.337  -56.710  -35.695 0.6999999881
24037  25.472  -58.319  -36.675 0.6000000238
24038  24.493  -58.188  -36.359 0.6000000238
24968  31.754  -56.426  -32.153 0.6000000238
25937  30.046  -56.032  -35.923 0.6000000238
25026  28.875  -56.889  -36.554 0.6000000238
24035  28.001  -57.902  -36.741 0.6999999881
130690  27.249  -58.459  -36.756 0.6000000238
22979  25.275  -59.576  -37.254 0.6000000238
25925  29.998  -55.649  -35.339 0.6000000238
137384  29.290  -57.049  -36.325 0.8000000119
140877  29.488  -56.348  -34.582 0.6000000238
25006  29.656  -56.855  -35.899 0.6999999881
22966  28.350  -58.306  -36.547 0.8000000119
16930  28.594  -64.155  -32.321 0.6999999881
17883  28.252  -63.722  -31.450 0.6999999881
16928  30.775  -64.242  -32.969 0.6999999881
128068  30.124  -64.395  -33.134 0.6999999881
17872  26.935  -63.672  -30.597 0.6000000238
17857  26.754  -63.228  -29.530 0.6000000238
28871  20.716  -51.429  -31.694 0.6000000238
27893  20.944  -53.306  -30.585 0.6000000238
28879  20.656  -51.277  -32.651 0.6000000238
27906  20.019  -52.084  -32.190 0.6000000238
18821  27.484  -62.820  -29.657 0.6000000238
28891  20.991  -51.745  -33.178 0.5000000000
19824  29.442  -61.802  -29.087 0.6999999881
18778  28.272  -61.937  -29.004 0.6999999881
27929  22.989  -53.562  -33.536 0.4000000060
27930  21.782  -52.865  -33.498 0.5000000000
20811  30.294  -60.536  -27.951 0.6999999881
19804  29.902  -61.232  -28.490 0.8000000119
26906  23.658  -54.567  -33.596 0.5000000000
21831  30.602  -59.714  -27.712 0.6000000238
20812  29.438  -60.650  -27.875 0.6999999881
25911  24.169  -55.300  -33.761 0.6000000238
22849  31.567  -58.207  -28.286 0.6999999881
21813  30.830  -58.909  -27.806 0.6999999881
25926  25.797  -55.389  -34.625 0.6999999881
138383  24.502  -55.839  -34.105 0.6000000238
23963  33.389  -57.804  -30.155 0.6999999881
23945  33.358  -57.422  -29.062 0.6999999881
132601  26.520  -55.773  -35.273 0.5000000000
25018  24.592  -56.921  -35.176 0.6000000238
23989  33.731  -57.814  -32.728 0.6000000238
126456  33.347  -58.508  -32.222 0.6000000238
22881  32.817  -58.390  -30.767 0.6999999881
25940  25.802  -56.151  -35.112 0.6999999881
24978  33.392  -57.249  -32.866 0.6000000238
22915  32.534  -59.112  -32.543 0.6000000238
25938  28.572  -55.944  -36.226 0.5000000000
25015  27.347  -56.393  -35.964 0.6000000238
24979  32.356  -57.509  -32.568 0.6000000238
25936  30.311  -55.115  -36.038 0.6000000238
26945  29.938  -55.294  -36.211 0.5000000000
25027  28.093  -56.975  -36.503 0.6999999881
130050  30.617  -54.084  -35.005 0.6000000238
17896  30.111  -64.018  -31.983 0.6999999881
17870  29.122  -63.422  -31.002 0.6999999881
135707  28.301  -63.269  -30.633 0.6000000238
17871  27.544  -63.239  -30.210 0.6000000238
129722  21.779  -53.231  -30.252 0.4000000060
27875  21.637  -53.872  -30.055 0.5000000000
18820  28.180  -62.830  -29.953 0.6000000238
28870  21.872  -51.471  -31.262 0.5000000000
26868  20.186  -53.917  -30.780 0.6000000238
18797  29.814  -62.470  -29.788 0.6999999881
19823  30.314  -61.759  -29.184 0.6999999881
129146  27.902  -62.359  -29.358 0.6000000238
28890  21.994  -51.558  -33.343 0.5000000000
20825  31.658  -60.887  -28.690 0.6999999881
132256  23.602  -52.473  -33.652 0.4000000060
22846  34.329  -57.980  -28.433 0.6999999881
21828  33.173  -58.840  -28.200 0.6999999881
20808  32.893  -59.740  -28.401 0.6999999881
26923  24.959  -53.909  -33.926 0.6000000238
23962  34.682  -57.324  -30.341 0.6999999881
23930  34.577  -57.506  -28.718 0.6999999881
22848  32.481  -58.322  -28.217 0.6999999881
21829  32.294  -59.073  -27.933 0.6999999881
27945  25.584  -53.144  -34.308 0.5000000000
25927  25.021  -55.123  -33.997 0.5000000000
23978  34.629  -57.794  -31.635 0.6000000238
129890  34.073  -57.404  -29.675 0.6999999881
136325  34.125  -57.303  -28.911 0.6999999881
139348  32.989  -57.776  -28.534 0.6999999881
26921  26.576  -54.691  -34.854 0.5000000000
25909  34.060  -56.730  -33.530 0.5000000000
136837  34.359  -57.598  -32.956 0.6000000238
22900  33.795  -58.379  -31.812 0.6000000238
17882  30.601  -63.748  -31.589 0.6999999881
141207  29.861  -63.121  -30.568 0.6999999881
27874  22.397  -53.777  -29.714 0.4000000060
18841  31.768  -63.091  -30.952 0.6999999881
18819  29.018  -62.900  -30.257 0.6999999881
26855  21.912  -54.632  -29.684 0.4000000060
18818  30.474  -62.794  -30.270 0.6999999881
25866  20.488  -55.053  -30.474 0.6000000238
19821  32.111  -61.462  -29.384 0.8000000119
18796  30.779  -62.304  -29.744 0.6999999881
20823  33.408  -60.416  -29.058 0.6000000238
20824  32.544  -60.647  -28.842 0.6000000238
23948  20.593  -57.650  -29.809 0.6000000238
21827  34.048  -58.693  -28.399 0.6999999881
21847  33.757  -59.550  -28.617 0.6999999881
23929  35.236  -57.308  -28.850 0.6000000238
23961  35.279  -57.128  -30.829 0.6000000238
21836  19.101  -60.157  -29.034 0.5000000000
23988  34.941  -57.645  -32.693 0.6000000238
23977  35.338  -57.434  -31.831 0.6999999881
24993  34.702  -56.896  -33.849 0.5000000000
134057  31.907  -62.540  -30.387 0.6999999881
25852  22.433  -55.336  -29.149 0.4000000060
19841  32.549  -62.073  -30.134 0.8000000119
147210  21.803  -55.461  -29.599 0.5000000000
20837  33.857  -60.989  -29.812 0.8000000119
22870  21.330  -57.668  -29.406 0.4000000060
25839  22.127  -56.159  -29.273 0.4000000060
19820  32.994  -61.240  -29.596 0.6999999881
22871  20.683  -58.431  -29.299 0.4000000060
24932  20.931  -56.932  -29.896 0.5000000000
24930  36.313  -56.674  -29.653 0.6000000238
135914  35.337  -58.455  -28.696 0.6000000238
21846  34.612  -59.368  -28.812 0.6999999881
22853  21.004  -58.960  -28.366 0.4000000060
24950  35.810  -56.623  -30.126 0.6000000238
20817  19.373  -60.469  -28.191 0.4000000060
143271  19.734  -58.745  -29.610 0.6000000238
23987  35.830  -57.151  -32.450 0.6000000238
24002  35.340  -57.261  -33.493 0.5000000000
25005  35.206  -56.584  -34.275 0.5000000000
131428  23.069  -55.112  -28.507 0.4000000060
18815  33.091  -62.455  -30.799 0.8000000119
24918  22.468  -56.990  -28.830 0.4000000060
19840  33.442  -61.762  -30.338 0.6999999881
23934  22.374  -57.673  -28.361 0.4000000060
20821  35.109  -59.982  -29.523 0.6000000238
20822  34.258  -60.195  -29.287 0.6999999881
22844  35.861  -57.566  -28.865 0.6000000238
21845  35.457  -59.083  -29.014 0.6000000238
22835  20.966  -59.106  -27.456 0.4000000060
21818  20.355  -59.535  -28.012 0.4000000060
20801  19.646  -60.657  -27.128 0.4000000060
23986  35.979  -57.057  -33.355 0.4000000060
25827  23.333  -55.625  -27.628 0.4000000060
19839  34.266  -61.519  -30.570 0.6999999881
24917  22.946  -57.133  -27.992 0.4000000060
21861  35.935  -59.769  -29.834 0.6999999881
20836  34.700  -60.757  -30.061 0.6000000238
22833  22.186  -58.185  -27.936 0.4000000060
24929  36.953  -56.667  -29.707 0.6000000238
22863  36.565  -58.117  -29.096 0.6000000238
21798  20.258  -59.431  -27.007 0.4000000060
24966  36.578  -56.432  -31.505 0.6000000238
140898  19.996  -59.743  -26.425 0.3000000119
24991  36.452  -56.662  -33.655 0.4000000060
25003  36.066  -56.405  -34.559 0.4000000060
24990  37.178  -56.117  -33.978 0.4000000060
23914  21.850  -57.900  -26.516 0.4000000060
23915  21.046  -58.132  -26.355 0.4000000060
24948  37.637  -56.473  -30.223 0.6000000238
24965  37.287  -55.948  -31.678 0.6000000238
25892  38.120  -55.488  -31.847 0.6000000238
144021  37.919  -55.541  -33.842 0.4000000060
25906  38.287  -55.212  -34.271 0.5000000000
133394  36.901  -55.620  -35.526 0.4000000060
23898  16.751  -57.547  -24.671 0.3000000119
25921  37.863  -55.344  -35.293 0.4000000060
26773  22.226  -54.596  -23.791 0.4000000060
145785  18.342  -56.128  -25.665 0.3000000119
22818  15.373  -58.565  -26.685 0.4000000060
27795  22.744  -53.743  -23.658 0.4000000060
27806  21.220  -54.186  -24.130 0.4000000060
26812  18.994  -54.513  -26.616 0.3000000119
26799  19.488  -54.492  -25.915 0.3000000119
24896  16.466  -56.628  -25.141 0.3000000119
24895  17.397  -56.231  -25.164 0.3000000119
23909  15.654  -57.799  -26.234 0.3000000119
28784  21.852  -52.637  -24.303 0.4000000060
28785  21.080  -53.188  -24.410 0.4000000060
27820  20.420  -53.840  -24.672 0.4000000060
25813  18.446  -55.204  -26.784 0.3000000119
25814  17.410  -55.373  -26.684 0.3000000119
23952  12.528  -57.536  -30.318 0.4000000060
23971  11.131  -57.422  -31.032 0.3000000119
24937  11.658  -56.720  -30.250 0.3000000119
24902  15.940  -56.087  -25.896 0.3000000119
24903  15.432  -56.600  -26.398 0.3000000119
29759  20.702  -51.768  -25.612 0.4000000060
28799  20.300  -52.799  -25.143 0.4000000060
27834  19.263  -53.704  -26.055 0.3000000119
27835  18.798  -53.667  -26.690 0.3000000119
26814  17.723  -54.817  -27.238 0.3000000119
23937  13.586  -57.752  -29.328 0.3000000119
25828  16.900  -55.062  -27.358 0.3000000119
23969  12.558  -56.739  -30.746 0.3000000119
140503  16.006  -55.248  -27.432 0.3000000119
25869  12.829  -55.576  -31.059 0.4000000060
24936  12.498  -56.261  -30.730 0.3000000119
26872  12.800  -55.049  -30.624 0.3000000119
25857  12.408  -55.750  -30.260 0.3000000119
28809  19.846  -52.112  -25.889 0.4000000060
28810  19.232  -52.439  -26.381 0.4000000060
28811  18.693  -52.854  -26.837 0.3000000119
23950  13.918  -56.942  -30.078 0.4000000060
26829  17.687  -54.068  -27.523 0.3000000119
24920  14.634  -56.351  -29.373 0.3000000119
24935  13.322  -56.457  -30.970 0.4000000060
24934  14.146  -55.903  -30.780 0.4000000060
27862  12.788  -54.094  -29.179 0.3000000119
29770  20.286  -51.290  -26.363 0.4000000060
28826  18.807  -52.030  -27.095 0.4000000060
29790  18.448  -51.664  -28.007 0.4000000060
28828  17.533  -52.667  -28.382 0.4000000060
136890  17.154  -53.769  -28.046 0.3000000119
26856  16.070  -53.889  -29.428 0.3000000119
25855  15.179  -54.792  -30.134 0.3000000119
26858  14.839  -54.339  -30.382 0.3000000119
28851  14.816  -52.991  -29.613 0.5000000000
25868  13.825  -55.174  -31.099 0.4000000060
27895  13.713  -54.120  -30.202 0.4000000060
27848  12.719  -54.100  -28.035 0.3000000119
30802  19.502  -50.412  -27.931 0.4000000060
29803  18.765  -50.817  -28.514 0.4000000060
137053  17.553  -51.621  -29.244 0.3000000119
29814  16.613  -51.546  -29.537 0.3000000119
30832  16.087  -51.013  -29.337 0.3000000119
30817  15.569  -50.532  -28.782 0.3000000119
27860  17.004  -53.150  -28.701 0.3000000119
27876  16.623  -52.699  -29.428 0.3000000119
28850  15.675  -52.755  -29.726 0.3000000119
29816  15.178  -52.144  -29.341 0.3000000119
30818  15.037  -50.942  -28.436 0.3000000119
27877  16.000  -53.247  -29.793 0.3000000119
28840  14.402  -52.348  -29.042 0.3000000119
27880  13.483  -53.748  -29.623 0.3000000119
27838  12.931  -54.434  -26.910 0.3000000119
31793  21.612  -49.536  -26.771 0.3000000119
31812  21.160  -49.000  -27.535 0.3000000119
31813  20.564  -49.233  -28.127 0.3000000119
31840  19.477  -48.942  -29.586 0.3000000119
32901  18.070  -48.712  -29.348 0.3000000119
32883  15.820  -48.988  -28.051 0.3000000119
31827  19.451  -49.527  -29.210 0.3000000119
31841  18.697  -49.195  -29.563 0.3000000119
31842  17.811  -49.557  -29.463 0.3000000119
32902  17.138  -49.052  -29.111 0.3000000119
30803  15.189  -50.209  -28.101 0.3000000119
30804  14.782  -50.753  -27.786 0.3000000119
29792  14.192  -51.947  -28.215 0.3000000119
28829  14.186  -52.175  -27.302 0.3000000119
27861  13.298  -53.304  -28.609 0.3000000119
27847  13.320  -53.521  -27.500 0.3000000119
33923  21.391  -47.680  -26.722 0.3000000119
32865  20.571  -48.410  -28.457 0.3000000119
32899  20.166  -48.181  -29.304 0.3000000119
33941  19.141  -47.548  -29.099 0.3000000119
132667  17.347  -48.266  -28.608 0.3000000119
133215  15.050  -50.129  -27.353 0.3000000119
30785  14.774  -50.855  -27.030 0.3000000119
28812  14.463  -52.580  -26.417 0.3000000119
27823  13.819  -54.332  -25.400 0.3000000119
32850  16.332  -48.249  -26.973 0.3000000119
32867  15.757  -48.877  -27.284 0.3000000119
29772  15.040  -51.186  -26.193 0.3000000119
28802  14.815  -53.051  -25.526 0.3000000119
27836  14.277  -53.519  -26.013 0.3000000119
27822  14.489  -53.873  -24.980 0.3000000119
32829  16.799  -48.669  -26.196 0.3000000119
31794  16.056  -49.058  -26.529 0.3000000119
130632  15.199  -50.327  -26.543 0.3000000119
32849  17.017  -47.830  -26.617 0.3000000119
31774  17.265  -49.076  -25.496 0.3000000119
30765  16.193  -50.359  -25.194 0.3000000119
30748  15.983  -51.222  -24.834 0.3000000119
29760  15.441  -51.653  -25.337 0.3000000119
28787  15.014  -53.392  -24.679 0.3000000119
27808  14.569  -53.843  -23.829 0.3000000119
11606  28.739  -70.253  -38.635 0.5000000000
12418  28.325  -69.483  -38.603 0.5000000000
13303  27.852  -68.676  -38.486 0.4000000060
20858  24.382  -60.472  -32.678 0.6999999881
20892  24.919  -60.471  -35.625 0.6999999881
17006  28.231  -64.848  -37.661 0.4000000060
135481  28.633  -68.958  -38.717 0.5000000000
22906  27.948  -58.861  -30.737 0.6000000238
18780  26.275  -62.221  -27.680 0.5000000000
22905  28.936  -58.974  -31.107 0.6000000238
19822  31.216  -61.628  -29.239 0.8000000119
18798  28.779  -62.311  -29.504 0.6999999881
20809  32.037  -60.011  -28.158 0.6000000238
24004  34.154  -57.259  -33.348 0.5000000000
23931  33.823  -57.658  -28.615 0.6999999881
22854  20.181  -59.220  -28.883 0.4000000060
25908  34.645  -56.357  -34.018 0.5000000000
24949  36.589  -56.378  -30.438 0.6000000238
25004  35.409  -56.611  -34.369 0.4000000060
21844  36.310  -58.959  -29.354 0.6000000238
150526  37.992  -57.201  -29.905 0.6000000238
22817  20.059  -58.876  -26.117 0.3000000119
24977  37.298  -56.052  -32.784 0.4000000060
25907  37.984  -55.518  -32.987 0.4000000060
27805  21.873  -53.556  -23.913 0.4000000060
30801  20.309  -50.043  -27.634 0.3000000119
32864  21.069  -48.211  -27.502 0.3000000119
20846  36.699  -60.729  -31.433 0.5000000000
20847  35.934  -61.001  -31.153 0.5000000000
19838  35.110  -61.289  -30.821 0.6999999881
19851  34.647  -61.945  -31.299 0.6999999881
18840  32.660  -63.016  -31.247 0.6000000238
20834  36.363  -60.338  -30.626 0.5000000000
20835  35.540  -60.534  -30.349 0.6000000238
19852  33.862  -62.220  -31.022 0.6000000238
17907  31.461  -63.995  -32.800 0.6000000238
144203  30.298  -64.218  -32.566 0.6000000238
18837  34.981  -62.261  -32.048 0.6999999881
18853  33.718  -63.109  -32.232 0.6000000238
17894  32.276  -63.708  -32.581 0.6000000238
18838  34.205  -62.573  -31.744 0.6999999881
17880  32.933  -63.392  -31.961 0.6000000238
138713  31.610  -63.828  -32.155 0.6000000238
20833  37.136  -60.135  -30.884 0.5000000000
18861  34.567  -62.818  -33.408 0.6999999881
17892  33.908  -63.211  -33.062 0.6999999881
17906  33.314  -63.472  -33.628 0.6000000238
16944  31.984  -63.927  -33.425 0.6000000238
138528  35.259  -62.325  -32.911 0.6000000238
18852  34.457  -62.761  -32.542 0.6999999881
145006  32.664  -63.685  -33.319 0.6000000238
19865  36.004  -61.773  -32.863 0.6000000238
22899  38.889  -58.852  -30.807 0.5000000000
21860  36.747  -59.601  -30.116 0.5000000000
142842  35.726  -62.049  -33.438 0.6999999881
17905  33.975  -63.169  -33.805 0.6000000238
143582  31.020  -64.314  -34.125 0.6000000238
22898  39.556  -58.261  -31.092 0.5000000000
150305  38.412  -58.551  -30.307 0.5000000000
25875  40.050  -55.706  -31.814 0.5000000000
22878  38.865  -58.089  -30.394 0.5000000000
25890  39.636  -55.060  -32.239 0.4000000060
18863  22.734  -62.616  -33.623 0.4000000060
19853  23.488  -61.653  -31.417 0.4000000060
18842  23.082  -62.344  -31.729 0.4000000060
129853  23.281  -62.105  -30.972 0.5000000000
18822  23.368  -62.082  -30.150 0.5000000000
18823  22.926  -62.825  -30.811 0.5000000000
24946  39.098  -56.600  -30.782 0.5000000000
18801  23.071  -62.916  -29.807 0.5000000000
142263  22.541  -66.105  -29.690 0.6000000238
24964  39.566  -56.166  -31.329 0.4000000060
18782  23.345  -62.691  -28.229 0.5000000000
17859  22.771  -63.874  -29.100 0.5000000000
15970  22.428  -65.335  -29.680 0.5000000000
18855  22.599  -62.817  -32.472 0.5000000000
18843  22.612  -63.026  -31.654 0.5000000000
17898  22.168  -63.519  -32.134 0.5000000000
17885  22.370  -63.600  -31.197 0.5000000000
16934  21.859  -64.323  -31.733 0.5000000000
17873  22.656  -63.631  -30.146 0.5000000000
137987  22.189  -64.308  -30.755 0.5000000000
15980  22.136  -65.054  -30.468 0.5000000000
25877  38.709  -55.815  -31.100 0.5000000000
16902  22.436  -64.488  -29.818 0.5000000000
26885  40.109  -54.561  -32.693 0.4000000060
26886  39.291  -54.675  -32.869 0.4000000060
26899  39.730  -54.204  -33.371 0.4000000060
19939  23.466  -61.618  -37.019 0.5000000000
16935  21.420  -64.870  -32.495 0.5000000000
24947  38.374  -56.293  -30.639 0.5000000000
25891  38.765  -55.110  -32.423 0.4000000060
22972  22.928  -59.361  -36.356 0.5000000000
21958  21.971  -60.116  -36.372 0.5000000000
20909  21.256  -60.275  -35.933 0.5000000000
20922  22.695  -60.927  -36.980 0.5000000000
26900  39.007  -54.632  -33.750 0.4000000060
22956  22.797  -58.797  -35.821 0.5000000000
21943  21.691  -59.683  -35.650 0.5000000000
130536  22.546  -58.560  -35.113 0.5000000000
22944  22.171  -58.805  -34.374 0.5000000000
20893  21.175  -60.107  -34.945 0.5000000000
19912  20.463  -61.357  -35.772 0.4000000060
22928  22.594  -57.660  -33.570 0.5000000000
20877  21.158  -60.026  -33.702 0.6000000238
19893  20.331  -61.358  -34.513 0.6000000238
24018  23.074  -57.532  -34.333 0.5000000000
23994  22.212  -57.044  -33.000 0.5000000000
21897  21.680  -58.457  -32.763 0.5000000000
21898  21.194  -59.071  -32.642 0.6000000238
20878  20.536  -60.567  -33.130 0.6000000238
19882  19.714  -61.798  -33.789 0.6000000238
18892  18.850  -63.080  -35.175 0.5000000000
145343  18.202  -63.430  -34.772 0.5000000000
16966  16.874  -64.224  -34.925 0.5000000000
25010  22.886  -56.940  -33.681 0.5000000000
25913  22.454  -55.530  -33.466 0.5000000000
24996  21.847  -56.061  -33.187 0.5000000000
128570  21.556  -57.619  -32.620 0.5000000000
23995  20.739  -57.180  -32.552 0.6000000238
20879  20.214  -60.169  -32.715 0.6000000238
19883  19.161  -61.708  -33.292 0.6000000238
18875  18.509  -62.835  -34.066 0.6000000238
17917  17.663  -63.325  -34.223 0.5000000000
20863  13.505  -59.884  -33.498 0.5000000000
17932  15.217  -63.294  -34.954 0.5000000000
25912  23.350  -55.425  -33.637 0.5000000000
138232  22.027  -54.703  -33.442 0.5000000000
25898  20.958  -55.669  -33.025 0.6000000238
142689  19.886  -55.512  -33.049 0.6000000238
24009  18.869  -56.914  -33.440 0.6000000238
21914  19.632  -59.365  -32.751 0.6000000238
129440  18.715  -58.608  -33.594 0.6000000238
20880  19.040  -60.950  -33.040 0.6000000238
21915  18.668  -59.712  -33.468 0.6000000238
19884  18.518  -61.420  -33.358 0.6000000238
19896  16.791  -61.832  -34.105 0.5000000000
17919  16.162  -63.450  -34.538 0.5000000000
18878  15.854  -62.274  -34.492 0.5000000000
140723  15.348  -61.403  -34.705 0.5000000000
18879  14.936  -62.130  -34.919 0.5000000000
19898  14.589  -61.193  -34.612 0.5000000000
126963  20.535  -54.763  -33.263 0.6000000238
26910  19.621  -54.745  -33.003 0.6000000238
25916  18.632  -55.759  -33.203 0.6000000238
24986  17.833  -56.040  -32.998 0.6000000238
149715  18.319  -56.887  -33.627 0.6000000238
21930  17.906  -58.580  -34.121 0.6000000238
22932  17.355  -57.850  -33.956 0.6000000238
21931  16.970  -59.552  -34.676 0.5000000000
22945  17.038  -58.738  -34.464 0.5000000000
140895  16.808  -60.778  -34.527 0.5000000000
139074  15.600  -59.178  -34.073 0.5000000000
22934  15.438  -58.638  -33.375 0.6000000238
20897  15.167  -60.528  -34.506 0.5000000000
21918  14.308  -59.756  -33.492 0.5000000000
21901  14.442  -59.557  -33.192 0.5000000000
19856  14.337  -61.710  -31.916 0.5000000000
25900  18.499  -55.584  -32.606 0.6000000238
24973  17.503  -56.400  -32.276 0.6000000238
23998  16.683  -57.388  -33.372 0.6000000238
22933  16.018  -58.076  -33.379 0.6000000238
21884  15.481  -59.263  -32.205 0.6000000238
19868  14.715  -60.846  -32.294 0.5000000000
24971  18.763  -55.709  -31.709 0.6000000238
22919  16.117  -57.918  -32.622 0.6000000238
20851  15.988  -60.276  -31.584 0.6000000238
19855  15.227  -61.726  -31.693 0.5000000000
24933  20.022  -57.040  -30.189 0.6000000238
24952  19.397  -56.312  -30.824 0.6000000238
23967  18.362  -57.369  -30.757 0.6000000238
22889  17.535  -58.503  -30.804 0.6000000238
136356  16.325  -58.705  -31.625 0.6000000238
20840  16.632  -60.756  -31.001 0.5000000000
142953  18.945  -58.001  -30.294 0.6000000238
21865  18.152  -59.114  -30.312 0.6000000238
21851  18.681  -59.677  -29.723 0.6000000238
21867  16.771  -59.837  -31.127 0.6000000238
19843  17.791  -61.035  -29.943 0.6000000238
19829  17.595  -62.034  -29.620 0.5000000000
19828  18.265  -61.469  -29.236 0.4000000060
17881  32.103  -63.510  -31.717 0.6000000238
18839  33.438  -62.834  -31.480 0.6999999881
21843  37.100  -58.797  -29.650 0.5000000000
23960  38.546  -57.148  -30.253 0.5000000000
24963  40.350  -56.607  -31.738 0.5000000000
23976  39.841  -57.205  -31.248 0.5000000000
15991  21.939  -65.631  -31.087 0.6000000238
22918  20.111  -58.575  -32.570 0.6000000238
23996  19.976  -57.594  -32.676 0.6000000238
20881  18.135  -60.573  -33.690 0.6000000238
131366  15.846  -59.903  -34.643 0.5000000000
23980  17.806  -56.758  -31.490 0.6000000238
22907  16.972  -57.877  -31.441 0.6000000238
20839  17.287  -60.454  -30.563 0.6000000238
19844  16.868  -61.661  -30.428 0.6000000238
10765  29.350  -71.758  -38.390 0.4000000060
10764  31.998  -71.162  -38.333 0.5000000000
11594  31.627  -70.737  -38.290 0.5000000000
11603  31.159  -70.966  -38.642 0.4000000060
10781  29.867  -71.181  -38.708 0.4000000060
11604  30.371  -70.632  -38.695 0.4000000060
10782  29.060  -71.016  -38.605 0.4000000060
12408  31.964  -70.315  -37.696 0.5000000000
11593  32.898  -70.727  -38.040 0.5000000000
129000  30.739  -69.453  -38.041 0.5000000000
13291  30.268  -68.984  -38.313 0.5000000000
11605  29.540  -70.482  -38.704 0.4000000060
12403  31.273  -69.500  -37.250 0.5000000000
13290  30.700  -68.722  -37.556 0.5000000000
14237  30.349  -67.988  -38.143 0.5000000000
12416  29.819  -69.288  -38.635 0.4000000060
14244  29.953  -67.374  -38.554 0.4000000060
14214  31.311  -67.802  -36.055 0.5000000000
14226  30.925  -67.700  -37.181 0.5000000000
15132  31.205  -66.829  -37.484 0.5000000000
15133  30.654  -66.929  -38.268 0.5000000000
14245  29.333  -67.750  -38.641 0.4000000060
16972  30.181  -64.258  -35.218 0.5000000000
145606  29.464  -64.307  -35.518 0.4000000060
16987  29.771  -63.872  -36.122 0.4000000060
17944  30.097  -63.290  -36.836 0.4000000060
146856  31.217  -66.264  -38.119 0.5000000000
17020  29.134  -64.032  -38.780 0.4000000060
139854  28.755  -65.451  -38.686 0.4000000060
139727  28.344  -66.284  -38.413 0.4000000060
16063  31.496  -65.521  -38.410 0.4000000060
15143  30.605  -65.776  -38.825 0.5000000000
136919  29.468  -66.922  -38.716 0.4000000060
15144  29.940  -66.439  -38.805 0.4000000060
17926  30.601  -63.714  -35.821 0.4000000060
148976  29.643  -62.945  -37.809 0.4000000060
17959  29.337  -63.372  -38.294 0.4000000060
16076  32.745  -64.634  -38.284 0.4000000060
16088  29.760  -64.140  -39.253 0.4000000060
15145  29.178  -66.060  -38.879 0.4000000060
16077  31.841  -64.638  -38.754 0.4000000060
16078  30.982  -64.811  -39.247 0.4000000060
142911  30.136  -64.906  -39.284 0.4000000060
16079  29.798  -65.604  -39.063 0.4000000060
17914  31.874  -63.811  -34.814 0.5000000000
17925  31.476  -63.509  -35.580 0.4000000060
17942  31.730  -62.739  -36.299 0.4000000060
18900  31.889  -61.810  -37.004 0.4000000060
18911  30.705  -61.943  -38.588 0.4000000060
18912  30.436  -62.401  -39.110 0.4000000060
17969  30.840  -62.901  -39.408 0.4000000060
17971  29.637  -63.381  -39.018 0.4000000060
17018  32.207  -63.748  -39.041 0.4000000060
17968  31.656  -62.720  -39.333 0.4000000060
17024  30.606  -63.519  -39.493 0.4000000060
17913  32.530  -63.729  -34.188 0.5000000000
17924  32.441  -63.277  -35.293 0.5000000000
17923  33.444  -63.217  -34.565 0.6000000238
18888  32.442  -62.508  -36.129 0.5000000000
18910  31.427  -61.278  -38.132 0.4000000060
19936  32.046  -60.711  -38.551 0.4000000060
19949  32.280  -61.007  -39.025 0.4000000060
18921  33.111  -61.381  -39.105 0.4000000060
136613  33.679  -62.245  -35.771 0.4000000060
18871  33.876  -62.704  -35.122 0.5000000000
18899  32.902  -61.793  -36.546 0.4000000060
19935  32.631  -60.139  -38.288 0.4000000060
18898  33.823  -61.498  -36.332 0.5000000000
19922  34.019  -60.462  -36.980 0.4000000060
19923  33.082  -60.657  -37.312 0.4000000060
19934  33.378  -59.645  -38.016 0.4000000060
18870  35.198  -62.223  -34.634 0.6000000238
147147  34.427  -62.752  -34.384 0.6000000238
19921  35.009  -60.445  -36.639 0.5000000000
20917  35.440  -59.551  -37.425 0.4000000060
19850  35.443  -61.611  -31.634 0.5000000000
26891  19.546  -53.791  -32.608 0.5000000000
26880  19.304  -54.358  -31.957 0.5000000000
24951  20.266  -56.108  -30.330 0.5000000000
26879  19.620  -53.674  -31.644 0.5000000000
25867  19.529  -55.283  -31.237 0.5000000000
26892  19.222  -54.585  -32.644 0.5000000000
12409  31.100  -70.114  -38.190 0.5000000000
11595  30.906  -70.508  -38.537 0.5000000000
17943  30.894  -63.006  -36.562 0.4000000060
18901  31.111  -62.169  -37.387 0.4000000060
17019  31.236  -63.790  -39.469 0.4000000060
19924  32.143  -60.846  -37.673 0.4000000060
19937  31.409  -61.294  -38.917 0.4000000060
144788  31.707  -61.775  -39.158 0.4000000060
18887  33.171  -62.701  -35.559 0.5000000000
20931  32.603  -60.250  -38.825 0.4000000060
18886  34.468  -62.192  -35.380 0.5000000000
19908  35.498  -61.207  -35.734 0.6000000238
20918  34.367  -59.496  -37.742 0.5000000000
19890  35.770  -61.691  -34.913 0.5000000000
25920  43.908  -55.863  -34.343 0.3000000119
24001  42.804  -56.971  -33.703 0.3000000119
24989  42.322  -56.339  -33.271 0.3000000119
24988  43.140  -56.158  -33.759 0.3000000119
25903  43.292  -55.250  -33.892 0.3000000119
26912  44.756  -54.653  -34.823 0.3000000119
27934  43.980  -54.022  -34.584 0.3000000119
22924  42.412  -57.718  -33.897 0.3000000119
22939  41.618  -58.354  -34.217 0.4000000060
22926  41.008  -58.532  -33.321 0.4000000060
147318  43.503  -56.637  -34.426 0.3000000119
136163  40.681  -58.378  -32.553 0.4000000060
23984  41.943  -57.259  -33.077 0.4000000060
21874  38.541  -59.512  -31.420 0.4000000060
21875  37.836  -59.850  -31.165 0.4000000060
24975  41.565  -56.367  -32.700 0.3000000119
23975  40.465  -57.380  -31.796 0.4000000060
26914  42.580  -53.817  -34.067 0.3000000119
25905  41.766  -55.546  -33.016 0.3000000119
21923  39.591  -59.520  -34.378 0.4000000060
21924  38.927  -59.854  -34.832 0.4000000060
19888  37.034  -61.037  -34.178 0.4000000060
19876  37.327  -60.944  -33.516 0.4000000060
22938  42.190  -58.008  -34.772 0.4000000060
21905  40.274  -59.119  -33.804 0.4000000060
20870  39.036  -59.902  -33.994 0.4000000060
20872  38.004  -60.510  -33.447 0.4000000060
19863  37.562  -60.675  -32.613 0.4000000060
24015  42.764  -57.577  -34.797 0.3000000119
21906  39.477  -59.562  -33.282 0.4000000060
21889  38.861  -59.742  -32.382 0.4000000060
19849  36.238  -61.338  -32.069 0.4000000060
139241  43.298  -57.130  -34.867 0.3000000119
21873  39.301  -59.111  -31.613 0.4000000060
20845  37.411  -60.460  -31.696 0.4000000060
25001  44.398  -56.088  -35.131 0.3000000119
22897  40.200  -57.910  -31.597 0.4000000060
24976  40.804  -56.126  -32.223 0.4000000060
20914  37.996  -59.664  -36.279 0.4000000060
19906  36.934  -60.837  -34.953 0.4000000060
21938  38.748  -59.562  -35.872 0.4000000060
20904  38.223  -60.104  -35.159 0.4000000060
19889  36.444  -61.425  -34.388 0.4000000060
22961  41.803  -57.826  -36.626 0.3000000119
22951  40.812  -58.564  -35.836 0.4000000060
25013  44.729  -56.123  -36.398 0.3000000119
24021  43.860  -56.685  -35.702 0.3000000119
19864  36.958  -60.921  -32.143 0.4000000060
25932  45.328  -55.563  -35.840 0.3000000119
20906  36.686  -60.334  -35.901 0.4000000060
25889  40.469  -55.276  -32.360 0.3000000119
26898  40.493  -54.105  -33.269 0.3000000119
142793  41.166  -55.615  -32.581 0.3000000119
146560  35.603  -61.856  -32.323 0.4000000060
136100  36.793  -61.301  -33.681 0.4000000060
141555  35.808  -61.972  -34.110 0.4000000060
19920  35.896  -60.424  -36.299 0.4000000060
22925  41.711  -57.996  -33.374 0.3000000119
26913  43.265  -54.316  -34.174 0.3000000119
21922  40.318  -59.024  -34.981 0.4000000060
23985  41.058  -57.123  -32.313 0.4000000060
134501  39.591  -59.237  -32.384 0.4000000060
21888  40.072  -58.604  -31.961 0.4000000060
20856  38.101  -60.137  -31.992 0.4000000060
21937  39.469  -59.361  -35.470 0.4000000060
20889  37.650  -60.616  -34.419 0.4000000060
20888  38.448  -60.251  -34.193 0.4000000060
22950  41.590  -58.242  -35.479 0.3000000119
20871  38.699  -60.093  -33.329 0.4000000060
24022  43.036  -57.223  -35.776 0.3000000119
21947  39.992  -58.787  -36.398 0.4000000060
131251  41.229  -58.214  -36.458 0.3000000119
24031  43.434  -56.843  -36.905 0.3000000119
7675  33.424  -75.394  -35.797 0.3000000119
6943  32.851  -75.660  -35.506 0.3000000119
8375  33.824  -75.041  -35.806 0.3000000119
6941  34.305  -76.175  -35.035 0.3000000119
8392  33.322  -74.581  -36.365 0.3000000119
8376  32.752  -75.004  -36.239 0.3000000119
9122  34.093  -73.929  -35.776 0.3000000119
9110  34.220  -74.426  -34.961 0.3000000119
8374  34.248  -74.989  -35.417 0.3000000119
9140  34.091  -73.318  -36.400 0.3000000119
135244  33.672  -73.756  -36.710 0.3000000119
8393  32.684  -74.445  -36.811 0.3000000119
9946  30.793  -71.932  -38.516 0.3000000119
9111  33.890  -73.373  -34.572 0.3000000119
9905  34.426  -72.853  -36.020 0.3000000119
134025  34.148  -73.427  -35.459 0.3000000119
8352  34.649  -75.115  -34.098 0.3000000119
9157  32.718  -73.201  -37.630 0.3000000119
10763  32.976  -71.306  -38.100 0.3000000119
9945  32.090  -71.829  -38.279 0.3000000119
9916  34.601  -72.365  -36.652 0.3000000119
145559  33.467  -73.336  -37.226 0.3000000119
9933  34.511  -72.029  -37.364 0.3000000119
10761  34.874  -71.380  -37.676 0.3000000119
10762  34.019  -71.533  -37.896 0.3000000119
130274  32.918  -72.122  -37.866 0.3000000119
11592  33.827  -70.900  -38.124 0.3000000119
15118  31.816  -67.170  -35.725 0.4000000060
12393  31.702  -69.167  -36.190 0.4000000060
6149  35.400  -77.074  -29.727 0.3000000119
5421  34.595  -78.510  -28.948 0.3000000119
7650  34.894  -75.676  -34.148 0.3000000119
6931  34.628  -76.256  -34.384 0.3000000119
9087  35.803  -74.687  -31.074 0.3000000119
138150  35.858  -75.032  -31.025 0.3000000119
7622  35.629  -75.211  -30.224 0.3000000119
6148  35.579  -76.221  -29.936 0.3000000119
6150  35.076  -77.919  -29.340 0.3000000119
9095  33.255  -73.187  -32.660 0.3000000119
127136  35.477  -75.251  -31.925 0.3000000119
7627  35.605  -75.304  -31.319 0.3000000119
6172  35.564  -76.965  -31.007 0.3000000119
5438  35.192  -77.859  -29.829 0.3000000119
8344  34.751  -74.905  -33.080 0.3000000119
8343  35.072  -75.553  -33.200 0.3000000119
6906  35.409  -76.256  -32.084 0.3000000119
6192  35.216  -76.697  -32.434 0.3000000119
7649  35.120  -75.977  -33.436 0.3000000119
6916  35.171  -76.294  -32.845 0.3000000119
8400  33.038  -74.005  -37.117 0.3000000119
8401  32.271  -73.965  -37.346 0.3000000119
9100  34.055  -74.263  -33.930 0.3000000119
9934  33.684  -72.534  -37.515 0.3000000119
144354  34.642  -76.936  -28.824 0.3000000119
6193  34.943  -76.710  -32.973 0.3000000119
8336  34.905  -74.523  -31.961 0.3000000119
8320  35.792  -75.081  -30.248 0.3000000119
7636  35.365  -75.776  -32.330 0.3000000119
6900  35.561  -76.257  -31.306 0.3000000119
6182  34.912  -77.280  -32.133 0.3000000119
130828  33.197  -70.010  -37.563 0.3000000119
18908  37.882  -62.959  -37.602 0.3000000119
17002  37.042  -64.442  -37.523 0.3000000119
17003  36.176  -64.300  -37.785 0.3000000119
134804  34.770  -64.919  -37.878 0.4000000060
17004  33.734  -64.773  -38.014 0.4000000060
16062  32.273  -65.368  -37.901 0.3000000119
18909  37.126  -62.901  -37.790 0.3000000119
140035  35.717  -63.270  -38.217 0.4000000060
17966  34.614  -63.143  -38.606 0.4000000060
17967  33.426  -62.780  -38.900 0.4000000060
17017  33.155  -63.828  -38.579 0.3000000119
19947  34.072  -60.749  -39.193 0.4000000060
144456  34.010  -62.045  -38.924 0.4000000060
18922  32.382  -62.051  -39.208 0.3000000119
19948  33.127  -60.276  -39.073 0.3000000119
17940  39.179  -64.096  -36.605 0.3000000119
17941  38.534  -64.256  -36.944 0.3000000119
16058  36.563  -65.002  -37.430 0.4000000060
16059  35.673  -64.935  -37.677 0.4000000060
16060  34.232  -65.494  -37.286 0.3000000119
16048  32.625  -65.781  -37.226 0.3000000119
15122  32.518  -66.151  -36.532 0.3000000119
17953  39.017  -63.367  -37.138 0.3000000119
143395  38.515  -62.963  -37.462 0.3000000119
18917  38.376  -62.228  -37.845 0.3000000119
18918  37.591  -61.996  -38.073 0.3000000119
18919  36.727  -61.907  -38.300 0.3000000119
18920  34.925  -62.089  -38.785 0.4000000060
19943  38.211  -61.181  -38.447 0.3000000119
19944  37.186  -60.634  -38.738 0.3000000119
17965  35.860  -62.022  -38.500 0.4000000060
20942  36.339  -59.669  -39.208 0.3000000119
129088  35.519  -59.794  -39.438 0.4000000060
127755  34.690  -59.853  -39.442 0.4000000060
20927  36.068  -59.083  -38.386 0.3000000119
21965  35.430  -58.900  -39.173 0.4000000060
20943  34.955  -59.222  -39.442 0.4000000060
20944  33.978  -59.463  -39.252 0.4000000060
21950  37.667  -59.298  -37.542 0.3000000119
20928  34.906  -58.951  -38.546 0.4000000060
20916  36.381  -59.631  -37.053 0.3000000119
15105  40.011  -66.166  -34.596 0.3000000119
16018  39.587  -65.674  -35.071 0.3000000119
145303  37.234  -65.935  -33.887 0.3000000119
16020  36.638  -65.604  -34.454 0.3000000119
16971  39.486  -64.719  -36.190 0.3000000119
16041  39.363  -65.132  -36.096 0.3000000119
16042  38.659  -65.202  -36.384 0.3000000119
141419  36.042  -65.362  -35.142 0.3000000119
18884  40.408  -62.814  -36.054 0.3000000119
17922  39.658  -63.962  -36.203 0.3000000119
16985  38.940  -64.795  -36.561 0.3000000119
16043  37.694  -65.286  -36.637 0.3000000119
16044  36.915  -65.355  -37.015 0.3000000119
16046  34.941  -65.587  -36.684 0.3000000119
16035  33.977  -65.647  -36.079 0.3000000119
15117  33.171  -66.046  -35.776 0.3000000119
15111  32.508  -67.201  -35.088 0.3000000119
13269  32.204  -68.635  -35.481 0.3000000119
130633  40.918  -62.468  -36.726 0.3000000119
21972  37.422  -59.534  -38.616 0.3000000119
133040  35.743  -59.228  -39.410 0.3000000119
21963  38.038  -59.287  -38.241 0.3000000119
21964  37.079  -59.274  -38.438 0.3000000119
21949  38.601  -59.132  -37.276 0.3000000119
20915  37.205  -59.698  -36.626 0.3000000119
15094  40.751  -66.563  -33.729 0.3000000119
16017  40.115  -65.700  -34.957 0.3000000119
16019  38.620  -65.613  -34.829 0.3000000119
16956  40.300  -64.684  -35.100 0.3000000119
16030  39.128  -65.408  -35.709 0.3000000119
12392  32.972  -69.382  -36.353 0.3000000119
14179  40.861  -67.247  -33.138 0.3000000119
16007  41.030  -66.114  -33.849 0.3000000119
16015  40.917  -65.485  -34.069 0.3000000119
150908  40.522  -65.256  -34.690 0.3000000119
16028  40.136  -65.259  -35.237 0.3000000119
17912  40.098  -63.699  -35.642 0.3000000119
15093  41.286  -66.758  -33.281 0.3000000119
16006  41.512  -65.765  -33.334 0.3000000119
16943  41.230  -64.975  -33.570 0.3000000119
16955  40.717  -64.796  -34.348 0.3000000119
13270  31.552  -68.436  -35.798 0.3000000119
15123  31.456  -67.060  -36.614 0.3000000119
15131  31.832  -66.210  -37.310 0.3000000119
20929  33.946  -59.125  -38.715 0.4000000060
132578  39.252  -59.118  -36.507 0.3000000119
17954  38.199  -63.680  -37.305 0.3000000119
17956  36.673  -63.663  -37.777 0.3000000119
17001  37.813  -64.430  -37.272 0.3000000119
17015  35.238  -64.185  -38.148 0.4000000060
17016  34.186  -63.998  -38.390 0.4000000060
19946  35.188  -60.879  -39.058 0.4000000060
17939  39.741  -63.342  -36.840 0.3000000119
16986  38.214  -64.900  -36.914 0.3000000119
16045  35.921  -65.462  -37.033 0.3000000119
16057  37.409  -64.987  -37.212 0.3000000119
137467  35.149  -65.373  -37.378 0.4000000060
16047  33.332  -65.781  -36.823 0.3000000119
18906  39.865  -62.640  -37.422 0.3000000119
18907  39.086  -62.452  -37.653 0.3000000119
19933  38.905  -61.653  -38.151 0.3000000119
19945  36.151  -60.758  -38.925 0.4000000060
16031  38.165  -65.454  -35.690 0.3000000119
149146  37.089  -65.378  -36.571 0.3000000119
16033  35.503  -65.349  -35.815 0.3000000119
21962  39.026  -58.993  -38.194 0.3000000119
16887  22.622  -64.839  -28.798 0.4000000060
5422  33.763  -78.888  -28.548 0.3000000119
5439  34.700  -78.536  -29.430 0.3000000119
5451  35.253  -77.753  -30.571 0.3000000119
6130  35.320  -77.150  -29.375 0.3000000119
6164  35.527  -77.015  -30.250 0.3000000119
6181  35.390  -76.857  -31.794 0.3000000119
6893  35.593  -76.243  -30.540 0.3000000119
6899  35.631  -75.578  -30.811 0.3000000119
6905  35.510  -75.769  -31.577 0.3000000119
6930  34.914  -76.318  -33.627 0.3000000119
6942  33.597  -76.096  -35.299 0.3000000119
7617  35.775  -75.575  -29.929 0.3000000119
7663  34.923  -76.053  -34.171 0.3000000119
7664  34.665  -75.794  -34.862 0.3000000119
7674  34.081  -75.643  -35.419 0.3000000119
8327  35.754  -75.029  -30.692 0.3000000119
8328  35.862  -74.860  -30.602 0.3000000119
8364  34.600  -75.284  -34.761 0.3000000119
8391  33.911  -74.327  -36.095 0.3000000119
9094  33.941  -74.071  -32.882 0.3000000119
9141  34.105  -72.921  -37.039 0.3000000119
9935  31.366  -72.413  -38.256 0.3000000119
9936  30.521  -72.519  -38.226 0.3000000119
10779  31.337  -71.560  -38.529 0.5000000000
10780  30.634  -71.321  -38.690 0.4000000060
12402  32.054  -69.810  -36.870 0.4000000060
12410  30.424  -69.893  -38.512 0.5000000000
13279  31.159  -68.579  -36.536 0.5000000000
13300  29.828  -68.358  -38.534 0.5000000000
13301  29.239  -68.700  -38.713 0.5000000000
13302  28.516  -68.059  -38.622 0.4000000060
14213  31.880  -67.894  -35.335 0.3000000119
15104  40.467  -66.080  -34.340 0.3000000119
15998  25.349  -64.880  -32.797 0.6000000238
16016  40.497  -65.661  -34.545 0.3000000119
16023  25.561  -64.954  -34.615 0.6000000238
16029  39.742  -65.353  -35.524 0.3000000119
16032  37.065  -65.343  -35.590 0.3000000119
16049  27.111  -65.277  -36.784 0.4000000060
16061  33.194  -65.322  -37.542 0.3000000119
16064  27.660  -65.399  -37.471 0.4000000060
16080  29.285  -64.943  -39.049 0.4000000060
16853  23.858  -64.746  -26.760 0.5000000000
16901  25.864  -64.542  -29.793 0.6000000238
16910  25.874  -64.530  -30.761 0.6000000238
16918  29.283  -63.897  -31.767 0.6999999881
16920  25.760  -64.548  -31.600 0.6000000238
16921  21.894  -64.877  -31.150 0.5000000000
16922  21.640  -65.261  -31.753 0.6000000238
16929  29.560  -64.267  -32.583 0.6999999881
16945  31.256  -64.199  -33.520 0.6999999881
16946  30.593  -64.389  -33.651 0.6999999881
16947  29.538  -64.462  -33.287 0.6999999881
16957  31.648  -64.086  -34.168 0.6000000238
16958  31.082  -64.156  -34.877 0.5000000000
16962  27.652  -64.786  -34.404 0.6999999881
16967  16.421  -64.064  -34.772 0.5000000000
16970  39.902  -64.663  -35.725 0.3000000119
16974  28.045  -64.847  -35.235 0.5000000000
16979  17.053  -64.390  -35.562 0.5000000000
17025  30.504  -64.154  -39.458 0.4000000060
17808  23.738  -63.904  -26.917 0.5000000000
17827  23.171  -64.020  -27.606 0.5000000000
17868  30.740  -63.295  -30.915 0.6999999881
17869  29.962  -63.626  -31.291 0.6999999881
17884  27.227  -63.791  -31.401 0.6999999881
17893  33.156  -63.470  -32.784 0.6000000238
17895  30.888  -64.027  -32.207 0.6000000238
17918  16.953  -63.757  -34.462 0.5000000000
17931  17.575  -63.951  -35.016 0.5000000000
17955  37.468  -63.756  -37.531 0.3000000119
17957  30.268  -62.542  -37.696 0.4000000060
17958  29.939  -62.702  -38.618 0.4000000060
17970  30.200  -63.020  -39.267 0.4000000060
17972  30.130  -63.624  -39.354 0.4000000060
18764  25.193  -62.183  -27.193 0.5000000000
18779  27.673  -61.925  -28.652 0.5000000000
18783  23.112  -63.135  -29.012 0.5000000000
18795  31.637  -62.161  -29.838 0.6999999881
18799  27.185  -62.470  -29.024 0.6000000238
18800  23.354  -62.362  -29.131 0.6000000238
18816  32.423  -62.639  -30.698 0.6000000238
18817  31.214  -62.706  -30.346 0.6999999881
18854  23.115  -62.127  -32.728 0.6000000238
18860  35.204  -62.418  -33.804 0.6999999881
18862  23.298  -62.129  -34.494 0.6000000238
18864  19.067  -62.270  -33.694 0.6000000238
18865  18.481  -62.122  -33.506 0.6000000238
18874  19.271  -62.473  -34.471 0.5000000000
18876  17.661  -62.471  -33.774 0.5000000000
18877  16.829  -62.888  -34.100 0.5000000000
18885  35.174  -61.809  -35.316 0.6000000238
18923  31.027  -62.066  -39.183 0.4000000060
19790  27.241  -60.848  -27.608 0.6999999881
19791  26.429  -60.945  -27.539 0.6999999881
19792  25.105  -61.659  -27.295 0.5000000000
19803  30.774  -61.099  -28.573 0.8000000119
19806  28.273  -61.430  -28.315 0.6999999881
19811  18.630  -61.876  -28.504 0.4000000060
19812  18.064  -62.269  -28.990 0.5000000000
19825  28.775  -61.754  -28.902 0.6999999881
19842  23.780  -61.248  -30.212 0.6000000238
19854  16.063  -61.477  -31.258 0.5000000000
19877  36.778  -61.286  -32.896 0.6000000238
19878  36.283  -61.669  -33.543 0.4000000060
19879  24.271  -60.770  -33.749 0.6999999881
19880  23.798  -61.508  -34.114 0.6000000238
19881  20.249  -61.190  -33.533 0.6000000238
19895  17.657  -61.401  -33.795 0.6000000238
19897  16.091  -60.902  -34.780 0.5000000000
19907  36.236  -61.065  -35.361 0.4000000060
19909  34.701  -61.356  -36.053 0.5000000000
19926  23.628  -61.635  -36.945 0.5000000000
19938  24.022  -61.186  -37.064 0.6000000238
20796  28.884  -59.997  -27.583 0.6000000238
20800  24.942  -61.242  -27.528 0.6999999881
20810  31.162  -60.320  -28.060 0.6999999881
20813  28.603  -60.763  -27.818 0.6999999881
20818  18.851  -60.940  -28.744 0.4000000060
20826  25.257  -59.985  -29.229 0.6999999881
20827  24.719  -60.520  -28.826 0.6999999881
20828  18.460  -60.526  -29.471 0.5000000000
20829  17.997  -60.030  -30.131 0.6000000238
20850  23.838  -61.057  -31.047 0.6000000238
20852  15.275  -60.249  -32.150 0.5000000000
20860  20.936  -59.794  -32.823 0.6000000238
20861  14.765  -59.686  -32.663 0.5000000000
20874  28.419  -60.336  -34.261 0.6999999881
20890  29.131  -60.462  -34.108 0.8000000119
20894  20.775  -60.733  -35.316 0.4000000060
20895  17.225  -60.232  -34.448 0.5000000000
20896  16.584  -60.072  -34.760 0.5000000000
20905  37.459  -60.251  -35.514 0.4000000060
20910  20.926  -60.854  -36.164 0.5000000000
20919  25.316  -60.224  -37.064 0.6999999881
20920  24.643  -60.654  -37.040 0.6000000238
20930  33.238  -59.731  -38.771 0.4000000060
20932  25.014  -60.249  -37.171 0.6000000238
20933  24.376  -60.598  -37.123 0.6000000238
20934  23.601  -61.206  -37.116 0.5000000000
20941  37.045  -59.655  -38.872 0.3000000119
21799  19.919  -60.421  -26.153 0.3000000119
21812  31.621  -58.684  -27.951 0.6999999881
21815  29.255  -59.332  -27.720 0.6999999881
21819  19.856  -60.011  -27.586 0.4000000060
21826  34.845  -58.561  -28.578 0.6000000238
21830  31.445  -59.403  -27.819 0.6000000238
21832  28.594  -58.573  -28.339 0.6000000238
21834  26.828  -59.752  -27.896 0.6999999881
21835  19.661  -59.827  -28.522 0.4000000060
21850  19.379  -59.432  -29.316 0.6000000238
21858  38.207  -59.185  -30.634 0.5000000000
21859  37.499  -59.406  -30.394 0.5000000000
21862  27.255  -59.088  -31.284 0.6000000238
21863  26.490  -59.283  -30.041 0.6999999881
21864  25.818  -59.548  -29.702 0.6999999881
21866  17.434  -59.450  -30.673 0.6000000238
21876  32.377  -59.403  -32.306 0.6000000238
21883  16.199  -59.225  -31.592 0.6000000238
21887  40.199  -58.949  -32.834 0.4000000060
21890  32.025  -59.626  -32.820 0.6000000238
21891  31.423  -60.068  -32.982 0.6000000238
21894  27.924  -59.963  -32.994 0.6000000238
21896  25.147  -59.793  -33.035 0.6999999881
21899  20.562  -59.276  -32.580 0.6000000238
21900  14.999  -58.976  -32.890 0.6000000238
21908  30.989  -59.882  -33.523 0.6000000238
21909  30.002  -60.265  -33.828 0.6999999881
21911  26.825  -59.431  -34.156 0.6999999881
21913  21.656  -59.205  -33.335 0.5000000000
21916  17.602  -59.489  -34.301 0.5000000000
21917  14.940  -59.224  -33.445 0.5000000000
21929  21.674  -59.472  -34.585 0.5000000000
21932  16.449  -59.371  -34.554 0.5000000000
21933  14.843  -59.729  -33.998 0.5000000000
21942  26.031  -59.809  -36.948 0.6999999881
21951  36.904  -59.323  -37.718 0.3000000119
21952  27.157  -59.095  -36.756 0.6999999881
21953  26.390  -59.348  -36.985 0.6999999881
21956  24.264  -60.146  -37.198 0.6000000238
21957  22.809  -59.994  -36.653 0.5000000000
21966  34.575  -58.959  -39.155 0.4000000060
21973  36.446  -59.189  -39.076 0.3000000119
22793  17.113  -58.365  -24.292 0.3000000119
22815  21.471  -58.582  -26.961 0.4000000060
22816  20.600  -58.768  -26.640 0.4000000060
22830  31.014  -58.471  -28.073 0.6999999881
22834  21.672  -58.652  -27.763 0.4000000060
22845  35.156  -57.882  -28.594 0.6000000238
22847  33.476  -58.126  -28.339 0.6999999881
22850  30.765  -58.171  -28.403 0.6999999881
22851  29.948  -58.172  -28.468 0.6000000238
22852  21.677  -58.244  -28.623 0.4000000060
22861  38.128  -57.879  -29.888 0.5000000000
22862  37.352  -57.991  -29.453 0.6000000238
22864  35.819  -58.323  -28.832 0.6000000238
22867  28.287  -58.387  -28.979 0.6000000238
22868  27.564  -58.766  -28.873 0.6000000238
22879  37.826  -58.661  -29.992 0.5000000000
22880  33.446  -58.352  -31.196 0.6000000238
22882  31.978  -58.158  -30.136 0.6999999881
22886  27.737  -58.789  -29.690 0.6000000238
22888  18.236  -58.207  -30.487 0.6000000238
22890  16.800  -58.826  -31.244 0.6000000238
22901  33.027  -58.944  -31.879 0.6000000238
22908  16.402  -58.167  -31.815 0.6000000238
22909  15.976  -58.589  -32.068 0.6000000238
22912  41.269  -57.919  -32.718 0.4000000060
22913  40.692  -57.919  -32.113 0.4000000060
22914  34.178  -58.029  -32.355 0.6000000238
22916  32.107  -59.347  -32.984 0.6000000238
22917  20.882  -58.306  -32.457 0.6000000238
22920  15.572  -58.485  -32.717 0.6000000238
22929  22.216  -58.382  -33.454 0.5000000000
22930  19.261  -58.091  -33.121 0.6000000238
22931  18.273  -57.598  -33.795 0.6000000238
22940  40.884  -58.761  -34.207 0.4000000060
22942  28.706  -59.064  -35.330 0.8000000119
22943  22.649  -58.166  -34.322 0.5000000000
22946  16.177  -58.618  -34.060 0.6000000238
22949  42.316  -57.718  -35.700 0.3000000119
22953  28.618  -58.670  -36.134 0.8000000119
22954  27.958  -58.963  -36.507 0.8000000119
22957  22.155  -59.090  -35.383 0.5000000000
22965  29.019  -57.911  -36.292 0.8000000119
22969  25.957  -59.190  -37.197 0.6000000238
22970  25.008  -58.954  -37.062 0.6000000238
22971  23.522  -59.017  -36.492 0.6000000238
23903  22.267  -57.291  -25.970 0.4000000060
23916  20.224  -58.168  -26.078 0.3000000119
23922  22.604  -57.689  -27.549 0.4000000060
23923  22.125  -58.174  -27.222 0.4000000060
23932  32.154  -57.840  -28.571 0.6999999881
23935  21.986  -57.545  -28.993 0.4000000060
23936  14.222  -57.375  -28.874 0.3000000119
23941  37.479  -57.247  -29.649 0.6000000238
23942  36.617  -57.264  -29.280 0.6000000238
23943  35.696  -56.898  -29.245 0.6000000238
23944  34.805  -57.089  -29.236 0.6999999881
23946  32.608  -57.594  -28.875 0.6999999881
23947  31.312  -57.864  -28.742 0.6999999881
23949  19.827  -57.994  -30.064 0.6000000238
23951  13.174  -57.308  -30.321 0.4000000060
23959  39.239  -57.496  -30.670 0.5000000000
23966  19.153  -57.201  -30.492 0.6000000238
23968  17.651  -57.595  -31.063 0.6000000238
23972  10.398  -57.620  -31.230 0.3000000119
23979  34.012  -57.877  -30.863 0.6999999881
23981  17.136  -56.975  -31.868 0.6000000238
23982  16.627  -57.378  -32.351 0.6000000238
23997  17.145  -56.699  -32.811 0.6000000238
24003  34.746  -57.290  -33.525 0.5000000000
24008  22.164  -57.864  -32.943 0.5000000000
24010  17.732  -56.900  -33.484 0.6000000238
24014  43.012  -57.249  -34.220 0.3000000119
24017  23.518  -57.504  -34.966 0.6000000238
24023  29.379  -57.385  -36.136 0.8000000119
24024  25.936  -57.558  -36.186 0.6000000238
24027  23.070  -58.076  -35.188 0.6000000238
24034  28.779  -57.575  -36.495 0.6999999881
24036  26.481  -58.466  -36.778 0.6000000238
24885  17.185  -56.837  -24.639 0.3000000119
24897  15.801  -56.854  -25.662 0.3000000119
24901  17.911  -55.756  -26.100 0.3000000119
24908  23.049  -57.131  -27.061 0.4000000060
24909  15.137  -56.322  -27.317 0.3000000119
24931  21.745  -56.916  -29.434 0.4000000060
24953  18.576  -56.547  -31.199 0.6000000238
24954  13.323  -55.667  -31.267 0.4000000060
24955  12.893  -56.086  -31.166 0.4000000060
24956  11.735  -56.892  -30.594 0.3000000119
24957  10.826  -57.080  -30.895 0.3000000119
24967  35.898  -56.796  -31.189 0.6000000238
24972  17.995  -55.999  -32.039 0.6000000238
24980  31.411  -57.253  -32.589 0.6000000238
24981  29.945  -56.678  -32.842 0.6000000238
24983  21.356  -56.666  -32.709 0.5000000000
24984  20.585  -56.314  -32.794 0.6000000238
24985  19.812  -56.497  -32.875 0.6000000238
24992  35.114  -56.974  -34.082 0.5000000000
24994  23.119  -56.215  -33.703 0.5000000000
24995  22.514  -56.365  -33.437 0.5000000000
24997  19.040  -56.032  -33.347 0.6000000238
24998  18.402  -56.384  -33.434 0.6000000238
25002  36.674  -55.903  -34.873 0.4000000060
25007  25.071  -56.119  -34.656 0.6000000238
25008  24.265  -56.480  -34.483 0.6000000238
25009  23.551  -56.854  -34.252 0.6000000238
25014  29.558  -56.499  -36.180 0.6000000238
25017  25.409  -56.807  -35.457 0.6000000238
25024  44.141  -56.463  -37.009 0.3000000119
25025  29.511  -56.419  -36.185 0.6000000238
25805  18.857  -55.755  -26.264 0.3000000119
25806  16.789  -55.823  -25.759 0.3000000119
25812  19.195  -55.248  -26.370 0.3000000119
25815  16.344  -55.526  -26.573 0.3000000119
25816  15.630  -55.808  -26.789 0.3000000119
25838  22.868  -56.132  -28.449 0.4000000060
25842  14.842  -55.505  -30.176 0.4000000060
25853  21.330  -55.126  -29.984 0.6000000238
25854  21.254  -55.989  -29.860 0.5000000000
25856  14.522  -55.008  -30.742 0.4000000060
25861  37.879  -55.877  -30.988 0.6000000238
25876  39.150  -55.410  -31.672 0.4000000060
25883  18.960  -55.031  -32.274 0.5000000000
25899  18.978  -55.157  -32.956 0.5000000000
25910  29.461  -55.744  -34.127 0.6000000238
25914  21.501  -55.115  -33.352 0.5000000000
25915  19.172  -55.475  -33.119 0.6000000238
25922  37.495  -55.674  -34.652 0.4000000060
25924  35.656  -55.996  -34.845 0.4000000060
25946  29.549  -55.951  -36.226 0.5000000000
26798  20.016  -54.531  -25.181 0.4000000060
26800  13.135  -54.790  -25.825 0.3000000119
26813  18.350  -54.374  -27.056 0.3000000119
26830  17.085  -54.396  -27.768 0.3000000119
26831  16.435  -54.637  -28.057 0.3000000119
26844  15.702  -54.557  -29.406 0.3000000119
26857  15.478  -54.066  -29.923 0.3000000119
26859  12.549  -54.911  -29.742 0.3000000119
26867  21.106  -54.349  -30.253 0.5000000000
26869  19.762  -54.426  -31.207 0.6000000238
26870  13.961  -54.538  -30.706 0.4000000060
26871  13.147  -54.427  -30.246 0.3000000119
26902  34.692  -55.475  -33.849 0.5000000000
26905  24.413  -54.552  -33.731 0.6000000238
26909  20.229  -53.817  -33.161 0.6000000238
26918  35.153  -55.900  -34.500 0.5000000000
26919  30.366  -54.823  -35.350 0.6000000238
26920  29.930  -55.252  -34.689 0.6000000238
26922  25.719  -54.367  -34.302 0.5000000000
26927  44.699  -53.843  -34.919 0.3000000119
27821  19.769  -53.692  -25.361 0.4000000060
27837  13.640  -53.967  -26.476 0.3000000119
27845  18.215  -53.484  -27.258 0.3000000119
27846  17.590  -53.280  -27.890 0.3000000119
27878  15.244  -53.639  -29.915 0.3000000119
27879  14.317  -53.817  -30.037 0.4000000060
27892  22.433  -52.787  -30.289 0.4000000060
27894  19.969  -52.956  -31.329 0.6000000238
27907  19.662  -52.991  -32.178 0.6000000238
27917  19.962  -52.847  -32.880 0.6000000238
27928  24.086  -53.626  -33.678 0.6000000238
27931  20.654  -52.814  -33.274 0.6000000238
27935  43.093  -53.289  -34.584 0.3000000119
28798  21.204  -52.222  -24.874 0.4000000060
28800  19.521  -52.944  -25.762 0.3000000119
28801  15.301  -52.608  -24.986 0.3000000119
28813  13.901  -53.027  -26.955 0.3000000119
28827  18.147  -52.564  -27.687 0.4000000060
28830  13.714  -52.686  -27.881 0.3000000119
28838  17.825  -52.037  -28.570 0.4000000060
28839  17.222  -52.344  -29.104 0.3000000119
28841  13.858  -52.622  -28.617 0.3000000119
28848  16.953  -51.965  -29.518 0.3000000119
28849  16.340  -52.361  -29.595 0.3000000119
28852  13.968  -53.078  -29.314 0.3000000119
28860  21.328  -52.344  -30.807 0.6000000238
29745  15.793  -52.148  -24.472 0.3000000119
29761  14.941  -52.105  -25.873 0.3000000119
29771  19.496  -51.632  -26.669 0.4000000060
29773  14.611  -51.684  -26.732 0.3000000119
29788  19.887  -50.828  -27.120 0.3000000119
29789  19.136  -51.222  -27.505 0.4000000060
29791  14.473  -51.409  -27.548 0.3000000119
29804  14.758  -51.632  -28.737 0.3000000119
29813  17.280  -51.213  -29.509 0.3000000119
29815  15.920  -51.857  -29.523 0.3000000119
29831  22.073  -50.631  -31.994 0.5000000000
30766  15.584  -50.740  -25.680 0.3000000119
30815  19.862  -49.651  -28.454 0.3000000119
30816  19.285  -50.116  -28.723 0.3000000119
30829  18.366  -49.973  -29.482 0.3000000119
30830  17.567  -50.390  -29.495 0.3000000119
30831  16.805  -50.717  -29.502 0.3000000119
30833  15.406  -51.325  -29.088 0.3000000119
31775  16.602  -49.533  -25.571 0.3000000119
31776  15.821  -49.891  -26.078 0.3000000119
31795  15.404  -49.520  -26.912 0.3000000119
31814  15.409  -49.501  -27.686 0.3000000119
31826  20.122  -48.861  -29.164 0.3000000119
31828  16.346  -49.381  -28.775 0.3000000119
31829  15.700  -49.750  -28.423 0.3000000119
31839  19.905  -48.269  -29.690 0.3000000119
31843  16.966  -49.875  -29.385 0.3000000119
31844  16.217  -50.188  -29.103 0.3000000119
32866  16.196  -48.530  -27.601 0.3000000119
32881  18.272  -47.887  -28.930 0.3000000119
32882  16.524  -48.644  -28.324 0.3000000119
32900  19.132  -48.318  -29.561 0.3000000119
33911  16.849  -47.616  -27.005 0.3000000119
33924  20.547  -47.603  -28.029 0.3000000119
33926  16.805  -47.992  -27.597 0.3000000119
33939  20.143  -47.621  -28.857 0.3000000119
33953  20.002  -47.855  -29.514 0.3000000119
33954  19.717  -47.876  -29.549 0.3000000119
126824  24.890  -62.799  -27.109 0.5000000000
127337  29.374  -58.751  -34.822 0.8000000119
127431  32.126  -72.580  -38.030 0.3000000119
127571  27.634  -63.530  -30.865 0.6999999881
128169  24.102  -62.959  -27.025 0.5000000000
129140  19.078  -53.093  -26.287 0.4000000060
130213  32.541  -62.996  -39.114 0.4000000060
130365  37.176  -56.060  -30.898 0.6000000238
130575  38.255  -60.263  -32.739 0.4000000060
130656  27.778  -59.909  -34.481 0.6999999881
131556  24.178  -58.759  -36.626 0.6000000238
131616  38.550  -55.068  -33.302 0.5000000000
132401  15.482  -61.009  -31.839 0.5000000000
132902  19.841  -61.079  -32.984 0.6000000238
133357  20.720  -60.707  -34.139 0.6000000238
133425  19.552  -60.372  -32.809 0.6000000238
134047  27.082  -57.537  -36.458 0.6000000238
134363  41.073  -58.649  -34.914 0.4000000060
134584  28.529  -57.360  -36.556 0.6999999881
134972  22.266  -65.912  -30.358 0.5000000000
134998  29.755  -55.885  -36.124 0.6000000238
135128  41.527  -66.357  -33.212 0.3000000119
135376  22.058  -63.313  -33.132 0.5000000000
136369  26.641  -59.440  -28.481 0.6999999881
136407  25.907  -64.455  -32.752 0.6000000238
136458  23.588  -59.761  -36.867 0.5000000000
136460  31.285  -63.617  -31.579 0.6000000238
136751  36.406  -65.292  -36.229 0.3000000119
136978  16.668  -58.088  -33.961 0.6000000238
137238  32.468  -66.583  -35.654 0.3000000119
137395  36.600  -56.579  -32.588 0.4000000060
137590  24.737  -60.122  -33.573 0.6999999881
137614  31.955  -66.622  -36.318 0.3000000119
137827  29.417  -57.105  -34.821 0.8000000119
138251  40.116  -63.148  -36.451 0.3000000119
139132  22.826  -64.176  -28.267 0.5000000000
139915  23.177  -56.504  -27.522 0.4000000060
140142  13.260  -55.026  -31.020 0.4000000060
140271  29.709  -56.403  -35.457 0.6999999881
140279  35.631  -56.917  -34.046 0.4000000060
140451  22.164  -53.998  -33.490 0.5000000000
140857  18.949  -58.837  -30.041 0.6000000238
140962  22.689  -52.408  -33.518 0.4000000060
141285  22.970  -55.166  -23.905 0.4000000060
141497  28.027  -59.659  -35.018 0.6999999881
141503  37.576  -65.554  -34.602 0.3000000119
141625  14.591  -51.294  -28.155 0.3000000119
141632  23.706  -53.753  -23.579 0.4000000060
141819  30.638  -56.782  -32.562 0.6000000238
143044  36.421  -62.827  -38.035 0.3000000119
143298  16.461  -53.372  -29.278 0.3000000119
143629  25.655  -67.079  -31.886 0.5000000000
143845  20.445  -52.295  -31.213 0.6000000238
144352  35.262  -56.905  -29.846 0.6000000238
144743  30.021  -55.384  -36.178 0.5000000000
144922  29.883  -70.020  -38.681 0.4000000060
145155  39.754  -65.078  -35.782 0.3000000119
145744  22.278  -59.425  -36.076 0.5000000000
146371  41.040  -54.784  -32.833 0.3000000119
147040  40.308  -66.438  -34.051 0.3000000119
147187  35.574  -75.662  -30.150 0.3000000119
148211  19.356  -58.415  -30.031 0.6000000238
148255  26.203  -63.268  -28.669 0.5000000000
149288  18.147  -51.408  -28.850 0.3000000119
149422  22.923  -63.405  -29.528 0.5000000000
149539  30.430  -58.076  -29.431 0.6999999881
150504  20.897  -47.442  -27.320 0.3000000119
