#!ascii label  , from subject sub-v1s10x0051055_ses-1 vox2ras=TkReg
218
105308  19.687  4.015  -29.545 0.0000000000
52434  17.664  -4.867  -27.244 0.0000000000
63126  18.404  9.647  -30.286 0.0000000000
71119  20.604  20.318  -31.728 0.0000000000
50747  16.865  -6.143  -26.326 0.0000000000
65362  21.341  11.677  -29.788 0.0000000000
66935  22.141  14.867  -30.615 0.0000000000
98921  18.230  2.081  -29.328 0.0000000000
55575  19.382  -1.079  -29.387 0.0000000000
57314  20.697  0.568  -31.313 0.0000000000
61033  21.713  6.054  -30.511 0.0000000000
58137  21.796  2.447  -31.691 0.0000000000
61745  18.832  7.445  -29.715 0.0000000000
100733  20.902  8.919  -29.883 0.0000000000
101836  20.242  18.229  -31.052 0.0000000000
114872  22.708  17.399  -31.674 0.0000000000
53233  19.319  -3.364  -27.544 0.0000000000
66153  20.431  14.044  -30.146 0.0000000000
67655  20.197  15.154  -30.284 0.0000000000
58882  19.173  3.416  -29.487 0.0000000000
57316  19.256  1.671  -29.382 0.0000000000
58128  19.979  2.417  -29.736 0.0000000000
51602  17.264  -5.501  -26.811 0.0000000000
106627  18.238  8.184  -30.117 0.0000000000
62438  20.891  8.052  -29.962 0.0000000000
63124  20.459  9.578  -29.596 0.0000000000
104122  22.614  12.774  -30.953 0.0000000000
64602  22.452  11.147  -31.508 0.0000000000
71120  19.505  20.344  -32.025 0.0000000000
103924  18.498  18.021  -31.783 0.0000000000
70468  21.134  19.576  -31.356 0.0000000000
104182  24.165  22.070  -35.084 0.0000000000
71140  23.645  20.235  -34.777 0.0000000000
70476  23.362  19.258  -32.380 0.0000000000
107251  23.231  18.676  -34.385 0.0000000000
69115  23.087  17.217  -32.691 0.0000000000
54851  19.938  -1.653  -30.023 0.0000000000
54845  19.450  -1.987  -29.109 0.0000000000
50736  15.558  -6.712  -25.791 0.0000000000
64593  20.680  11.067  -29.513 0.0000000000
65363  20.354  11.943  -29.530 0.0000000000
66161  21.942  13.199  -30.364 0.0000000000
99340  22.822  13.914  -32.284 0.0000000000
96489  17.168  0.317  -28.595 0.0000000000
57304  18.239  1.417  -29.044 0.0000000000
103280  19.787  -0.361  -30.159 0.0000000000
55583  20.597  -0.721  -30.875 0.0000000000
61020  21.091  5.506  -30.031 0.0000000000
58880  20.924  3.191  -31.159 0.0000000000
59620  21.820  4.057  -31.716 0.0000000000
59610  18.875  4.594  -29.717 0.0000000000
61036  17.642  6.154  -30.601 0.0000000000
61021  19.914  5.828  -29.599 0.0000000000
61034  20.617  6.437  -29.820 0.0000000000
61742  22.206  7.470  -30.904 0.0000000000
62436  22.661  8.107  -31.380 0.0000000000
63843  21.228  10.152  -29.946 0.0000000000
63132  22.743  9.584  -31.956 0.0000000000
68396  19.453  16.651  -30.711 0.0000000000
71126  23.050  20.902  -32.196 0.0000000000
69773  21.573  18.904  -31.123 0.0000000000
69101  21.877  17.739  -30.952 0.0000000000
68394  21.403  16.591  -30.643 0.0000000000
68405  22.660  16.213  -31.588 0.0000000000
67678  22.837  15.441  -32.104 0.0000000000
53243  17.533  -3.334  -27.902 0.0000000000
54846  18.436  -1.332  -28.543 0.0000000000
58138  21.169  2.413  -31.660 0.0000000000
57313  21.196  0.350  -31.255 0.0000000000
66922  19.857  14.505  -30.232 0.0000000000
67665  19.364  15.040  -30.406 0.0000000000
58881  20.265  3.304  -29.778 0.0000000000
49954  15.294  -7.336  -25.130 0.0000000000
49953  16.054  -7.395  -25.386 0.0000000000
104845  18.897  8.914  -29.859 0.0000000000
63125  19.532  9.647  -29.643 0.0000000000
100771  22.709  12.807  -32.335 0.0000000000
70470  19.083  19.646  -31.887 0.0000000000
106008  19.681  18.891  -31.493 0.0000000000
70469  20.138  19.614  -31.574 0.0000000000
112323  23.635  19.502  -33.724 0.0000000000
69789  23.265  18.146  -33.967 0.0000000000
54844  19.982  -1.946  -29.762 0.0000000000
52443  16.430  -4.296  -27.358 0.0000000000
65364  19.370  12.039  -30.019 0.0000000000
66152  21.313  13.962  -30.243 0.0000000000
66162  20.665  13.443  -30.006 0.0000000000
66151  22.248  14.064  -30.570 0.0000000000
66160  22.738  13.556  -30.964 0.0000000000
66934  22.732  14.442  -30.954 0.0000000000
71836  20.348  21.763  -32.568 0.0000000000
98089  20.188  1.323  -30.534 0.0000000000
57315  19.972  0.576  -30.357 0.0000000000
56448  20.334  -0.753  -30.838 0.0000000000
98543  20.313  -0.181  -31.060 0.0000000000
50748  16.101  -6.211  -26.384 0.0000000000
50735  16.439  -6.753  -25.838 0.0000000000
59608  21.305  4.553  -30.445 0.0000000000
60332  21.965  5.077  -30.967 0.0000000000
59611  18.169  4.009  -29.976 0.0000000000
103364  18.131  6.762  -30.021 0.0000000000
61022  18.657  5.946  -29.798 0.0000000000
61035  19.372  6.648  -29.622 0.0000000000
62437  21.872  8.626  -30.614 0.0000000000
64592  21.499  10.918  -30.103 0.0000000000
63854  22.329  10.393  -30.876 0.0000000000
69774  19.301  18.146  -31.402 0.0000000000
69109  18.084  17.395  -31.925 0.0000000000
69108  18.927  17.398  -31.328 0.0000000000
68397  18.452  16.673  -31.380 0.0000000000
69107  19.838  17.530  -30.873 0.0000000000
71135  23.959  21.087  -34.097 0.0000000000
99385  24.145  21.983  -34.177 0.0000000000
106454  23.518  20.724  -32.597 0.0000000000
71125  23.280  20.140  -32.219 0.0000000000
69771  23.025  18.579  -31.867 0.0000000000
69765  21.949  18.335  -31.077 0.0000000000
116743  22.182  17.460  -31.143 0.0000000000
68388  21.282  17.390  -30.702 0.0000000000
69106  21.930  17.104  -30.927 0.0000000000
68393  22.200  16.356  -30.982 0.0000000000
68392  22.432  17.051  -31.388 0.0000000000
69126  23.000  16.992  -33.753 0.0000000000
107037  22.895  16.074  -32.374 0.0000000000
106181  22.968  16.330  -33.260 0.0000000000
67677  22.897  15.447  -33.221 0.0000000000
99435  16.813  -2.695  -27.707 0.0000000000
55576  18.251  -0.279  -28.549 0.0000000000
54041  19.036  -2.679  -28.584 0.0000000000
53241  18.791  -3.293  -28.130 0.0000000000
58890  21.615  3.154  -31.755 0.0000000000
100005  18.914  12.896  -30.430 0.0000000000
66163  19.572  13.737  -30.187 0.0000000000
66921  20.764  14.542  -30.246 0.0000000000
66920  21.564  14.497  -30.390 0.0000000000
58129  18.736  2.629  -29.415 0.0000000000
51603  16.529  -5.607  -26.810 0.0000000000
51587  17.646  -5.868  -26.017 0.0000000000
99488  22.200  6.556  -30.927 0.0000000000
103878  22.575  5.693  -31.577 0.0000000000
61746  17.716  7.487  -30.508 0.0000000000
61744  20.087  7.329  -29.608 0.0000000000
62439  19.502  8.155  -29.611 0.0000000000
105838  20.019  8.896  -29.528 0.0000000000
65373  22.162  12.096  -30.514 0.0000000000
64603  22.024  11.269  -30.491 0.0000000000
65372  22.519  11.924  -31.930 0.0000000000
101390  20.692  18.913  -31.172 0.0000000000
71144  23.808  20.865  -34.977 0.0000000000
71136  23.812  20.228  -33.806 0.0000000000
100808  23.722  20.015  -32.885 0.0000000000
70484  23.532  18.981  -33.273 0.0000000000
105439  23.301  18.061  -32.911 0.0000000000
68404  22.891  16.873  -32.043 0.0000000000
112322  23.031  17.478  -34.165 0.0000000000
54040  19.649  -2.269  -28.860 0.0000000000
51588  15.359  -5.940  -26.188 0.0000000000
51611  16.894  -4.999  -27.316 0.0000000000
97325  17.360  -4.202  -27.637 0.0000000000
63845  19.080  10.423  -30.011 0.0000000000
64594  19.715  11.197  -29.624 0.0000000000
65375  19.943  12.858  -29.655 0.0000000000
65374  21.080  12.582  -29.764 0.0000000000
71128  19.891  21.080  -32.269 0.0000000000
71127  21.067  21.010  -32.045 0.0000000000
56440  18.177  0.636  -28.731 0.0000000000
115765  19.003  0.038  -28.903 0.0000000000
57303  19.109  0.759  -29.156 0.0000000000
55585  19.962  -1.186  -30.424 0.0000000000
55584  20.172  -1.294  -30.382 0.0000000000
60322  20.424  4.990  -29.691 0.0000000000
59609  20.653  4.045  -29.929 0.0000000000
58879  21.313  3.679  -31.222 0.0000000000
108249  22.760  4.707  -31.948 0.0000000000
59619  22.321  3.726  -31.829 0.0000000000
58889  22.159  3.067  -31.781 0.0000000000
58883  18.206  3.255  -29.727 0.0000000000
114330  18.950  4.039  -29.607 0.0000000000
60324  18.515  5.262  -29.925 0.0000000000
60323  19.307  5.253  -29.648 0.0000000000
106484  19.789  4.611  -29.550 0.0000000000
61743  21.322  7.014  -30.278 0.0000000000
63844  20.088  10.364  -29.499 0.0000000000
63123  21.309  9.364  -30.136 0.0000000000
63133  22.133  9.485  -30.748 0.0000000000
63122  22.727  8.840  -31.511 0.0000000000
107583  18.716  16.067  -30.901 0.0000000000
71834  22.550  21.649  -32.431 0.0000000000
71828  22.169  20.954  -32.018 0.0000000000
71118  21.751  20.187  -31.601 0.0000000000
69772  22.391  18.900  -31.402 0.0000000000
113126  20.627  17.677  -30.728 0.0000000000
68395  20.517  16.986  -30.580 0.0000000000
107008  19.429  15.720  -30.468 0.0000000000
67664  20.561  16.000  -30.404 0.0000000000
67663  21.736  15.719  -30.633 0.0000000000
67662  22.584  15.408  -31.079 0.0000000000
66948  22.816  14.794  -31.793 0.0000000000
66947  22.909  14.692  -32.923 0.0000000000
52442  18.067  -4.328  -27.556 0.0000000000
54847  17.532  -1.627  -28.203 0.0000000000
103247  18.462  -2.309  -28.485 0.0000000000
54043  17.604  -2.533  -28.115 0.0000000000
54042  18.332  -3.073  -28.275 0.0000000000
53242  18.150  -3.741  -27.916 0.0000000000
101644  20.600  2.619  -30.777 0.0000000000
58127  20.682  1.723  -31.305 0.0000000000
58126  21.361  1.468  -31.535 0.0000000000
56447  20.742  -0.296  -31.232 0.0000000000
60333  17.956  5.550  -30.369 0.0000000000
67654  21.192  15.125  -30.367 0.0000000000
69100  22.458  17.907  -31.417 0.0000000000
69105  22.985  17.701  -31.988 0.0000000000
69766  21.217  18.188  -30.848 0.0000000000
70466  22.944  19.481  -31.797 0.0000000000
70490  23.386  19.441  -34.615 0.0000000000
71121  18.586  20.306  -32.356 0.0000000000
71845  24.019  21.463  -34.763 0.0000000000
