#!ascii label  , from subject sub-v1s10x0051127_ses-1 vox2ras=TkReg
541
32980  -33.064  -48.310  -39.698 0.6999999881
33978  -34.034  -47.608  -39.385 0.6000000238
32982  -34.496  -48.161  -39.608 0.6000000238
132743  -36.458  -47.829  -41.150 0.4000000060
35016  -30.185  -46.210  -46.668 0.6999999881
35009  -30.192  -45.761  -45.900 0.6999999881
35017  -31.316  -46.363  -47.494 0.6999999881
35010  -31.229  -45.797  -46.504 0.6000000238
35018  -32.476  -46.500  -47.457 0.6999999881
35995  -31.241  -45.276  -45.797 0.6000000238
35011  -32.285  -46.683  -46.373 0.6000000238
35001  -31.888  -46.030  -45.398 0.6000000238
34044  -32.173  -47.120  -44.099 0.6000000238
35977  -31.611  -45.282  -43.938 0.5000000000
153565  -32.088  -46.709  -43.497 0.5000000000
143640  -31.839  -46.060  -43.225 0.5000000000
142049  -31.728  -46.513  -41.140 0.6000000238
33989  -32.288  -47.767  -40.354 0.6000000238
34964  -31.980  -47.102  -40.675 0.6000000238
34935  -32.712  -46.995  -39.398 0.6000000238
34936  -33.481  -46.851  -39.152 0.6000000238
35000  -29.435  -46.136  -44.800 0.6000000238
35986  -29.891  -45.258  -45.479 0.6000000238
145140  -30.460  -44.426  -45.661 0.6000000238
146298  -30.972  -44.564  -45.673 0.6000000238
37005  -31.074  -43.724  -45.227 0.6000000238
37006  -31.219  -44.577  -45.437 0.6000000238
35987  -31.614  -45.283  -44.937 0.6000000238
36981  -31.227  -44.489  -43.606 0.6000000238
36980  -30.899  -44.472  -42.488 0.6000000238
35947  -31.631  -46.111  -42.068 0.6000000238
35946  -31.137  -45.170  -41.779 0.6999999881
35931  -31.376  -45.773  -41.033 0.6000000238
133931  -31.541  -45.533  -39.610 0.6000000238
34937  -34.410  -46.889  -39.288 0.5000000000
34952  -35.868  -46.706  -40.300 0.5000000000
34999  -28.667  -46.388  -43.908 0.6000000238
35985  -29.009  -45.606  -44.481 0.6000000238
37014  -29.099  -43.698  -45.382 0.6000000238
37015  -29.939  -43.736  -45.630 0.6000000238
135054  -30.732  -43.837  -45.514 0.6000000238
38038  -30.155  -43.032  -45.549 0.6000000238
38039  -30.673  -43.082  -45.328 0.6000000238
38031  -30.941  -43.075  -45.090 0.6000000238
36993  -31.351  -44.467  -44.674 0.6000000238
138422  -30.777  -43.868  -43.194 0.6000000238
34934  -32.170  -46.228  -39.351 0.6000000238
35913  -33.351  -45.934  -38.867 0.6000000238
33991  -36.193  -47.346  -40.671 0.4000000060
35975  -27.867  -44.947  -43.321 0.6000000238
134963  -28.488  -44.876  -44.167 0.6000000238
37003  -28.535  -43.944  -44.771 0.6000000238
38037  -29.361  -43.035  -45.538 0.6000000238
39045  -29.577  -42.310  -45.549 0.5000000000
40094  -30.206  -41.795  -45.224 0.6000000238
38020  -30.608  -43.090  -43.408 0.6999999881
36952  -30.778  -44.321  -40.500 0.6000000238
36964  -30.736  -44.376  -41.432 0.6000000238
35930  -31.024  -45.014  -40.811 0.6000000238
35910  -31.073  -44.942  -39.988 0.6000000238
35896  -32.001  -45.269  -38.997 0.6000000238
35914  -34.238  -45.461  -39.035 0.6000000238
145576  -34.784  -46.120  -39.349 0.6000000238
35933  -36.124  -45.997  -40.810 0.4000000060
35932  -35.551  -45.884  -39.960 0.5000000000
35963  -27.705  -45.745  -42.792 0.5000000000
36990  -27.356  -44.201  -43.096 0.6000000238
36991  -27.926  -44.066  -43.921 0.6000000238
38019  -28.101  -43.205  -44.500 0.6000000238
38030  -28.612  -43.137  -45.220 0.5000000000
39029  -27.907  -42.435  -44.377 0.5000000000
39044  -28.813  -42.384  -45.468 0.5000000000
40087  -29.992  -40.973  -45.179 0.6000000238
135481  -30.273  -40.744  -44.699 0.6000000238
40088  -30.458  -41.660  -44.769 0.6999999881
38999  -30.398  -42.555  -42.554 0.6999999881
152362  -30.380  -42.233  -40.925 0.6000000238
38003  -30.502  -43.581  -42.194 0.6999999881
142159  -30.481  -42.911  -40.546 0.6000000238
37961  -31.063  -43.558  -39.510 0.6000000238
36936  -30.974  -44.247  -39.787 0.6000000238
36915  -31.748  -44.341  -38.939 0.6000000238
36917  -33.292  -44.486  -38.737 0.6000000238
35915  -34.997  -45.300  -39.544 0.5000000000
35948  -35.825  -45.179  -40.705 0.4000000060
36979  -26.787  -44.353  -42.418 0.6000000238
38002  -27.049  -43.555  -42.634 0.6000000238
38018  -27.544  -43.247  -43.575 0.5000000000
39028  -27.580  -42.392  -43.489 0.6000000238
40076  -27.906  -41.610  -44.229 0.5000000000
148035  -28.284  -41.255  -44.855 0.6000000238
41074  -28.466  -40.134  -44.166 0.5000000000
40086  -28.769  -40.937  -45.221 0.6000000238
41082  -28.849  -40.168  -44.830 0.5000000000
41083  -29.404  -40.421  -45.106 0.5000000000
132067  -30.456  -39.705  -43.613 0.5000000000
40077  -30.499  -41.174  -43.962 0.6000000238
42052  -30.469  -39.054  -43.084 0.5000000000
151909  -30.461  -40.801  -42.939 0.5000000000
152289  -30.401  -41.724  -42.957 0.6000000238
133349  -30.411  -40.058  -42.319 0.4000000060
40054  -30.332  -41.799  -41.869 0.6999999881
130707  -30.363  -40.388  -41.130 0.4000000060
40013  -30.634  -41.441  -39.777 0.5000000000
38972  -30.753  -42.898  -39.795 0.6000000238
146032  -31.572  -42.172  -38.829 0.5000000000
38973  -31.283  -42.884  -39.166 0.6000000238
38964  -32.245  -42.206  -38.558 0.5000000000
37941  -32.965  -43.715  -38.674 0.6000000238
36953  -35.536  -44.436  -40.533 0.5000000000
145910  -32.602  -42.947  -38.612 0.6000000238
37962  -33.832  -43.744  -38.925 0.6000000238
36940  -35.116  -44.503  -39.832 0.6000000238
37986  -26.333  -43.634  -42.078 0.5000000000
144546  -27.248  -42.899  -42.900 0.5000000000
40067  -27.683  -41.818  -43.198 0.5000000000
40068  -28.053  -41.025  -43.475 0.4000000060
42076  -28.857  -39.441  -44.361 0.4000000060
42077  -29.369  -39.681  -44.639 0.5000000000
41084  -29.937  -40.042  -44.762 0.5000000000
43102  -29.782  -38.604  -44.080 0.5000000000
132295  -30.411  -38.711  -40.775 0.4000000060
138449  -30.375  -39.419  -41.628 0.4000000060
42037  -30.437  -39.769  -40.464 0.4000000060
136520  -30.674  -40.083  -39.741 0.5000000000
41044  -30.460  -40.649  -40.162 0.5000000000
42021  -31.138  -39.984  -39.133 0.5000000000
40014  -31.230  -41.437  -39.077 0.5000000000
40006  -31.958  -41.379  -38.533 0.5000000000
142661  -35.259  -42.970  -40.508 0.5000000000
37973  -35.265  -43.666  -40.286 0.5000000000
145930  -33.479  -42.947  -38.808 0.6000000238
37964  -34.625  -43.868  -39.462 0.5000000000
42068  -29.305  -38.759  -44.129 0.4000000060
43101  -29.498  -37.992  -43.746 0.5000000000
43091  -30.132  -38.205  -43.622 0.5000000000
43083  -30.285  -37.565  -42.914 0.5000000000
42020  -30.672  -39.254  -39.605 0.4000000060
41008  -32.092  -40.576  -38.465 0.5000000000
38985  -35.146  -42.344  -40.418 0.5000000000
37988  -35.668  -43.161  -41.504 0.3000000119
42002  -31.833  -39.823  -38.507 0.5000000000
40007  -32.668  -41.597  -38.544 0.5000000000
37963  -34.256  -42.973  -39.285 0.5000000000
43082  -29.805  -37.377  -43.489 0.4000000060
133737  -30.364  -38.438  -42.319 0.4000000060
44053  -30.131  -36.720  -43.112 0.4000000060
44025  -30.424  -37.302  -39.816 0.4000000060
152232  -30.406  -37.883  -40.511 0.4000000060
43035  -31.033  -38.587  -38.874 0.4000000060
139398  -30.775  -37.732  -38.936 0.4000000060
136815  -31.744  -38.889  -38.392 0.5000000000
138719  -35.400  -41.900  -41.150 0.4000000060
38986  -35.447  -42.662  -41.070 0.4000000060
41009  -32.673  -40.875  -38.500 0.5000000000
38975  -34.605  -42.195  -39.713 0.5000000000
42003  -32.629  -40.040  -38.389 0.5000000000
40015  -33.424  -41.302  -38.760 0.5000000000
38974  -33.866  -42.161  -39.062 0.5000000000
44006  -30.592  -36.990  -39.000 0.4000000060
43036  -31.532  -37.963  -38.266 0.4000000060
40033  -35.039  -41.414  -40.329 0.4000000060
40016  -34.290  -41.363  -39.426 0.5000000000
134410  -32.492  -39.208  -38.257 0.5000000000
41010  -33.304  -40.312  -38.584 0.5000000000
44007  -31.104  -37.157  -38.446 0.4000000060
41045  -35.262  -40.390  -40.794 0.4000000060
41061  -35.465  -40.537  -41.736 0.3000000119
43037  -32.328  -38.370  -38.037 0.5000000000
42022  -33.784  -39.640  -38.817 0.5000000000
41024  -34.710  -40.529  -39.864 0.5000000000
45119  -31.327  -36.598  -38.151 0.4000000060
42038  -34.990  -39.659  -40.259 0.3000000119
42053  -35.411  -39.818  -41.466 0.3000000119
43021  -32.115  -37.698  -37.840 0.4000000060
144655  -34.416  -39.720  -39.504 0.5000000000
43039  -33.494  -37.946  -38.306 0.4000000060
43053  -33.630  -38.791  -38.567 0.5000000000
143916  -34.208  -38.895  -39.220 0.5000000000
46298  -32.229  -35.721  -37.732 0.4000000060
141873  -35.361  -38.892  -41.609 0.3000000119
43092  -35.448  -38.599  -42.563 0.3000000119
43990  -32.275  -37.110  -37.722 0.4000000060
155906  -34.920  -38.405  -40.218 0.4000000060
44009  -33.368  -37.136  -38.059 0.4000000060
43054  -34.058  -38.042  -38.946 0.4000000060
46312  -32.132  -35.015  -37.962 0.5000000000
43072  -35.155  -38.758  -40.663 0.3000000119
151024  -35.403  -38.019  -42.014 0.4000000060
44065  -35.674  -37.631  -42.750 0.4000000060
43103  -35.555  -38.308  -43.423 0.4000000060
45109  -33.169  -36.443  -37.809 0.4000000060
43071  -34.602  -38.086  -39.796 0.5000000000
140349  -35.076  -37.934  -40.521 0.4000000060
44010  -33.926  -37.210  -38.631 0.5000000000
44026  -34.488  -37.270  -39.351 0.5000000000
44043  -35.505  -37.336  -40.863 0.4000000060
44055  -35.644  -37.446  -41.754 0.4000000060
45165  -36.074  -37.093  -42.362 0.4000000060
44071  -35.763  -37.536  -43.836 0.3000000119
46313  -33.448  -35.719  -37.899 0.5000000000
45120  -33.790  -36.434  -38.247 0.5000000000
45166  -36.818  -36.678  -42.026 0.4000000060
45176  -37.477  -36.501  -42.688 0.3000000119
143619  -34.441  -34.659  -38.406 0.5000000000
45152  -37.150  -36.364  -41.137 0.4000000060
132112  -36.103  -36.903  -41.194 0.4000000060
45175  -36.645  -36.834  -43.010 0.4000000060
45186  -36.396  -36.767  -44.026 0.3000000119
143337  -33.733  -35.066  -38.005 0.5000000000
45135  -35.024  -36.657  -39.505 0.5000000000
45150  -35.707  -36.764  -40.260 0.5000000000
46314  -34.304  -35.590  -38.356 0.5000000000
45167  -37.748  -36.244  -41.881 0.4000000060
45177  -38.292  -36.109  -42.667 0.4000000060
133513  -34.489  -33.646  -38.830 0.5000000000
45187  -37.355  -36.535  -43.583 0.3000000119
46315  -35.282  -34.962  -38.650 0.5000000000
46331  -35.835  -35.531  -39.150 0.5000000000
46348  -36.893  -35.797  -39.910 0.5000000000
45137  -36.227  -36.034  -39.738 0.5000000000
45122  -35.100  -35.894  -38.873 0.5000000000
45168  -38.558  -35.719  -41.819 0.4000000060
48277  -35.808  -33.242  -38.776 0.5000000000
47359  -37.691  -34.407  -39.206 0.5000000000
46381  -38.787  -35.745  -43.313 0.3000000119
45188  -38.169  -36.208  -43.462 0.3000000119
47338  -35.950  -34.142  -38.793 0.5000000000
47339  -36.553  -34.265  -38.807 0.5000000000
46316  -36.193  -34.812  -38.972 0.5000000000
33976  -32.678  -47.750  -39.778 0.6000000238
32996  -35.186  -48.240  -39.867 0.5000000000
150946  -31.963  -46.171  -44.317 0.6000000238
39030  -30.739  -42.651  -44.534 0.6999999881
35897  -32.822  -45.237  -38.769 0.6000000238
39013  -30.498  -42.160  -43.674 0.6999999881
36938  -34.073  -44.574  -38.957 0.6000000238
144004  -30.381  -42.807  -41.481 0.6999999881
40032  -30.382  -41.389  -40.782 0.5000000000
37939  -31.544  -43.590  -38.973 0.6000000238
42060  -30.186  -38.963  -44.052 0.5000000000
41060  -30.345  -40.908  -41.758 0.4000000060
38965  -33.075  -42.195  -38.636 0.5000000000
43052  -30.542  -38.258  -39.696 0.4000000060
42001  -31.258  -39.319  -38.837 0.5000000000
44054  -30.312  -37.147  -42.121 0.4000000060
145778  -34.749  -38.931  -39.924 0.4000000060
44066  -36.060  -37.131  -43.415 0.3000000119
46333  -37.478  -35.233  -39.675 0.5000000000
26998  -29.208  -54.615  -42.388 0.5000000000
156752  -29.412  -55.081  -40.790 0.5000000000
26988  -29.234  -54.752  -41.317 0.5000000000
26112  -32.084  -54.856  -38.793 0.5000000000
26110  -30.505  -55.838  -39.088 0.5000000000
134026  -29.938  -55.650  -39.624 0.4000000060
27919  -28.924  -53.813  -42.659 0.5000000000
27897  -29.452  -53.720  -40.327 0.6000000238
135050  -28.900  -53.943  -41.628 0.6000000238
26970  -31.334  -54.324  -39.182 0.5000000000
27884  -29.834  -54.260  -39.828 0.5000000000
26981  -33.451  -54.245  -40.223 0.4000000060
28929  -28.823  -51.885  -45.264 0.6999999881
28921  -28.670  -52.037  -44.326 0.6999999881
28898  -28.621  -52.481  -42.277 0.6999999881
28872  -29.647  -52.821  -40.336 0.5000000000
27908  -28.767  -52.581  -41.459 0.6999999881
27887  -31.970  -53.788  -39.428 0.5000000000
27886  -31.335  -53.490  -39.582 0.5000000000
27898  -29.946  -53.532  -39.930 0.5000000000
26989  -33.868  -53.688  -41.164 0.5000000000
26972  -32.908  -54.590  -39.322 0.5000000000
139972  -30.205  -50.829  -47.847 0.5000000000
142353  -29.575  -50.999  -46.648 0.6999999881
30988  -29.877  -50.371  -45.889 0.6999999881
28908  -28.647  -52.501  -43.346 0.6000000238
29904  -29.759  -51.946  -40.602 0.6999999881
29919  -28.789  -51.878  -41.623 0.6000000238
27900  -32.161  -53.274  -39.789 0.5000000000
27899  -31.575  -52.768  -39.942 0.6000000238
146395  -30.364  -52.227  -40.294 0.6000000238
155845  -32.810  -53.276  -40.177 0.5000000000
28887  -34.299  -52.944  -41.673 0.5000000000
30997  -30.631  -49.759  -49.186 0.5000000000
30992  -30.480  -50.302  -47.444 0.6999999881
30982  -29.184  -50.652  -44.859 0.6999999881
30983  -29.842  -50.039  -44.778 0.6999999881
136761  -30.573  -49.621  -45.567 0.6999999881
29935  -28.615  -51.705  -42.594 0.8000000119
29936  -28.871  -50.869  -43.037 0.6999999881
29905  -30.410  -51.538  -40.507 0.6000000238
29921  -30.047  -50.969  -40.786 0.6999999881
28874  -31.962  -52.051  -40.328 0.6999999881
130295  -31.056  -52.232  -40.159 0.6000000238
28886  -33.811  -53.049  -41.160 0.6000000238
133243  -32.950  -52.286  -40.494 0.6000000238
29923  -35.139  -51.729  -41.718 0.6000000238
32021  -28.760  -48.944  -49.910 0.5000000000
33065  -30.766  -48.314  -48.899 0.6000000238
32022  -29.635  -49.110  -50.013 0.5000000000
32016  -31.666  -48.564  -48.801 0.6000000238
32007  -31.039  -49.395  -48.511 0.6000000238
32000  -30.927  -49.786  -46.796 0.6999999881
32001  -31.556  -49.078  -46.443 0.6000000238
30974  -29.313  -50.404  -43.951 0.6999999881
31985  -29.990  -49.771  -43.874 0.6999999881
30944  -29.614  -50.657  -41.485 0.6999999881
29907  -32.674  -51.658  -40.439 0.6999999881
29909  -34.103  -51.833  -40.832 0.6999999881
29908  -33.414  -51.764  -40.567 0.6999999881
33064  -28.918  -47.941  -48.687 0.5000000000
33066  -32.514  -47.850  -49.016 0.6000000238
33058  -32.847  -48.305  -48.581 0.6000000238
32008  -31.952  -49.180  -47.924 0.6000000238
151941  -30.166  -49.563  -43.096 0.8000000119
31986  -30.897  -49.015  -43.804 0.5000000000
31995  -31.164  -48.940  -45.127 0.6000000238
30945  -30.383  -50.238  -41.119 0.6999999881
31955  -30.851  -49.560  -41.640 0.6999999881
30934  -33.757  -50.459  -40.086 0.6999999881
30933  -32.819  -50.299  -40.231 0.6999999881
30936  -35.559  -51.134  -41.096 0.5000000000
155432  -35.241  -50.978  -40.643 0.6999999881
30948  -36.139  -50.427  -41.399 0.5000000000
148426  -27.627  -48.209  -48.335 0.5000000000
34062  -30.260  -47.527  -48.368 0.6000000238
131613  -31.652  -47.648  -48.767 0.6000000238
157045  -32.967  -47.599  -49.122 0.6000000238
35025  -32.290  -46.691  -48.274 0.6000000238
33059  -33.276  -47.821  -48.301 0.6000000238
147948  -33.332  -47.332  -48.212 0.6000000238
31987  -31.299  -48.652  -42.987 0.6000000238
33037  -31.822  -48.083  -43.713 0.5000000000
33052  -32.856  -47.901  -47.233 0.5000000000
31957  -31.991  -48.926  -40.716 0.6000000238
33005  -31.772  -48.520  -41.590 0.6000000238
31945  -33.426  -49.688  -39.922 0.6000000238
31944  -32.558  -49.457  -40.242 0.6000000238
137674  -35.517  -48.994  -40.207 0.5000000000
33057  -27.710  -47.953  -47.639 0.5000000000
34054  -28.935  -47.460  -47.323 0.6000000238
33036  -31.624  -48.363  -44.638 0.5000000000
143488  -32.165  -46.769  -45.168 0.5000000000
33020  -32.000  -47.856  -41.779 0.4000000060
33019  -31.815  -48.130  -42.582 0.5000000000
34033  -32.040  -47.389  -43.175 0.5000000000
32981  -33.802  -48.424  -39.590 0.6000000238
33049  -27.225  -48.530  -46.772 0.5000000000
33050  -28.035  -48.025  -46.467 0.6000000238
34049  -28.722  -47.399  -46.042 0.6000000238
133559  -29.351  -46.795  -46.663 0.6000000238
34017  -32.022  -46.802  -42.705 0.4000000060
33048  -26.982  -49.009  -45.738 0.5000000000
136360  -27.579  -48.474  -45.842 0.5000000000
34042  -28.691  -47.377  -45.092 0.6000000238
34043  -29.347  -46.602  -45.535 0.6000000238
31994  -26.383  -49.629  -45.300 0.5000000000
33044  -27.600  -48.542  -44.678 0.5000000000
138806  -28.321  -47.755  -44.386 0.6000000238
31984  -26.211  -49.705  -44.084 0.5000000000
33043  -26.843  -49.217  -44.449 0.5000000000
34031  -27.858  -48.095  -43.515 0.5000000000
34032  -28.356  -47.233  -43.560 0.6000000238
140315  -28.817  -46.944  -44.460 0.6000000238
33034  -26.490  -49.233  -43.423 0.5000000000
33018  -27.186  -48.205  -42.754 0.5000000000
147067  -25.902  -48.953  -42.722 0.5000000000
33017  -26.363  -48.251  -42.408 0.5000000000
34015  -27.720  -47.399  -42.736 0.5000000000
33032  -24.266  -49.106  -42.791 0.5000000000
152218  -25.562  -48.276  -42.402 0.5000000000
34014  -26.807  -47.500  -42.231 0.5000000000
34016  -28.122  -46.514  -43.004 0.4000000060
33015  -23.920  -48.272  -42.799 0.5000000000
34013  -25.812  -47.588  -42.195 0.5000000000
142729  -26.165  -46.758  -42.064 0.4000000060
34977  -27.234  -46.521  -42.299 0.4000000060
34012  -24.736  -47.710  -42.509 0.4000000060
34976  -25.175  -46.856  -42.280 0.4000000060
35961  -25.752  -45.255  -42.091 0.4000000060
33006  -31.994  -48.234  -40.914 0.6000000238
31928  -34.648  -48.962  -39.763 0.5000000000
153669  -36.113  -48.985  -40.731 0.4000000060
147763  -32.065  -47.616  -44.915 0.6000000238
35962  -26.575  -45.116  -42.251 0.4000000060
36978  -26.085  -44.485  -42.078 0.4000000060
145743  -28.717  -51.084  -44.088 0.6999999881
30958  -30.016  -49.913  -42.154 0.6999999881
29906  -32.061  -51.094  -40.421 0.6999999881
30931  -30.986  -50.772  -40.532 0.6999999881
33046  -32.113  -48.225  -45.994 0.6000000238
30935  -34.765  -50.658  -40.234 0.6999999881
31965  -30.736  -49.234  -42.639 0.6999999881
30946  -31.185  -49.907  -40.813 0.6999999881
137686  -34.304  -49.805  -39.884 0.6000000238
31947  -35.906  -49.724  -40.630 0.6000000238
25210  -31.073  -55.957  -38.754 0.5000000000
26111  -31.135  -55.237  -38.860 0.5000000000
26119  -29.578  -55.457  -40.325 0.5000000000
26968  -29.732  -54.962  -39.817 0.5000000000
26969  -30.338  -54.896  -39.377 0.5000000000
26971  -32.238  -54.235  -39.226 0.5000000000
26979  -29.434  -54.593  -40.402 0.5000000000
26980  -32.729  -53.822  -39.751 0.5000000000
27885  -30.490  -53.915  -39.579 0.5000000000
27901  -33.247  -53.594  -40.407 0.5000000000
27909  -28.928  -53.200  -40.940 0.5000000000
27918  -28.705  -53.183  -41.914 0.5000000000
27930  -28.690  -53.108  -42.794 0.5000000000
28873  -30.587  -52.968  -39.885 0.6000000238
28875  -33.804  -52.477  -40.948 0.6999999881
28885  -29.077  -52.283  -40.911 0.6999999881
28930  -29.112  -51.819  -46.144 0.6999999881
29920  -29.365  -51.432  -41.079 0.6999999881
29922  -34.495  -52.158  -41.432 0.6000000238
29955  -28.766  -51.314  -44.838 0.6999999881
29961  -29.055  -51.083  -45.625 0.6999999881
30932  -31.916  -50.188  -40.522 0.6999999881
30957  -29.547  -50.131  -43.070 0.8000000119
31927  -33.893  -49.176  -39.728 0.6000000238
31943  -31.830  -49.545  -40.652 0.6000000238
31946  -35.176  -49.807  -40.095 0.6000000238
31956  -31.481  -49.214  -41.204 0.6000000238
31966  -31.395  -48.922  -42.146 0.6000000238
32015  -30.348  -48.892  -49.263 0.6000000238
32994  -32.533  -48.543  -40.160 0.6000000238
32995  -33.207  -48.952  -39.827 0.6000000238
33007  -36.471  -48.540  -41.282 0.4000000060
33016  -24.916  -48.676  -42.625 0.5000000000
33033  -25.195  -49.421  -42.926 0.5000000000
33035  -27.176  -48.758  -43.539 0.5000000000
33045  -28.202  -48.005  -45.391 0.5000000000
33051  -32.686  -48.503  -47.581 0.6000000238
33060  -33.246  -47.461  -48.697 0.6000000238
33067  -33.142  -47.774  -49.026 0.6000000238
33072  -29.444  -48.661  -49.579 0.5000000000
33073  -33.165  -47.358  -48.839 0.6000000238
33977  -33.258  -47.676  -39.477 0.6000000238
33979  -34.827  -47.546  -39.564 0.6000000238
33990  -35.556  -47.481  -40.053 0.5000000000
34000  -31.994  -47.651  -41.076 0.5000000000
34050  -32.409  -47.368  -46.204 0.5000000000
34055  -30.143  -46.810  -47.514 0.6000000238
34056  -31.385  -46.946  -48.320 0.6000000238
34057  -32.985  -47.260  -47.630 0.6000000238
34063  -32.659  -47.262  -48.818 0.6000000238
34064  -33.209  -47.273  -48.652 0.6000000238
34938  -35.221  -46.789  -39.652 0.5000000000
34950  -31.655  -46.291  -40.175 0.6000000238
34951  -32.225  -47.038  -39.847 0.6000000238
34953  -36.307  -46.696  -40.924 0.4000000060
34963  -32.003  -47.092  -41.736 0.5000000000
35019  -33.119  -46.867  -48.078 0.6000000238
35026  -33.007  -46.933  -48.549 0.6000000238
35911  -31.398  -44.765  -39.413 0.6000000238
35912  -32.567  -45.869  -38.926 0.6000000238
35964  -31.409  -45.264  -42.843 0.5000000000
35976  -28.338  -45.716  -43.527 0.6000000238
35994  -30.863  -45.119  -45.887 0.6000000238
35996  -31.514  -45.400  -45.542 0.6000000238
36916  -32.420  -44.486  -38.735 0.6000000238
36937  -31.330  -44.104  -39.298 0.6000000238
36939  -34.628  -44.741  -39.338 0.6000000238
36992  -31.057  -43.588  -44.396 0.6000000238
37004  -29.336  -44.564  -45.198 0.6000000238
37940  -32.113  -43.683  -38.680 0.6000000238
37960  -30.668  -43.626  -40.162 0.6000000238
37972  -34.920  -42.988  -39.902 0.5000000000
37987  -30.517  -43.634  -41.010 0.6000000238
38963  -31.841  -42.921  -38.694 0.6000000238
38984  -30.496  -42.188  -40.153 0.6000000238
39040  -28.281  -42.563  -45.025 0.5000000000
39041  -30.554  -42.453  -45.126 0.6000000238
39046  -30.194  -42.367  -45.389 0.6000000238
40034  -35.381  -41.147  -41.198 0.4000000060
40092  -29.073  -41.624  -45.543 0.6000000238
40093  -29.788  -41.640  -45.437 0.6000000238
41021  -30.908  -40.722  -39.421 0.5000000000
41022  -31.530  -40.673  -38.784 0.5000000000
41023  -33.983  -40.505  -39.103 0.5000000000
41075  -30.409  -40.257  -44.175 0.5000000000
42004  -33.202  -39.440  -38.394 0.5000000000
42039  -35.301  -39.519  -40.930 0.3000000119
42069  -29.817  -39.227  -44.388 0.5000000000
43038  -33.059  -38.606  -38.148 0.5000000000
43070  -30.369  -37.835  -41.584 0.4000000060
43084  -35.313  -37.994  -41.270 0.3000000119
43989  -31.665  -37.182  -37.920 0.4000000060
43991  -32.855  -36.998  -37.760 0.4000000060
44008  -32.822  -37.724  -37.882 0.4000000060
44042  -35.031  -37.325  -40.111 0.4000000060
45107  -31.831  -36.458  -37.763 0.4000000060
45108  -32.513  -36.443  -37.676 0.4000000060
45118  -30.820  -36.416  -38.663 0.4000000060
45121  -34.451  -36.505  -38.786 0.5000000000
45136  -35.585  -36.197  -39.466 0.5000000000
45151  -36.595  -36.321  -40.420 0.5000000000
45199  -36.949  -36.468  -44.631 0.3000000119
46299  -32.855  -35.865  -37.690 0.5000000000
46332  -36.617  -35.386  -39.391 0.5000000000
46372  -39.028  -35.493  -42.528 0.4000000060
47323  -32.918  -35.095  -37.795 0.5000000000
47336  -33.650  -34.378  -38.344 0.5000000000
47337  -35.205  -33.973  -38.734 0.5000000000
47358  -36.968  -34.739  -39.067 0.5000000000
133173  -35.662  -43.772  -41.043 0.3000000119
134972  -29.121  -54.023  -40.853 0.6000000238
135415  -32.485  -52.743  -40.205 0.5000000000
135945  -32.798  -46.417  -39.057 0.6000000238
137060  -28.338  -40.813  -44.564 0.5000000000
139284  -28.603  -51.640  -43.474 0.6999999881
139841  -28.913  -51.079  -41.947 0.6999999881
140488  -37.871  -36.388  -43.082 0.3000000119
140555  -33.297  -53.010  -40.662 0.6000000238
140993  -31.776  -46.059  -46.176 0.6000000238
141294  -35.469  -43.235  -40.894 0.3000000119
141593  -27.079  -45.673  -42.360 0.4000000060
142314  -33.566  -45.156  -38.796 0.6000000238
142946  -28.331  -41.781  -45.114 0.5000000000
143097  -35.414  -45.065  -40.085 0.5000000000
143215  -34.033  -51.240  -40.381 0.6999999881
143587  -33.119  -51.066  -40.338 0.6999999881
143653  -34.064  -46.282  -39.041 0.6000000238
143754  -27.242  -45.021  -42.680 0.5000000000
144049  -30.169  -39.545  -44.347 0.5000000000
144613  -25.486  -46.060  -42.157 0.4000000060
145572  -30.972  -42.173  -39.450 0.5000000000
146020  -31.182  -51.583  -40.359 0.6000000238
147137  -29.335  -50.505  -42.315 0.6999999881
147677  -26.394  -45.906  -42.134 0.4000000060
150593  -35.986  -48.209  -40.494 0.4000000060
151053  -29.420  -41.063  -45.391 0.6000000238
152069  -34.843  -51.455  -40.819 0.6999999881
152936  -35.550  -50.509  -40.594 0.6000000238
153139  -31.131  -49.728  -47.649 0.6000000238
153390  -32.021  -47.451  -42.432 0.5000000000
154985  -29.878  -51.455  -40.705 0.6999999881
155628  -31.283  -45.521  -40.274 0.6000000238
156049  -35.747  -37.012  -40.785 0.4000000060
156256  -26.666  -48.734  -42.869 0.5000000000
156838  -30.453  -49.490  -44.604 0.6999999881
157059  -30.755  -51.892  -40.335 0.6000000238
