#!ascii label  , from subject sub-v1s10x0051099_ses-1 vox2ras=TkReg
681
29692  -17.708  -61.383  57.357 0.0000000000
40026  -43.574  -51.712  47.562 0.0000000000
41118  -48.806  -50.627  41.710 0.0000000000
113110  -51.128  -44.300  41.192 0.0000000000
118798  -41.067  -54.789  48.065 0.0000000000
43871  -51.017  -47.483  39.348 0.0000000000
54530  -49.692  -35.737  37.049 0.0000000000
57168  -52.179  -30.956  35.881 0.0000000000
35947  -46.252  -55.469  44.701 0.0000000000
36966  -49.074  -53.331  41.896 0.0000000000
41034  -46.732  -51.011  44.845 0.0000000000
32710  -19.969  -58.694  60.095 0.0000000000
31716  -24.254  -59.008  57.791 0.0000000000
31720  -27.651  -59.850  56.821 0.0000000000
31738  -31.761  -60.266  55.161 0.0000000000
33787  -35.652  -57.837  54.864 0.0000000000
34829  -40.281  -56.441  53.291 0.0000000000
34895  -43.896  -55.961  49.151 0.0000000000
40156  -51.665  -52.085  38.156 0.0000000000
58024  -54.184  -29.771  34.927 0.0000000000
37926  -45.668  -53.010  46.903 0.0000000000
39017  -46.548  -52.202  45.517 0.0000000000
41011  -45.058  -51.012  46.087 0.0000000000
33753  -19.777  -57.542  56.610 0.0000000000
32729  -21.178  -58.648  57.662 0.0000000000
34855  -35.519  -56.399  51.462 0.0000000000
34818  -38.329  -56.837  54.251 0.0000000000
35860  -37.663  -55.648  51.155 0.0000000000
37924  -42.768  -53.618  48.142 0.0000000000
36827  -42.662  -54.161  50.712 0.0000000000
37906  -44.252  -53.296  49.659 0.0000000000
35931  -44.985  -55.554  47.894 0.0000000000
39052  -49.709  -51.637  42.567 0.0000000000
117376  -50.223  -53.282  39.567 0.0000000000
41121  -50.734  -51.296  40.558 0.0000000000
45717  -50.781  -45.681  39.728 0.0000000000
43874  -53.666  -47.753  39.554 0.0000000000
45718  -53.932  -45.514  40.158 0.0000000000
109646  -53.875  -44.068  40.554 0.0000000000
55348  -52.056  -34.579  39.461 0.0000000000
52994  -50.641  -37.410  40.370 0.0000000000
35914  -38.174  -55.069  48.804 0.0000000000
119406  -48.076  -44.357  38.889 0.0000000000
55362  -51.363  -33.905  36.566 0.0000000000
56216  -54.157  -32.405  39.463 0.0000000000
56248  -55.910  -32.160  35.060 0.0000000000
120172  -45.625  -55.712  43.098 0.0000000000
36955  -47.332  -54.570  43.227 0.0000000000
39038  -48.255  -51.843  43.945 0.0000000000
30706  -19.070  -60.206  60.300 0.0000000000
130256  -24.480  -60.809  57.209 0.0000000000
31717  -25.911  -59.325  57.727 0.0000000000
29735  -26.443  -61.824  55.947 0.0000000000
127977  -28.393  -62.205  55.495 0.0000000000
28706  -30.815  -62.024  54.614 0.0000000000
29757  -32.968  -61.435  54.265 0.0000000000
32777  -33.526  -58.466  54.344 0.0000000000
31766  -37.163  -59.483  53.537 0.0000000000
36813  -40.620  -54.910  51.713 0.0000000000
34857  -42.270  -56.039  51.935 0.0000000000
33888  -42.652  -57.637  48.413 0.0000000000
33912  -43.441  -56.840  46.137 0.0000000000
34953  -44.724  -56.733  43.983 0.0000000000
41135  -52.032  -49.990  39.604 0.0000000000
50549  -50.007  -39.996  40.003 0.0000000000
117162  -51.684  -42.178  41.667 0.0000000000
30717  -17.953  -60.744  59.708 0.0000000000
40028  -44.937  -52.098  47.546 0.0000000000
40029  -45.458  -52.026  46.777 0.0000000000
40027  -44.312  -51.705  47.542 0.0000000000
34874  -36.021  -56.105  50.776 0.0000000000
34856  -37.224  -55.852  51.758 0.0000000000
35879  -37.333  -55.614  50.243 0.0000000000
39001  -43.602  -52.112  48.191 0.0000000000
38965  -43.818  -52.844  49.473 0.0000000000
123587  -44.155  -52.221  48.855 0.0000000000
37917  -44.928  -53.306  48.410 0.0000000000
129528  -49.939  -51.606  42.035 0.0000000000
41106  -49.708  -51.076  41.559 0.0000000000
131070  -51.166  -45.317  40.583 0.0000000000
44793  -52.814  -46.184  40.861 0.0000000000
46654  -52.829  -44.940  41.303 0.0000000000
46664  -53.985  -44.698  39.913 0.0000000000
47636  -53.211  -44.033  41.336 0.0000000000
55328  -54.479  -34.475  40.678 0.0000000000
54500  -53.317  -35.537  41.000 0.0000000000
53733  -54.562  -35.828  40.991 0.0000000000
55382  -51.156  -33.898  34.634 0.0000000000
56231  -51.831  -31.957  37.045 0.0000000000
56224  -52.407  -32.350  37.966 0.0000000000
57150  -53.175  -31.521  37.726 0.0000000000
57152  -55.005  -31.529  38.503 0.0000000000
57159  -54.133  -30.865  37.522 0.0000000000
58015  -55.925  -30.242  35.886 0.0000000000
35959  -46.378  -55.743  43.972 0.0000000000
35969  -46.780  -55.024  43.185 0.0000000000
36943  -46.865  -54.928  44.364 0.0000000000
40069  -46.682  -51.778  45.181 0.0000000000
39027  -47.143  -52.299  45.048 0.0000000000
40086  -47.323  -51.102  44.367 0.0000000000
41059  -48.000  -50.919  43.901 0.0000000000
41058  -47.195  -50.797  44.249 0.0000000000
30720  -20.311  -60.484  59.283 0.0000000000
30708  -20.181  -59.866  59.964 0.0000000000
118151  -22.172  -59.024  57.050 0.0000000000
32743  -27.250  -58.933  56.534 0.0000000000
31719  -26.974  -59.477  57.137 0.0000000000
30738  -26.155  -60.097  57.378 0.0000000000
29703  -27.334  -60.668  56.670 0.0000000000
28690  -27.218  -61.809  55.968 0.0000000000
29722  -28.027  -61.138  56.400 0.0000000000
30756  -31.472  -60.822  55.190 0.0000000000
29756  -32.216  -61.845  54.387 0.0000000000
30757  -32.204  -60.647  55.024 0.0000000000
33804  -34.805  -57.314  53.973 0.0000000000
33802  -33.157  -57.895  53.563 0.0000000000
33786  -34.829  -58.188  54.780 0.0000000000
31751  -34.312  -59.740  54.703 0.0000000000
32764  -35.474  -58.700  54.988 0.0000000000
31765  -36.379  -59.871  53.672 0.0000000000
32778  -36.792  -59.027  54.536 0.0000000000
34827  -39.039  -56.488  53.831 0.0000000000
32781  -39.035  -57.830  53.456 0.0000000000
33828  -39.771  -57.557  53.068 0.0000000000
33848  -40.993  -57.827  52.065 0.0000000000
35895  -39.343  -55.047  49.977 0.0000000000
109969  -40.272  -54.773  49.993 0.0000000000
119432  -43.517  -54.747  50.830 0.0000000000
35866  -43.175  -55.223  51.182 0.0000000000
34876  -43.234  -56.108  50.183 0.0000000000
119923  -42.472  -57.192  50.134 0.0000000000
33889  -43.080  -57.246  48.833 0.0000000000
34920  -43.702  -56.979  47.653 0.0000000000
35938  -45.480  -55.424  46.045 0.0000000000
114971  -44.905  -56.152  45.409 0.0000000000
34955  -45.870  -56.141  44.195 0.0000000000
34967  -45.234  -56.379  43.762 0.0000000000
32727  -18.984  -57.945  58.267 0.0000000000
32708  -18.991  -58.652  60.421 0.0000000000
32700  -19.309  -59.047  60.846 0.0000000000
36977  -48.001  -53.811  41.645 0.0000000000
36989  -48.479  -53.604  40.876 0.0000000000
39128  -51.236  -52.517  38.707 0.0000000000
42075  -50.275  -49.294  39.712 0.0000000000
42059  -50.776  -49.914  39.842 0.0000000000
42919  -51.731  -49.057  39.671 0.0000000000
43890  -53.662  -47.412  38.471 0.0000000000
42955  -53.743  -48.533  38.815 0.0000000000
52215  -51.280  -38.506  41.357 0.0000000000
52225  -50.457  -38.246  40.035 0.0000000000
51377  -51.255  -39.482  41.455 0.0000000000
50538  -50.674  -40.686  40.768 0.0000000000
114042  -52.281  -40.892  41.914 0.0000000000
49603  -53.337  -41.470  41.594 0.0000000000
57198  -52.585  -31.125  34.092 0.0000000000
58003  -53.202  -30.440  35.898 0.0000000000
58033  -53.220  -30.496  33.838 0.0000000000
58858  -54.772  -29.487  33.369 0.0000000000
36906  -46.009  -54.431  46.267 0.0000000000
37953  -46.563  -53.647  45.842 0.0000000000
37939  -46.099  -52.940  46.251 0.0000000000
40050  -45.898  -51.938  46.110 0.0000000000
41012  -45.826  -51.096  45.685 0.0000000000
33738  -20.234  -57.727  58.369 0.0000000000
32720  -20.613  -58.708  58.782 0.0000000000
33746  -22.594  -58.415  56.738 0.0000000000
34824  -36.074  -56.593  53.394 0.0000000000
33806  -36.479  -56.854  54.200 0.0000000000
34825  -36.866  -56.509  53.637 0.0000000000
34840  -38.384  -56.026  53.320 0.0000000000
35848  -39.788  -55.601  52.903 0.0000000000
36855  -41.774  -54.521  48.407 0.0000000000
36841  -41.819  -54.260  49.685 0.0000000000
36842  -42.693  -53.788  49.997 0.0000000000
37892  -43.628  -53.841  50.164 0.0000000000
35897  -44.285  -55.043  49.496 0.0000000000
34911  -44.418  -55.829  48.573 0.0000000000
36858  -44.969  -54.108  48.575 0.0000000000
36883  -45.311  -53.990  47.880 0.0000000000
33742  -19.164  -57.800  57.212 0.0000000000
39074  -49.748  -52.228  42.559 0.0000000000
38017  -49.493  -53.298  41.080 0.0000000000
39090  -50.389  -52.238  41.281 0.0000000000
38029  -50.654  -52.479  40.474 0.0000000000
39116  -51.448  -52.021  39.465 0.0000000000
44818  -50.527  -46.503  39.038 0.0000000000
42938  -52.486  -48.286  39.814 0.0000000000
44805  -52.407  -46.567  40.507 0.0000000000
44807  -53.579  -47.027  40.025 0.0000000000
54522  -51.213  -34.987  39.101 0.0000000000
53754  -50.111  -36.478  38.831 0.0000000000
53743  -51.121  -36.038  40.386 0.0000000000
53730  -51.978  -36.701  41.034 0.0000000000
40025  -42.925  -51.831  47.345 0.0000000000
37938  -42.476  -53.501  46.627 0.0000000000
42058  -48.913  -50.026  40.222 0.0000000000
43889  -50.153  -47.211  38.728 0.0000000000
45724  -49.823  -45.872  38.808 0.0000000000
45716  -49.696  -45.025  39.549 0.0000000000
46663  -49.462  -44.427  39.819 0.0000000000
55354  -50.809  -34.703  36.946 0.0000000000
55347  -51.706  -33.957  38.653 0.0000000000
56208  -53.603  -33.230  39.753 0.0000000000
55339  -54.893  -33.690  40.226 0.0000000000
57999  -54.579  -30.560  36.843 0.0000000000
57170  -55.372  -31.303  36.715 0.0000000000
36975  -46.714  -54.488  41.942 0.0000000000
36964  -47.355  -54.443  42.683 0.0000000000
36956  -47.989  -53.947  42.935 0.0000000000
37972  -47.422  -53.239  44.732 0.0000000000
37973  -47.869  -53.337  44.040 0.0000000000
37991  -49.202  -52.640  42.988 0.0000000000
39039  -48.788  -51.453  43.479 0.0000000000
41082  -48.412  -50.845  43.251 0.0000000000
41010  -44.005  -50.848  46.207 0.0000000000
41031  -44.476  -50.698  45.276 0.0000000000
41079  -45.330  -50.624  43.392 0.0000000000
29682  -18.324  -61.107  57.995 0.0000000000
30733  -19.159  -60.996  58.229 0.0000000000
29733  -24.394  -61.717  55.723 0.0000000000
33768  -23.225  -57.528  55.936 0.0000000000
33748  -24.252  -58.173  57.242 0.0000000000
32721  -24.951  -58.984  57.808 0.0000000000
29719  -25.398  -61.310  56.560 0.0000000000
111879  -28.391  -62.894  54.201 0.0000000000
27621  -29.607  -63.070  54.125 0.0000000000
31763  -31.445  -59.445  54.141 0.0000000000
32776  -32.667  -58.465  53.984 0.0000000000
31750  -32.635  -59.517  54.742 0.0000000000
30759  -33.650  -60.281  54.592 0.0000000000
30768  -34.133  -60.567  54.357 0.0000000000
32767  -37.657  -57.982  54.585 0.0000000000
35880  -38.162  -55.463  50.479 0.0000000000
35862  -39.604  -55.223  51.834 0.0000000000
35863  -40.484  -55.350  52.464 0.0000000000
36826  -41.805  -54.384  50.725 0.0000000000
35864  -41.767  -55.496  52.180 0.0000000000
34842  -41.676  -56.246  52.447 0.0000000000
33849  -41.587  -57.504  51.414 0.0000000000
124945  -41.897  -58.208  49.424 0.0000000000
119847  -43.181  -57.140  44.728 0.0000000000
33898  -43.931  -56.746  46.885 0.0000000000
33934  -43.703  -56.718  45.243 0.0000000000
33956  -43.872  -56.937  43.733 0.0000000000
34966  -44.486  -56.649  43.631 0.0000000000
125144  -18.980  -59.921  60.985 0.0000000000
41132  -50.082  -50.755  40.637 0.0000000000
41134  -51.410  -50.645  39.868 0.0000000000
40145  -52.212  -51.096  38.831 0.0000000000
42077  -53.225  -49.031  39.284 0.0000000000
120251  -53.150  -49.697  38.724 0.0000000000
40169  -52.274  -51.218  37.628 0.0000000000
48635  -48.777  -43.235  39.485 0.0000000000
48627  -50.040  -43.109  40.518 0.0000000000
52235  -49.455  -37.963  38.640 0.0000000000
51395  -49.340  -38.904  38.671 0.0000000000
49630  -49.715  -40.852  39.942 0.0000000000
49615  -50.091  -42.236  40.500 0.0000000000
48629  -51.913  -42.949  41.790 0.0000000000
47623  -53.325  -43.025  41.505 0.0000000000
29691  -17.005  -61.949  57.108 0.0000000000
40005  -44.403  -52.167  48.332 0.0000000000
35877  -35.635  -55.956  49.964 0.0000000000
35878  -36.478  -55.772  50.095 0.0000000000
38983  -43.949  -52.230  48.985 0.0000000000
40004  -44.027  -51.974  48.395 0.0000000000
41105  -49.238  -50.932  42.101 0.0000000000
46653  -51.694  -45.023  41.080 0.0000000000
110918  -52.190  -44.280  41.565 0.0000000000
54513  -55.068  -34.605  40.559 0.0000000000
54502  -54.699  -35.103  40.846 0.0000000000
123788  -52.028  -31.968  35.135 0.0000000000
56239  -51.786  -31.852  36.093 0.0000000000
57158  -52.585  -31.196  36.820 0.0000000000
57169  -53.311  -30.689  36.622 0.0000000000
126887  -46.780  -51.357  44.820 0.0000000000
31683  -19.805  -59.113  60.656 0.0000000000
31694  -20.077  -59.238  60.277 0.0000000000
31715  -23.256  -59.326  57.232 0.0000000000
31727  -27.496  -59.441  56.802 0.0000000000
32734  -26.936  -59.135  57.107 0.0000000000
30739  -26.955  -60.035  57.011 0.0000000000
30740  -27.659  -60.384  56.691 0.0000000000
31748  -31.166  -59.967  54.853 0.0000000000
31737  -30.958  -60.561  55.211 0.0000000000
31753  -36.003  -59.308  54.636 0.0000000000
32765  -36.331  -58.461  55.008 0.0000000000
34828  -39.669  -56.540  53.522 0.0000000000
33808  -39.429  -57.092  53.714 0.0000000000
33809  -39.948  -56.932  53.326 0.0000000000
32797  -40.116  -58.001  52.261 0.0000000000
33829  -40.547  -57.197  52.824 0.0000000000
121397  -39.700  -54.949  49.148 0.0000000000
36854  -40.831  -54.706  49.089 0.0000000000
35896  -43.665  -55.586  49.875 0.0000000000
35882  -43.552  -55.327  50.744 0.0000000000
34894  -43.427  -56.515  49.354 0.0000000000
34910  -43.773  -56.757  48.456 0.0000000000
35939  -46.017  -55.159  45.500 0.0000000000
34944  -45.613  -55.815  45.002 0.0000000000
115667  -19.871  -58.141  59.772 0.0000000000
116911  -19.274  -58.136  59.633 0.0000000000
32709  -19.594  -58.633  60.325 0.0000000000
36965  -48.119  -53.888  42.234 0.0000000000
36978  -48.722  -53.544  41.358 0.0000000000
39140  -51.267  -52.448  37.882 0.0000000000
40168  -51.750  -51.828  37.481 0.0000000000
117516  -50.660  -48.471  39.449 0.0000000000
128992  -51.070  -49.025  39.702 0.0000000000
109613  -51.596  -48.291  39.669 0.0000000000
53762  -49.094  -36.512  37.308 0.0000000000
52207  -52.075  -39.061  41.727 0.0000000000
50539  -51.474  -40.361  41.586 0.0000000000
120802  -46.016  -53.554  46.494 0.0000000000
40049  -45.038  -51.602  46.849 0.0000000000
113604  -45.631  -51.558  46.168 0.0000000000
33756  -22.912  -57.887  56.541 0.0000000000
34836  -34.978  -56.630  52.166 0.0000000000
34837  -35.776  -56.453  52.421 0.0000000000
128871  -36.465  -56.321  52.784 0.0000000000
35846  -37.980  -55.709  52.189 0.0000000000
34839  -37.284  -56.070  52.797 0.0000000000
35840  -39.228  -55.931  53.295 0.0000000000
35847  -38.912  -55.631  52.515 0.0000000000
36882  -42.360  -54.276  47.840 0.0000000000
36856  -42.428  -53.991  48.881 0.0000000000
37915  -43.106  -53.336  49.319 0.0000000000
37905  -43.969  -53.221  49.826 0.0000000000
37893  -43.962  -53.700  50.038 0.0000000000
36843  -44.155  -54.142  50.004 0.0000000000
36857  -44.590  -54.144  49.303 0.0000000000
37916  -44.650  -53.463  49.043 0.0000000000
37925  -45.284  -53.137  47.656 0.0000000000
36884  -45.623  -53.798  47.087 0.0000000000
33743  -19.770  -57.626  57.808 0.0000000000
38010  -49.870  -52.714  41.787 0.0000000000
39075  -50.128  -51.964  42.065 0.0000000000
40108  -50.305  -51.704  41.390 0.0000000000
39107  -50.797  -51.820  40.699 0.0000000000
38030  -51.090  -52.074  40.114 0.0000000000
40129  -51.363  -51.365  40.018 0.0000000000
44804  -51.538  -46.524  39.820 0.0000000000
44794  -53.479  -46.291  40.480 0.0000000000
114860  -53.885  -46.328  39.672 0.0000000000
45726  -53.833  -45.556  39.261 0.0000000000
53755  -50.771  -35.757  39.575 0.0000000000
54510  -51.431  -35.313  39.976 0.0000000000
131486  -52.369  -37.449  41.581 0.0000000000
39015  -42.520  -52.300  47.036 0.0000000000
44817  -49.656  -46.678  38.399 0.0000000000
46673  -48.385  -44.706  38.895 0.0000000000
127062  -48.999  -44.670  39.284 0.0000000000
55373  -51.287  -33.828  35.603 0.0000000000
55361  -50.790  -34.491  36.017 0.0000000000
54540  -50.327  -34.964  36.327 0.0000000000
54532  -51.051  -34.805  38.005 0.0000000000
55355  -51.455  -34.018  37.542 0.0000000000
56215  -52.846  -32.956  38.811 0.0000000000
56209  -54.412  -33.090  39.909 0.0000000000
131968  -55.220  -33.546  39.770 0.0000000000
56217  -54.894  -32.735  39.550 0.0000000000
57160  -55.024  -31.086  37.864 0.0000000000
109618  -54.381  -29.886  36.056 0.0000000000
57171  -55.824  -31.186  35.989 0.0000000000
35995  -45.340  -55.279  42.372 0.0000000000
35996  -46.183  -55.060  42.556 0.0000000000
129159  -47.653  -54.238  42.734 0.0000000000
36945  -47.744  -54.091  43.583 0.0000000000
37954  -47.025  -53.178  45.352 0.0000000000
36928  -47.024  -53.994  45.024 0.0000000000
39028  -47.625  -51.789  44.339 0.0000000000
39037  -47.748  -52.469  44.351 0.0000000000
119182  -48.245  -52.605  43.870 0.0000000000
37990  -48.449  -53.242  43.373 0.0000000000
39050  -48.823  -52.219  43.523 0.0000000000
40096  -48.672  -51.090  43.469 0.0000000000
30718  -18.615  -60.767  58.959 0.0000000000
30719  -19.783  -60.647  59.412 0.0000000000
31707  -21.223  -59.431  57.954 0.0000000000
126689  -23.635  -61.587  56.293 0.0000000000
130389  -23.821  -61.721  55.662 0.0000000000
29718  -24.539  -61.302  56.598 0.0000000000
33757  -23.778  -57.891  56.649 0.0000000000
130085  -25.454  -59.203  57.784 0.0000000000
30723  -25.234  -59.831  57.883 0.0000000000
30724  -25.772  -59.740  57.766 0.0000000000
29701  -25.940  -60.797  57.004 0.0000000000
111883  -26.027  -61.436  56.396 0.0000000000
29755  -25.189  -61.892  55.431 0.0000000000
29734  -25.688  -61.769  55.958 0.0000000000
28701  -26.067  -62.037  55.154 0.0000000000
28703  -27.874  -62.196  55.444 0.0000000000
112778  -28.583  -62.652  54.913 0.0000000000
29738  -30.199  -61.553  55.170 0.0000000000
28705  -29.834  -62.382  54.751 0.0000000000
122819  -29.927  -62.909  54.308 0.0000000000
28723  -30.603  -62.742  54.205 0.0000000000
29772  -32.634  -61.969  53.813 0.0000000000
29787  -32.717  -62.161  53.232 0.0000000000
29773  -33.250  -61.661  53.589 0.0000000000
32761  -33.071  -59.009  54.587 0.0000000000
31740  -33.325  -59.746  54.748 0.0000000000
30769  -34.897  -60.280  54.259 0.0000000000
118497  -34.517  -60.950  53.643 0.0000000000
30793  -36.221  -60.353  52.749 0.0000000000
31777  -36.917  -60.126  52.724 0.0000000000
34816  -37.163  -56.913  54.447 0.0000000000
33789  -37.421  -57.524  54.691 0.0000000000
33790  -38.040  -57.424  54.471 0.0000000000
35894  -37.911  -55.359  49.533 0.0000000000
36824  -39.932  -54.879  50.879 0.0000000000
35881  -38.995  -55.197  50.746 0.0000000000
129961  -42.248  -54.089  50.376 0.0000000000
119734  -42.308  -54.587  51.209 0.0000000000
34858  -42.749  -55.872  51.302 0.0000000000
35865  -42.459  -55.200  51.579 0.0000000000
121148  -41.966  -56.740  51.993 0.0000000000
33850  -42.253  -56.802  51.073 0.0000000000
33880  -42.464  -57.681  49.315 0.0000000000
33867  -41.935  -57.759  50.243 0.0000000000
32835  -42.110  -58.137  48.745 0.0000000000
33897  -43.234  -57.130  47.150 0.0000000000
33933  -43.256  -56.930  45.360 0.0000000000
34921  -44.341  -56.417  47.725 0.0000000000
34922  -44.756  -55.997  46.726 0.0000000000
117658  -45.210  -56.405  44.429 0.0000000000
34943  -44.367  -56.573  44.780 0.0000000000
111868  -43.754  -56.896  44.446 0.0000000000
34994  -45.720  -55.938  43.597 0.0000000000
34993  -45.055  -56.264  43.492 0.0000000000
30702  -19.512  -59.750  60.840 0.0000000000
38028  -49.843  -53.357  40.270 0.0000000000
38042  -49.614  -53.525  39.755 0.0000000000
42060  -51.567  -49.909  39.704 0.0000000000
40130  -52.031  -50.642  39.500 0.0000000000
41143  -52.613  -50.383  38.960 0.0000000000
43873  -53.112  -47.623  40.097 0.0000000000
42939  -53.157  -48.352  39.674 0.0000000000
42078  -53.623  -48.973  38.928 0.0000000000
42094  -52.981  -49.966  37.882 0.0000000000
41151  -52.680  -50.700  38.218 0.0000000000
41156  -52.515  -50.663  37.443 0.0000000000
117301  -49.460  -43.354  40.018 0.0000000000
48636  -49.416  -42.622  39.949 0.0000000000
53742  -50.578  -36.601  39.896 0.0000000000
53003  -49.609  -37.193  38.560 0.0000000000
52236  -50.070  -37.465  39.382 0.0000000000
51386  -50.276  -39.126  39.956 0.0000000000
52224  -49.869  -38.515  39.320 0.0000000000
126771  -49.685  -39.418  39.312 0.0000000000
51394  -48.855  -39.448  38.053 0.0000000000
50548  -49.405  -40.235  39.285 0.0000000000
50557  -48.918  -40.314  38.548 0.0000000000
49617  -51.541  -41.276  41.575 0.0000000000
115197  -50.114  -41.442  40.419 0.0000000000
49616  -50.814  -41.771  41.029 0.0000000000
48628  -50.940  -42.808  41.189 0.0000000000
48616  -52.631  -42.461  41.845 0.0000000000
39002  -45.280  -52.523  47.270 0.0000000000
123450  -44.421  -51.204  46.793 0.0000000000
34838  -36.436  -56.149  51.808 0.0000000000
35859  -36.847  -55.835  50.951 0.0000000000
38982  -43.440  -52.726  48.794 0.0000000000
38966  -44.124  -52.619  49.268 0.0000000000
38984  -44.359  -52.394  48.809 0.0000000000
38985  -44.767  -52.583  48.185 0.0000000000
40107  -49.572  -51.328  42.342 0.0000000000
41120  -50.073  -51.322  41.283 0.0000000000
45708  -51.857  -45.845  40.616 0.0000000000
45709  -52.502  -45.545  41.057 0.0000000000
45710  -53.258  -45.597  40.886 0.0000000000
46655  -53.610  -44.852  40.817 0.0000000000
54512  -53.720  -34.640  40.713 0.0000000000
54511  -52.605  -35.018  40.255 0.0000000000
54501  -54.142  -35.283  40.997 0.0000000000
53732  -53.778  -36.282  41.312 0.0000000000
56238  -51.683  -33.040  36.235 0.0000000000
56230  -51.646  -33.065  37.247 0.0000000000
57143  -53.753  -31.831  38.713 0.0000000000
57144  -54.715  -31.863  38.960 0.0000000000
57151  -54.544  -31.259  38.332 0.0000000000
58849  -55.224  -29.248  34.839 0.0000000000
58014  -55.319  -29.569  35.923 0.0000000000
58841  -55.996  -29.434  35.401 0.0000000000
57182  -56.212  -31.228  35.265 0.0000000000
35968  -46.264  -55.614  43.604 0.0000000000
35978  -46.272  -55.386  43.192 0.0000000000
35960  -46.783  -55.181  43.659 0.0000000000
113771  -47.256  -54.682  43.801 0.0000000000
40070  -47.196  -51.538  44.571 0.0000000000
40087  -48.007  -51.275  43.976 0.0000000000
41081  -47.621  -50.623  43.515 0.0000000000
30707  -19.930  -60.096  60.289 0.0000000000
30709  -20.832  -60.197  58.629 0.0000000000
31718  -26.324  -59.589  57.484 0.0000000000
29702  -26.701  -60.649  56.817 0.0000000000
29720  -26.608  -61.316  56.433 0.0000000000
29721  -27.311  -61.261  56.383 0.0000000000
28691  -27.928  -61.842  56.004 0.0000000000
29736  -28.586  -61.822  55.860 0.0000000000
29739  -31.142  -61.300  55.072 0.0000000000
28707  -31.563  -61.764  54.650 0.0000000000
29740  -31.930  -61.229  54.943 0.0000000000
29741  -32.615  -61.100  54.746 0.0000000000
33826  -34.563  -56.885  52.871 0.0000000000
111830  -33.842  -57.358  53.014 0.0000000000
33803  -34.031  -57.873  54.150 0.0000000000
33785  -34.235  -58.535  54.691 0.0000000000
32762  -33.923  -59.084  54.862 0.0000000000
31752  -35.212  -59.531  54.756 0.0000000000
131007  -38.391  -56.450  53.899 0.0000000000
33807  -38.748  -57.275  54.128 0.0000000000
32810  -40.394  -58.348  51.445 0.0000000000
32811  -41.003  -58.074  51.223 0.0000000000
36852  -38.924  -54.882  48.360 0.0000000000
36839  -38.762  -55.137  49.274 0.0000000000
36825  -40.873  -54.643  50.874 0.0000000000
36816  -43.330  -54.244  50.643 0.0000000000
36815  -42.998  -54.658  51.135 0.0000000000
34859  -43.180  -55.771  50.892 0.0000000000
34875  -42.790  -56.473  50.542 0.0000000000
33881  -42.922  -56.958  49.698 0.0000000000
112290  -43.207  -57.305  48.014 0.0000000000
35932  -45.383  -54.848  47.180 0.0000000000
34954  -45.426  -56.416  43.935 0.0000000000
34968  -45.824  -56.094  43.816 0.0000000000
130734  -18.737  -58.434  59.878 0.0000000000
31682  -19.564  -59.412  60.822 0.0000000000
38053  -50.602  -53.058  38.986 0.0000000000
38052  -50.050  -53.419  38.934 0.0000000000
39127  -50.690  -52.950  38.351 0.0000000000
42076  -52.452  -49.163  39.581 0.0000000000
43891  -53.982  -47.951  38.960 0.0000000000
42940  -53.683  -48.441  39.207 0.0000000000
52983  -50.756  -38.067  40.882 0.0000000000
52214  -50.731  -38.840  40.783 0.0000000000
51376  -50.653  -39.704  40.646 0.0000000000
129121  -50.993  -40.057  41.166 0.0000000000
49601  -52.235  -41.681  41.893 0.0000000000
127924  -52.231  -30.847  35.031 0.0000000000
57181  -53.039  -30.197  34.975 0.0000000000
58034  -54.215  -30.074  33.609 0.0000000000
36927  -46.515  -54.621  45.318 0.0000000000
37940  -46.583  -52.750  45.681 0.0000000000
39003  -45.737  -52.403  46.582 0.0000000000
39016  -46.152  -52.345  45.961 0.0000000000
40051  -46.286  -51.942  45.641 0.0000000000
40068  -46.215  -51.461  45.424 0.0000000000
41033  -46.189  -50.963  45.223 0.0000000000
32719  -20.241  -58.181  59.258 0.0000000000
32711  -20.303  -58.814  59.733 0.0000000000
32728  -20.691  -58.039  58.235 0.0000000000
113186  -21.746  -58.425  56.965 0.0000000000
32730  -23.396  -58.794  57.138 0.0000000000
33827  -35.284  -56.724  53.179 0.0000000000
33805  -35.775  -57.031  54.212 0.0000000000
33788  -36.589  -57.532  54.807 0.0000000000
34826  -37.768  -56.494  53.953 0.0000000000
35841  -39.778  -56.050  53.452 0.0000000000
37891  -43.160  -53.859  50.340 0.0000000000
37904  -43.462  -53.494  49.900 0.0000000000
36828  -43.741  -54.277  50.338 0.0000000000
35883  -43.862  -54.792  50.363 0.0000000000
35915  -44.845  -54.948  48.676 0.0000000000
35916  -45.222  -54.761  48.091 0.0000000000
32718  -19.799  -57.799  58.933 0.0000000000
38009  -49.410  -52.891  42.403 0.0000000000
111589  -50.113  -52.909  40.827 0.0000000000
38043  -50.841  -52.678  39.628 0.0000000000
39117  -51.819  -51.854  38.753 0.0000000000
43872  -52.298  -47.389  40.052 0.0000000000
44806  -52.995  -46.869  40.537 0.0000000000
44820  -53.957  -47.173  39.243 0.0000000000
54521  -50.565  -35.604  38.473 0.0000000000
53763  -49.826  -36.049  37.876 0.0000000000
53744  -52.203  -35.824  40.591 0.0000000000
52995  -50.988  -36.749  40.672 0.0000000000
52984  -51.327  -37.551  41.170 0.0000000000
52216  -52.193  -38.181  41.690 0.0000000000
40047  -42.872  -51.358  46.883 0.0000000000
36905  -42.449  -54.135  47.028 0.0000000000
110273  -42.753  -53.354  47.364 0.0000000000
39000  -43.024  -52.517  47.867 0.0000000000
42041  -47.625  -50.041  40.893 0.0000000000
42042  -48.472  -50.337  40.927 0.0000000000
42073  -48.559  -49.310  39.735 0.0000000000
42937  -49.744  -48.696  39.333 0.0000000000
43870  -50.013  -47.950  38.943 0.0000000000
45707  -50.504  -44.733  40.468 0.0000000000
124678  -50.521  -44.204  40.812 0.0000000000
54539  -49.809  -35.405  36.295 0.0000000000
54531  -50.353  -35.368  37.511 0.0000000000
56223  -51.739  -33.118  38.129 0.0000000000
126261  -52.622  -33.786  39.278 0.0000000000
55337  -53.121  -34.191  39.930 0.0000000000
55338  -54.127  -33.764  40.362 0.0000000000
55340  -55.338  -34.312  40.045 0.0000000000
56225  -55.191  -32.203  38.879 0.0000000000
58004  -55.425  -30.229  36.501 0.0000000000
35979  -46.908  -54.666  42.571 0.0000000000
36976  -47.384  -54.153  41.869 0.0000000000
123436  -47.557  -54.191  42.209 0.0000000000
38008  -48.738  -53.377  42.632 0.0000000000
36944  -47.449  -54.153  44.276 0.0000000000
39051  -49.370  -51.811  43.073 0.0000000000
40097  -49.227  -51.314  42.999 0.0000000000
41117  -48.142  -50.425  41.719 0.0000000000
40048  -43.660  -51.198  46.983 0.0000000000
41030  -43.334  -50.685  45.407 0.0000000000
41032  -45.506  -50.806  45.241 0.0000000000
129430  -44.937  -50.680  44.366 0.0000000000
41057  -46.153  -50.734  44.504 0.0000000000
41080  -46.529  -50.548  43.479 0.0000000000
29693  -18.595  -61.179  57.313 0.0000000000
31695  -20.463  -59.359  59.379 0.0000000000
33747  -23.621  -58.274  56.996 0.0000000000
32731  -24.315  -58.607  57.525 0.0000000000
30736  -24.893  -60.302  57.625 0.0000000000
30737  -25.539  -60.186  57.603 0.0000000000
112650  -25.038  -61.688  56.066 0.0000000000
28702  -27.043  -62.097  55.322 0.0000000000
29723  -28.882  -61.149  56.093 0.0000000000
28704  -28.976  -62.388  55.223 0.0000000000
28722  -29.306  -62.852  54.631 0.0000000000
28724  -31.457  -62.429  54.180 0.0000000000
28736  -32.010  -62.554  53.626 0.0000000000
32793  -32.274  -58.058  53.140 0.0000000000
32775  -31.851  -58.745  53.604 0.0000000000
32760  -32.285  -59.071  54.437 0.0000000000
31749  -31.983  -59.674  54.869 0.0000000000
31739  -32.471  -60.045  55.004 0.0000000000
30758  -32.916  -60.451  54.774 0.0000000000
30767  -33.344  -60.837  54.496 0.0000000000
29758  -33.715  -61.147  53.993 0.0000000000
32766  -37.119  -58.240  54.874 0.0000000000
32779  -37.468  -58.650  54.248 0.0000000000
32780  -38.228  -58.121  53.988 0.0000000000
32794  -37.864  -59.093  53.263 0.0000000000
31778  -37.494  -59.752  52.694 0.0000000000
126543  -36.951  -55.464  49.422 0.0000000000
120865  -38.616  -55.293  49.962 0.0000000000
35861  -38.527  -55.453  51.465 0.0000000000
35849  -40.488  -55.849  53.119 0.0000000000
36840  -41.092  -54.536  50.080 0.0000000000
36814  -41.597  -54.798  51.616 0.0000000000
121918  -41.162  -55.155  52.227 0.0000000000
35850  -41.172  -55.694  52.700 0.0000000000
34841  -41.060  -56.395  52.989 0.0000000000
33830  -41.410  -57.030  52.404 0.0000000000
32823  -41.336  -58.080  50.652 0.0000000000
34932  -44.121  -56.531  45.849 0.0000000000
34992  -44.249  -56.578  43.179 0.0000000000
29681  -17.749  -61.179  58.470 0.0000000000
36990  -49.207  -53.497  40.531 0.0000000000
41119  -49.325  -50.634  41.036 0.0000000000
41133  -50.751  -50.727  40.216 0.0000000000
40144  -51.810  -51.404  39.353 0.0000000000
40157  -52.123  -51.513  38.148 0.0000000000
113037  -52.602  -49.790  39.313 0.0000000000
47644  -48.667  -44.209  39.321 0.0000000000
47645  -49.215  -43.878  39.834 0.0000000000
47633  -49.940  -43.936  40.376 0.0000000000
47634  -50.646  -43.704  40.990 0.0000000000
53753  -49.491  -36.695  38.100 0.0000000000
53013  -49.030  -37.397  37.896 0.0000000000
52234  -48.936  -38.405  38.015 0.0000000000
49642  -48.991  -41.122  39.172 0.0000000000
49629  -49.477  -41.723  39.893 0.0000000000
47635  -51.563  -43.627  41.538 0.0000000000
47622  -52.549  -43.430  41.757 0.0000000000
129924  -53.722  -43.410  41.047 0.0000000000
48617  -53.404  -42.123  41.568 0.0000000000
47647  -53.886  -43.293  40.297 0.0000000000
31709  -25.420  -59.426  57.822 0.0000000000
32717  -18.448  -58.365  59.153 0.0000000000
34817  -37.786  -57.004  54.531 0.0000000000
37907  -44.490  -52.815  48.995 0.0000000000
49602  -52.805  -41.618  41.819 0.0000000000
116785  -50.188  -35.244  36.808 0.0000000000
129188  -49.222  -39.674  38.772 0.0000000000
130530  -50.357  -53.032  40.123 0.0000000000
