#!ascii label  , from subject sub-v1s10x0051008_ses-1 vox2ras=TkReg
950
39783  -38.959  -38.777  -2.767 0.0000000000
37058  -25.475  -41.462  2.425 0.0000000000
35182  -31.409  -43.536  -0.666 0.0000000000
61022  -51.414  -14.428  -16.143 0.0000000000
67126  -55.643  -7.593  -21.221 0.0000000000
36038  -18.986  -42.881  6.955 0.0000000000
59270  -48.253  -16.638  -12.499 0.0000000000
42468  -41.252  -35.130  -3.385 0.0000000000
37116  -35.396  -41.697  -2.733 0.0000000000
37020  -22.252  -41.282  4.321 0.0000000000
115827  -21.691  -45.753  5.907 0.0000000000
40661  -34.578  -37.530  -5.531 0.0000000000
42507  -36.912  -35.399  -6.442 0.0000000000
37972  -29.060  -40.550  2.032 0.0000000000
39780  -32.538  -39.323  -2.278 0.0000000000
50537  -43.261  -26.177  -14.194 0.0000000000
55047  -46.437  -21.195  -14.382 0.0000000000
57527  -51.147  -19.173  -16.886 0.0000000000
28829  -16.420  -50.640  5.784 0.0000000000
27905  -13.629  -51.789  8.153 0.0000000000
46093  -36.644  -31.735  -6.630 0.0000000000
47112  -38.269  -30.429  -8.885 0.0000000000
47175  -40.860  -30.466  -12.695 0.0000000000
30671  -18.773  -48.385  4.355 0.0000000000
35117  -25.228  -43.112  4.696 0.0000000000
37021  -27.053  -41.547  3.990 0.0000000000
38049  -37.308  -40.399  -2.453 0.0000000000
38867  -24.458  -39.200  3.710 0.0000000000
37040  -23.330  -41.271  3.080 0.0000000000
35132  -23.953  -43.807  3.800 0.0000000000
40629  -35.024  -37.073  -2.352 0.0000000000
39792  -32.904  -38.276  -3.891 0.0000000000
54157  -42.025  -22.616  -12.512 0.0000000000
53316  -44.292  -23.521  -13.753 0.0000000000
56662  -43.660  -19.826  -12.522 0.0000000000
58390  -48.600  -17.627  -16.209 0.0000000000
58409  -50.794  -16.957  -17.655 0.0000000000
58412  -53.753  -17.810  -17.915 0.0000000000
60195  -52.520  -15.089  -18.798 0.0000000000
61980  -54.119  -13.452  -19.704 0.0000000000
45187  -36.501  -32.481  -3.636 0.0000000000
44349  -36.553  -32.988  -6.143 0.0000000000
116117  -35.295  -31.532  -4.629 0.0000000000
48712  -35.922  -28.550  -7.983 0.0000000000
49561  -37.844  -27.648  -9.898 0.0000000000
121225  -39.186  -30.960  -10.340 0.0000000000
48746  -39.127  -28.208  -11.070 0.0000000000
49604  -40.931  -27.717  -12.051 0.0000000000
113645  -30.128  -42.539  1.278 0.0000000000
32445  -17.568  -46.209  5.943 0.0000000000
33317  -18.395  -45.332  4.778 0.0000000000
25214  -13.218  -54.817  8.080 0.0000000000
25199  -11.192  -54.420  9.154 0.0000000000
104848  -46.030  -18.117  -11.175 0.0000000000
45190  -40.816  -32.639  -3.274 0.0000000000
35216  -33.777  -43.107  -2.132 0.0000000000
36058  -20.848  -42.079  5.088 0.0000000000
34199  -20.249  -44.730  3.950 0.0000000000
35130  -21.750  -43.775  3.518 0.0000000000
67964  -57.243  -6.127  -22.926 0.0000000000
38969  -37.028  -38.865  -4.398 0.0000000000
40665  -38.207  -37.552  -5.415 0.0000000000
41580  -35.596  -36.634  -5.904 0.0000000000
39714  -25.779  -38.524  2.767 0.0000000000
37970  -27.480  -40.285  1.976 0.0000000000
39743  -27.790  -37.939  0.799 0.0000000000
38907  -29.588  -39.247  0.039 0.0000000000
38024  -30.507  -40.767  -0.718 0.0000000000
38923  -31.822  -39.597  -0.809 0.0000000000
37107  -31.403  -41.389  -2.318 0.0000000000
37127  -32.630  -41.190  -3.920 0.0000000000
117197  -34.670  -40.219  -4.605 0.0000000000
47995  -44.882  -28.986  -13.102 0.0000000000
57492  -46.142  -18.198  -13.810 0.0000000000
55861  -48.150  -20.201  -15.384 0.0000000000
62930  -55.799  -12.428  -20.684 0.0000000000
27914  -15.120  -51.504  6.719 0.0000000000
25232  -14.693  -54.246  7.310 0.0000000000
41595  -39.178  -35.631  -6.227 0.0000000000
44336  -39.474  -34.035  -6.070 0.0000000000
46074  -39.225  -30.878  -5.158 0.0000000000
47889  -35.036  -29.278  -6.049 0.0000000000
47093  -36.702  -30.179  -7.720 0.0000000000
47074  -39.943  -29.946  -6.022 0.0000000000
46112  -41.202  -31.126  -7.429 0.0000000000
46148  -42.670  -31.707  -9.847 0.0000000000
46178  -43.924  -31.184  -11.495 0.0000000000
48787  -42.197  -28.631  -13.729 0.0000000000
51413  -41.553  -25.649  -12.913 0.0000000000
37024  -29.165  -41.489  4.354 0.0000000000
121853  -17.287  -47.445  7.520 0.0000000000
30669  -17.576  -49.031  4.648 0.0000000000
116712  -20.070  -46.780  4.197 0.0000000000
25230  -10.074  -54.417  7.946 0.0000000000
36093  -25.374  -42.430  3.330 0.0000000000
36094  -26.176  -42.032  3.703 0.0000000000
122822  -26.546  -41.569  3.241 0.0000000000
38947  -38.510  -39.443  -2.461 0.0000000000
38876  -24.759  -39.603  2.768 0.0000000000
37956  -24.166  -40.008  3.150 0.0000000000
37057  -24.608  -41.388  2.454 0.0000000000
36092  -24.554  -42.632  2.948 0.0000000000
55002  -42.303  -21.388  -10.700 0.0000000000
55025  -42.908  -21.038  -12.800 0.0000000000
56642  -43.028  -19.885  -11.176 0.0000000000
60169  -50.858  -14.843  -15.773 0.0000000000
59301  -49.713  -16.037  -16.033 0.0000000000
60184  -50.676  -15.683  -17.095 0.0000000000
58420  -51.964  -16.417  -18.366 0.0000000000
60186  -51.815  -14.892  -18.086 0.0000000000
61043  -52.329  -14.266  -18.332 0.0000000000
45186  -35.819  -32.077  -4.156 0.0000000000
50468  -37.515  -26.753  -8.593 0.0000000000
49583  -38.526  -27.873  -10.479 0.0000000000
105972  -39.833  -27.173  -9.824 0.0000000000
49585  -40.418  -27.536  -10.498 0.0000000000
35168  -30.512  -43.125  0.534 0.0000000000
35157  -30.918  -43.855  1.042 0.0000000000
34258  -31.623  -44.246  0.667 0.0000000000
34178  -18.352  -44.050  6.775 0.0000000000
35100  -18.736  -43.847  5.987 0.0000000000
65532  -56.420  -9.256  -21.362 0.0000000000
25200  -11.779  -55.008  8.854 0.0000000000
41542  -41.431  -36.041  -2.543 0.0000000000
43406  -41.057  -33.735  -3.575 0.0000000000
112955  -34.176  -42.563  -2.588 0.0000000000
36154  -35.501  -42.712  -1.658 0.0000000000
37944  -22.629  -40.582  4.673 0.0000000000
37009  -22.009  -40.935  5.120 0.0000000000
105547  -21.322  -41.048  6.224 0.0000000000
105832  -21.620  -41.659  4.651 0.0000000000
35115  -21.208  -43.381  3.754 0.0000000000
36089  -21.913  -43.006  3.483 0.0000000000
34203  -24.087  -44.073  4.830 0.0000000000
34202  -23.403  -44.411  4.354 0.0000000000
39813  -35.373  -38.252  -5.808 0.0000000000
40663  -36.024  -37.657  -6.176 0.0000000000
105331  -35.156  -37.228  -5.860 0.0000000000
40559  -26.829  -37.378  2.919 0.0000000000
39727  -26.850  -38.267  1.731 0.0000000000
41461  -27.689  -36.903  1.678 0.0000000000
39745  -29.104  -38.175  0.231 0.0000000000
39746  -29.967  -38.419  0.057 0.0000000000
123916  -29.828  -40.003  -0.094 0.0000000000
38023  -30.310  -39.875  -0.384 0.0000000000
39770  -33.128  -39.340  -1.283 0.0000000000
38937  -32.400  -39.559  -1.314 0.0000000000
38037  -31.419  -40.571  -1.820 0.0000000000
38048  -31.650  -40.661  -2.591 0.0000000000
37126  -32.171  -41.467  -3.420 0.0000000000
38056  -32.185  -40.704  -3.650 0.0000000000
40660  -33.831  -37.913  -5.210 0.0000000000
38965  -33.246  -39.247  -4.787 0.0000000000
38979  -34.762  -38.790  -5.446 0.0000000000
38968  -36.128  -39.310  -4.708 0.0000000000
107472  -43.800  -27.979  -13.975 0.0000000000
112029  -45.227  -28.135  -13.385 0.0000000000
124335  -44.706  -25.915  -14.095 0.0000000000
110242  -45.275  -21.981  -13.778 0.0000000000
52404  -46.035  -24.085  -13.429 0.0000000000
58344  -47.488  -17.527  -11.624 0.0000000000
57473  -45.971  -17.856  -12.913 0.0000000000
58356  -46.696  -17.528  -13.333 0.0000000000
57525  -49.284  -18.332  -16.723 0.0000000000
57516  -48.193  -18.535  -15.996 0.0000000000
56694  -49.438  -19.859  -16.019 0.0000000000
107552  -49.857  -20.852  -14.842 0.0000000000
61993  -55.337  -13.007  -20.312 0.0000000000
62921  -54.353  -12.083  -20.056 0.0000000000
64658  -55.197  -10.544  -20.682 0.0000000000
29731  -16.533  -49.314  7.294 0.0000000000
28798  -16.194  -49.837  7.979 0.0000000000
28828  -15.850  -51.009  6.310 0.0000000000
26180  -15.541  -53.938  6.856 0.0000000000
24422  -14.693  -55.432  8.589 0.0000000000
105629  -37.021  -36.094  -6.503 0.0000000000
41594  -38.534  -36.243  -6.371 0.0000000000
42508  -37.570  -35.401  -6.638 0.0000000000
119152  -36.910  -32.237  -6.487 0.0000000000
112260  -38.715  -33.916  -6.617 0.0000000000
44351  -38.365  -32.935  -6.572 0.0000000000
45213  -39.490  -32.127  -5.322 0.0000000000
45225  -38.620  -31.848  -6.114 0.0000000000
48692  -35.275  -28.202  -5.448 0.0000000000
47915  -36.940  -29.339  -9.033 0.0000000000
47904  -36.363  -29.394  -8.183 0.0000000000
47094  -37.588  -30.382  -7.692 0.0000000000
105819  -38.413  -30.614  -6.886 0.0000000000
107747  -38.531  -30.455  -7.727 0.0000000000
47095  -40.199  -30.494  -7.033 0.0000000000
47113  -39.113  -30.772  -8.715 0.0000000000
46161  -39.973  -31.171  -11.582 0.0000000000
111498  -40.852  -31.912  -10.462 0.0000000000
46163  -41.534  -31.974  -11.091 0.0000000000
120038  -43.186  -31.597  -10.389 0.0000000000
46191  -42.236  -31.308  -12.280 0.0000000000
47188  -42.817  -30.362  -13.007 0.0000000000
47176  -41.543  -30.229  -13.072 0.0000000000
50514  -41.438  -27.317  -11.374 0.0000000000
50526  -41.319  -26.754  -12.539 0.0000000000
51402  -41.928  -25.298  -11.683 0.0000000000
37971  -28.434  -40.449  2.341 0.0000000000
37043  -28.367  -40.826  3.347 0.0000000000
37060  -29.060  -40.825  2.851 0.0000000000
32483  -17.971  -46.835  4.511 0.0000000000
110151  -17.422  -48.216  4.900 0.0000000000
30670  -18.231  -48.973  4.433 0.0000000000
32486  -21.136  -45.810  4.163 0.0000000000
106347  -19.860  -46.062  3.944 0.0000000000
32466  -21.235  -46.227  4.917 0.0000000000
112327  -24.707  -43.583  5.321 0.0000000000
36059  -25.999  -42.617  5.101 0.0000000000
36060  -26.891  -42.157  5.603 0.0000000000
36061  -27.694  -41.734  5.728 0.0000000000
37131  -36.543  -40.700  -2.773 0.0000000000
36170  -36.493  -41.741  -1.866 0.0000000000
38859  -24.112  -39.276  4.593 0.0000000000
37945  -23.300  -40.046  4.438 0.0000000000
37039  -22.701  -41.597  3.527 0.0000000000
36090  -22.758  -42.638  3.151 0.0000000000
36091  -23.688  -42.554  2.837 0.0000000000
35116  -24.569  -43.580  4.439 0.0000000000
41550  -34.693  -36.730  -3.233 0.0000000000
41551  -35.344  -36.264  -3.674 0.0000000000
108721  -33.509  -38.805  -1.966 0.0000000000
39791  -32.554  -39.038  -3.443 0.0000000000
40628  -34.180  -37.301  -2.851 0.0000000000
115609  -42.515  -23.978  -13.354 0.0000000000
119231  -44.025  -24.465  -13.974 0.0000000000
53314  -42.858  -23.214  -13.351 0.0000000000
112764  -43.728  -21.912  -13.472 0.0000000000
55834  -45.161  -20.518  -14.157 0.0000000000
58371  -47.948  -17.015  -14.528 0.0000000000
59300  -49.182  -16.270  -15.309 0.0000000000
58398  -49.303  -17.376  -16.743 0.0000000000
57538  -50.535  -17.852  -17.415 0.0000000000
56714  -52.729  -19.051  -17.028 0.0000000000
111323  -52.248  -17.715  -17.979 0.0000000000
59331  -53.236  -16.378  -18.785 0.0000000000
60196  -53.801  -15.985  -19.112 0.0000000000
117180  -53.339  -14.754  -19.286 0.0000000000
61972  -53.086  -13.407  -18.896 0.0000000000
27934  -17.208  -51.774  5.493 0.0000000000
27062  -16.563  -52.459  5.719 0.0000000000
26182  -17.505  -52.910  6.711 0.0000000000
44322  -36.651  -33.878  -5.009 0.0000000000
43447  -36.871  -33.921  -6.316 0.0000000000
45199  -36.296  -33.115  -5.150 0.0000000000
45212  -36.119  -32.693  -5.751 0.0000000000
45211  -35.691  -31.956  -5.966 0.0000000000
49521  -35.697  -27.693  -6.000 0.0000000000
50423  -36.855  -26.792  -7.052 0.0000000000
125415  -36.849  -27.974  -9.152 0.0000000000
47929  -37.555  -29.440  -9.715 0.0000000000
47127  -38.792  -30.685  -9.651 0.0000000000
47930  -38.147  -29.594  -10.365 0.0000000000
47947  -39.258  -29.753  -11.521 0.0000000000
47964  -39.833  -29.677  -12.043 0.0000000000
48776  -40.746  -28.927  -13.000 0.0000000000
49603  -40.359  -28.156  -11.876 0.0000000000
37076  -29.508  -40.952  1.388 0.0000000000
36105  -29.651  -41.708  2.843 0.0000000000
36120  -30.133  -42.598  2.178 0.0000000000
33316  -17.833  -45.722  5.285 0.0000000000
32484  -18.644  -46.772  4.177 0.0000000000
26166  -13.370  -53.405  7.750 0.0000000000
112393  -13.282  -51.891  8.890 0.0000000000
26165  -12.727  -53.374  8.375 0.0000000000
26155  -12.059  -53.465  9.107 0.0000000000
27035  -10.647  -52.999  9.587 0.0000000000
45189  -40.672  -31.492  -3.119 0.0000000000
35200  -32.382  -43.476  -1.553 0.0000000000
34276  -33.024  -44.244  -0.151 0.0000000000
36998  -20.903  -41.102  6.790 0.0000000000
36040  -20.177  -42.186  5.854 0.0000000000
35101  -19.296  -43.671  5.362 0.0000000000
35102  -19.992  -43.412  4.818 0.0000000000
33348  -20.905  -44.633  3.714 0.0000000000
33333  -21.472  -45.224  3.842 0.0000000000
35131  -22.499  -43.517  3.368 0.0000000000
34201  -22.712  -44.718  3.990 0.0000000000
33319  -22.320  -45.304  5.378 0.0000000000
122346  -56.585  -7.045  -22.216 0.0000000000
39793  -37.920  -38.635  -3.891 0.0000000000
40650  -38.682  -37.709  -4.513 0.0000000000
109227  -37.505  -37.890  -5.555 0.0000000000
104431  -36.807  -37.314  -6.312 0.0000000000
41581  -36.383  -36.071  -6.179 0.0000000000
42464  -36.053  -35.771  -4.204 0.0000000000
116205  -36.724  -35.293  -4.252 0.0000000000
43419  -36.824  -34.642  -4.652 0.0000000000
44312  -37.056  -33.304  -3.823 0.0000000000
37968  -25.536  -40.331  2.021 0.0000000000
37059  -26.349  -41.220  2.507 0.0000000000
37990  -26.234  -39.726  1.769 0.0000000000
38891  -27.566  -39.157  1.226 0.0000000000
38892  -28.266  -39.216  0.855 0.0000000000
41476  -28.381  -36.806  1.115 0.0000000000
39744  -28.339  -38.372  0.517 0.0000000000
37994  -29.111  -40.267  1.217 0.0000000000
38010  -29.535  -40.256  0.429 0.0000000000
37086  -30.278  -41.665  -0.299 0.0000000000
36141  -30.716  -42.345  -0.829 0.0000000000
110055  -31.122  -39.307  -0.376 0.0000000000
38025  -31.150  -40.112  -0.936 0.0000000000
37106  -31.040  -41.279  -1.652 0.0000000000
36152  -31.495  -42.695  -1.931 0.0000000000
36165  -31.886  -42.460  -2.573 0.0000000000
36183  -32.882  -42.241  -3.319 0.0000000000
37129  -34.095  -41.570  -3.686 0.0000000000
38964  -32.738  -39.671  -4.354 0.0000000000
38069  -33.814  -40.593  -4.480 0.0000000000
38058  -35.312  -40.693  -3.883 0.0000000000
38059  -36.160  -40.337  -3.497 0.0000000000
38956  -37.403  -39.303  -3.514 0.0000000000
38868  -25.088  -38.858  3.142 0.0000000000
52403  -45.247  -24.618  -13.770 0.0000000000
57471  -44.482  -18.625  -12.037 0.0000000000
118411  -45.178  -19.089  -13.734 0.0000000000
56680  -46.087  -19.635  -14.607 0.0000000000
58380  -47.386  -17.724  -14.835 0.0000000000
56681  -46.837  -19.636  -15.053 0.0000000000
55850  -47.058  -20.592  -14.802 0.0000000000
55049  -48.224  -21.325  -14.220 0.0000000000
63774  -56.447  -11.873  -21.067 0.0000000000
64670  -55.923  -9.936  -21.065 0.0000000000
66294  -55.188  -8.227  -20.751 0.0000000000
28797  -15.621  -50.404  8.464 0.0000000000
27913  -14.259  -51.819  7.380 0.0000000000
27061  -15.788  -52.979  5.835 0.0000000000
27060  -15.051  -52.979  6.325 0.0000000000
26178  -14.083  -53.529  7.219 0.0000000000
25231  -13.732  -54.192  7.635 0.0000000000
40651  -39.313  -37.177  -4.554 0.0000000000
41565  -39.612  -36.543  -4.931 0.0000000000
115905  -40.493  -35.190  -4.629 0.0000000000
43449  -38.113  -34.724  -6.799 0.0000000000
43436  -39.688  -34.908  -5.900 0.0000000000
43420  -40.514  -34.407  -4.726 0.0000000000
44323  -40.358  -33.516  -4.752 0.0000000000
45214  -40.008  -32.528  -4.760 0.0000000000
45200  -39.711  -31.293  -4.560 0.0000000000
47044  -35.067  -30.640  -5.734 0.0000000000
125610  -35.309  -30.658  -6.267 0.0000000000
47890  -35.351  -29.234  -6.776 0.0000000000
47091  -35.565  -29.874  -7.037 0.0000000000
126267  -36.753  -31.246  -6.886 0.0000000000
46094  -38.246  -30.950  -6.437 0.0000000000
47045  -39.366  -30.196  -5.602 0.0000000000
46146  -40.351  -31.614  -9.681 0.0000000000
46130  -41.455  -31.530  -8.474 0.0000000000
47985  -44.761  -30.281  -12.190 0.0000000000
105358  -43.811  -28.897  -13.514 0.0000000000
111261  -43.096  -27.641  -14.165 0.0000000000
115345  -41.108  -28.092  -13.171 0.0000000000
116129  -41.867  -27.040  -13.848 0.0000000000
51423  -41.885  -25.558  -13.383 0.0000000000
52383  -41.769  -23.948  -12.317 0.0000000000
53297  -42.022  -23.213  -11.263 0.0000000000
37042  -27.347  -41.066  3.165 0.0000000000
108208  -27.909  -41.095  4.141 0.0000000000
36095  -29.744  -41.900  3.764 0.0000000000
30635  -16.779  -48.760  6.815 0.0000000000
115160  -17.240  -47.410  6.638 0.0000000000
30652  -17.071  -48.587  5.353 0.0000000000
30651  -17.026  -49.463  5.114 0.0000000000
27935  -17.991  -51.444  5.451 0.0000000000
120569  -19.025  -45.028  4.459 0.0000000000
110292  -19.371  -46.714  4.079 0.0000000000
31589  -19.644  -47.278  4.271 0.0000000000
24399  -11.000  -55.498  8.861 0.0000000000
25212  -10.482  -54.496  8.811 0.0000000000
27034  -10.130  -53.024  9.142 0.0000000000
120083  -39.399  -38.224  -2.974 0.0000000000
36104  -25.034  -42.059  2.672 0.0000000000
37041  -25.816  -41.833  2.958 0.0000000000
37967  -24.737  -40.464  2.416 0.0000000000
55794  -42.664  -21.107  -9.894 0.0000000000
55812  -42.554  -20.644  -11.377 0.0000000000
56628  -43.361  -19.728  -10.415 0.0000000000
60178  -50.966  -15.069  -16.723 0.0000000000
60185  -51.246  -15.506  -17.627 0.0000000000
61031  -51.465  -14.627  -17.156 0.0000000000
61032  -51.966  -14.128  -17.505 0.0000000000
49562  -38.708  -27.063  -9.827 0.0000000000
35181  -30.865  -43.097  -0.480 0.0000000000
35169  -31.105  -43.762  0.102 0.0000000000
35086  -18.754  -43.478  6.662 0.0000000000
35087  -19.176  -43.207  6.186 0.0000000000
66308  -55.949  -8.396  -21.287 0.0000000000
66309  -56.759  -8.554  -21.682 0.0000000000
43389  -41.491  -34.466  -3.010 0.0000000000
43405  -40.969  -34.627  -3.947 0.0000000000
36168  -35.048  -42.353  -2.349 0.0000000000
36169  -35.833  -42.055  -2.055 0.0000000000
37933  -22.526  -40.397  5.585 0.0000000000
36075  -21.349  -42.528  4.086 0.0000000000
36076  -22.059  -42.122  3.740 0.0000000000
40662  -35.215  -37.683  -5.917 0.0000000000
40572  -27.056  -37.487  2.092 0.0000000000
40598  -30.573  -37.919  0.619 0.0000000000
119519  -30.306  -39.079  -0.183 0.0000000000
38908  -30.826  -38.653  0.138 0.0000000000
38945  -31.911  -40.052  -2.447 0.0000000000
38954  -31.964  -40.315  -3.149 0.0000000000
111471  -32.199  -39.678  -3.068 0.0000000000
39812  -34.545  -38.111  -5.598 0.0000000000
38980  -35.685  -38.872  -5.384 0.0000000000
49627  -43.633  -27.123  -14.197 0.0000000000
49628  -44.648  -27.437  -13.884 0.0000000000
50538  -44.279  -26.499  -14.163 0.0000000000
55037  -45.974  -21.902  -13.809 0.0000000000
54174  -45.630  -22.669  -13.504 0.0000000000
118393  -46.716  -21.897  -13.635 0.0000000000
123840  -47.417  -17.296  -12.138 0.0000000000
58343  -46.813  -17.561  -12.294 0.0000000000
59269  -47.441  -17.055  -12.791 0.0000000000
57526  -50.360  -18.717  -16.971 0.0000000000
56703  -49.843  -19.299  -16.486 0.0000000000
56704  -50.714  -19.535  -16.511 0.0000000000
123992  -50.656  -20.326  -15.664 0.0000000000
63765  -54.078  -11.318  -19.889 0.0000000000
29743  -16.569  -49.613  6.107 0.0000000000
28813  -16.083  -50.081  6.790 0.0000000000
107518  -37.766  -36.106  -6.555 0.0000000000
45224  -37.810  -31.969  -6.517 0.0000000000
125701  -37.332  -31.440  -6.725 0.0000000000
47125  -37.541  -29.986  -9.082 0.0000000000
47111  -37.054  -29.926  -8.398 0.0000000000
122125  -37.754  -30.270  -8.336 0.0000000000
47114  -39.579  -30.657  -7.753 0.0000000000
46175  -40.687  -31.259  -12.150 0.0000000000
46162  -40.667  -31.748  -11.378 0.0000000000
46176  -41.433  -31.653  -11.902 0.0000000000
46190  -41.449  -31.031  -12.564 0.0000000000
31587  -18.327  -47.535  4.291 0.0000000000
116764  -17.923  -48.258  4.443 0.0000000000
29773  -18.702  -49.435  4.607 0.0000000000
30653  -19.468  -48.844  4.747 0.0000000000
27906  -14.272  -51.152  8.460 0.0000000000
120547  -41.046  -36.299  -2.929 0.0000000000
35104  -25.410  -43.097  5.642 0.0000000000
36078  -26.564  -42.088  4.586 0.0000000000
37022  -27.552  -41.602  4.932 0.0000000000
37118  -36.885  -41.108  -2.102 0.0000000000
39692  -24.731  -38.774  4.601 0.0000000000
37056  -23.971  -40.883  2.731 0.0000000000
37955  -23.548  -40.417  3.527 0.0000000000
37954  -22.984  -40.786  3.896 0.0000000000
113865  -23.228  -42.024  2.884 0.0000000000
35133  -24.805  -43.105  3.722 0.0000000000
112025  -24.084  -43.195  3.176 0.0000000000
41539  -35.538  -36.537  -2.733 0.0000000000
39771  -34.290  -38.470  -1.794 0.0000000000
40640  -33.954  -37.092  -3.798 0.0000000000
53305  -42.185  -23.292  -12.990 0.0000000000
54170  -42.521  -22.514  -13.030 0.0000000000
55813  -43.141  -20.296  -12.362 0.0000000000
126379  -43.444  -21.260  -13.249 0.0000000000
55832  -43.677  -20.516  -13.060 0.0000000000
55034  -44.122  -21.234  -13.577 0.0000000000
55833  -44.466  -20.504  -13.631 0.0000000000
124796  -48.886  -16.335  -14.819 0.0000000000
59309  -50.189  -16.288  -17.028 0.0000000000
114541  -49.580  -16.721  -16.703 0.0000000000
58399  -49.954  -17.189  -17.220 0.0000000000
118801  -49.806  -17.884  -17.121 0.0000000000
111270  -51.427  -17.808  -17.736 0.0000000000
59330  -52.508  -16.023  -18.710 0.0000000000
110629  -53.178  -15.598  -19.123 0.0000000000
60206  -53.973  -15.287  -19.371 0.0000000000
61971  -52.650  -13.646  -18.447 0.0000000000
61044  -52.850  -14.203  -18.990 0.0000000000
123449  -36.687  -33.424  -4.551 0.0000000000
116996  -36.341  -32.798  -4.437 0.0000000000
45198  -35.745  -32.267  -5.141 0.0000000000
46073  -35.289  -31.454  -5.455 0.0000000000
49560  -37.290  -27.492  -9.290 0.0000000000
49547  -36.751  -27.477  -8.710 0.0000000000
48731  -37.196  -28.454  -9.505 0.0000000000
48732  -37.869  -28.628  -10.223 0.0000000000
48745  -38.496  -28.812  -10.797 0.0000000000
123009  -38.969  -29.008  -11.290 0.0000000000
48761  -39.639  -28.739  -11.697 0.0000000000
49602  -39.972  -27.863  -11.236 0.0000000000
49586  -40.928  -27.570  -11.143 0.0000000000
36130  -29.851  -41.804  1.093 0.0000000000
36119  -29.797  -41.790  1.864 0.0000000000
34239  -31.514  -44.261  1.505 0.0000000000
35144  -30.955  -43.864  1.948 0.0000000000
34189  -18.113  -44.985  5.611 0.0000000000
33330  -18.141  -46.136  4.553 0.0000000000
117770  -13.034  -54.044  7.987 0.0000000000
25213  -12.394  -54.337  8.549 0.0000000000
121854  -11.667  -54.136  9.087 0.0000000000
26154  -11.227  -53.607  9.466 0.0000000000
44305  -41.371  -33.373  -2.748 0.0000000000
45181  -41.167  -32.160  -2.406 0.0000000000
35215  -32.858  -43.175  -2.205 0.0000000000
35183  -32.686  -43.863  -0.871 0.0000000000
35201  -33.404  -43.552  -1.451 0.0000000000
36997  -20.764  -41.526  6.039 0.0000000000
36996  -20.083  -41.651  6.780 0.0000000000
36057  -20.281  -42.710  5.178 0.0000000000
35129  -21.172  -44.033  3.640 0.0000000000
34214  -21.598  -44.472  3.628 0.0000000000
109966  -23.342  -43.357  3.227 0.0000000000
34216  -23.070  -44.108  3.597 0.0000000000
34192  -23.495  -44.468  5.400 0.0000000000
34191  -22.883  -44.878  4.863 0.0000000000
39802  -37.819  -38.190  -4.736 0.0000000000
39815  -36.986  -38.364  -5.293 0.0000000000
41591  -35.657  -37.249  -6.127 0.0000000000
41592  -36.374  -36.859  -6.323 0.0000000000
41552  -36.168  -36.095  -3.180 0.0000000000
41564  -35.331  -36.258  -4.803 0.0000000000
42466  -37.502  -35.176  -3.280 0.0000000000
43403  -37.173  -34.869  -3.946 0.0000000000
42477  -36.473  -35.290  -4.967 0.0000000000
117907  -37.062  -34.045  -4.270 0.0000000000
38877  -25.479  -39.419  2.284 0.0000000000
38878  -26.222  -38.876  1.963 0.0000000000
39728  -27.377  -38.467  1.229 0.0000000000
38890  -26.893  -39.085  1.563 0.0000000000
37992  -27.984  -39.813  1.534 0.0000000000
39729  -27.831  -38.622  0.861 0.0000000000
38906  -28.827  -38.872  0.367 0.0000000000
38893  -28.974  -39.607  0.665 0.0000000000
38011  -29.975  -40.650  -0.166 0.0000000000
37097  -30.710  -41.534  -1.083 0.0000000000
38924  -32.598  -39.573  -0.635 0.0000000000
38910  -32.758  -39.866  0.117 0.0000000000
38909  -32.035  -39.419  -0.100 0.0000000000
36151  -31.092  -42.087  -1.653 0.0000000000
122534  -31.490  -42.141  -2.316 0.0000000000
118350  -32.619  -41.761  -3.577 0.0000000000
37128  -33.211  -41.619  -3.835 0.0000000000
36184  -33.681  -42.145  -3.242 0.0000000000
39799  -32.679  -38.967  -4.208 0.0000000000
38966  -34.199  -39.408  -5.119 0.0000000000
107063  -33.769  -39.933  -4.801 0.0000000000
38057  -34.443  -40.982  -4.105 0.0000000000
38070  -35.707  -39.969  -4.267 0.0000000000
39801  -36.428  -38.789  -5.130 0.0000000000
38955  -36.570  -39.614  -3.876 0.0000000000
39703  -25.569  -38.288  3.669 0.0000000000
125238  -45.018  -29.659  -12.542 0.0000000000
49629  -45.629  -27.364  -13.568 0.0000000000
48790  -45.991  -28.008  -13.099 0.0000000000
51425  -44.514  -25.189  -14.023 0.0000000000
125487  -44.708  -24.177  -13.798 0.0000000000
57443  -44.959  -18.600  -10.512 0.0000000000
57457  -44.280  -18.681  -11.160 0.0000000000
57458  -45.224  -18.312  -11.435 0.0000000000
57491  -45.444  -18.478  -13.399 0.0000000000
57504  -45.710  -18.926  -14.158 0.0000000000
56679  -45.422  -19.695  -14.221 0.0000000000
58389  -47.972  -17.625  -15.454 0.0000000000
56693  -48.537  -19.584  -15.854 0.0000000000
56692  -47.646  -19.295  -15.532 0.0000000000
120354  -47.472  -20.107  -15.203 0.0000000000
55851  -47.794  -20.799  -14.867 0.0000000000
109089  -48.486  -20.851  -14.938 0.0000000000
55853  -50.442  -20.804  -14.178 0.0000000000
57540  -53.131  -18.396  -17.577 0.0000000000
61059  -55.205  -14.324  -19.788 0.0000000000
61994  -56.088  -13.126  -20.489 0.0000000000
115215  -54.567  -9.707  -20.247 0.0000000000
107134  -55.252  -9.642  -20.682 0.0000000000
65531  -55.627  -9.072  -20.925 0.0000000000
28812  -15.507  -50.535  7.326 0.0000000000
28796  -14.809  -50.861  7.841 0.0000000000
26190  -16.599  -53.181  6.145 0.0000000000
26189  -15.924  -53.494  6.270 0.0000000000
25233  -15.540  -54.421  7.528 0.0000000000
26188  -15.437  -53.391  6.344 0.0000000000
26179  -14.836  -53.527  6.731 0.0000000000
27050  -14.363  -52.863  6.858 0.0000000000
25215  -14.161  -54.925  7.895 0.0000000000
24421  -13.635  -55.525  8.532 0.0000000000
114597  -39.271  -37.547  -4.000 0.0000000000
40666  -38.967  -37.083  -5.280 0.0000000000
41582  -39.172  -36.391  -5.804 0.0000000000
42478  -39.854  -35.667  -5.370 0.0000000000
43448  -37.289  -34.690  -6.626 0.0000000000
115122  -37.740  -33.893  -6.808 0.0000000000
43437  -40.073  -34.199  -5.413 0.0000000000
44337  -39.829  -33.261  -5.471 0.0000000000
123696  -39.050  -31.706  -5.688 0.0000000000
47876  -34.891  -29.358  -5.356 0.0000000000
47043  -34.833  -30.088  -5.108 0.0000000000
47068  -34.969  -29.892  -5.731 0.0000000000
116077  -35.850  -27.955  -7.574 0.0000000000
49531  -35.757  -27.810  -6.858 0.0000000000
48711  -35.606  -28.523  -7.214 0.0000000000
47092  -35.981  -30.043  -7.457 0.0000000000
47071  -36.318  -30.735  -7.152 0.0000000000
47072  -37.352  -30.761  -7.122 0.0000000000
104609  -39.264  -30.276  -6.592 0.0000000000
47073  -38.876  -30.411  -6.094 0.0000000000
46075  -39.745  -30.430  -4.809 0.0000000000
47046  -39.972  -29.946  -5.213 0.0000000000
46128  -39.541  -31.198  -9.660 0.0000000000
110736  -41.760  -31.900  -10.170 0.0000000000
46147  -41.176  -31.783  -9.500 0.0000000000
118953  -42.061  -31.723  -9.229 0.0000000000
106048  -43.165  -31.534  -11.152 0.0000000000
46164  -44.006  -31.373  -10.535 0.0000000000
47145  -44.717  -31.020  -11.058 0.0000000000
47161  -44.516  -30.777  -11.738 0.0000000000
47160  -43.866  -30.733  -12.275 0.0000000000
47993  -42.461  -29.361  -13.511 0.0000000000
47994  -43.147  -29.733  -13.312 0.0000000000
110050  -42.926  -29.008  -13.678 0.0000000000
48788  -43.025  -28.335  -13.978 0.0000000000
111332  -42.375  -27.743  -14.040 0.0000000000
49615  -40.702  -28.271  -12.510 0.0000000000
125360  -41.070  -27.612  -12.767 0.0000000000
119001  -41.590  -25.752  -12.283 0.0000000000
49616  -41.375  -27.252  -13.290 0.0000000000
50535  -41.608  -26.380  -13.346 0.0000000000
52400  -41.763  -24.953  -13.051 0.0000000000
51401  -41.707  -24.792  -12.458 0.0000000000
37969  -26.456  -40.491  1.894 0.0000000000
124474  -27.097  -40.778  2.342 0.0000000000
114366  -28.531  -41.166  4.079 0.0000000000
37023  -28.441  -41.373  4.818 0.0000000000
37012  -29.225  -41.651  5.078 0.0000000000
36106  -30.218  -42.552  3.109 0.0000000000
34259  -32.553  -44.435  0.558 0.0000000000
30621  -17.129  -48.081  7.212 0.0000000000
32426  -17.519  -46.046  6.862 0.0000000000
32408  -17.469  -46.042  7.817 0.0000000000
114522  -17.407  -46.673  6.532 0.0000000000
105535  -17.208  -47.783  5.598 0.0000000000
29759  -17.604  -49.940  4.748 0.0000000000
28849  -17.589  -50.794  5.077 0.0000000000
28867  -18.201  -50.115  4.732 0.0000000000
35113  -19.597  -44.328  4.490 0.0000000000
31590  -20.196  -47.467  4.695 0.0000000000
125434  -56.935  -6.508  -22.516 0.0000000000
24419  -10.310  -55.181  8.197 0.0000000000
26153  -10.561  -53.831  9.233 0.0000000000
26164  -10.092  -53.738  8.710 0.0000000000
36077  -25.697  -42.578  4.165 0.0000000000
38946  -37.731  -39.701  -2.792 0.0000000000
36103  -23.828  -41.750  2.664 0.0000000000
121764  -24.315  -42.099  2.632 0.0000000000
41524  -35.790  -36.808  -1.870 0.0000000000
55012  -41.829  -22.111  -12.029 0.0000000000
55024  -42.313  -21.739  -12.518 0.0000000000
55013  -42.087  -21.417  -11.731 0.0000000000
123029  -42.883  -20.195  -11.795 0.0000000000
56651  -43.388  -19.575  -11.836 0.0000000000
60167  -49.731  -15.678  -14.962 0.0000000000
60177  -50.407  -15.509  -16.362 0.0000000000
59319  -50.814  -16.142  -17.520 0.0000000000
59320  -51.367  -16.325  -18.002 0.0000000000
60194  -51.869  -15.727  -18.353 0.0000000000
46047  -35.935  -31.854  -3.295 0.0000000000
46046  -35.384  -31.401  -3.776 0.0000000000
50483  -37.919  -27.003  -9.372 0.0000000000
49584  -39.398  -27.556  -10.523 0.0000000000
109527  -18.354  -44.402  5.980 0.0000000000
34190  -18.724  -44.472  5.173 0.0000000000
64671  -56.761  -10.165  -21.409 0.0000000000
65533  -57.361  -9.387  -21.732 0.0000000000
24420  -12.652  -55.390  8.645 0.0000000000
24400  -11.500  -55.522  9.060 0.0000000000
35202  -34.268  -43.341  -1.558 0.0000000000
36153  -34.658  -42.915  -1.941 0.0000000000
35203  -35.029  -43.287  -1.276 0.0000000000
108409  -35.943  -43.187  -0.944 0.0000000000
37934  -23.015  -40.019  5.189 0.0000000000
37919  -22.446  -40.312  6.433 0.0000000000
37932  -21.900  -40.765  5.956 0.0000000000
37008  -21.397  -41.305  5.528 0.0000000000
39814  -36.201  -38.344  -5.772 0.0000000000
39715  -26.446  -38.048  2.436 0.0000000000
40583  -27.389  -37.690  1.368 0.0000000000
40585  -29.273  -37.244  0.627 0.0000000000
109099  -29.799  -37.707  0.406 0.0000000000
38925  -33.472  -39.741  -0.480 0.0000000000
38936  -31.846  -39.821  -1.603 0.0000000000
37115  -31.759  -41.825  -2.889 0.0000000000
38055  -31.751  -41.074  -3.085 0.0000000000
39800  -33.218  -38.390  -4.676 0.0000000000
38978  -33.871  -38.600  -5.231 0.0000000000
38967  -35.217  -39.503  -5.022 0.0000000000
48789  -44.500  -28.304  -13.595 0.0000000000
50539  -45.278  -26.500  -13.905 0.0000000000
54173  -44.877  -22.750  -13.657 0.0000000000
53317  -45.291  -23.579  -13.597 0.0000000000
58333  -46.812  -17.876  -11.256 0.0000000000
57459  -46.029  -18.013  -11.944 0.0000000000
124024  -48.689  -18.369  -16.383 0.0000000000
57524  -48.937  -19.040  -16.351 0.0000000000
55862  -49.086  -20.508  -15.398 0.0000000000
112391  -50.001  -20.440  -15.579 0.0000000000
107830  -54.849  -13.621  -19.961 0.0000000000
61992  -54.605  -12.865  -20.051 0.0000000000
62929  -55.059  -12.260  -20.427 0.0000000000
63773  -55.548  -11.604  -20.795 0.0000000000
63772  -54.731  -11.403  -20.388 0.0000000000
64657  -54.339  -10.566  -20.118 0.0000000000
116902  -37.951  -36.695  -6.376 0.0000000000
40676  -38.481  -36.948  -6.025 0.0000000000
42509  -38.377  -35.504  -6.619 0.0000000000
44350  -37.287  -32.981  -6.546 0.0000000000
44352  -39.212  -32.887  -6.117 0.0000000000
48691  -35.037  -28.788  -5.629 0.0000000000
46111  -40.544  -31.133  -8.081 0.0000000000
47144  -39.207  -30.702  -11.109 0.0000000000
46145  -39.876  -31.499  -10.675 0.0000000000
119092  -42.422  -31.814  -10.732 0.0000000000
46177  -42.306  -31.689  -11.557 0.0000000000
46192  -43.099  -31.320  -11.951 0.0000000000
107935  -42.951  -30.834  -12.541 0.0000000000
47177  -42.212  -30.671  -12.823 0.0000000000
47187  -42.307  -29.997  -13.266 0.0000000000
47992  -41.774  -29.431  -13.399 0.0000000000
122352  -27.853  -40.567  2.699 0.0000000000
37044  -29.111  -41.208  3.608 0.0000000000
32464  -17.632  -46.500  5.058 0.0000000000
31565  -17.377  -46.972  5.759 0.0000000000
31577  -17.581  -47.409  4.844 0.0000000000
29772  -18.084  -49.550  4.544 0.0000000000
33332  -20.548  -45.409  3.894 0.0000000000
34198  -19.722  -45.268  4.068 0.0000000000
32485  -20.595  -46.218  4.178 0.0000000000
32465  -20.693  -46.828  4.895 0.0000000000
41555  -41.154  -35.758  -3.186 0.0000000000
42467  -40.836  -35.509  -3.870 0.0000000000
35103  -24.792  -43.542  6.386 0.0000000000
123588  -25.542  -43.109  6.436 0.0000000000
36041  -26.133  -42.696  6.013 0.0000000000
37117  -36.161  -41.396  -2.439 0.0000000000
38858  -23.670  -39.559  5.199 0.0000000000
38866  -23.817  -39.699  3.974 0.0000000000
124058  -23.717  -39.626  4.581 0.0000000000
119543  -22.619  -41.026  4.130 0.0000000000
40649  -34.134  -37.248  -4.796 0.0000000000
41579  -34.820  -36.882  -5.296 0.0000000000
41563  -34.616  -36.647  -4.272 0.0000000000
39760  -34.202  -39.208  -1.163 0.0000000000
39781  -33.053  -38.472  -2.972 0.0000000000
40639  -33.475  -37.736  -3.407 0.0000000000
40648  -33.471  -37.711  -4.342 0.0000000000
51424  -42.635  -25.435  -13.825 0.0000000000
116384  -43.583  -25.286  -14.050 0.0000000000
116415  -43.050  -24.638  -13.741 0.0000000000
52402  -43.390  -23.839  -13.669 0.0000000000
53315  -43.581  -23.159  -13.580 0.0000000000
55033  -42.952  -21.806  -13.129 0.0000000000
54171  -43.262  -22.539  -13.391 0.0000000000
54172  -44.067  -22.651  -13.636 0.0000000000
115202  -44.547  -21.984  -13.698 0.0000000000
55035  -44.891  -21.302  -13.947 0.0000000000
55036  -45.627  -21.268  -14.202 0.0000000000
59282  -48.007  -16.665  -13.465 0.0000000000
59291  -48.629  -16.355  -14.168 0.0000000000
106106  -48.546  -16.806  -15.279 0.0000000000
58391  -49.060  -16.768  -16.135 0.0000000000
56713  -51.874  -19.152  -17.022 0.0000000000
57539  -51.241  -18.564  -17.313 0.0000000000
112810  -52.195  -18.442  -17.540 0.0000000000
58411  -52.959  -17.723  -18.059 0.0000000000
58410  -51.696  -17.054  -18.089 0.0000000000
58421  -52.561  -16.926  -18.377 0.0000000000
58422  -53.480  -17.123  -18.372 0.0000000000
61058  -54.236  -14.342  -19.607 0.0000000000
61057  -53.519  -13.918  -19.382 0.0000000000
61979  -53.583  -13.222  -19.341 0.0000000000
28848  -16.895  -51.206  5.306 0.0000000000
27933  -16.647  -51.829  5.560 0.0000000000
27063  -17.228  -52.506  5.873 0.0000000000
43435  -36.671  -34.470  -5.579 0.0000000000
119269  -36.848  -34.773  -6.209 0.0000000000
44335  -36.516  -33.515  -5.740 0.0000000000
45223  -36.192  -32.240  -6.279 0.0000000000
49522  -36.265  -27.235  -6.520 0.0000000000
49532  -36.236  -27.359  -7.367 0.0000000000
50446  -36.745  -26.958  -7.948 0.0000000000
49546  -36.221  -27.737  -8.118 0.0000000000
48723  -36.528  -28.463  -8.744 0.0000000000
47126  -38.099  -30.178  -9.733 0.0000000000
47143  -38.636  -30.387  -10.410 0.0000000000
47946  -38.678  -29.763  -10.995 0.0000000000
47158  -39.635  -30.435  -11.706 0.0000000000
47159  -40.188  -30.533  -12.169 0.0000000000
47982  -40.449  -29.710  -12.585 0.0000000000
48775  -40.238  -28.911  -12.296 0.0000000000
50500  -42.460  -27.196  -10.833 0.0000000000
37061  -29.433  -41.082  2.274 0.0000000000
35156  -30.487  -43.290  1.565 0.0000000000
35143  -30.593  -43.248  2.486 0.0000000000
33305  -17.742  -45.460  6.227 0.0000000000
34177  -17.968  -44.743  6.499 0.0000000000
31588  -19.065  -47.462  4.162 0.0000000000
27049  -13.738  -52.682  7.521 0.0000000000
27041  -13.129  -52.578  8.187 0.0000000000
27040  -12.575  -52.627  9.073 0.0000000000
117949  -11.589  -52.969  9.681 0.0000000000
57431  -45.791  -18.617  -9.927 0.0000000000
119939  -47.608  -17.758  -10.965 0.0000000000
58357  -47.906  -17.114  -11.954 0.0000000000
122588  -31.956  -43.692  -0.973 0.0000000000
34275  -31.967  -44.108  -0.249 0.0000000000
35184  -33.489  -43.943  -0.722 0.0000000000
36155  -36.390  -42.439  -1.384 0.0000000000
36983  -20.470  -41.079  7.495 0.0000000000
36039  -19.565  -42.484  6.445 0.0000000000
36056  -19.742  -42.932  5.649 0.0000000000
36074  -20.674  -42.992  4.416 0.0000000000
35114  -20.505  -43.925  3.977 0.0000000000
33318  -21.748  -45.691  4.725 0.0000000000
34215  -22.294  -44.284  3.580 0.0000000000
34200  -22.106  -44.872  3.774 0.0000000000
33334  -22.260  -45.214  4.350 0.0000000000
67127  -56.303  -7.763  -21.649 0.0000000000
39794  -38.799  -38.231  -3.587 0.0000000000
124130  -38.318  -38.191  -4.149 0.0000000000
40664  -36.830  -37.854  -6.018 0.0000000000
40675  -37.606  -37.338  -6.133 0.0000000000
41593  -37.242  -36.742  -6.454 0.0000000000
42491  -36.563  -35.360  -5.786 0.0000000000
42465  -36.823  -35.585  -3.602 0.0000000000
42490  -35.973  -35.859  -5.348 0.0000000000
44304  -37.754  -33.457  -3.000 0.0000000000
113791  -25.218  -40.952  2.193 0.0000000000
114259  -25.773  -40.941  2.083 0.0000000000
37991  -27.052  -39.776  1.562 0.0000000000
37993  -28.621  -40.061  1.441 0.0000000000
126354  -27.874  -36.590  2.235 0.0000000000
40584  -27.860  -37.295  0.993 0.0000000000
41493  -28.843  -36.918  0.815 0.0000000000
40597  -28.470  -37.480  0.609 0.0000000000
37085  -29.837  -41.287  0.475 0.0000000000
36131  -30.138  -42.216  0.483 0.0000000000
105643  -30.466  -42.542  -0.129 0.0000000000
116644  -31.591  -38.990  0.241 0.0000000000
38036  -30.907  -40.819  -1.260 0.0000000000
36142  -31.120  -42.821  -1.229 0.0000000000
123141  -31.210  -43.189  -0.952 0.0000000000
35199  -31.598  -43.256  -1.393 0.0000000000
35214  -32.034  -43.074  -2.170 0.0000000000
36182  -32.260  -42.120  -3.157 0.0000000000
36166  -32.502  -42.666  -2.738 0.0000000000
36167  -33.286  -42.710  -2.759 0.0000000000
36185  -34.566  -41.954  -3.008 0.0000000000
118167  -32.353  -39.774  -3.778 0.0000000000
38067  -32.647  -40.407  -4.172 0.0000000000
38068  -33.170  -40.119  -4.532 0.0000000000
37139  -33.159  -40.888  -4.261 0.0000000000
37140  -33.728  -41.167  -4.138 0.0000000000
110428  -34.947  -41.356  -3.464 0.0000000000
37130  -35.764  -41.036  -3.127 0.0000000000
38060  -36.961  -40.002  -3.133 0.0000000000
38957  -38.205  -39.019  -3.153 0.0000000000
39693  -25.409  -38.294  4.534 0.0000000000
39702  -25.019  -38.638  3.932 0.0000000000
124623  -25.082  -39.959  2.266 0.0000000000
47996  -45.597  -28.609  -12.941 0.0000000000
118769  -44.064  -25.812  -14.172 0.0000000000
51426  -45.341  -25.542  -13.902 0.0000000000
57456  -43.552  -19.186  -11.080 0.0000000000
57470  -43.880  -18.973  -11.675 0.0000000000
56652  -43.995  -19.200  -12.360 0.0000000000
57472  -45.256  -18.287  -12.491 0.0000000000
57490  -44.666  -18.892  -13.024 0.0000000000
56663  -44.195  -19.742  -13.050 0.0000000000
56664  -44.804  -19.702  -13.688 0.0000000000
55848  -45.861  -20.473  -14.476 0.0000000000
58370  -47.335  -17.237  -13.877 0.0000000000
58369  -46.767  -17.932  -14.312 0.0000000000
57515  -47.575  -18.321  -15.477 0.0000000000
57506  -47.013  -18.586  -15.105 0.0000000000
57505  -46.360  -18.793  -14.630 0.0000000000
55849  -46.468  -20.325  -14.703 0.0000000000
55852  -49.065  -21.069  -14.532 0.0000000000
63786  -57.019  -11.099  -21.377 0.0000000000
64659  -56.129  -10.897  -21.170 0.0000000000
117306  -16.343  -51.372  5.680 0.0000000000
27923  -15.928  -52.033  5.806 0.0000000000
121422  -15.322  -52.394  6.204 0.0000000000
27922  -14.768  -52.324  6.664 0.0000000000
40641  -39.611  -37.664  -3.408 0.0000000000
43450  -38.977  -34.828  -6.519 0.0000000000
42492  -40.182  -34.887  -5.253 0.0000000000
108840  -40.771  -33.917  -4.244 0.0000000000
44313  -40.626  -33.145  -4.044 0.0000000000
124315  -40.323  -32.834  -4.382 0.0000000000
45201  -40.244  -31.986  -3.922 0.0000000000
46061  -40.241  -30.853  -3.889 0.0000000000
46060  -35.025  -30.963  -4.205 0.0000000000
47851  -34.849  -29.402  -3.885 0.0000000000
47003  -34.833  -30.192  -4.201 0.0000000000
46059  -34.935  -30.863  -4.909 0.0000000000
46091  -35.433  -31.200  -6.181 0.0000000000
46092  -35.990  -31.464  -6.622 0.0000000000
48702  -35.322  -28.459  -6.300 0.0000000000
47903  -35.759  -29.303  -7.516 0.0000000000
47069  -35.209  -30.042  -6.365 0.0000000000
47070  -35.655  -30.624  -6.785 0.0000000000
46095  -38.863  -30.776  -5.757 0.0000000000
47024  -40.279  -30.304  -4.430 0.0000000000
104514  -40.525  -30.073  -5.698 0.0000000000
46129  -39.986  -31.238  -8.801 0.0000000000
120175  -40.704  -31.545  -8.917 0.0000000000
47178  -43.410  -30.339  -12.826 0.0000000000
47984  -44.164  -29.845  -12.860 0.0000000000
49626  -42.690  -26.977  -14.163 0.0000000000
47983  -41.062  -29.620  -13.148 0.0000000000
48786  -41.376  -28.752  -13.401 0.0000000000
49625  -41.647  -27.885  -13.675 0.0000000000
50536  -42.238  -26.234  -13.889 0.0000000000
52401  -42.174  -24.777  -13.373 0.0000000000
52391  -41.876  -24.116  -12.968 0.0000000000
53304  -41.846  -23.351  -12.472 0.0000000000
53296  -41.795  -23.460  -11.907 0.0000000000
54144  -41.784  -22.786  -11.933 0.0000000000
54145  -41.984  -22.224  -11.239 0.0000000000
37010  -28.143  -41.502  5.441 0.0000000000
36096  -30.388  -42.529  4.014 0.0000000000
36079  -29.862  -42.006  4.576 0.0000000000
121373  -32.191  -44.504  1.184 0.0000000000
30620  -17.033  -48.703  7.700 0.0000000000
30636  -16.980  -48.221  6.294 0.0000000000
126122  -16.800  -48.905  5.923 0.0000000000
29758  -16.981  -50.375  5.091 0.0000000000
28850  -18.411  -50.713  5.157 0.0000000000
33331  -18.997  -45.902  4.137 0.0000000000
30672  -19.567  -47.966  4.493 0.0000000000
32446  -21.097  -46.561  6.021 0.0000000000
30654  -20.134  -48.228  5.142 0.0000000000
67128  -56.911  -7.923  -21.999 0.0000000000
23603  -11.042  -56.454  9.178 0.0000000000
25198  -10.957  -54.664  9.025 0.0000000000
117101  -10.529  -56.009  8.408 0.0000000000
26177  -9.971  -53.611  7.619 0.0000000000
111511  -9.950  -52.918  8.303 0.0000000000
34164  -17.943  -44.486  7.229 0.0000000000
55823  -42.528  -20.819  -12.164 0.0000000000
56627  -42.808  -20.471  -10.534 0.0000000000
56695  -50.288  -19.990  -16.101 0.0000000000
57444  -45.675  -18.345  -10.699 0.0000000000
108184  -57.340  -6.897  -22.659 0.0000000000
125333  -47.741  -21.555  -13.776 0.0000000000
125800  -52.637  -18.097  -17.813 0.0000000000
126172  -44.626  -24.631  -13.894 0.0000000000
