#!ascii label  , from subject sub-v1s10x0050970_ses-1 vox2ras=TkReg
918
19544  34.185  -53.586  -35.825 0.6000000238
17865  27.030  -56.196  -34.789 0.6999999881
17029  28.295  -56.213  -35.768 0.6999999881
15485  31.562  -58.500  -37.184 0.8999999762
16264  32.517  -57.635  -36.782 0.8000000119
17871  33.457  -56.043  -36.491 0.8000000119
19543  34.909  -54.047  -36.837 0.6000000238
20464  34.624  -52.946  -36.053 0.6999999881
132386  34.779  -51.101  -35.598 0.6999999881
145177  25.794  -54.471  -34.377 0.6999999881
17860  25.351  -55.150  -33.428 0.6999999881
17873  27.590  -55.575  -35.331 0.6999999881
17872  28.401  -55.507  -35.692 0.6000000238
17882  29.031  -56.145  -36.210 0.6999999881
125551  29.398  -57.171  -36.703 0.6999999881
17042  31.374  -57.229  -37.417 0.8000000119
17887  32.096  -56.608  -37.530 0.8000000119
17040  32.674  -57.226  -37.254 0.8000000119
17039  33.220  -56.631  -37.244 0.8000000119
18724  34.215  -55.460  -37.022 0.6000000238
20477  35.444  -53.422  -37.295 0.6000000238
21441  35.563  -51.732  -36.650 0.6999999881
22377  34.792  -50.356  -35.411 0.6999999881
19526  25.632  -53.809  -33.857 0.5000000000
128226  25.242  -54.607  -32.917 0.6000000238
18717  25.654  -53.326  -34.807 0.4000000060
132477  26.716  -54.432  -35.213 0.6000000238
18715  27.816  -54.567  -35.504 0.5000000000
122146  30.032  -54.871  -36.217 0.6000000238
17035  30.551  -56.449  -36.978 0.8000000119
17879  31.695  -55.702  -37.304 0.6999999881
18737  32.762  -55.981  -37.594 0.6999999881
18736  34.679  -54.974  -38.023 0.6999999881
19554  35.773  -53.549  -38.153 0.5000000000
143831  36.140  -51.915  -37.543 0.6000000238
23328  36.149  -50.223  -36.871 0.6000000238
22376  35.411  -50.720  -36.262 0.6000000238
23317  34.554  -49.663  -34.746 0.5000000000
126127  27.150  -54.147  -33.001 0.5000000000
18670  25.658  -54.705  -32.448 0.6000000238
17832  26.018  -55.234  -31.460 0.6000000238
19515  26.031  -53.727  -33.629 0.5000000000
18728  29.410  -54.162  -35.840 0.5000000000
142049  30.189  -54.113  -36.077 0.6000000238
19557  31.719  -53.936  -36.768 0.6000000238
139208  33.982  -54.611  -38.098 0.6000000238
19569  34.708  -54.178  -38.351 0.5000000000
19567  35.750  -53.248  -38.351 0.5000000000
20486  36.028  -52.683  -38.372 0.6000000238
22384  36.905  -50.452  -38.120 0.6000000238
127802  35.644  -49.204  -36.265 0.5000000000
24240  35.323  -48.351  -35.526 0.5000000000
123842  35.095  -46.810  -33.962 0.5000000000
144247  35.007  -48.440  -34.886 0.5000000000
18669  26.813  -54.972  -31.848 0.5000000000
17816  26.218  -55.542  -30.418 0.5000000000
19536  25.711  -53.116  -34.509 0.5000000000
19548  25.625  -52.502  -34.981 0.4000000060
21440  26.211  -51.273  -35.083 0.3000000119
20469  26.986  -52.277  -35.571 0.4000000060
20467  29.031  -52.497  -35.690 0.3000000119
21438  28.713  -51.431  -35.630 0.3000000119
19559  29.714  -53.409  -35.822 0.5000000000
134668  31.403  -53.123  -36.367 0.5000000000
20478  32.599  -52.404  -36.858 0.5000000000
146083  34.307  -53.276  -38.313 0.5000000000
20488  34.619  -52.570  -38.392 0.5000000000
21452  35.957  -51.876  -38.688 0.6000000238
22392  36.766  -50.965  -38.893 0.6000000238
23327  36.787  -49.574  -37.593 0.5000000000
24245  36.200  -48.421  -36.692 0.5000000000
25099  35.497  -47.436  -35.597 0.5000000000
18668  27.799  -54.973  -31.362 0.5000000000
18667  28.464  -54.350  -31.839 0.5000000000
20431  28.389  -53.393  -33.269 0.5000000000
20445  27.550  -52.752  -33.999 0.4000000060
19535  25.711  -52.099  -34.940 0.5000000000
21433  26.790  -51.029  -34.894 0.4000000060
22389  27.781  -50.282  -35.245 0.3000000119
20466  29.821  -51.963  -35.697 0.3000000119
20479  31.679  -52.450  -36.279 0.4000000060
20489  33.577  -52.409  -37.646 0.5000000000
21451  34.110  -51.490  -37.872 0.4000000060
23332  37.500  -49.999  -38.681 0.5000000000
24249  38.136  -48.651  -38.846 0.5000000000
24244  37.264  -48.946  -37.915 0.5000000000
25927  35.322  -46.658  -34.813 0.5000000000
25935  35.730  -46.525  -35.637 0.4000000060
25103  36.109  -47.250  -36.495 0.5000000000
18647  28.389  -54.579  -29.896 0.5000000000
19497  28.894  -53.946  -31.012 0.5000000000
19513  28.795  -53.655  -32.422 0.5000000000
20444  28.602  -52.485  -33.564 0.4000000060
21425  28.655  -51.487  -33.905 0.4000000060
22375  27.393  -50.354  -34.963 0.3000000119
22381  29.396  -50.505  -35.464 0.3000000119
21445  31.066  -51.828  -35.851 0.4000000060
22387  32.469  -50.749  -36.325 0.4000000060
22386  33.339  -50.566  -37.037 0.4000000060
21443  32.972  -51.505  -36.924 0.4000000060
23334  34.590  -50.308  -37.975 0.5000000000
23333  35.957  -50.233  -38.734 0.5000000000
23336  37.026  -50.680  -39.039 0.6000000238
25106  38.222  -47.419  -38.645 0.4000000060
25102  37.064  -47.964  -37.634 0.5000000000
19496  29.105  -53.437  -30.323 0.4000000060
20429  29.483  -52.362  -32.104 0.4000000060
19507  29.271  -53.263  -31.101 0.4000000060
21417  29.322  -51.927  -33.017 0.4000000060
22370  28.517  -50.425  -34.378 0.4000000060
23331  28.470  -50.036  -35.244 0.4000000060
23325  30.789  -49.766  -35.193 0.4000000060
22380  30.431  -50.445  -35.445 0.4000000060
22378  32.095  -50.168  -35.801 0.4000000060
23330  32.718  -49.904  -36.374 0.4000000060
126664  34.124  -49.243  -37.486 0.5000000000
24251  35.214  -49.282  -38.325 0.5000000000
25107  36.035  -48.621  -38.816 0.6000000238
25111  38.286  -47.648  -39.675 0.5000000000
25950  37.834  -46.732  -39.776 0.4000000060
25110  38.838  -47.060  -39.765 0.4000000060
19470  29.273  -52.917  -29.520 0.4000000060
21403  29.686  -51.809  -31.436 0.4000000060
127356  29.467  -52.698  -30.414 0.4000000060
22362  29.539  -50.966  -32.659 0.4000000060
23321  28.447  -49.768  -34.933 0.4000000060
23324  31.634  -49.631  -35.422 0.4000000060
23323  32.286  -49.372  -35.757 0.4000000060
23329  33.483  -49.600  -36.978 0.4000000060
24252  34.160  -48.466  -37.494 0.5000000000
25108  34.871  -48.279  -38.032 0.4000000060
25112  37.205  -47.481  -39.537 0.6000000238
21375  29.708  -52.079  -29.673 0.4000000060
21391  29.862  -51.341  -30.900 0.4000000060
127291  29.783  -50.927  -31.614 0.4000000060
22369  29.418  -50.084  -33.479 0.4000000060
23315  29.490  -49.287  -33.883 0.4000000060
24239  29.847  -48.782  -34.108 0.4000000060
24238  30.517  -48.132  -34.228 0.5000000000
147142  31.233  -49.184  -35.004 0.4000000060
132963  31.821  -48.892  -35.262 0.3000000119
24247  32.953  -48.131  -36.258 0.3000000119
132190  32.876  -49.025  -36.311 0.4000000060
25109  34.212  -47.606  -37.526 0.4000000060
25947  35.015  -46.427  -38.101 0.4000000060
25946  35.919  -46.938  -38.782 0.5000000000
144266  29.486  -52.401  -29.122 0.4000000060
127157  29.798  -50.094  -32.286 0.4000000060
23312  29.812  -49.295  -32.943 0.4000000060
140630  30.068  -48.028  -33.545 0.3000000119
25097  30.663  -47.185  -34.099 0.3000000119
24243  31.896  -48.051  -35.096 0.3000000119
25100  32.421  -47.614  -35.620 0.3000000119
25105  32.968  -47.191  -36.229 0.3000000119
25948  34.265  -46.003  -37.484 0.4000000060
26792  35.078  -45.395  -38.079 0.4000000060
22333  30.343  -50.623  -29.860 0.3000000119
23292  30.406  -49.938  -30.510 0.3000000119
22354  30.069  -50.031  -31.353 0.3000000119
24233  30.120  -48.605  -32.626 0.3000000119
132380  30.041  -47.862  -33.050 0.3000000119
25095  30.122  -47.244  -33.300 0.3000000119
25928  31.272  -46.752  -34.493 0.4000000060
26772  31.088  -45.951  -34.480 0.4000000060
25937  31.778  -46.298  -35.018 0.3000000119
26780  32.275  -45.805  -35.653 0.3000000119
25943  32.921  -46.232  -36.250 0.3000000119
26786  33.529  -45.660  -36.879 0.4000000060
26793  34.270  -44.989  -37.488 0.4000000060
138876  34.431  -43.357  -37.318 0.4000000060
25929  30.544  -46.405  -34.060 0.4000000060
144157  31.003  -44.865  -35.049 0.4000000060
136273  31.475  -45.386  -35.147 0.4000000060
27700  32.012  -44.911  -35.935 0.3000000119
26787  32.786  -45.280  -36.361 0.4000000060
28641  32.367  -43.458  -36.656 0.4000000060
131277  33.032  -43.051  -36.963 0.4000000060
122818  33.198  -43.757  -37.043 0.4000000060
28640  33.724  -43.390  -37.190 0.4000000060
27701  31.273  -44.580  -35.528 0.4000000060
27712  31.650  -43.952  -36.167 0.5000000000
29617  32.179  -42.656  -36.530 0.4000000060
145772  32.265  -41.994  -36.321 0.4000000060
29615  34.127  -42.379  -36.591 0.3000000119
30672  32.778  -41.608  -36.107 0.3000000119
125553  33.618  -55.223  -36.079 0.6999999881
16278  31.743  -57.871  -37.396 0.8000000119
19555  35.401  -54.331  -37.901 0.6000000238
17885  33.494  -56.014  -37.492 0.6999999881
17877  34.419  -55.202  -37.766 0.6999999881
23322  35.202  -49.851  -35.774 0.6000000238
140469  26.737  -53.745  -35.393 0.4000000060
19545  28.787  -53.398  -35.682 0.4000000060
18727  31.039  -54.651  -36.567 0.6999999881
18726  32.237  -54.969  -37.365 0.6999999881
19568  35.395  -54.200  -38.172 0.6999999881
19524  27.262  -53.551  -33.508 0.5000000000
19570  33.383  -53.467  -37.722 0.5000000000
20480  30.740  -52.530  -35.935 0.4000000060
22394  35.859  -50.979  -38.740 0.6000000238
24254  37.561  -49.708  -39.208 0.5000000000
24250  36.957  -49.786  -39.317 0.6000000238
23319  30.365  -49.155  -34.615 0.3000000119
25104  33.536  -47.800  -36.880 0.4000000060
21355  30.101  -51.302  -29.225 0.4000000060
27711  32.567  -44.332  -36.559 0.3000000119
30671  33.635  -41.791  -36.098 0.3000000119
15417  29.356  -58.287  -31.766 0.6000000238
15407  29.009  -58.071  -30.906 0.6000000238
16963  30.646  -56.905  -28.525 0.6000000238
17784  31.339  -55.772  -27.885 0.6000000238
14585  27.051  -59.006  -31.752 0.5000000000
14599  28.077  -59.140  -32.880 0.6000000238
14609  29.315  -59.408  -34.064 0.6999999881
15430  29.522  -58.605  -32.674 0.6999999881
15418  28.415  -58.458  -31.461 0.6000000238
16230  30.138  -57.828  -31.711 0.6000000238
16221  30.338  -57.389  -31.005 0.6000000238
16991  31.332  -56.020  -31.006 0.6000000238
16976  31.208  -56.055  -29.626 0.6000000238
17798  31.392  -55.473  -28.890 0.6000000238
18631  31.867  -54.097  -28.166 0.6000000238
20370  32.802  -52.563  -27.257 0.6999999881
14626  26.987  -59.926  -34.195 0.6000000238
13770  28.130  -60.421  -35.900 0.6999999881
14612  26.568  -59.565  -33.150 0.5000000000
14625  27.683  -59.781  -34.278 0.6999999881
14611  27.468  -59.493  -33.469 0.6999999881
15441  30.484  -58.666  -33.830 0.6999999881
16229  30.658  -57.756  -32.465 0.6999999881
16999  30.974  -56.806  -31.238 0.5000000000
18646  31.721  -54.510  -29.169 0.6000000238
19483  32.362  -53.008  -28.616 0.6000000238
19469  32.437  -53.075  -27.712 0.6999999881
21354  32.737  -51.673  -28.547 0.6999999881
21320  33.965  -51.749  -26.662 0.6999999881
22290  34.403  -50.276  -27.070 0.6999999881
124870  42.716  -48.683  -29.438 0.4000000060
25055  39.982  -47.829  -27.906 0.5000000000
139691  38.433  -47.709  -27.481 0.6000000238
24181  37.157  -48.558  -27.228 0.6000000238
23240  35.384  -49.407  -27.087 0.6999999881
12980  25.390  -61.601  -37.366 0.5000000000
13787  26.633  -61.186  -36.652 0.5000000000
13801  27.584  -60.661  -37.169 0.6000000238
13772  26.620  -60.588  -35.328 0.5000000000
13785  28.333  -60.521  -36.813 0.6999999881
13786  27.435  -60.801  -36.505 0.5000000000
13771  27.523  -60.273  -35.134 0.6000000238
14634  29.777  -59.841  -36.241 0.6999999881
14623  29.620  -59.687  -35.068 0.6999999881
142849  30.768  -59.020  -34.591 0.6999999881
17006  31.085  -56.976  -32.178 0.6999999881
18656  31.806  -54.544  -30.322 0.6000000238
18645  32.154  -53.774  -29.923 0.6000000238
21373  32.696  -51.678  -29.591 0.6999999881
21353  33.105  -51.030  -27.990 0.6999999881
23241  34.597  -49.503  -27.434 0.6999999881
24182  36.335  -48.339  -27.282 0.6000000238
24183  35.678  -48.336  -27.464 0.6000000238
15469  24.978  -58.914  -35.733 0.5000000000
14652  23.818  -60.721  -37.153 0.4000000060
14663  25.796  -60.455  -37.451 0.5000000000
14636  24.639  -59.492  -36.529 0.5000000000
13814  26.023  -61.127  -37.456 0.5000000000
14649  27.045  -59.660  -37.329 0.6000000238
14662  26.832  -60.422  -37.416 0.6000000238
124971  29.268  -59.470  -37.359 0.6999999881
13800  28.489  -60.270  -37.252 0.6000000238
14646  29.811  -59.857  -37.078 0.6999999881
14622  30.532  -59.428  -35.469 0.6999999881
16228  31.133  -57.194  -33.090 0.6999999881
17849  31.687  -55.547  -32.418 0.6999999881
18666  31.895  -54.663  -31.225 0.6999999881
18655  32.277  -53.849  -30.941 0.6999999881
20407  32.575  -52.440  -30.801 0.6999999881
21372  32.871  -50.984  -30.082 0.8000000119
23262  34.019  -49.312  -28.238 0.6999999881
25036  38.684  -47.068  -27.532 0.5000000000
139904  36.929  -47.582  -27.413 0.6000000238
24198  34.508  -48.576  -28.357 0.6000000238
15455  23.614  -58.429  -35.040 0.4000000060
139036  25.828  -58.716  -35.695 0.6000000238
14650  25.581  -59.433  -36.727 0.6000000238
15480  26.606  -59.078  -36.585 0.6000000238
15479  27.570  -58.991  -36.915 0.6000000238
16272  28.936  -58.022  -36.839 0.6000000238
15486  30.640  -59.113  -37.273 0.6999999881
14645  30.509  -59.561  -36.723 0.6999999881
16250  31.630  -58.050  -35.123 0.6999999881
16237  31.284  -57.486  -34.021 0.6999999881
124355  31.779  -56.995  -34.660 0.8000000119
17013  31.516  -56.591  -33.704 0.8000000119
18678  32.328  -54.112  -32.586 0.6000000238
20418  32.590  -52.538  -31.549 0.6000000238
22344  33.170  -50.365  -30.586 0.8000000119
22332  33.253  -50.271  -29.645 0.6999999881
25882  40.261  -46.419  -27.989 0.5000000000
25037  37.861  -47.239  -27.480 0.6000000238
25057  35.444  -47.367  -28.370 0.6999999881
25883  39.521  -46.131  -27.909 0.6000000238
16241  24.000  -57.580  -33.641 0.5000000000
17017  23.371  -56.928  -32.902 0.4000000060
17018  22.243  -56.673  -32.956 0.4000000060
16254  25.548  -57.781  -34.281 0.5000000000
15454  24.467  -58.491  -35.008 0.5000000000
15468  26.633  -57.880  -35.034 0.6000000238
15467  27.285  -58.132  -35.667 0.6000000238
16266  28.566  -57.027  -36.242 0.6000000238
16271  29.825  -58.184  -37.302 0.6999999881
15465  31.508  -58.599  -35.974 0.8000000119
17028  32.185  -57.410  -35.738 0.8000000119
143014  32.458  -55.448  -34.610 0.6000000238
19523  32.572  -53.617  -33.383 0.6000000238
21415  32.755  -51.893  -32.041 0.6999999881
22353  33.186  -50.466  -31.440 0.6999999881
24219  34.168  -48.395  -30.298 0.6999999881
25865  37.260  -46.765  -27.653 0.6000000238
25885  35.809  -46.723  -28.786 0.6000000238
141616  36.092  -46.306  -29.392 0.6000000238
26684  38.774  -45.983  -27.971 0.6000000238
25895  36.477  -46.257  -28.739 0.6000000238
17015  25.051  -56.281  -33.122 0.5000000000
17016  24.297  -56.878  -32.941 0.5000000000
17009  22.646  -56.121  -32.348 0.5000000000
17010  21.556  -56.134  -32.141 0.5000000000
17014  25.697  -56.237  -33.644 0.5000000000
16239  25.756  -57.008  -33.764 0.5000000000
17030  27.765  -56.893  -35.541 0.6000000238
17864  32.650  -56.060  -35.374 0.6999999881
18702  33.181  -54.520  -35.167 0.6000000238
20442  33.182  -52.316  -33.696 0.6000000238
21424  33.376  -51.409  -33.341 0.6000000238
23311  33.498  -49.879  -31.902 0.6999999881
23314  33.588  -49.984  -32.609 0.6000000238
24228  34.088  -48.470  -31.162 0.6000000238
25077  35.040  -47.138  -30.271 0.6999999881
26705  39.334  -45.552  -28.334 0.5000000000
26721  37.457  -45.478  -29.526 0.4000000060
17007  24.954  -55.095  -32.732 0.5000000000
17834  23.547  -55.321  -31.642 0.5000000000
17818  23.477  -55.259  -31.060 0.5000000000
17819  21.752  -55.558  -30.416 0.5000000000
140412  22.390  -56.294  -29.285 0.5000000000
137625  22.785  -57.748  -28.652 0.5000000000
20456  34.017  -52.251  -35.141 0.6000000238
22373  33.817  -50.951  -34.089 0.6000000238
128533  33.835  -49.674  -33.183 0.4000000060
25086  34.428  -47.833  -31.775 0.5000000000
25085  34.945  -47.043  -31.200 0.4000000060
26735  36.795  -45.641  -30.411 0.4000000060
25908  35.503  -46.535  -30.670 0.5000000000
17833  24.914  -55.004  -32.176 0.6000000238
17817  25.150  -55.357  -31.030 0.5000000000
124214  23.483  -55.431  -30.250 0.5000000000
130970  22.946  -55.729  -29.109 0.5000000000
17790  22.861  -55.985  -28.638 0.5000000000
16205  22.944  -57.716  -27.758 0.5000000000
15384  22.625  -58.201  -27.255 0.4000000060
15374  22.014  -58.217  -25.596 0.5000000000
15358  21.535  -58.392  -24.984 0.4000000060
15346  20.345  -58.901  -23.907 0.4000000060
14503  20.268  -59.726  -24.050 0.4000000060
22367  34.008  -50.087  -33.972 0.6000000238
23313  34.209  -49.240  -33.782 0.4000000060
25090  34.948  -46.939  -32.148 0.4000000060
25911  36.042  -45.993  -30.987 0.4000000060
17800  25.330  -55.589  -29.881 0.5000000000
17801  24.318  -55.534  -29.659 0.4000000060
17789  23.392  -55.677  -28.247 0.4000000060
136925  23.032  -56.072  -27.731 0.5000000000
17758  22.942  -55.707  -25.995 0.4000000060
16184  22.500  -57.406  -25.674 0.5000000000
16925  22.632  -56.374  -25.339 0.4000000060
16913  21.736  -56.207  -24.457 0.5000000000
131988  21.865  -57.734  -24.875 0.5000000000
16914  20.263  -56.963  -23.982 0.3000000119
16163  20.454  -57.916  -23.936 0.3000000119
16165  18.663  -57.737  -24.095 0.3000000119
25094  34.744  -47.654  -33.684 0.4000000060
145476  25.681  -55.700  -29.190 0.5000000000
124129  25.103  -55.697  -28.983 0.5000000000
122307  24.009  -55.430  -27.775 0.4000000060
17815  27.134  -55.494  -29.876 0.4000000060
144334  26.517  -55.564  -28.538 0.4000000060
17771  25.133  -55.601  -27.969 0.4000000060
18606  24.308  -54.642  -26.245 0.4000000060
18648  27.843  -55.126  -29.378 0.4000000060
17786  26.977  -55.330  -28.045 0.4000000060
18620  25.731  -55.179  -27.142 0.4000000060
19472  28.043  -54.219  -27.974 0.4000000060
18604  26.167  -54.442  -26.658 0.4000000060
19439  24.886  -53.909  -25.741 0.4000000060
19419  23.639  -53.413  -25.301 0.4000000060
18619  27.353  -54.651  -27.619 0.4000000060
18633  28.365  -54.312  -28.887 0.3000000119
19437  26.458  -53.583  -26.516 0.4000000060
20357  25.059  -53.018  -25.695 0.4000000060
20332  24.109  -52.757  -25.431 0.4000000060
19471  28.864  -53.413  -28.831 0.4000000060
20334  22.483  -52.608  -25.070 0.4000000060
21303  22.332  -51.926  -25.421 0.4000000060
20371  29.181  -52.377  -27.866 0.3000000119
20373  27.834  -52.971  -27.188 0.4000000060
20354  27.447  -52.499  -26.859 0.4000000060
20356  25.949  -52.934  -26.256 0.4000000060
124956  25.485  -52.225  -26.319 0.4000000060
21302  23.636  -52.069  -25.560 0.4000000060
21326  24.968  -51.423  -26.737 0.3000000119
20457  33.527  -52.665  -34.530 0.6000000238
16253  26.259  -57.433  -34.458 0.5000000000
21431  34.106  -51.392  -34.977 0.6000000238
25091  34.568  -47.690  -32.757 0.4000000060
16210  30.289  -57.248  -29.175 0.6000000238
21339  32.915  -51.810  -27.587 0.6999999881
129728  32.968  -50.940  -29.080 0.6999999881
123479  40.302  -48.563  -28.359 0.5000000000
126634  40.912  -46.879  -28.219 0.5000000000
131800  38.653  -48.481  -27.608 0.5000000000
24180  39.157  -47.773  -27.622 0.4000000060
131390  37.841  -48.072  -27.359 0.6000000238
14664  25.075  -60.642  -37.466 0.5000000000
17858  31.783  -55.764  -33.343 0.6999999881
25038  35.946  -47.586  -27.639 0.6000000238
14648  27.826  -59.816  -37.463 0.6000000238
18665  32.214  -54.177  -31.724 0.6999999881
21389  32.866  -51.061  -30.942 0.8000000119
23280  33.973  -48.893  -29.009 0.6999999881
16256  23.268  -57.883  -34.348 0.4000000060
18693  32.409  -54.425  -33.549 0.6000000238
20428  32.625  -52.673  -32.368 0.6000000238
23302  33.455  -49.771  -31.072 0.6999999881
127228  33.852  -48.964  -29.830 0.6999999881
26704  40.222  -45.596  -28.321 0.5000000000
25881  40.980  -46.040  -28.283 0.5000000000
24209  34.293  -48.387  -29.383 0.6999999881
139935  36.283  -46.620  -28.206 0.6000000238
19534  32.788  -53.967  -34.238 0.6999999881
20427  32.924  -52.044  -32.856 0.6999999881
21414  33.079  -51.321  -32.524 0.6999999881
25078  34.515  -47.756  -30.762 0.6000000238
26706  38.049  -45.852  -28.190 0.6000000238
124455  38.111  -45.393  -28.843 0.6000000238
143887  24.399  -55.982  -32.575 0.5000000000
17851  23.142  -55.566  -31.917 0.5000000000
17836  21.832  -55.363  -31.055 0.4000000060
21432  33.649  -51.823  -34.288 0.6000000238
23310  33.808  -49.257  -32.397 0.6000000238
123560  20.570  -60.068  -24.792 0.3000000119
24232  34.176  -48.469  -32.543 0.5000000000
25912  35.485  -46.399  -31.573 0.4000000060
16948  23.052  -56.796  -27.324 0.5000000000
15345  21.085  -58.174  -24.397 0.4000000060
15347  19.713  -59.304  -23.840 0.4000000060
139179  28.261  -53.442  -27.687 0.4000000060
19436  27.179  -53.319  -26.862 0.4000000060
13797  40.813  -60.827  -37.443 0.3000000119
13807  41.283  -59.681  -38.541 0.3000000119
18663  38.429  -54.390  -31.421 0.4000000060
19521  39.891  -53.280  -33.153 0.4000000060
19532  40.048  -53.656  -33.680 0.4000000060
19531  40.370  -53.707  -34.381 0.4000000060
20406  38.563  -52.898  -30.261 0.4000000060
19494  37.902  -53.824  -30.075 0.4000000060
134429  37.429  -53.753  -29.199 0.4000000060
19467  37.429  -53.019  -28.680 0.5000000000
18630  36.643  -54.605  -28.476 0.5000000000
18616  36.317  -54.178  -27.785 0.5000000000
21413  40.882  -52.121  -32.012 0.4000000060
19504  39.340  -53.143  -31.847 0.5000000000
18653  38.071  -54.321  -30.753 0.5000000000
138848  34.642  -56.571  -27.013 0.5000000000
20424  41.043  -52.363  -32.947 0.5000000000
20426  39.818  -52.817  -32.384 0.5000000000
20423  42.135  -52.289  -33.100 0.5000000000
19520  40.386  -53.136  -33.740 0.4000000060
20455  40.914  -52.900  -34.408 0.4000000060
123476  39.981  -54.681  -34.499 0.4000000060
18710  40.459  -54.115  -35.285 0.4000000060
17870  40.213  -55.500  -36.165 0.3000000119
17876  40.288  -55.850  -37.527 0.4000000060
22341  41.566  -50.720  -30.290 0.4000000060
21370  39.334  -51.383  -29.613 0.4000000060
22331  39.019  -50.978  -28.870 0.4000000060
21385  41.101  -51.282  -30.763 0.4000000060
21400  39.863  -51.954  -31.104 0.4000000060
21387  39.601  -51.687  -30.365 0.4000000060
139866  38.418  -52.385  -29.540 0.4000000060
21371  37.956  -52.227  -28.797 0.5000000000
20382  36.966  -52.948  -27.960 0.5000000000
21398  41.420  -51.653  -31.434 0.4000000060
21399  40.588  -51.772  -31.298 0.4000000060
20417  39.039  -53.059  -31.146 0.4000000060
21352  37.568  -51.680  -27.988 0.5000000000
144506  36.590  -52.831  -27.503 0.5000000000
19453  35.822  -53.681  -27.123 0.5000000000
18601  35.127  -54.012  -26.724 0.6000000238
19434  33.914  -53.807  -26.467 0.6000000238
17755  34.151  -55.052  -26.520 0.6000000238
22273  34.921  -50.810  -26.636 0.6000000238
142003  34.487  -52.156  -26.487 0.6000000238
142331  32.904  -54.453  -26.580 0.5000000000
20463  41.304  -52.901  -35.175 0.4000000060
18618  32.003  -54.513  -27.364 0.5000000000
19553  40.866  -53.670  -36.170 0.4000000060
19552  41.536  -53.304  -37.310 0.4000000060
123393  40.523  -54.893  -37.316 0.4000000060
22310  39.407  -50.108  -28.599 0.4000000060
22311  38.570  -50.447  -28.222 0.5000000000
22312  37.823  -50.798  -27.795 0.5000000000
22287  37.280  -50.258  -27.252 0.5000000000
20368  36.087  -52.798  -26.969 0.5000000000
22288  36.590  -50.498  -26.810 0.5000000000
20349  35.340  -52.207  -26.503 0.6000000238
23217  36.048  -49.772  -26.730 0.6000000238
22272  35.779  -50.757  -26.560 0.6000000238
12976  40.690  -61.414  -36.700 0.3000000119
14655  42.116  -59.260  -38.562 0.3000000119
17889  42.111  -55.399  -39.856 0.3000000119
23288  42.774  -49.867  -30.100 0.4000000060
23289  41.993  -50.072  -29.890 0.4000000060
23277  41.560  -49.552  -29.398 0.4000000060
22330  39.703  -50.705  -29.280 0.4000000060
23260  40.097  -49.408  -28.615 0.4000000060
23261  38.828  -49.474  -27.957 0.5000000000
144217  39.464  -49.439  -28.326 0.4000000060
23238  38.000  -49.005  -27.453 0.5000000000
20352  33.237  -52.862  -26.749 0.6000000238
134563  32.536  -54.120  -26.896 0.5000000000
23278  40.754  -49.819  -29.175 0.4000000060
21388  38.982  -52.067  -29.967 0.4000000060
16946  34.705  -55.756  -26.825 0.5000000000
17891  41.540  -55.241  -39.908 0.3000000119
22328  41.186  -50.292  -29.713 0.4000000060
21351  38.280  -51.322  -28.479 0.5000000000
20367  36.786  -52.156  -27.416 0.5000000000
21336  36.397  -51.361  -26.780 0.6000000238
25942  33.644  -46.772  -36.975 0.3000000119
12965  26.026  -61.469  -37.151 0.5000000000
12981  24.794  -61.926  -37.386 0.5000000000
12990  25.969  -61.321  -37.333 0.5000000000
12991  25.500  -61.476  -37.394 0.5000000000
12992  25.096  -61.703  -37.438 0.5000000000
13784  29.140  -60.230  -36.952 0.6999999881
13802  26.725  -61.120  -37.174 0.6000000238
13803  24.625  -61.313  -37.487 0.5000000000
13808  40.413  -60.081  -38.359 0.3000000119
13812  28.357  -60.058  -37.433 0.6000000238
13813  27.696  -60.385  -37.334 0.6000000238
13815  25.415  -61.234  -37.520 0.5000000000
14483  20.092  -59.510  -23.845 0.4000000060
14513  21.474  -58.807  -25.577 0.4000000060
14586  26.345  -59.259  -31.572 0.5000000000
14600  27.248  -59.212  -32.567 0.5000000000
14610  28.355  -59.501  -33.889 0.6999999881
14624  28.226  -59.949  -34.903 0.6999999881
14635  28.903  -60.116  -35.840 0.6999999881
14647  29.205  -60.021  -37.211 0.6999999881
14651  24.475  -60.244  -37.129 0.5000000000
14659  30.369  -59.476  -37.155 0.6999999881
14660  29.717  -59.606  -37.246 0.6999999881
14661  28.939  -59.921  -37.350 0.6000000238
15359  20.899  -59.052  -24.722 0.4000000060
15373  22.410  -58.189  -26.425 0.4000000060
15419  27.581  -58.631  -31.186 0.6000000238
15429  30.286  -58.400  -33.000 0.6999999881
15431  28.680  -58.737  -32.306 0.6000000238
15432  27.804  -58.811  -32.020 0.6000000238
15442  29.794  -58.909  -33.494 0.6999999881
15443  28.984  -59.093  -33.177 0.6999999881
15450  31.213  -58.903  -35.221 0.6999999881
15451  30.137  -59.254  -34.371 0.6999999881
15452  26.043  -58.187  -34.898 0.5000000000
15453  25.304  -58.408  -34.906 0.6000000238
15466  31.125  -59.152  -36.323 0.6999999881
15470  24.103  -58.996  -35.726 0.5000000000
15475  32.498  -57.590  -37.168 0.8000000119
15476  31.057  -59.186  -37.122 0.6999999881
15477  29.926  -58.993  -37.404 0.6999999881
15478  29.197  -58.925  -37.367 0.6999999881
15487  28.667  -59.599  -37.391 0.6999999881
16164  19.650  -57.708  -23.806 0.3000000119
16174  22.184  -56.863  -24.778 0.4000000060
16195  22.842  -57.568  -26.794 0.4000000060
16203  30.221  -57.333  -28.357 0.6000000238
16212  22.421  -57.426  -29.487 0.5000000000
16222  29.682  -57.839  -31.163 0.6000000238
16238  30.861  -58.030  -33.403 0.6999999881
16240  24.979  -57.361  -33.565 0.5000000000
16242  22.887  -57.296  -33.605 0.4000000060
16251  31.061  -58.383  -34.304 0.6999999881
16252  26.968  -57.189  -34.843 0.6000000238
16255  24.764  -58.025  -34.252 0.5000000000
16265  31.968  -58.133  -36.319 0.8000000119
16269  32.158  -58.150  -37.126 0.8999999762
16270  30.318  -57.326  -37.182 0.8000000119
16273  28.172  -58.029  -36.336 0.6000000238
16277  32.210  -57.807  -37.281 0.8000000119
16279  30.847  -58.262  -37.373 0.8000000119
16937  22.870  -56.601  -26.335 0.4000000060
16962  31.066  -56.271  -28.704 0.6000000238
16964  22.965  -56.773  -28.340 0.5000000000
16977  30.790  -56.725  -29.464 0.6000000238
16978  21.649  -56.183  -29.925 0.5000000000
16992  31.015  -56.556  -30.364 0.6000000238
16998  31.348  -56.167  -31.856 0.5000000000
17005  31.398  -56.350  -32.783 0.6999999881
17008  23.684  -56.195  -32.452 0.5000000000
17025  32.307  -56.677  -35.253 0.8000000119
17026  32.040  -56.055  -34.367 0.8000000119
17033  33.365  -56.642  -37.054 0.8000000119
17034  32.916  -57.155  -37.097 0.8000000119
17036  29.799  -56.532  -36.689 0.8000000119
17041  32.228  -57.295  -37.449 0.8000000119
17754  34.977  -54.847  -26.755 0.5000000000
17767  35.501  -55.362  -27.379 0.5000000000
17768  32.405  -55.020  -26.708 0.5000000000
17770  26.605  -54.973  -27.312 0.4000000060
17782  36.148  -55.006  -27.922 0.5000000000
17783  35.997  -55.791  -28.036 0.5000000000
17785  27.138  -55.466  -28.896 0.4000000060
17787  25.851  -55.676  -28.636 0.4000000060
17788  23.991  -55.529  -28.726 0.4000000060
17799  26.304  -55.666  -29.335 0.5000000000
17802  23.454  -55.555  -29.522 0.5000000000
17803  21.993  -55.821  -29.676 0.5000000000
17814  31.477  -55.273  -29.861 0.6000000238
17831  31.614  -55.392  -31.549 0.6999999881
17835  22.803  -55.327  -31.381 0.5000000000
17837  21.416  -55.664  -30.807 0.4000000060
17848  32.097  -54.971  -32.944 0.6000000238
17850  24.077  -55.393  -32.095 0.5000000000
17852  22.154  -55.597  -31.671 0.5000000000
17855  39.455  -54.786  -33.529 0.4000000060
17857  32.214  -55.210  -33.840 0.6000000238
17859  25.869  -55.590  -33.893 0.5000000000
17866  26.197  -55.242  -34.407 0.6999999881
17867  25.630  -54.727  -34.003 0.6999999881
17874  26.730  -55.170  -34.909 0.6999999881
17878  33.778  -55.921  -37.354 0.8000000119
17880  30.725  -55.586  -36.735 0.8000000119
17881  29.836  -55.742  -36.446 0.8000000119
17883  42.799  -55.411  -39.442 0.3000000119
17886  32.814  -56.675  -37.435 0.6999999881
17888  31.296  -56.326  -37.280 0.6999999881
18602  34.419  -54.280  -26.537 0.6000000238
18603  33.625  -54.389  -26.482 0.5000000000
18605  25.297  -54.589  -26.404 0.4000000060
18617  35.657  -54.520  -27.260 0.5000000000
18632  31.589  -54.906  -28.064 0.6000000238
18634  27.673  -54.940  -28.432 0.4000000060
18657  28.411  -54.601  -30.816 0.5000000000
18658  27.845  -55.149  -30.382 0.5000000000
18659  27.071  -55.365  -30.895 0.5000000000
18679  31.974  -54.802  -32.065 0.6999999881
18680  27.573  -54.585  -32.289 0.5000000000
18681  26.369  -54.424  -32.723 0.6000000238
18682  25.634  -54.325  -33.243 0.6000000238
18691  39.634  -53.974  -33.269 0.4000000060
18694  25.545  -54.377  -33.517 0.6999999881
18701  39.903  -54.170  -33.864 0.4000000060
18703  32.602  -54.770  -34.423 0.6000000238
18704  25.610  -53.902  -34.281 0.5000000000
18712  34.107  -54.517  -36.228 0.6999999881
18713  32.928  -55.311  -35.325 0.6999999881
18714  28.562  -54.131  -35.661 0.5000000000
18716  25.973  -54.203  -34.769 0.6999999881
18722  40.865  -54.049  -37.193 0.4000000060
18723  34.793  -54.823  -37.492 0.6000000238
18725  33.606  -55.312  -37.762 0.6999999881
18729  29.040  -55.035  -35.881 0.6000000238
18735  35.107  -54.812  -37.997 0.6999999881
19418  24.373  -53.409  -25.496 0.4000000060
19432  35.265  -53.178  -26.610 0.6000000238
19433  34.533  -53.542  -26.500 0.6000000238
19435  33.189  -53.703  -26.629 0.6000000238
19438  25.667  -53.742  -26.129 0.4000000060
19452  36.478  -53.383  -27.617 0.5000000000
19454  32.683  -53.315  -27.032 0.6999999881
19455  28.837  -53.094  -28.056 0.3000000119
19456  27.622  -53.821  -27.349 0.4000000060
19457  26.969  -54.211  -26.922 0.4000000060
19468  36.911  -53.752  -28.404 0.5000000000
19484  28.810  -53.777  -29.626 0.3000000119
19493  38.492  -53.708  -30.870 0.5000000000
19495  32.448  -53.112  -30.409 0.6000000238
19505  38.920  -53.722  -31.656 0.4000000060
19506  32.440  -53.406  -31.848 0.6999999881
19508  28.992  -53.691  -31.659 0.5000000000
19511  39.384  -53.661  -32.472 0.5000000000
19512  32.514  -53.330  -32.689 0.6000000238
19514  28.104  -54.102  -32.833 0.5000000000
19522  32.961  -53.133  -34.008 0.6000000238
19525  26.188  -52.808  -34.307 0.5000000000
19533  33.480  -53.587  -34.991 0.6000000238
19542  40.853  -53.322  -35.232 0.4000000060
19546  27.617  -53.405  -35.572 0.4000000060
19547  26.258  -52.852  -35.378 0.4000000060
19556  32.810  -54.267  -37.560 0.6000000238
19558  30.701  -53.501  -36.149 0.5000000000
19560  26.053  -51.907  -35.222 0.4000000060
20333  23.260  -52.704  -25.258 0.4000000060
20348  36.097  -52.023  -26.765 0.6000000238
20350  34.573  -52.794  -26.467 0.6000000238
20351  33.882  -52.465  -26.569 0.6000000238
20355  26.709  -52.745  -26.667 0.4000000060
20369  33.317  -52.104  -26.904 0.6999999881
20372  28.525  -52.656  -27.440 0.4000000060
20381  37.355  -52.412  -28.182 0.5000000000
20383  32.551  -52.380  -28.088 0.6999999881
20384  29.245  -52.698  -28.650 0.4000000060
20393  38.670  -51.733  -29.211 0.4000000060
20394  37.941  -53.012  -29.434 0.4000000060
20395  32.550  -52.373  -29.121 0.6000000238
20405  39.268  -52.341  -30.749 0.4000000060
20415  40.149  -52.259  -31.817 0.4000000060
20416  39.570  -52.562  -31.527 0.4000000060
20419  29.526  -52.555  -31.264 0.4000000060
20420  29.299  -53.130  -31.921 0.4000000060
20425  40.411  -52.441  -32.469 0.5000000000
20430  29.110  -52.915  -32.788 0.4000000060
20440  40.792  -52.711  -33.628 0.4000000060
20441  40.339  -52.742  -33.102 0.4000000060
20443  32.730  -52.838  -33.189 0.6999999881
20465  33.919  -52.964  -35.264 0.6000000238
20468  27.788  -51.702  -35.599 0.3000000119
20470  25.745  -51.742  -34.975 0.5000000000
20476  35.951  -52.625  -37.666 0.6000000238
20481  30.021  -52.792  -35.803 0.4000000060
20482  26.768  -51.391  -35.369 0.3000000119
20487  35.591  -52.700  -38.556 0.5000000000
20490  36.230  -51.693  -38.578 0.6000000238
21317  35.800  -51.550  -26.576 0.6000000238
21318  35.329  -51.379  -26.521 0.6000000238
21319  34.697  -51.544  -26.526 0.6000000238
21337  34.152  -51.002  -26.799 0.6999999881
21338  33.475  -51.345  -27.161 0.6999999881
21374  29.999  -51.334  -30.166 0.4000000060
21384  41.938  -51.166  -30.870 0.4000000060
21386  40.302  -51.446  -30.606 0.4000000060
21390  32.679  -51.722  -30.466 0.6999999881
21401  32.921  -51.160  -31.759 0.6999999881
21402  32.697  -51.788  -31.255 0.8000000119
21416  29.581  -51.618  -32.157 0.4000000060
21426  27.812  -51.877  -34.349 0.4000000060
21427  26.391  -51.855  -34.660 0.5000000000
21434  26.075  -51.462  -35.062 0.3000000119
21435  34.729  -51.976  -35.780 0.6999999881
21436  30.265  -51.278  -35.642 0.3000000119
21437  29.358  -51.139  -35.616 0.3000000119
21439  26.806  -50.933  -35.078 0.4000000060
21442  35.335  -52.555  -36.625 0.6000000238
21444  31.183  -51.063  -35.709 0.4000000060
21446  28.507  -50.593  -35.489 0.3000000119
21447  27.761  -50.857  -35.484 0.3000000119
21448  27.082  -50.815  -35.219 0.3000000119
21449  36.333  -52.030  -38.057 0.6000000238
21450  35.054  -52.001  -38.532 0.5000000000
22286  37.996  -49.914  -27.640 0.5000000000
22289  35.199  -50.064  -26.828 0.6000000238
22291  33.701  -50.573  -27.463 0.6999999881
22313  33.485  -50.191  -28.460 0.6999999881
22329  40.414  -50.508  -29.547 0.4000000060
22340  42.369  -50.543  -30.442 0.4000000060
22342  40.761  -50.901  -30.139 0.4000000060
22343  40.005  -51.103  -29.938 0.4000000060
22345  30.080  -50.695  -30.724 0.3000000119
22361  33.297  -50.601  -32.330 0.6999999881
22363  29.164  -50.993  -33.478 0.4000000060
22368  33.591  -50.515  -33.197 0.6000000238
22371  27.816  -50.932  -34.547 0.4000000060
22372  34.288  -50.566  -34.800 0.6000000238
22374  27.958  -49.874  -34.995 0.3000000119
22379  31.364  -50.330  -35.554 0.4000000060
22382  27.994  -49.920  -35.058 0.4000000060
22383  27.510  -50.299  -35.060 0.3000000119
22385  36.334  -51.227  -37.481 0.6000000238
22388  31.857  -50.809  -35.835 0.4000000060
22390  36.669  -51.088  -38.525 0.6000000238
22391  35.090  -51.322  -38.449 0.6000000238
22393  36.560  -51.262  -38.768 0.6000000238
23239  37.313  -49.431  -27.230 0.6000000238
23242  33.968  -49.912  -27.669 0.6999999881
23276  42.370  -49.378  -29.617 0.4000000060
23279  40.084  -50.132  -29.034 0.4000000060
23281  33.649  -49.532  -29.254 0.6999999881
23290  33.761  -49.062  -30.697 0.6999999881
23291  33.494  -49.657  -30.206 0.6999999881
23301  33.732  -49.174  -31.528 0.6000000238
23304  30.144  -49.333  -32.015 0.3000000119
23316  28.859  -49.789  -34.536 0.4000000060
23318  31.256  -48.505  -34.730 0.3000000119
23320  29.257  -49.616  -34.693 0.4000000060
23326  29.537  -49.839  -35.149 0.4000000060
23335  37.283  -50.434  -39.010 0.6000000238
24184  35.064  -48.798  -27.559 0.6000000238
24196  40.811  -47.837  -28.369 0.5000000000
24197  39.514  -48.727  -28.046 0.4000000060
24206  43.464  -48.475  -29.588 0.4000000060
24234  34.372  -48.441  -33.362 0.4000000060
24235  29.885  -48.597  -33.406 0.3000000119
24236  35.058  -47.694  -34.655 0.5000000000
24237  34.674  -48.596  -34.324 0.4000000060
24241  35.025  -49.021  -35.217 0.6000000238
24242  32.388  -48.501  -35.680 0.3000000119
24246  33.510  -48.698  -36.852 0.4000000060
24248  38.652  -47.546  -39.453 0.4000000060
24253  38.172  -48.292  -39.289 0.5000000000
24255  38.709  -47.358  -39.665 0.4000000060
25035  39.567  -46.942  -27.688 0.5000000000
25054  40.333  -47.164  -27.959 0.5000000000
25056  36.492  -46.939  -27.749 0.6000000238
25058  34.848  -47.866  -28.836 0.6999999881
25065  35.199  -47.230  -29.321 0.6000000238
25066  34.636  -47.778  -29.828 0.6999999881
25096  31.305  -47.617  -34.564 0.4000000060
25098  30.245  -46.780  -33.583 0.3000000119
25101  31.895  -47.169  -35.015 0.3000000119
25113  38.795  -46.927  -39.856 0.4000000060
25863  38.934  -46.493  -27.715 0.6000000238
25864  38.136  -46.481  -27.711 0.6000000238
25884  37.483  -46.217  -27.950 0.6000000238
25896  35.581  -46.648  -29.774 0.6000000238
25907  36.071  -46.128  -30.125 0.5000000000
25916  36.037  -45.870  -31.827 0.4000000060
25936  32.390  -46.709  -35.592 0.3000000119
25944  38.767  -46.829  -39.323 0.4000000060
25949  38.821  -46.418  -39.816 0.4000000060
25952  38.414  -46.076  -39.870 0.4000000060
26707  37.276  -45.843  -28.617 0.6000000238
26722  36.667  -45.876  -29.454 0.6000000238
26771  35.746  -45.884  -35.038 0.4000000060
26781  30.566  -45.138  -34.565 0.4000000060
27622  39.799  -45.092  -28.701 0.5000000000
27702  30.496  -44.318  -35.046 0.4000000060
27710  33.425  -44.664  -36.949 0.4000000060
27720  34.227  -43.984  -37.448 0.4000000060
28632  30.917  -43.933  -35.661 0.4000000060
29616  33.088  -42.366  -36.559 0.4000000060
122125  33.850  -42.903  -37.058 0.4000000060
122626  21.275  -57.167  -24.307 0.5000000000
123187  24.168  -55.266  -31.510 0.5000000000
123322  25.927  -53.451  -35.145 0.4000000060
123648  33.760  -55.906  -26.489 0.6000000238
123691  36.564  -49.125  -27.044 0.6000000238
123901  37.102  -51.129  -27.277 0.5000000000
124397  26.779  -60.905  -37.297 0.5000000000
124817  19.197  -58.490  -23.883 0.3000000119
125063  32.015  -51.564  -36.144 0.4000000060
125454  37.645  -49.476  -38.577 0.5000000000
125732  31.638  -58.742  -36.948 0.8000000119
126508  30.218  -47.702  -33.766 0.3000000119
126760  28.419  -58.949  -37.189 0.6000000238
126889  22.579  -55.565  -29.917 0.5000000000
127163  24.546  -52.122  -25.849 0.4000000060
128038  36.750  -49.792  -26.932 0.5000000000
128539  37.866  -49.585  -38.999 0.5000000000
128848  35.862  -48.946  -27.106 0.6000000238
129306  32.502  -53.077  -31.096 0.6000000238
129679  32.401  -53.060  -29.557 0.6000000238
129908  32.242  -53.237  -36.848 0.5000000000
130205  29.648  -51.958  -28.619 0.4000000060
130326  28.545  -49.789  -35.046 0.4000000060
130943  30.662  -57.351  -31.702 0.6000000238
130969  25.079  -59.980  -37.206 0.5000000000
130996  35.207  -48.039  -27.927 0.6000000238
131440  23.227  -55.792  -27.564 0.5000000000
131670  26.386  -59.819  -37.325 0.5000000000
131890  23.059  -51.597  -25.781 0.4000000060
132019  23.558  -55.569  -27.672 0.4000000060
132200  29.739  -51.974  -30.632 0.4000000060
132456  28.106  -52.688  -35.623 0.4000000060
133035  32.270  -53.767  -27.502 0.5000000000
133040  37.547  -48.652  -39.437 0.6000000238
133590  26.314  -56.497  -34.200 0.5000000000
133603  33.869  -53.185  -26.503 0.6000000238
133655  24.032  -58.118  -34.446 0.4000000060
133969  28.865  -59.733  -34.701 0.6999999881
134193  22.947  -52.137  -25.367 0.4000000060
135058  35.225  -53.482  -38.496 0.5000000000
135348  31.556  -55.276  -30.726 0.6000000238
135472  21.557  -55.655  -31.336 0.5000000000
135680  33.232  -55.099  -26.445 0.5000000000
135695  31.566  -43.093  -36.389 0.5000000000
135707  22.574  -55.317  -30.702 0.5000000000
136260  36.839  -46.364  -28.031 0.6000000238
136329  32.789  -56.828  -36.313 0.8000000119
137254  35.149  -47.514  -38.247 0.4000000060
137377  32.093  -53.646  -28.948 0.6000000238
137522  32.562  -52.405  -30.025 0.6999999881
137791  29.237  -49.598  -34.542 0.4000000060
137863  24.345  -55.397  -30.583 0.5000000000
138959  26.178  -55.492  -27.894 0.4000000060
139476  21.892  -58.634  -26.217 0.5000000000
139682  30.018  -58.214  -32.309 0.6999999881
140088  40.403  -61.123  -37.376 0.3000000119
140494  36.347  -47.910  -39.078 0.6000000238
140530  35.988  -52.521  -38.523 0.5000000000
140579  19.926  -58.463  -23.712 0.4000000060
140811  35.928  -46.975  -28.014 0.6000000238
141178  27.257  -51.076  -35.441 0.3000000119
141212  34.392  -46.866  -37.625 0.4000000060
142127  31.335  -55.849  -30.330 0.6000000238
142418  28.746  -54.081  -30.328 0.4000000060
142803  34.002  -48.629  -31.885 0.5000000000
143393  32.159  -53.501  -28.172 0.6999999881
143657  25.268  -54.654  -33.124 0.6999999881
144687  34.237  -56.274  -26.676 0.5000000000
144876  26.603  -59.305  -32.259 0.5000000000
145009  34.052  -49.013  -33.063 0.4000000060
145217  34.476  -48.998  -27.846 0.6000000238
145240  28.499  -53.714  -28.260 0.4000000060
145586  33.334  -50.953  -32.844 0.6000000238
145823  34.096  -55.511  -37.714 0.6999999881
145834  26.496  -58.409  -35.514 0.6000000238
145865  22.698  -57.111  -28.937 0.5000000000
146154  30.477  -51.928  -35.753 0.4000000060
146406  30.706  -56.994  -30.687 0.6000000238
