#!ascii label  , from subject sub-v1s10x0051072_ses-1 vox2ras=TkReg
1038
33134  -8.767  -38.539  20.051 0.0000000000
124253  -29.397  -26.652  12.451 0.0000000000
49708  -28.156  -21.247  10.459 0.0000000000
41056  -25.493  -29.563  13.939 0.0000000000
113493  -35.224  -8.841  2.090 0.0000000000
53216  -32.162  -16.024  4.488 0.0000000000
45173  -30.543  -26.512  17.104 0.0000000000
40217  -28.023  -29.849  12.973 0.0000000000
112581  -40.713  -5.722  5.690 0.0000000000
62460  -44.393  -5.856  3.300 0.0000000000
66618  -45.562  -1.979  2.171 0.0000000000
54002  -31.937  -16.613  11.340 0.0000000000
116562  -29.535  -18.444  5.895 0.0000000000
53166  -34.531  -15.248  8.202 0.0000000000
54853  -37.364  -14.008  6.586 0.0000000000
39318  -18.102  -31.552  14.670 0.0000000000
31195  -6.037  -41.419  23.194 0.0000000000
47935  -30.355  -24.406  12.034 0.0000000000
52248  -31.534  -19.480  14.949 0.0000000000
41963  -20.369  -30.370  10.885 0.0000000000
41992  -24.448  -30.124  8.204 0.0000000000
65803  -43.463  -2.131  -3.984 0.0000000000
69000  -46.306  1.795  -1.162 0.0000000000
130803  -33.844  -13.859  2.958 0.0000000000
59070  -38.655  -9.944  6.640 0.0000000000
35775  -10.885  -36.681  17.763 0.0000000000
125984  -2.324  -42.265  18.757 0.0000000000
119608  -42.774  -5.246  4.466 0.0000000000
53152  -33.711  -15.860  9.842 0.0000000000
39331  -16.724  -32.072  12.571 0.0000000000
32189  -7.379  -40.130  21.435 0.0000000000
117128  -29.326  -26.072  8.392 0.0000000000
46060  -30.171  -25.474  12.566 0.0000000000
42777  -22.988  -29.107  13.073 0.0000000000
42815  -22.685  -29.176  9.505 0.0000000000
41951  -25.421  -29.089  12.113 0.0000000000
112129  -28.770  -28.153  12.877 0.0000000000
41126  -27.272  -29.349  9.986 0.0000000000
42809  -27.982  -28.267  10.272 0.0000000000
41031  -23.772  -30.709  16.104 0.0000000000
41041  -21.311  -30.601  15.108 0.0000000000
62510  -40.917  -5.563  -1.176 0.0000000000
64943  -42.796  -3.153  -2.728 0.0000000000
67467  -45.807  0.358  0.408 0.0000000000
52343  -30.851  -17.473  4.596 0.0000000000
54899  -32.600  -14.923  2.794 0.0000000000
57440  -38.499  -12.678  5.903 0.0000000000
38387  -14.018  -33.231  15.726 0.0000000000
37475  -12.893  -34.264  18.037 0.0000000000
36592  -11.837  -35.476  18.877 0.0000000000
36620  -11.810  -35.724  15.764 0.0000000000
121027  -3.927  -41.865  18.856 0.0000000000
118780  -29.803  -26.702  13.874 0.0000000000
115021  -30.760  -24.945  14.266 0.0000000000
46931  -31.236  -23.273  17.131 0.0000000000
39307  -27.690  -30.894  16.051 0.0000000000
109662  -27.014  -29.801  13.650 0.0000000000
41045  -29.254  -30.501  16.160 0.0000000000
116086  -30.026  -28.697  15.636 0.0000000000
61555  -37.532  -7.597  4.584 0.0000000000
61582  -39.845  -6.188  2.586 0.0000000000
61596  -41.915  -5.921  1.825 0.0000000000
63350  -42.471  -5.412  1.043 0.0000000000
64928  -42.735  -3.770  -0.283 0.0000000000
64914  -45.088  -3.532  2.878 0.0000000000
52261  -30.066  -18.385  11.127 0.0000000000
51468  -28.393  -19.342  7.799 0.0000000000
52293  -30.396  -17.195  8.662 0.0000000000
115292  -31.848  -16.296  7.552 0.0000000000
125290  -33.253  -15.655  6.626 0.0000000000
113075  -34.167  -15.101  5.237 0.0000000000
54043  -35.784  -14.696  7.241 0.0000000000
39280  -17.448  -31.886  15.565 0.0000000000
39301  -15.056  -32.446  14.456 0.0000000000
68282  -47.944  1.215  -4.734 0.0000000000
31181  -3.790  -41.652  23.502 0.0000000000
47027  -28.839  -24.924  8.644 0.0000000000
48767  -29.524  -23.251  11.182 0.0000000000
47905  -31.442  -23.666  14.752 0.0000000000
49683  -30.971  -22.409  13.736 0.0000000000
51426  -30.065  -19.759  12.577 0.0000000000
119165  -30.986  -18.058  13.360 0.0000000000
41104  -26.141  -29.583  10.601 0.0000000000
40150  -20.245  -30.922  16.429 0.0000000000
40200  -19.072  -30.924  13.607 0.0000000000
67464  -43.482  -0.965  -0.912 0.0000000000
67483  -44.447  0.163  -2.240 0.0000000000
68275  -46.475  1.399  -3.593 0.0000000000
69004  -47.644  2.546  -2.377 0.0000000000
34077  -8.098  -39.091  16.626 0.0000000000
33141  -6.972  -40.089  18.465 0.0000000000
58342  -34.130  -11.179  2.100 0.0000000000
55665  -36.139  -14.346  4.724 0.0000000000
58336  -36.874  -11.791  4.709 0.0000000000
59888  -36.875  -9.162  4.603 0.0000000000
61530  -39.057  -7.437  7.074 0.0000000000
34940  -9.897  -37.669  18.939 0.0000000000
32187  -6.170  -40.877  20.068 0.0000000000
31222  -3.922  -42.109  21.540 0.0000000000
130242  -1.710  -41.661  21.923 0.0000000000
33123  -7.855  -39.542  21.018 0.0000000000
43612  -28.612  -27.328  10.725 0.0000000000
109967  -29.365  -26.386  11.775 0.0000000000
129555  -29.575  -26.202  12.234 0.0000000000
126192  -24.157  -29.464  14.040 0.0000000000
42786  -23.845  -28.849  12.424 0.0000000000
41937  -25.580  -29.333  12.835 0.0000000000
43599  -28.921  -27.439  12.202 0.0000000000
42810  -28.385  -28.113  11.218 0.0000000000
43605  -28.366  -27.848  10.764 0.0000000000
43611  -28.192  -27.768  9.914 0.0000000000
109041  -26.041  -30.612  16.315 0.0000000000
39285  -26.138  -30.972  17.003 0.0000000000
121472  -24.336  -30.187  15.335 0.0000000000
41904  -23.690  -29.882  14.673 0.0000000000
64166  -42.566  -3.932  -2.553 0.0000000000
48776  -28.015  -22.805  9.532 0.0000000000
49733  -27.486  -21.618  8.306 0.0000000000
53203  -31.717  -16.444  4.461 0.0000000000
52357  -31.292  -17.234  3.468 0.0000000000
54080  -32.408  -15.584  3.986 0.0000000000
38386  -13.450  -33.933  15.385 0.0000000000
37488  -13.637  -33.491  17.557 0.0000000000
37497  -12.854  -34.592  15.685 0.0000000000
37486  -12.318  -35.130  16.373 0.0000000000
36630  -12.001  -35.841  14.773 0.0000000000
112783  -30.551  -26.501  15.655 0.0000000000
45180  -30.826  -25.359  15.693 0.0000000000
46019  -30.667  -25.373  16.405 0.0000000000
40156  -28.892  -31.228  17.087 0.0000000000
39321  -27.975  -31.015  15.296 0.0000000000
112119  -29.648  -30.561  17.177 0.0000000000
44350  -31.003  -27.526  17.858 0.0000000000
43574  -30.876  -28.605  17.052 0.0000000000
43573  -30.585  -28.050  16.169 0.0000000000
131084  -29.783  -27.457  14.453 0.0000000000
62424  -38.870  -6.569  4.913 0.0000000000
62454  -38.432  -6.565  3.469 0.0000000000
62440  -40.592  -6.093  4.184 0.0000000000
115095  -43.770  -5.857  3.723 0.0000000000
126659  -42.502  -6.214  3.008 0.0000000000
61586  -42.872  -6.286  2.646 0.0000000000
62491  -42.366  -5.742  1.569 0.0000000000
63345  -43.537  -5.604  2.352 0.0000000000
63351  -43.235  -5.166  1.658 0.0000000000
115517  -44.572  -4.918  2.883 0.0000000000
120230  -30.662  -17.589  10.918 0.0000000000
52281  -29.779  -18.113  10.196 0.0000000000
53150  -30.997  -16.985  10.011 0.0000000000
53159  -34.180  -15.467  9.347 0.0000000000
130757  -32.108  -16.205  7.997 0.0000000000
125280  -33.263  -15.759  7.893 0.0000000000
53172  -32.130  -16.195  6.980 0.0000000000
53174  -33.818  -15.516  7.764 0.0000000000
53185  -34.454  -15.195  7.086 0.0000000000
54034  -35.194  -14.943  8.018 0.0000000000
39282  -18.850  -31.395  16.255 0.0000000000
39256  -18.554  -31.604  16.516 0.0000000000
39304  -17.722  -31.705  15.046 0.0000000000
119854  -16.394  -31.933  14.058 0.0000000000
69021  -48.763  2.077  -3.832 0.0000000000
69022  -49.751  2.017  -4.015 0.0000000000
30247  -5.172  -41.746  23.918 0.0000000000
113401  -29.416  -24.970  11.032 0.0000000000
125557  -29.073  -25.229  9.861 0.0000000000
47942  -29.382  -24.248  10.770 0.0000000000
47941  -29.230  -24.005  9.925 0.0000000000
48768  -30.108  -23.562  11.834 0.0000000000
46954  -31.577  -23.445  15.650 0.0000000000
46044  -31.118  -24.231  14.458 0.0000000000
114209  -31.763  -22.891  15.738 0.0000000000
50541  -31.781  -20.856  16.038 0.0000000000
49665  -31.473  -21.708  14.951 0.0000000000
113126  -31.358  -20.829  14.911 0.0000000000
50566  -30.713  -21.366  13.602 0.0000000000
51417  -30.671  -19.576  13.633 0.0000000000
51427  -30.393  -19.056  12.701 0.0000000000
131317  -31.226  -19.008  14.435 0.0000000000
131319  -23.502  -29.004  9.222 0.0000000000
40202  -27.432  -29.756  13.127 0.0000000000
41087  -26.342  -29.400  12.029 0.0000000000
40225  -27.023  -29.469  11.176 0.0000000000
41137  -26.695  -29.954  8.610 0.0000000000
40136  -22.095  -31.144  17.076 0.0000000000
129122  -21.084  -30.221  13.681 0.0000000000
124901  -20.711  -30.364  14.249 0.0000000000
41068  -19.783  -30.718  12.742 0.0000000000
41084  -18.905  -31.395  11.135 0.0000000000
65764  -43.999  -2.677  0.850 0.0000000000
65771  -43.564  -2.222  0.196 0.0000000000
66627  -44.374  -1.811  0.816 0.0000000000
68251  -46.092  1.082  -0.269 0.0000000000
68250  -45.639  0.717  -0.520 0.0000000000
68257  -45.868  1.320  -1.169 0.0000000000
68263  -45.170  0.714  -2.653 0.0000000000
68265  -46.200  1.573  -2.021 0.0000000000
69010  -47.246  2.272  -2.918 0.0000000000
69003  -46.953  2.244  -1.842 0.0000000000
51469  -28.976  -18.671  7.303 0.0000000000
50632  -27.612  -20.162  6.309 0.0000000000
56538  -33.581  -13.007  0.813 0.0000000000
56530  -33.946  -13.088  2.409 0.0000000000
54070  -35.670  -14.660  5.842 0.0000000000
54083  -35.239  -14.744  5.226 0.0000000000
54886  -36.567  -14.415  5.297 0.0000000000
58308  -38.363  -11.152  6.119 0.0000000000
57438  -37.467  -12.114  5.157 0.0000000000
59095  -37.868  -10.691  5.824 0.0000000000
58320  -36.848  -10.911  4.777 0.0000000000
59080  -37.718  -9.969  5.726 0.0000000000
60663  -37.988  -8.478  5.797 0.0000000000
118451  -39.013  -8.947  7.038 0.0000000000
35776  -11.499  -36.090  18.214 0.0000000000
35766  -10.852  -36.606  18.705 0.0000000000
34941  -10.295  -37.091  19.235 0.0000000000
35774  -10.370  -37.171  18.337 0.0000000000
34970  -9.537  -37.858  16.745 0.0000000000
35795  -10.127  -37.312  16.131 0.0000000000
32222  -6.160  -40.445  17.837 0.0000000000
32209  -6.410  -40.560  19.108 0.0000000000
32208  -5.573  -41.020  18.226 0.0000000000
129173  -3.178  -42.075  19.052 0.0000000000
117297  -3.816  -42.087  19.923 0.0000000000
31258  -2.835  -42.191  19.803 0.0000000000
31221  -3.066  -42.156  21.647 0.0000000000
31238  -1.586  -42.093  20.450 0.0000000000
41875  -30.568  -29.620  18.193 0.0000000000
111866  -41.884  -5.163  6.475 0.0000000000
62427  -41.501  -5.639  4.785 0.0000000000
63299  -43.205  -4.726  5.706 0.0000000000
54014  -32.646  -16.416  10.765 0.0000000000
40198  -17.941  -31.556  12.634 0.0000000000
39317  -17.588  -31.785  14.265 0.0000000000
32169  -7.691  -40.106  23.277 0.0000000000
31227  -7.082  -40.644  22.523 0.0000000000
44403  -29.034  -26.549  8.721 0.0000000000
127200  -29.261  -26.042  11.173 0.0000000000
47004  -30.385  -24.844  12.216 0.0000000000
53096  -31.705  -17.864  15.244 0.0000000000
41933  -21.133  -29.722  12.279 0.0000000000
42794  -21.642  -29.253  10.640 0.0000000000
42795  -22.498  -28.888  10.951 0.0000000000
42807  -23.302  -28.804  10.120 0.0000000000
41965  -25.138  -29.426  10.170 0.0000000000
41090  -28.452  -29.162  12.855 0.0000000000
41107  -27.354  -29.208  11.011 0.0000000000
41953  -28.349  -28.918  11.958 0.0000000000
41982  -27.720  -28.702  10.113 0.0000000000
117248  -27.615  -28.788  6.921 0.0000000000
109614  -24.147  -30.983  17.011 0.0000000000
40151  -22.072  -30.948  16.360 0.0000000000
41043  -23.203  -30.448  15.416 0.0000000000
41919  -22.229  -29.676  13.635 0.0000000000
130532  -40.260  -6.170  -0.327 0.0000000000
65796  -43.320  -2.768  -3.416 0.0000000000
66620  -46.611  -1.142  2.717 0.0000000000
66629  -45.803  -1.046  1.773 0.0000000000
128925  -30.668  -17.371  5.401 0.0000000000
126701  -32.325  -15.181  1.686 0.0000000000
55674  -33.474  -14.281  3.012 0.0000000000
55645  -38.720  -13.331  7.008 0.0000000000
112290  -37.922  -13.653  6.160 0.0000000000
57415  -39.524  -12.611  7.407 0.0000000000
38373  -15.175  -32.458  17.017 0.0000000000
38350  -14.482  -32.804  17.571 0.0000000000
37460  -13.065  -34.117  19.134 0.0000000000
36603  -12.393  -34.905  18.544 0.0000000000
128185  -11.846  -35.745  17.602 0.0000000000
36619  -11.224  -36.183  16.169 0.0000000000
35814  -10.194  -37.544  15.034 0.0000000000
125646  -10.927  -37.190  14.346 0.0000000000
44372  -29.607  -26.654  13.378 0.0000000000
45203  -30.131  -25.811  13.287 0.0000000000
45191  -30.614  -25.477  14.256 0.0000000000
46021  -31.318  -23.933  15.904 0.0000000000
40171  -26.598  -30.428  15.354 0.0000000000
126183  -26.212  -29.622  13.732 0.0000000000
108990  -27.154  -30.386  14.729 0.0000000000
40187  -27.918  -30.468  14.471 0.0000000000
41072  -28.431  -30.041  14.236 0.0000000000
41883  -30.095  -29.989  17.097 0.0000000000
41906  -29.501  -29.400  15.480 0.0000000000
41938  -28.594  -29.337  13.861 0.0000000000
42778  -29.246  -28.097  14.211 0.0000000000
114272  -29.248  -27.337  13.405 0.0000000000
39287  -27.520  -31.163  16.609 0.0000000000
60689  -36.570  -7.988  3.624 0.0000000000
61592  -35.886  -7.800  1.725 0.0000000000
61569  -36.736  -7.171  3.065 0.0000000000
62467  -38.373  -6.551  2.232 0.0000000000
62478  -39.542  -6.386  1.313 0.0000000000
61557  -41.381  -5.997  3.571 0.0000000000
61583  -40.798  -6.026  2.514 0.0000000000
61605  -40.444  -6.169  1.267 0.0000000000
62489  -41.132  -6.012  0.377 0.0000000000
62501  -41.484  -5.393  -0.294 0.0000000000
63357  -42.056  -4.889  -0.065 0.0000000000
64156  -42.120  -4.258  -0.816 0.0000000000
64147  -42.641  -4.483  0.185 0.0000000000
64922  -43.896  -3.571  1.242 0.0000000000
65757  -45.341  -2.857  2.548 0.0000000000
64132  -45.264  -3.668  3.990 0.0000000000
65759  -46.465  -1.915  3.110 0.0000000000
51443  -29.080  -19.434  10.513 0.0000000000
122813  -28.225  -20.054  9.173 0.0000000000
51454  -29.408  -18.580  9.917 0.0000000000
51463  -29.349  -18.203  8.892 0.0000000000
124229  -30.112  -17.420  7.728 0.0000000000
53157  -31.928  -16.426  9.461 0.0000000000
52294  -31.208  -16.672  8.014 0.0000000000
52321  -30.688  -17.032  6.692 0.0000000000
52322  -31.356  -16.602  6.441 0.0000000000
53182  -32.020  -16.285  6.154 0.0000000000
53204  -32.371  -16.025  5.175 0.0000000000
54067  -32.829  -15.640  4.932 0.0000000000
53193  -33.561  -15.507  6.079 0.0000000000
113618  -35.033  -14.948  6.155 0.0000000000
54044  -36.328  -14.518  7.010 0.0000000000
54036  -37.017  -14.329  7.842 0.0000000000
112749  -37.848  -14.009  7.914 0.0000000000
38390  -17.127  -32.094  16.467 0.0000000000
39303  -17.062  -31.922  14.710 0.0000000000
39279  -16.621  -32.105  15.473 0.0000000000
38389  -15.987  -32.304  16.257 0.0000000000
39277  -14.583  -32.816  15.064 0.0000000000
127887  -28.677  -23.114  10.038 0.0000000000
49709  -28.673  -21.807  11.275 0.0000000000
114154  -30.455  -25.433  13.559 0.0000000000
46992  -30.620  -24.962  12.931 0.0000000000
47914  -31.057  -23.933  13.493 0.0000000000
127546  -31.416  -22.659  14.484 0.0000000000
48757  -30.568  -23.525  12.516 0.0000000000
49696  -30.306  -22.837  12.504 0.0000000000
49695  -29.874  -21.727  12.436 0.0000000000
50586  -28.713  -20.535  11.057 0.0000000000
131401  -29.792  -19.248  11.779 0.0000000000
52262  -30.450  -18.230  11.782 0.0000000000
53988  -31.645  -16.924  12.197 0.0000000000
53940  -31.961  -17.077  14.950 0.0000000000
53971  -32.387  -16.619  13.704 0.0000000000
41069  -25.955  -29.326  12.407 0.0000000000
41966  -25.826  -29.468  10.866 0.0000000000
41980  -25.744  -29.826  9.729 0.0000000000
41106  -26.960  -29.606  9.976 0.0000000000
41124  -25.991  -30.128  8.749 0.0000000000
39284  -20.676  -31.168  17.138 0.0000000000
39306  -19.233  -31.105  15.994 0.0000000000
40168  -21.484  -30.860  15.976 0.0000000000
40184  -20.148  -30.474  15.073 0.0000000000
40182  -18.545  -31.306  14.224 0.0000000000
40213  -18.474  -31.440  12.131 0.0000000000
64938  -42.363  -3.485  -1.325 0.0000000000
66645  -42.624  -2.203  -2.261 0.0000000000
66653  -43.055  -1.156  -2.654 0.0000000000
67466  -45.139  -0.053  0.027 0.0000000000
67473  -43.690  -0.489  -1.759 0.0000000000
67493  -43.381  -0.687  -3.545 0.0000000000
68279  -44.265  0.084  -4.394 0.0000000000
68280  -45.138  0.510  -4.431 0.0000000000
68288  -45.663  0.288  -5.249 0.0000000000
110421  -47.115  1.224  -4.280 0.0000000000
69020  -47.914  2.128  -3.606 0.0000000000
34052  -8.374  -38.931  18.479 0.0000000000
116014  -7.630  -39.463  19.461 0.0000000000
33153  -7.456  -39.723  18.059 0.0000000000
50621  -27.262  -20.887  6.857 0.0000000000
59120  -34.600  -10.316  2.379 0.0000000000
54081  -33.507  -15.151  4.681 0.0000000000
54901  -34.159  -14.322  3.882 0.0000000000
55675  -34.781  -13.970  3.771 0.0000000000
56520  -37.365  -13.598  4.932 0.0000000000
56519  -36.469  -13.545  4.488 0.0000000000
56518  -35.442  -13.174  3.692 0.0000000000
57452  -35.396  -11.911  3.406 0.0000000000
59108  -35.904  -10.377  3.849 0.0000000000
59900  -35.744  -9.541  3.483 0.0000000000
60673  -36.967  -8.249  4.300 0.0000000000
61545  -38.328  -7.297  5.607 0.0000000000
62414  -39.223  -6.542  6.497 0.0000000000
33124  -9.183  -38.368  20.788 0.0000000000
34043  -9.723  -37.825  20.548 0.0000000000
34054  -9.354  -38.090  19.487 0.0000000000
112275  -8.859  -38.560  18.278 0.0000000000
34968  -8.600  -38.738  15.744 0.0000000000
33132  -7.413  -39.754  20.198 0.0000000000
130179  -6.527  -40.779  20.759 0.0000000000
31225  -6.036  -41.384  21.793 0.0000000000
31259  -4.826  -41.389  18.754 0.0000000000
31242  -5.179  -41.714  20.705 0.0000000000
30278  -5.119  -41.860  22.072 0.0000000000
30276  -3.822  -42.043  22.212 0.0000000000
31206  -2.874  -41.779  22.979 0.0000000000
125332  -1.140  -42.289  18.520 0.0000000000
31237  -0.919  -42.011  20.252 0.0000000000
122053  -8.550  -38.881  20.903 0.0000000000
33133  -8.031  -39.169  20.201 0.0000000000
44382  -28.996  -27.114  11.827 0.0000000000
44383  -29.266  -26.737  11.976 0.0000000000
41905  -24.714  -29.683  14.467 0.0000000000
121330  -24.899  -29.359  13.574 0.0000000000
43600  -29.208  -27.016  12.534 0.0000000000
115319  -28.657  -27.625  11.490 0.0000000000
40170  -25.881  -30.279  15.483 0.0000000000
41044  -25.329  -29.959  15.025 0.0000000000
110138  -42.302  -4.501  -2.769 0.0000000000
49719  -27.803  -21.728  9.600 0.0000000000
48775  -27.654  -22.282  8.866 0.0000000000
49718  -27.647  -21.612  8.903 0.0000000000
53215  -31.598  -16.481  3.464 0.0000000000
54093  -31.767  -16.001  2.834 0.0000000000
37507  -13.139  -34.411  14.582 0.0000000000
37506  -12.528  -35.143  14.624 0.0000000000
37496  -12.256  -35.261  15.422 0.0000000000
45179  -30.621  -26.273  16.310 0.0000000000
46013  -30.296  -25.405  17.266 0.0000000000
40141  -29.516  -30.753  17.697 0.0000000000
40157  -29.213  -31.012  17.182 0.0000000000
41020  -30.046  -30.255  18.073 0.0000000000
45168  -30.668  -26.660  18.049 0.0000000000
130040  -30.536  -27.403  16.007 0.0000000000
40126  -29.254  -30.975  17.987 0.0000000000
123154  -39.767  -6.063  5.722 0.0000000000
115771  -39.714  -6.231  4.937 0.0000000000
62426  -40.646  -5.937  4.850 0.0000000000
62459  -44.009  -6.102  3.251 0.0000000000
62469  -43.367  -6.283  2.893 0.0000000000
62470  -43.820  -6.123  2.914 0.0000000000
109658  -43.114  -6.026  1.953 0.0000000000
62471  -44.155  -5.685  2.923 0.0000000000
63340  -44.769  -5.024  3.389 0.0000000000
118555  -31.301  -16.983  10.808 0.0000000000
53165  -33.824  -15.519  8.470 0.0000000000
53175  -34.485  -15.247  7.612 0.0000000000
39305  -18.386  -31.431  15.467 0.0000000000
69012  -49.467  2.466  -3.335 0.0000000000
31196  -6.505  -40.850  23.567 0.0000000000
109071  -6.021  -41.215  23.968 0.0000000000
130756  -5.629  -41.783  23.861 0.0000000000
30248  -5.583  -41.661  23.601 0.0000000000
47003  -29.788  -24.595  11.494 0.0000000000
47016  -29.293  -24.632  10.622 0.0000000000
47934  -29.949  -24.145  11.594 0.0000000000
47888  -31.627  -23.292  15.498 0.0000000000
122078  -31.728  -22.963  16.078 0.0000000000
51402  -31.709  -20.034  15.731 0.0000000000
51410  -31.520  -20.438  15.287 0.0000000000
50558  -30.987  -20.773  14.167 0.0000000000
51418  -31.149  -19.836  14.446 0.0000000000
51409  -30.872  -18.916  13.897 0.0000000000
40216  -27.668  -29.663  12.621 0.0000000000
40215  -27.180  -29.571  12.144 0.0000000000
40226  -27.397  -29.496  11.807 0.0000000000
41949  -20.390  -30.249  11.924 0.0000000000
41055  -20.643  -30.320  13.132 0.0000000000
41085  -19.674  -30.817  11.543 0.0000000000
127416  -43.779  -1.712  -4.638 0.0000000000
65765  -44.743  -2.569  1.634 0.0000000000
66628  -45.160  -1.461  1.382 0.0000000000
68252  -46.449  1.457  -0.008 0.0000000000
69009  -46.618  1.972  -2.196 0.0000000000
69001  -46.749  2.187  -0.786 0.0000000000
51477  -29.577  -18.133  6.723 0.0000000000
51476  -28.990  -18.855  6.323 0.0000000000
130420  -33.252  -14.088  2.247 0.0000000000
55680  -33.031  -14.198  1.281 0.0000000000
55681  -33.419  -13.527  1.639 0.0000000000
110762  -36.857  -14.281  6.260 0.0000000000
54866  -36.453  -14.418  5.792 0.0000000000
54867  -37.151  -14.165  5.849 0.0000000000
59082  -38.841  -10.814  6.597 0.0000000000
59081  -38.211  -10.344  6.215 0.0000000000
59876  -38.066  -9.480  6.139 0.0000000000
59867  -39.097  -9.615  7.061 0.0000000000
35783  -10.220  -37.210  17.265 0.0000000000
31239  -2.484  -42.195  20.657 0.0000000000
31257  -1.962  -42.235  19.669 0.0000000000
54004  -34.110  -16.272  11.646 0.0000000000
32190  -7.894  -39.684  21.883 0.0000000000
129544  -7.885  -39.833  22.477 0.0000000000
32179  -7.505  -40.217  22.162 0.0000000000
32178  -7.017  -40.638  21.769 0.0000000000
44402  -28.816  -27.109  8.215 0.0000000000
45219  -28.945  -26.413  10.680 0.0000000000
46067  -29.671  -25.797  11.904 0.0000000000
115088  -29.895  -25.188  11.749 0.0000000000
41934  -21.966  -29.322  12.670 0.0000000000
42784  -21.751  -29.220  11.625 0.0000000000
42785  -22.730  -28.928  12.038 0.0000000000
42797  -24.662  -28.836  11.774 0.0000000000
42796  -23.570  -28.770  11.331 0.0000000000
42808  -24.403  -28.922  10.660 0.0000000000
118639  -25.352  -29.153  11.251 0.0000000000
41954  -28.581  -28.552  12.417 0.0000000000
42798  -28.439  -28.421  11.705 0.0000000000
42817  -27.713  -28.760  9.498 0.0000000000
41981  -27.450  -29.241  9.374 0.0000000000
42825  -27.878  -28.330  9.182 0.0000000000
43618  -28.214  -27.673  8.745 0.0000000000
40153  -25.372  -30.936  16.942 0.0000000000
41030  -22.818  -30.847  16.032 0.0000000000
41920  -23.239  -29.555  13.932 0.0000000000
41903  -22.471  -30.199  14.635 0.0000000000
62499  -40.902  -5.919  -0.462 0.0000000000
52342  -30.348  -18.068  4.790 0.0000000000
54898  -31.991  -15.579  2.202 0.0000000000
55673  -32.847  -14.496  2.249 0.0000000000
54900  -33.348  -14.550  3.393 0.0000000000
56480  -39.228  -13.168  7.619 0.0000000000
56493  -38.964  -13.110  6.944 0.0000000000
59072  -39.681  -10.750  7.589 0.0000000000
38351  -15.302  -32.579  17.888 0.0000000000
38372  -14.217  -32.983  16.762 0.0000000000
123464  -13.535  -33.567  18.491 0.0000000000
36612  -11.796  -35.656  16.788 0.0000000000
36611  -11.316  -36.146  17.229 0.0000000000
35796  -10.715  -36.851  15.533 0.0000000000
36629  -11.339  -36.339  15.083 0.0000000000
45196  -29.994  -26.082  13.482 0.0000000000
45190  -30.191  -26.126  13.906 0.0000000000
46020  -30.991  -24.561  16.071 0.0000000000
46027  -31.082  -24.555  15.376 0.0000000000
46942  -31.291  -23.802  16.302 0.0000000000
40172  -27.040  -30.637  16.068 0.0000000000
39319  -27.544  -30.638  15.246 0.0000000000
40173  -28.370  -30.756  15.798 0.0000000000
40188  -28.182  -30.454  14.765 0.0000000000
40189  -28.571  -30.297  15.190 0.0000000000
43563  -30.824  -28.512  19.169 0.0000000000
42749  -30.711  -29.328  18.341 0.0000000000
43580  -30.490  -28.860  16.461 0.0000000000
113649  -30.075  -29.357  16.231 0.0000000000
41921  -28.964  -29.281  14.756 0.0000000000
114501  -29.204  -28.813  14.757 0.0000000000
41939  -28.864  -28.565  13.864 0.0000000000
42771  -29.619  -28.765  15.233 0.0000000000
44366  -30.068  -26.999  14.485 0.0000000000
115162  -29.480  -27.348  14.008 0.0000000000
122374  -28.134  -31.438  16.802 0.0000000000
61570  -37.164  -7.385  3.872 0.0000000000
62455  -39.498  -6.308  3.393 0.0000000000
130489  -38.162  -6.569  2.905 0.0000000000
110401  -38.943  -6.412  2.751 0.0000000000
62468  -39.265  -6.421  2.015 0.0000000000
120712  -42.179  -5.359  4.841 0.0000000000
62441  -41.438  -5.871  4.045 0.0000000000
62442  -42.264  -5.685  3.963 0.0000000000
130899  -41.787  -6.240  2.341 0.0000000000
61584  -41.737  -6.054  2.617 0.0000000000
61595  -41.239  -5.943  1.976 0.0000000000
61606  -41.226  -5.976  1.203 0.0000000000
61607  -41.724  -5.814  1.013 0.0000000000
62490  -41.887  -5.649  0.796 0.0000000000
62502  -41.926  -5.373  0.431 0.0000000000
63356  -41.553  -4.910  -0.833 0.0000000000
63358  -42.716  -5.017  0.748 0.0000000000
64142  -44.616  -4.238  2.709 0.0000000000
64141  -44.000  -4.407  1.906 0.0000000000
64923  -44.657  -3.553  2.206 0.0000000000
65751  -46.202  -2.470  3.516 0.0000000000
51444  -29.617  -18.899  10.839 0.0000000000
52282  -30.301  -17.387  9.544 0.0000000000
52292  -29.735  -17.784  9.282 0.0000000000
128180  -29.884  -17.567  8.383 0.0000000000
120327  -29.529  -17.938  7.780 0.0000000000
123603  -30.428  -17.167  8.019 0.0000000000
53151  -32.806  -16.261  10.020 0.0000000000
53163  -32.009  -16.295  8.600 0.0000000000
52307  -30.614  -17.034  7.446 0.0000000000
52308  -31.283  -16.588  7.179 0.0000000000
53183  -32.702  -15.900  6.662 0.0000000000
53192  -32.665  -15.917  5.962 0.0000000000
53191  -31.899  -16.376  5.335 0.0000000000
53205  -32.973  -15.691  5.541 0.0000000000
54042  -35.164  -14.940  7.446 0.0000000000
109131  -35.114  -14.938  6.850 0.0000000000
54056  -35.727  -14.679  6.592 0.0000000000
54033  -37.368  -14.299  8.698 0.0000000000
130788  -38.050  -13.990  8.244 0.0000000000
54833  -37.622  -14.152  8.083 0.0000000000
55633  -38.421  -13.681  7.738 0.0000000000
38391  -17.985  -31.817  16.380 0.0000000000
120752  -17.874  -31.940  17.051 0.0000000000
39316  -16.950  -31.900  13.720 0.0000000000
39315  -15.490  -32.236  13.747 0.0000000000
39302  -16.055  -32.020  14.695 0.0000000000
39278  -15.546  -32.294  15.347 0.0000000000
31180  -3.035  -41.590  23.358 0.0000000000
46078  -29.209  -25.606  8.156 0.0000000000
47950  -28.755  -24.309  8.925 0.0000000000
48777  -29.218  -23.639  10.154 0.0000000000
48766  -28.917  -22.825  10.804 0.0000000000
48755  -29.253  -22.518  11.434 0.0000000000
45197  -30.426  -25.576  13.703 0.0000000000
46043  -30.801  -24.833  13.943 0.0000000000
46983  -30.768  -24.843  13.667 0.0000000000
46984  -31.173  -24.034  13.913 0.0000000000
126844  -30.860  -24.452  13.350 0.0000000000
50567  -31.143  -21.811  14.225 0.0000000000
48746  -31.095  -23.276  13.713 0.0000000000
48745  -30.736  -23.044  13.111 0.0000000000
49682  -30.508  -22.073  13.079 0.0000000000
49681  -30.216  -20.914  12.945 0.0000000000
50577  -29.199  -21.049  11.873 0.0000000000
50578  -29.704  -20.374  12.318 0.0000000000
50587  -29.324  -19.809  11.491 0.0000000000
52255  -30.686  -18.733  13.187 0.0000000000
109564  -30.837  -18.012  12.502 0.0000000000
131196  -31.281  -17.405  12.277 0.0000000000
53141  -31.371  -17.360  12.808 0.0000000000
53076  -31.886  -17.124  15.827 0.0000000000
42805  -21.792  -29.478  9.835 0.0000000000
41070  -26.391  -29.509  13.094 0.0000000000
117764  -25.885  -29.484  13.352 0.0000000000
113492  -26.326  -29.377  11.220 0.0000000000
41086  -26.035  -29.340  11.478 0.0000000000
41042  -22.196  -30.730  15.608 0.0000000000
40183  -19.823  -30.478  14.028 0.0000000000
123372  -19.233  -30.789  14.720 0.0000000000
40199  -18.462  -31.245  13.172 0.0000000000
41067  -19.048  -31.115  12.380 0.0000000000
66636  -43.140  -1.788  -0.681 0.0000000000
65780  -42.605  -2.467  -1.417 0.0000000000
66646  -42.929  -1.446  -1.615 0.0000000000
67454  -46.017  -0.123  1.300 0.0000000000
67453  -45.495  -0.497  0.962 0.0000000000
68255  -45.170  0.585  -1.726 0.0000000000
67475  -45.149  0.343  -0.933 0.0000000000
67482  -43.668  -0.216  -2.827 0.0000000000
68273  -43.839  0.040  -3.650 0.0000000000
68262  -44.316  0.287  -2.984 0.0000000000
112039  -45.639  0.930  -3.538 0.0000000000
68281  -46.199  0.847  -4.377 0.0000000000
127205  -46.900  0.627  -5.219 0.0000000000
69011  -48.348  2.542  -3.082 0.0000000000
69781  -48.401  2.849  -2.272 0.0000000000
34066  -8.570  -38.823  17.594 0.0000000000
34065  -7.985  -39.297  17.776 0.0000000000
51461  -28.488  -19.431  8.620 0.0000000000
50611  -27.922  -20.056  8.290 0.0000000000
50622  -27.732  -20.061  7.324 0.0000000000
58355  -33.834  -11.791  1.446 0.0000000000
59132  -33.985  -11.088  1.240 0.0000000000
54068  -33.562  -15.390  5.381 0.0000000000
54885  -35.647  -14.647  4.995 0.0000000000
54884  -34.755  -14.638  4.684 0.0000000000
55664  -35.140  -14.392  4.467 0.0000000000
56508  -38.343  -13.237  6.005 0.0000000000
55666  -37.470  -13.879  5.353 0.0000000000
56522  -38.056  -13.113  5.601 0.0000000000
57454  -37.100  -12.753  4.691 0.0000000000
57453  -36.286  -12.402  4.193 0.0000000000
58335  -36.212  -11.269  4.144 0.0000000000
59093  -36.867  -10.052  4.795 0.0000000000
128198  -36.447  -10.465  4.395 0.0000000000
59901  -36.353  -9.727  4.218 0.0000000000
112316  -36.339  -8.825  3.845 0.0000000000
60651  -38.416  -8.030  6.226 0.0000000000
61538  -38.707  -7.279  6.321 0.0000000000
34926  -9.812  -37.623  19.787 0.0000000000
34042  -9.338  -38.040  20.204 0.0000000000
34939  -9.335  -38.144  18.579 0.0000000000
112253  -9.156  -38.293  15.982 0.0000000000
34969  -8.865  -38.531  16.713 0.0000000000
114657  -7.400  -39.682  18.813 0.0000000000
33131  -7.100  -39.933  19.422 0.0000000000
32197  -6.803  -40.353  20.232 0.0000000000
31244  -6.509  -40.949  21.411 0.0000000000
31243  -5.893  -41.233  20.940 0.0000000000
31275  -4.015  -41.771  17.777 0.0000000000
122821  -4.084  -42.104  20.865 0.0000000000
31241  -4.551  -42.001  20.534 0.0000000000
31223  -4.711  -41.984  21.359 0.0000000000
30277  -4.473  -42.002  22.071 0.0000000000
30267  -4.437  -41.947  22.662 0.0000000000
31220  -2.039  -42.037  21.395 0.0000000000
31205  -2.409  -41.853  22.288 0.0000000000
124454  -1.957  -41.427  22.444 0.0000000000
31256  -1.181  -42.138  19.470 0.0000000000
44396  -28.697  -26.761  10.057 0.0000000000
44389  -28.940  -26.836  11.232 0.0000000000
46059  -29.876  -25.787  12.489 0.0000000000
41935  -24.037  -29.153  13.347 0.0000000000
41936  -24.846  -29.041  12.715 0.0000000000
42787  -28.887  -27.682  12.606 0.0000000000
42799  -28.686  -27.958  12.047 0.0000000000
40154  -26.817  -30.888  16.627 0.0000000000
40169  -25.037  -30.574  16.047 0.0000000000
62511  -41.296  -5.171  -1.667 0.0000000000
48786  -27.926  -23.156  8.614 0.0000000000
52344  -31.288  -16.902  4.523 0.0000000000
54094  -32.328  -15.345  3.162 0.0000000000
38371  -13.491  -33.803  16.371 0.0000000000
37487  -12.939  -34.441  16.963 0.0000000000
45185  -30.401  -26.267  14.649 0.0000000000
46014  -30.895  -24.328  16.573 0.0000000000
39308  -27.996  -31.043  16.112 0.0000000000
39309  -28.255  -31.167  16.401 0.0000000000
41032  -29.036  -30.980  16.754 0.0000000000
41033  -29.354  -30.740  16.773 0.0000000000
119547  -30.960  -28.991  17.815 0.0000000000
44351  -31.039  -28.343  17.750 0.0000000000
43589  -29.657  -28.102  14.829 0.0000000000
43584  -30.097  -28.013  15.339 0.0000000000
44361  -30.347  -27.272  15.359 0.0000000000
39288  -28.476  -31.410  17.058 0.0000000000
61556  -38.103  -6.990  4.819 0.0000000000
61571  -37.836  -6.856  4.082 0.0000000000
62438  -38.700  -6.558  4.168 0.0000000000
62439  -39.646  -6.321  4.198 0.0000000000
62456  -40.485  -6.146  3.585 0.0000000000
62443  -43.184  -5.714  3.724 0.0000000000
62457  -42.718  -6.085  3.246 0.0000000000
61575  -42.891  -6.555  3.227 0.0000000000
61597  -42.498  -6.111  2.345 0.0000000000
61608  -42.247  -5.831  1.719 0.0000000000
61598  -42.715  -6.084  2.280 0.0000000000
62492  -42.906  -5.738  1.944 0.0000000000
63346  -44.030  -5.040  2.504 0.0000000000
64136  -44.985  -3.900  3.346 0.0000000000
52269  -30.265  -17.680  10.350 0.0000000000
111983  -32.838  -16.016  9.177 0.0000000000
53158  -33.483  -15.672  9.020 0.0000000000
53164  -32.893  -15.918  8.364 0.0000000000
110399  -32.563  -16.004  7.668 0.0000000000
53173  -33.061  -15.778  7.313 0.0000000000
130949  -33.179  -15.700  6.978 0.0000000000
125452  -33.849  -15.397  6.737 0.0000000000
53184  -33.711  -15.486  7.208 0.0000000000
54035  -35.837  -14.674  7.833 0.0000000000
39257  -19.288  -31.543  17.055 0.0000000000
39281  -18.117  -31.652  15.812 0.0000000000
116977  -16.047  -32.068  13.096 0.0000000000
39314  -14.685  -32.867  13.543 0.0000000000
68277  -48.095  1.703  -4.133 0.0000000000
108997  -48.732  1.104  -5.272 0.0000000000
68283  -49.002  1.570  -4.532 0.0000000000
69027  -50.027  1.719  -4.565 0.0000000000
30246  -4.687  -41.696  23.893 0.0000000000
45220  -29.028  -25.903  10.236 0.0000000000
45226  -28.954  -25.839  9.189 0.0000000000
47015  -29.062  -24.496  9.783 0.0000000000
47933  -29.484  -23.851  10.957 0.0000000000
46028  -31.248  -24.134  15.223 0.0000000000
46036  -31.133  -24.252  14.765 0.0000000000
46963  -31.451  -23.695  15.300 0.0000000000
121312  -31.450  -23.693  14.943 0.0000000000
47896  -31.708  -22.980  15.231 0.0000000000
50550  -31.862  -21.532  16.116 0.0000000000
50549  -31.626  -21.260  15.594 0.0000000000
120059  -30.456  -20.220  13.302 0.0000000000
52251  -31.140  -18.203  14.141 0.0000000000
53926  -32.428  -16.708  16.301 0.0000000000
40201  -26.833  -29.545  12.561 0.0000000000
40214  -26.700  -29.446  11.576 0.0000000000
41995  -27.038  -29.715  8.998 0.0000000000
40135  -21.253  -30.959  16.656 0.0000000000
41918  -21.528  -30.182  14.103 0.0000000000
64921  -43.387  -3.196  0.337 0.0000000000
65770  -42.904  -2.853  -0.515 0.0000000000
66637  -43.991  -1.156  -0.016 0.0000000000
68256  -45.525  0.908  -1.242 0.0000000000
68264  -45.689  1.116  -1.919 0.0000000000
111500  -45.972  1.335  -2.764 0.0000000000
69769  -47.575  2.714  -1.521 0.0000000000
34076  -7.243  -39.446  16.080 0.0000000000
51475  -28.288  -19.373  6.815 0.0000000000
51483  -28.268  -19.575  5.795 0.0000000000
57471  -33.657  -12.635  1.526 0.0000000000
57460  -34.027  -12.157  2.197 0.0000000000
116704  -34.839  -14.920  5.497 0.0000000000
54082  -34.450  -14.892  4.930 0.0000000000
54865  -35.935  -14.595  5.414 0.0000000000
58322  -38.521  -11.949  5.921 0.0000000000
57439  -38.020  -12.386  5.554 0.0000000000
58321  -37.823  -11.460  5.601 0.0000000000
124701  -37.280  -11.360  5.139 0.0000000000
59094  -37.377  -10.566  5.316 0.0000000000
59889  -37.306  -9.572  5.201 0.0000000000
59875  -37.671  -9.214  5.585 0.0000000000
59866  -38.546  -8.952  6.565 0.0000000000
60652  -38.775  -8.187  6.772 0.0000000000
35767  -11.199  -36.031  19.135 0.0000000000
127398  -10.697  -36.581  19.437 0.0000000000
34954  -9.765  -37.699  17.929 0.0000000000
34985  -9.653  -37.949  15.609 0.0000000000
32196  -5.763  -41.110  19.224 0.0000000000
31274  -3.128  -42.122  18.219 0.0000000000
31240  -3.375  -42.204  20.787 0.0000000000
41009  -30.320  -30.000  18.278 0.0000000000
45158  -30.980  -26.713  19.015 0.0000000000
63298  -40.898  -5.478  6.553 0.0000000000
62416  -41.673  -5.423  5.621 0.0000000000
62417  -42.549  -5.094  5.496 0.0000000000
63310  -43.051  -4.865  4.897 0.0000000000
128248  -44.367  -5.234  3.710 0.0000000000
63334  -44.544  -5.298  3.568 0.0000000000
54003  -32.971  -16.385  11.496 0.0000000000
54015  -33.501  -16.248  10.708 0.0000000000
54023  -34.524  -15.678  10.048 0.0000000000
54030  -35.174  -14.862  8.712 0.0000000000
40181  -18.039  -31.584  13.759 0.0000000000
40180  -17.422  -31.723  13.208 0.0000000000
31209  -6.549  -41.010  22.855 0.0000000000
45225  -28.896  -26.268  9.491 0.0000000000
46066  -29.347  -25.504  11.059 0.0000000000
52242  -31.809  -18.966  15.438 0.0000000000
41950  -20.978  -29.703  11.249 0.0000000000
42816  -24.212  -28.959  9.482 0.0000000000
41979  -24.836  -29.636  9.086 0.0000000000
41089  -28.164  -29.430  12.451 0.0000000000
41088  -27.785  -29.486  12.068 0.0000000000
41108  -27.924  -29.036  11.483 0.0000000000
41967  -27.592  -28.958  10.499 0.0000000000
41968  -28.044  -28.561  11.017 0.0000000000
43626  -27.911  -28.273  7.893 0.0000000000
40137  -23.025  -31.257  17.444 0.0000000000
40152  -22.941  -30.970  16.709 0.0000000000
109163  -21.409  -29.886  13.243 0.0000000000
119472  -39.391  -6.380  -0.555 0.0000000000
66665  -43.012  -2.140  -3.082 0.0000000000
66619  -46.151  -1.542  2.483 0.0000000000
67448  -46.296  -0.687  2.052 0.0000000000
68994  -46.782  1.909  0.259 0.0000000000
52331  -30.190  -17.758  5.962 0.0000000000
51485  -29.739  -18.619  5.078 0.0000000000
130364  -37.687  -13.821  6.682 0.0000000000
55643  -37.580  -13.872  6.282 0.0000000000
55644  -37.999  -13.702  6.757 0.0000000000
56492  -38.323  -13.470  6.472 0.0000000000
57424  -39.150  -12.652  6.755 0.0000000000
58310  -39.365  -12.108  6.870 0.0000000000
58300  -39.439  -11.299  7.142 0.0000000000
59071  -39.242  -10.424  7.088 0.0000000000
37476  -14.308  -32.958  18.302 0.0000000000
37474  -12.344  -35.131  17.512 0.0000000000
36602  -12.008  -35.538  18.133 0.0000000000
35784  -10.702  -36.688  16.686 0.0000000000
44377  -29.551  -26.553  12.928 0.0000000000
45202  -29.850  -26.165  13.205 0.0000000000
45186  -30.669  -25.432  15.082 0.0000000000
46035  -30.874  -24.728  14.857 0.0000000000
46930  -30.537  -24.111  17.318 0.0000000000
41057  -26.047  -29.868  14.431 0.0000000000
40185  -26.592  -29.881  14.165 0.0000000000
39320  -27.808  -30.693  15.284 0.0000000000
40186  -27.631  -30.313  14.246 0.0000000000
40203  -27.883  -30.073  13.519 0.0000000000
40204  -28.108  -30.171  13.833 0.0000000000
125478  -29.976  -30.286  17.648 0.0000000000
41884  -30.414  -29.802  17.851 0.0000000000
110657  -29.681  -30.133  16.344 0.0000000000
124438  -30.788  -29.150  17.317 0.0000000000
42760  -30.517  -29.438  17.201 0.0000000000
41046  -29.247  -29.905  15.501 0.0000000000
41058  -28.770  -29.793  14.860 0.0000000000
41071  -28.280  -29.730  13.351 0.0000000000
126504  -28.654  -28.725  13.174 0.0000000000
42788  -28.987  -27.807  13.263 0.0000000000
43595  -29.089  -27.366  12.804 0.0000000000
123846  -29.267  -27.148  13.153 0.0000000000
109120  -26.970  -31.316  17.118 0.0000000000
60688  -35.726  -8.700  3.006 0.0000000000
60700  -35.733  -8.148  2.303 0.0000000000
61581  -36.207  -7.482  2.312 0.0000000000
62466  -37.587  -6.811  3.380 0.0000000000
127485  -37.493  -6.683  2.613 0.0000000000
62476  -37.600  -6.626  1.728 0.0000000000
61574  -42.030  -6.099  3.065 0.0000000000
61573  -41.199  -6.056  3.060 0.0000000000
61594  -40.185  -6.116  1.938 0.0000000000
62488  -39.717  -6.322  0.414 0.0000000000
126093  -40.615  -6.171  0.616 0.0000000000
62500  -41.436  -5.731  0.095 0.0000000000
63362  -41.741  -4.527  -1.518 0.0000000000
64929  -43.213  -3.963  0.483 0.0000000000
64148  -43.306  -4.518  1.029 0.0000000000
63335  -44.827  -4.487  3.806 0.0000000000
63341  -44.900  -4.292  3.698 0.0000000000
64137  -45.304  -3.560  3.734 0.0000000000
64915  -45.592  -3.084  3.309 0.0000000000
65758  -45.984  -2.346  2.875 0.0000000000
50599  -28.477  -20.157  10.071 0.0000000000
50598  -27.996  -20.796  9.664 0.0000000000
51453  -28.877  -19.170  9.403 0.0000000000
51462  -28.961  -18.753  8.327 0.0000000000
52320  -30.129  -17.531  7.050 0.0000000000
53147  -31.913  -16.558  10.356 0.0000000000
53156  -31.103  -16.792  8.984 0.0000000000
52332  -30.810  -17.061  6.037 0.0000000000
52333  -31.244  -16.779  5.528 0.0000000000
54069  -34.279  -15.186  5.780 0.0000000000
54055  -34.386  -15.194  6.462 0.0000000000
54057  -36.333  -14.456  6.373 0.0000000000
54852  -36.744  -14.351  6.856 0.0000000000
54031  -35.872  -14.630  8.580 0.0000000000
54032  -36.527  -14.481  8.276 0.0000000000
110794  -36.379  -14.511  7.572 0.0000000000
54838  -36.776  -14.368  7.302 0.0000000000
54839  -37.374  -14.102  7.324 0.0000000000
54840  -37.878  -13.806  7.140 0.0000000000
111829  -38.317  -13.624  7.276 0.0000000000
55634  -38.836  -13.484  7.727 0.0000000000
38388  -14.911  -32.617  16.041 0.0000000000
39300  -14.399  -33.039  14.230 0.0000000000
120779  -13.817  -33.574  14.577 0.0000000000
69013  -50.448  2.378  -3.439 0.0000000000
47949  -28.924  -24.007  9.275 0.0000000000
48787  -28.640  -23.680  9.159 0.0000000000
48765  -28.230  -22.293  10.396 0.0000000000
45207  -29.787  -26.148  12.895 0.0000000000
45208  -30.079  -25.813  13.023 0.0000000000
46051  -30.362  -25.490  13.194 0.0000000000
47924  -30.707  -24.365  12.706 0.0000000000
48736  -31.654  -22.978  14.871 0.0000000000
49672  -31.639  -22.383  15.157 0.0000000000
47915  -31.345  -23.508  14.294 0.0000000000
48758  -30.819  -23.752  12.953 0.0000000000
47923  -30.535  -24.015  12.221 0.0000000000
48756  -29.795  -22.693  11.891 0.0000000000
49694  -29.384  -21.948  11.803 0.0000000000
131019  -30.128  -18.903  11.995 0.0000000000
111537  -31.146  -17.367  11.640 0.0000000000
52247  -31.495  -18.531  14.755 0.0000000000
53113  -31.542  -17.575  14.518 0.0000000000
53941  -32.445  -16.755  15.383 0.0000000000
53954  -31.920  -16.918  14.286 0.0000000000
53129  -31.494  -17.233  13.689 0.0000000000
53970  -31.943  -16.771  12.922 0.0000000000
53989  -32.363  -16.552  12.213 0.0000000000
41952  -25.832  -29.295  11.842 0.0000000000
41993  -25.314  -30.099  8.646 0.0000000000
41105  -26.584  -29.548  10.518 0.0000000000
41125  -26.540  -29.860  9.282 0.0000000000
122970  -26.280  -29.813  9.776 0.0000000000
39258  -20.233  -31.519  17.634 0.0000000000
39283  -19.775  -31.226  16.784 0.0000000000
40165  -18.750  -31.149  15.163 0.0000000000
40167  -20.720  -30.762  15.913 0.0000000000
40166  -19.659  -30.765  15.671 0.0000000000
123044  -42.075  -4.082  -1.953 0.0000000000
64937  -42.379  -3.577  -2.153 0.0000000000
65779  -42.422  -2.992  -2.009 0.0000000000
128283  -43.210  -1.487  -3.520 0.0000000000
126635  -44.817  -0.885  0.589 0.0000000000
130439  -44.591  -0.569  0.020 0.0000000000
67465  -44.388  -0.381  -0.694 0.0000000000
66674  -43.461  -1.279  -4.217 0.0000000000
67498  -43.719  -0.519  -4.313 0.0000000000
67499  -44.164  -0.511  -4.890 0.0000000000
68274  -44.666  0.513  -3.594 0.0000000000
67500  -44.702  -0.086  -5.160 0.0000000000
131467  -47.626  1.496  -4.220 0.0000000000
68276  -47.271  1.777  -3.701 0.0000000000
69782  -49.284  2.834  -2.642 0.0000000000
33143  -8.187  -38.948  19.359 0.0000000000
33142  -7.789  -39.345  18.679 0.0000000000
34064  -7.367  -39.535  17.054 0.0000000000
33152  -6.828  -40.036  17.432 0.0000000000
50597  -27.686  -20.921  8.858 0.0000000000
50610  -27.443  -20.836  7.843 0.0000000000
51493  -29.134  -19.359  4.374 0.0000000000
59921  -34.712  -9.593  1.776 0.0000000000
54882  -33.026  -14.962  3.769 0.0000000000
54883  -33.901  -14.698  4.280 0.0000000000
55658  -37.518  -13.915  5.772 0.0000000000
122491  -37.042  -14.190  4.944 0.0000000000
57455  -37.662  -12.950  5.175 0.0000000000
111584  -35.583  -13.973  4.276 0.0000000000
125377  -34.540  -13.418  3.157 0.0000000000
57461  -34.617  -12.597  2.924 0.0000000000
112532  -34.532  -11.765  2.690 0.0000000000
58334  -35.537  -10.994  3.481 0.0000000000
58343  -34.823  -11.057  2.869 0.0000000000
59107  -35.258  -10.286  3.134 0.0000000000
110561  -35.141  -9.516  2.668 0.0000000000
129018  -36.210  -8.377  3.388 0.0000000000
60674  -37.443  -8.585  5.046 0.0000000000
60675  -37.847  -7.773  5.195 0.0000000000
62425  -39.012  -6.551  5.671 0.0000000000
62415  -39.926  -5.908  6.591 0.0000000000
34053  -8.865  -38.579  19.061 0.0000000000
34953  -9.136  -38.243  17.634 0.0000000000
32198  -7.203  -40.073  20.781 0.0000000000
32188  -6.916  -40.541  21.035 0.0000000000
31226  -6.533  -41.050  22.135 0.0000000000
31208  -6.069  -41.450  22.468 0.0000000000
32207  -4.773  -41.248  17.694 0.0000000000
31260  -5.444  -41.359  19.972 0.0000000000
112630  -4.680  -41.791  19.800 0.0000000000
31224  -5.479  -41.672  21.514 0.0000000000
31207  -5.703  -41.651  22.124 0.0000000000
30257  -5.469  -41.766  22.801 0.0000000000
117281  -4.911  -41.899  22.941 0.0000000000
30255  -4.644  -41.849  23.321 0.0000000000
30266  -3.805  -42.100  22.758 0.0000000000
30265  -3.196  -42.015  22.430 0.0000000000
31194  -3.181  -42.048  23.360 0.0000000000
31193  -2.508  -41.453  22.840 0.0000000000
110480  -1.601  -42.447  18.163 0.0000000000
31273  -1.608  -42.257  18.903 0.0000000000
32186  -1.228  -41.761  21.210 0.0000000000
30254  -4.276  -41.728  23.550 0.0000000000
30256  -5.160  -41.820  23.354 0.0000000000
32170  -8.038  -39.826  22.942 0.0000000000
39268  -28.687  -31.344  17.393 0.0000000000
40140  -29.049  -31.139  17.507 0.0000000000
40155  -28.693  -31.120  16.650 0.0000000000
40174  -28.855  -30.668  16.035 0.0000000000
41869  -30.492  -29.653  18.609 0.0000000000
42806  -22.305  -28.963  10.139 0.0000000000
44355  -30.715  -27.483  16.761 0.0000000000
48712  -31.713  -22.547  16.315 0.0000000000
54887  -37.224  -14.144  5.422 0.0000000000
55667  -37.856  -13.613  5.826 0.0000000000
56509  -38.758  -12.832  6.289 0.0000000000
56521  -37.692  -13.510  5.363 0.0000000000
57423  -38.945  -12.345  6.321 0.0000000000
58309  -38.981  -11.635  6.441 0.0000000000
59859  -39.394  -9.339  7.554 0.0000000000
60701  -36.174  -7.946  2.988 0.0000000000
61558  -42.106  -6.000  3.401 0.0000000000
61572  -40.387  -6.109  3.023 0.0000000000
61585  -42.263  -6.540  2.920 0.0000000000
62444  -44.372  -5.777  3.483 0.0000000000
62458  -43.418  -6.157  3.231 0.0000000000
62479  -43.157  -6.218  2.619 0.0000000000
62480  -43.408  -6.001  2.543 0.0000000000
67474  -44.639  0.031  -1.468 0.0000000000
68266  -46.557  1.866  -2.932 0.0000000000
111152  -38.077  -14.037  8.587 0.0000000000
113199  -29.180  -30.049  15.574 0.0000000000
114551  -7.608  -40.214  22.804 0.0000000000
118077  -30.742  -28.888  18.872 0.0000000000
121876  -4.862  -41.934  22.513 0.0000000000
122448  -45.827  -2.890  3.978 0.0000000000
125217  -29.397  -30.833  18.276 0.0000000000
128751  -2.396  -41.549  22.693 0.0000000000
128860  -27.879  -31.314  16.566 0.0000000000
