#!ascii label  , from subject sub-v1s10x0051007_ses-1 vox2ras=TkReg
436
120877  19.612  -17.337  -37.326 0.0000000000
61384  27.322  -13.138  -42.119 0.0000000000
68848  26.298  -3.219  -41.444 0.0000000000
121628  20.476  -5.658  -41.757 0.0000000000
53197  21.333  -21.799  -35.766 0.0000000000
55086  24.502  -19.430  -36.549 0.0000000000
59565  22.666  -14.706  -39.652 0.0000000000
63065  21.744  -10.232  -41.217 0.0000000000
125769  26.596  -7.806  -41.695 0.0000000000
68005  27.892  -5.369  -48.025 0.0000000000
114728  27.182  0.896  -41.777 0.0000000000
55090  20.242  -19.481  -36.774 0.0000000000
54156  22.435  -20.561  -36.673 0.0000000000
114074  22.126  -18.853  -38.016 0.0000000000
62210  20.208  -11.978  -39.812 0.0000000000
63917  19.552  -9.115  -39.889 0.0000000000
68851  22.669  -4.288  -42.070 0.0000000000
112043  23.360  -6.913  -41.724 0.0000000000
67100  26.534  -5.564  -41.559 0.0000000000
112220  27.306  -6.551  -44.255 0.0000000000
109014  27.345  -4.351  -44.779 0.0000000000
74142  23.990  4.125  -41.346 0.0000000000
113038  23.287  1.778  -41.658 0.0000000000
74149  27.167  3.354  -42.665 0.0000000000
60491  24.707  -13.733  -40.778 0.0000000000
58680  25.544  -15.881  -39.906 0.0000000000
60477  26.917  -14.545  -40.938 0.0000000000
69616  22.915  -2.193  -41.978 0.0000000000
63081  28.701  -11.290  -43.448 0.0000000000
119644  18.981  -14.972  -37.590 0.0000000000
58664  21.191  -15.713  -38.718 0.0000000000
60480  20.488  -13.760  -39.306 0.0000000000
61375  22.018  -12.530  -40.536 0.0000000000
62249  24.674  -11.461  -41.399 0.0000000000
64791  20.914  -8.206  -41.492 0.0000000000
107144  23.830  -9.340  -41.484 0.0000000000
63946  26.997  -10.300  -42.206 0.0000000000
123619  27.709  -9.709  -44.489 0.0000000000
71957  23.310  0.293  -41.942 0.0000000000
71261  26.657  -0.829  -41.443 0.0000000000
73455  28.144  2.435  -44.558 0.0000000000
71964  28.405  0.510  -44.319 0.0000000000
69625  27.799  -1.952  -44.697 0.0000000000
69641  27.401  -3.010  -47.897 0.0000000000
56914  23.591  -17.554  -38.963 0.0000000000
57751  18.639  -16.670  -36.706 0.0000000000
56890  18.937  -17.265  -36.845 0.0000000000
56017  20.250  -18.630  -37.172 0.0000000000
55104  20.893  -19.230  -37.320 0.0000000000
56903  21.019  -17.652  -37.970 0.0000000000
117858  24.571  -3.913  -41.363 0.0000000000
114279  25.051  -4.694  -41.341 0.0000000000
117504  26.644  -4.025  -41.601 0.0000000000
67973  27.356  -4.937  -42.475 0.0000000000
68860  27.383  -3.405  -42.606 0.0000000000
74140  26.012  4.462  -41.625 0.0000000000
107617  25.892  3.306  -41.533 0.0000000000
74893  26.877  4.141  -42.681 0.0000000000
60498  26.302  -13.857  -41.481 0.0000000000
60489  26.655  -14.441  -41.315 0.0000000000
60488  27.413  -14.048  -41.602 0.0000000000
69618  21.452  -2.590  -43.055 0.0000000000
116448  21.517  -1.799  -43.067 0.0000000000
54145  19.617  -20.656  -35.656 0.0000000000
122427  19.991  -22.045  -35.272 0.0000000000
52254  21.138  -22.436  -35.148 0.0000000000
53184  21.996  -22.232  -35.138 0.0000000000
109174  23.680  -19.706  -36.836 0.0000000000
54141  23.759  -20.688  -35.642 0.0000000000
59544  20.330  -14.614  -38.823 0.0000000000
60481  19.696  -13.183  -38.952 0.0000000000
120711  20.814  -11.493  -40.432 0.0000000000
61377  20.847  -12.395  -40.173 0.0000000000
62232  22.108  -11.809  -40.830 0.0000000000
61386  23.527  -12.203  -40.973 0.0000000000
63064  23.046  -10.807  -41.354 0.0000000000
65518  19.806  -7.077  -40.855 0.0000000000
110723  20.662  -7.214  -41.605 0.0000000000
65514  24.738  -7.482  -41.467 0.0000000000
65515  23.886  -7.751  -41.553 0.0000000000
64786  25.348  -8.635  -41.525 0.0000000000
108707  25.011  -9.512  -41.506 0.0000000000
111364  26.153  -9.376  -41.713 0.0000000000
63967  27.400  -10.130  -43.163 0.0000000000
64801  27.080  -8.405  -42.367 0.0000000000
66287  27.268  -6.510  -46.818 0.0000000000
65560  27.684  -7.856  -46.013 0.0000000000
72691  25.693  1.434  -41.457 0.0000000000
71950  23.199  0.994  -41.834 0.0000000000
71948  25.288  0.662  -41.443 0.0000000000
71263  24.936  -0.158  -41.428 0.0000000000
71956  27.024  0.026  -41.546 0.0000000000
70488  28.199  -1.100  -44.175 0.0000000000
71301  27.823  -1.273  -46.176 0.0000000000
70496  27.636  -2.014  -45.818 0.0000000000
58683  22.287  -15.314  -39.315 0.0000000000
57780  22.809  -17.091  -38.835 0.0000000000
109735  23.857  -16.306  -39.529 0.0000000000
58662  26.527  -15.907  -38.778 0.0000000000
57778  25.606  -17.043  -38.935 0.0000000000
55091  19.317  -19.357  -36.213 0.0000000000
54158  20.694  -20.371  -36.627 0.0000000000
54143  21.919  -21.167  -36.267 0.0000000000
54157  21.544  -20.567  -36.759 0.0000000000
55102  22.521  -19.482  -37.661 0.0000000000
55101  23.322  -19.386  -37.582 0.0000000000
62212  19.231  -10.773  -38.914 0.0000000000
63022  19.597  -10.498  -39.660 0.0000000000
63930  20.532  -9.512  -40.709 0.0000000000
67115  21.396  -4.983  -42.425 0.0000000000
66263  21.842  -6.328  -42.231 0.0000000000
67104  22.682  -5.437  -42.079 0.0000000000
66248  24.889  -6.190  -41.418 0.0000000000
66246  26.873  -6.428  -41.712 0.0000000000
65530  27.229  -7.732  -42.925 0.0000000000
67112  27.410  -5.927  -43.193 0.0000000000
67123  27.316  -5.820  -44.500 0.0000000000
67996  27.265  -4.929  -46.052 0.0000000000
74143  22.838  3.807  -41.348 0.0000000000
125487  23.802  3.243  -41.456 0.0000000000
112780  25.382  2.295  -41.419 0.0000000000
72699  27.227  1.857  -42.097 0.0000000000
59574  23.989  -14.179  -40.335 0.0000000000
58681  24.743  -15.984  -39.921 0.0000000000
59563  25.308  -15.318  -40.320 0.0000000000
59561  26.377  -14.815  -40.052 0.0000000000
67105  20.148  -4.808  -41.499 0.0000000000
67976  21.133  -4.236  -42.518 0.0000000000
68863  22.536  -3.061  -42.326 0.0000000000
69615  23.981  -2.367  -41.482 0.0000000000
53195  23.345  -21.377  -35.272 0.0000000000
62246  27.893  -12.382  -43.138 0.0000000000
61371  28.180  -13.241  -42.460 0.0000000000
58651  19.057  -15.736  -37.457 0.0000000000
56904  20.251  -16.977  -37.800 0.0000000000
58665  20.286  -15.440  -38.461 0.0000000000
58685  20.895  -15.079  -38.856 0.0000000000
59566  21.846  -14.600  -39.471 0.0000000000
61354  20.324  -12.821  -39.595 0.0000000000
61353  21.024  -13.165  -39.949 0.0000000000
122133  22.575  -13.572  -40.169 0.0000000000
122824  23.880  -13.414  -40.602 0.0000000000
106211  24.469  -12.216  -41.208 0.0000000000
107236  25.524  -12.238  -41.498 0.0000000000
64773  20.431  -8.725  -40.904 0.0000000000
63950  21.072  -9.088  -41.300 0.0000000000
65516  21.957  -7.164  -42.067 0.0000000000
64789  22.473  -8.488  -41.724 0.0000000000
63948  22.444  -9.981  -41.419 0.0000000000
111124  24.344  -10.136  -41.471 0.0000000000
113884  25.365  -10.445  -41.560 0.0000000000
111923  26.859  -11.671  -41.951 0.0000000000
63945  27.611  -10.878  -43.263 0.0000000000
63088  27.952  -10.255  -44.035 0.0000000000
65541  27.315  -8.248  -44.364 0.0000000000
70469  22.909  -1.278  -42.233 0.0000000000
70455  24.980  -1.784  -41.290 0.0000000000
70454  26.230  -1.658  -41.359 0.0000000000
74159  27.580  3.233  -43.376 0.0000000000
119600  27.745  1.760  -42.987 0.0000000000
73454  28.394  1.741  -45.019 0.0000000000
71965  27.891  0.424  -42.926 0.0000000000
71270  27.816  -0.392  -42.728 0.0000000000
123387  27.671  -1.128  -42.721 0.0000000000
69614  27.279  -2.688  -42.138 0.0000000000
68878  27.424  -3.449  -44.550 0.0000000000
114054  27.340  -3.530  -46.446 0.0000000000
68893  27.570  -4.532  -47.888 0.0000000000
123861  21.568  -17.396  -38.320 0.0000000000
56028  22.623  -18.295  -38.373 0.0000000000
56026  24.178  -18.352  -38.400 0.0000000000
57795  24.637  -16.705  -39.568 0.0000000000
56912  25.033  -17.558  -38.798 0.0000000000
57766  19.214  -16.599  -37.313 0.0000000000
56018  19.489  -17.955  -37.007 0.0000000000
113295  20.303  -17.850  -37.499 0.0000000000
68849  25.293  -3.210  -41.288 0.0000000000
117111  25.716  -3.957  -41.350 0.0000000000
68861  27.046  -3.302  -41.807 0.0000000000
74881  26.506  4.654  -42.066 0.0000000000
61385  26.406  -13.081  -41.641 0.0000000000
60497  27.120  -13.849  -41.812 0.0000000000
60496  27.632  -13.534  -42.066 0.0000000000
53198  20.346  -21.452  -35.776 0.0000000000
53185  19.674  -21.382  -35.305 0.0000000000
52255  20.617  -22.104  -35.452 0.0000000000
54154  24.120  -20.034  -36.081 0.0000000000
55085  25.361  -19.208  -36.305 0.0000000000
60456  19.112  -13.395  -38.181 0.0000000000
63040  21.307  -10.757  -40.869 0.0000000000
62233  21.553  -11.420  -40.791 0.0000000000
62252  22.131  -10.951  -41.144 0.0000000000
66252  20.152  -6.375  -41.324 0.0000000000
119962  20.790  -6.396  -41.937 0.0000000000
112557  25.632  -7.775  -41.494 0.0000000000
109389  24.746  -8.051  -41.473 0.0000000000
64785  26.391  -8.538  -41.706 0.0000000000
67140  27.513  -5.953  -47.491 0.0000000000
66293  27.793  -6.786  -47.502 0.0000000000
120091  26.369  0.746  -41.473 0.0000000000
120430  26.053  -0.080  -41.306 0.0000000000
126191  27.882  -0.628  -46.519 0.0000000000
71307  27.427  -1.278  -47.151 0.0000000000
57797  22.742  -16.201  -39.149 0.0000000000
58682  23.158  -15.478  -39.554 0.0000000000
111031  27.154  -15.613  -38.238 0.0000000000
57764  26.824  -16.289  -37.850 0.0000000000
56004  19.415  -18.679  -36.623 0.0000000000
54159  19.887  -20.124  -36.264 0.0000000000
55089  21.174  -19.911  -37.128 0.0000000000
56016  21.143  -18.553  -37.719 0.0000000000
55103  21.653  -19.390  -37.564 0.0000000000
56015  23.005  -18.931  -38.124 0.0000000000
117786  19.415  -9.702  -39.555 0.0000000000
63023  19.066  -9.983  -38.891 0.0000000000
63042  19.878  -9.756  -40.166 0.0000000000
67966  22.370  -4.708  -42.267 0.0000000000
67114  21.938  -5.412  -42.367 0.0000000000
67101  25.509  -5.468  -41.394 0.0000000000
67102  24.438  -5.440  -41.433 0.0000000000
66247  25.972  -6.266  -41.437 0.0000000000
67113  27.232  -5.721  -42.009 0.0000000000
119433  27.421  -4.226  -42.825 0.0000000000
107650  27.435  -4.883  -43.734 0.0000000000
67989  27.294  -5.172  -44.977 0.0000000000
74141  25.095  4.288  -41.384 0.0000000000
74873  23.225  4.838  -40.995 0.0000000000
126742  26.524  3.007  -41.802 0.0000000000
73432  26.442  2.377  -41.684 0.0000000000
73441  26.976  2.798  -42.116 0.0000000000
59573  25.083  -14.643  -40.625 0.0000000000
59571  26.327  -14.750  -40.833 0.0000000000
58661  26.911  -15.084  -38.999 0.0000000000
67967  19.872  -3.977  -41.177 0.0000000000
67977  20.499  -4.125  -41.956 0.0000000000
68866  20.762  -3.417  -42.493 0.0000000000
69617  22.122  -2.438  -42.881 0.0000000000
107343  22.003  -3.062  -42.888 0.0000000000
68862  23.317  -2.919  -41.674 0.0000000000
53196  22.402  -21.621  -35.586 0.0000000000
54142  22.861  -20.968  -35.974 0.0000000000
53182  24.358  -21.144  -34.926 0.0000000000
62257  28.315  -11.905  -43.310 0.0000000000
58652  18.551  -15.257  -37.050 0.0000000000
57783  19.809  -16.096  -37.930 0.0000000000
58666  19.512  -15.427  -37.974 0.0000000000
59567  21.069  -14.529  -39.236 0.0000000000
60479  21.414  -13.891  -39.668 0.0000000000
61355  19.687  -12.364  -39.177 0.0000000000
120080  21.412  -12.698  -40.320 0.0000000000
60493  21.874  -13.276  -40.170 0.0000000000
113907  22.608  -13.009  -40.465 0.0000000000
60492  23.221  -13.510  -40.376 0.0000000000
61374  23.339  -12.876  -40.686 0.0000000000
62250  23.721  -11.489  -41.241 0.0000000000
65502  20.168  -7.901  -40.919 0.0000000000
64790  21.711  -8.555  -41.670 0.0000000000
111729  22.494  -6.712  -42.008 0.0000000000
64788  23.303  -8.517  -41.620 0.0000000000
124074  22.245  -9.139  -41.589 0.0000000000
106686  22.920  -9.243  -41.596 0.0000000000
110318  23.392  -10.038  -41.467 0.0000000000
63947  26.002  -10.085  -41.683 0.0000000000
63061  26.472  -10.875  -41.821 0.0000000000
63060  27.340  -11.541  -42.799 0.0000000000
117226  27.344  -9.524  -43.358 0.0000000000
63981  28.264  -9.978  -44.489 0.0000000000
63990  27.923  -9.789  -45.053 0.0000000000
66260  27.310  -7.075  -43.614 0.0000000000
66273  27.242  -7.460  -45.058 0.0000000000
72693  22.265  1.937  -41.809 0.0000000000
125303  22.692  1.428  -41.868 0.0000000000
71958  22.555  0.409  -42.324 0.0000000000
71274  22.065  -0.146  -42.661 0.0000000000
115930  21.932  -0.955  -42.836 0.0000000000
71273  22.903  -0.384  -42.285 0.0000000000
71262  25.602  -0.915  -41.290 0.0000000000
70467  24.469  -0.916  -41.483 0.0000000000
74169  27.832  3.227  -44.227 0.0000000000
73447  27.900  2.466  -43.623 0.0000000000
71982  28.488  0.322  -45.268 0.0000000000
72723  28.491  1.073  -45.672 0.0000000000
72714  28.500  1.042  -44.820 0.0000000000
72715  28.219  1.482  -43.984 0.0000000000
125322  28.164  0.682  -43.600 0.0000000000
71284  28.215  -0.175  -43.670 0.0000000000
115537  27.984  -0.925  -43.348 0.0000000000
70481  27.720  -1.734  -43.470 0.0000000000
70465  27.387  -1.817  -42.240 0.0000000000
69613  27.467  -2.553  -42.987 0.0000000000
123305  27.564  -2.616  -44.122 0.0000000000
69635  27.374  -2.868  -46.665 0.0000000000
69630  27.473  -2.879  -45.409 0.0000000000
109796  27.200  -4.312  -46.929 0.0000000000
111718  27.346  -3.715  -47.504 0.0000000000
57782  20.730  -16.296  -38.317 0.0000000000
56916  21.077  -16.983  -38.190 0.0000000000
57781  21.777  -16.618  -38.636 0.0000000000
112148  22.969  -17.796  -38.673 0.0000000000
56027  23.536  -18.285  -38.550 0.0000000000
57794  25.266  -16.619  -39.588 0.0000000000
57765  26.079  -16.823  -37.973 0.0000000000
56901  25.454  -17.466  -37.952 0.0000000000
56012  25.164  -18.192  -37.490 0.0000000000
118785  23.257  -3.826  -41.710 0.0000000000
67964  23.934  -4.681  -41.473 0.0000000000
67963  26.138  -4.745  -41.439 0.0000000000
67974  26.976  -4.846  -41.743 0.0000000000
117856  27.253  -4.121  -42.026 0.0000000000
67983  27.459  -3.890  -43.659 0.0000000000
112989  24.781  3.255  -41.373 0.0000000000
74150  26.633  3.658  -41.976 0.0000000000
60490  25.727  -14.230  -41.116 0.0000000000
122418  22.275  -1.744  -42.751 0.0000000000
54146  18.891  -19.995  -35.205 0.0000000000
105957  18.594  -20.056  -34.610 0.0000000000
54127  19.080  -20.841  -34.846 0.0000000000
52246  21.717  -22.752  -34.608 0.0000000000
52245  22.500  -22.577  -34.551 0.0000000000
54155  23.287  -20.344  -36.408 0.0000000000
59532  18.945  -14.138  -37.767 0.0000000000
59545  19.575  -14.791  -38.254 0.0000000000
60455  19.659  -14.000  -38.586 0.0000000000
63021  20.038  -11.225  -40.039 0.0000000000
61376  21.436  -12.070  -40.559 0.0000000000
61387  22.730  -12.318  -40.755 0.0000000000
62251  22.854  -11.584  -41.082 0.0000000000
111828  24.315  -6.919  -41.499 0.0000000000
64787  24.304  -8.638  -41.485 0.0000000000
63968  26.998  -9.358  -42.299 0.0000000000
64800  27.353  -8.853  -43.710 0.0000000000
109391  27.194  -6.558  -45.155 0.0000000000
108882  27.268  -6.988  -46.014 0.0000000000
65567  27.723  -7.465  -46.928 0.0000000000
72692  24.445  1.437  -41.524 0.0000000000
71949  24.171  0.517  -41.616 0.0000000000
71272  23.874  -0.230  -41.690 0.0000000000
71292  28.401  -0.387  -44.721 0.0000000000
71300  28.269  -0.507  -45.705 0.0000000000
70495  28.153  -1.225  -45.199 0.0000000000
70500  27.392  -2.093  -46.950 0.0000000000
57798  21.908  -15.776  -38.950 0.0000000000
57796  23.459  -16.878  -39.184 0.0000000000
58663  25.920  -16.321  -39.305 0.0000000000
57777  26.183  -16.478  -38.607 0.0000000000
55078  19.270  -19.862  -35.775 0.0000000000
106984  20.310  -20.789  -36.197 0.0000000000
54144  21.003  -21.109  -36.347 0.0000000000
55088  22.047  -20.060  -37.237 0.0000000000
55087  22.898  -20.007  -37.156 0.0000000000
55100  24.071  -19.113  -37.306 0.0000000000
62211  19.575  -11.469  -39.281 0.0000000000
63041  20.459  -10.459  -40.438 0.0000000000
63066  21.164  -9.925  -40.999 0.0000000000
66251  21.209  -5.825  -42.303 0.0000000000
66262  22.364  -6.022  -42.171 0.0000000000
66249  23.031  -6.140  -41.936 0.0000000000
67103  23.495  -5.444  -41.680 0.0000000000
111800  23.905  -6.177  -41.550 0.0000000000
114793  25.311  -6.933  -41.435 0.0000000000
65513  26.337  -7.079  -41.547 0.0000000000
65531  27.047  -7.323  -41.940 0.0000000000
66261  27.253  -6.669  -42.413 0.0000000000
107137  27.181  -5.964  -45.799 0.0000000000
67134  27.158  -5.708  -46.755 0.0000000000
68001  27.314  -5.143  -47.297 0.0000000000
73433  24.157  2.424  -41.488 0.0000000000
125095  26.069  1.908  -41.516 0.0000000000
72690  26.575  1.537  -41.622 0.0000000000
118313  23.545  -14.826  -39.872 0.0000000000
118373  23.967  -15.539  -39.784 0.0000000000
59564  24.468  -15.099  -40.152 0.0000000000
59572  25.923  -14.859  -40.827 0.0000000000
59562  25.855  -15.203  -40.303 0.0000000000
58679  26.157  -15.553  -39.563 0.0000000000
67116  20.799  -4.966  -42.191 0.0000000000
67975  21.795  -4.431  -42.505 0.0000000000
68865  21.505  -3.432  -42.773 0.0000000000
68864  22.260  -3.824  -42.444 0.0000000000
68850  24.210  -3.140  -41.425 0.0000000000
69604  24.886  -2.593  -41.297 0.0000000000
62247  27.445  -12.495  -42.607 0.0000000000
61383  27.881  -13.214  -42.735 0.0000000000
57767  18.619  -16.024  -36.861 0.0000000000
58684  21.526  -15.161  -39.091 0.0000000000
61331  19.211  -12.633  -38.473 0.0000000000
60478  22.221  -14.013  -39.841 0.0000000000
59575  23.033  -14.104  -39.992 0.0000000000
61373  24.195  -12.903  -40.904 0.0000000000
60499  25.333  -13.174  -41.237 0.0000000000
62248  26.608  -12.303  -41.834 0.0000000000
64766  19.221  -8.444  -39.656 0.0000000000
63931  20.027  -9.126  -40.438 0.0000000000
66250  21.325  -6.764  -42.118 0.0000000000
65517  21.465  -7.626  -41.880 0.0000000000
126388  22.735  -7.642  -41.816 0.0000000000
108480  22.059  -7.892  -41.913 0.0000000000
63949  21.726  -9.489  -41.413 0.0000000000
63063  23.960  -10.774  -41.385 0.0000000000
63062  24.786  -10.814  -41.472 0.0000000000
111100  25.756  -11.373  -41.640 0.0000000000
119726  27.836  -11.642  -43.311 0.0000000000
63082  28.142  -11.151  -43.553 0.0000000000
64813  27.991  -9.187  -45.512 0.0000000000
72700  22.147  1.142  -42.240 0.0000000000
115815  23.574  -0.868  -41.773 0.0000000000
70468  23.767  -1.564  -41.601 0.0000000000
69603  25.808  -2.474  -41.291 0.0000000000
126205  27.259  3.813  -43.214 0.0000000000
73440  27.469  2.577  -42.779 0.0000000000
72698  27.605  1.047  -42.415 0.0000000000
73463  28.256  2.402  -45.364 0.0000000000
72708  27.922  1.091  -43.174 0.0000000000
71955  27.594  0.209  -42.042 0.0000000000
71271  27.395  -0.764  -41.910 0.0000000000
70466  26.989  -1.492  -41.646 0.0000000000
69602  26.811  -2.380  -41.636 0.0000000000
68873  27.468  -3.162  -43.582 0.0000000000
68883  27.353  -3.903  -45.696 0.0000000000
69647  27.762  -2.940  -48.684 0.0000000000
105974  27.813  -3.817  -48.441 0.0000000000
68892  28.199  -4.664  -48.290 0.0000000000
56029  21.780  -18.085  -38.193 0.0000000000
56915  22.243  -17.570  -38.526 0.0000000000
56014  23.767  -18.827  -38.042 0.0000000000
56925  24.179  -17.150  -39.318 0.0000000000
56913  24.358  -17.806  -38.896 0.0000000000
56902  24.740  -17.994  -38.260 0.0000000000
56013  24.438  -18.547  -37.776 0.0000000000
56003  24.843  -18.776  -36.971 0.0000000000
61372  27.825  -13.566  -42.069 0.0000000000
61352  27.842  -13.822  -41.347 0.0000000000
57779  24.923  -17.247  -39.280 0.0000000000
64824  28.190  -7.733  -47.056 0.0000000000
65573  28.235  -7.341  -47.307 0.0000000000
67965  23.047  -4.746  -41.869 0.0000000000
