#!ascii label  , from subject sub-v1s10x0051105_ses-1 vox2ras=TkReg
814
110233  -19.848  -7.011  -10.862 0.5555555820
69217  -20.105  -6.355  -11.035 0.6666666865
108390  -20.416  -5.746  -11.221 0.7777777910
108386  -21.158  -5.880  -11.563 0.7777777910
108387  -21.507  -4.422  -11.799 0.8888888955
70859  -22.874  -3.998  -12.283 0.8888888955
68407  -18.484  -7.500  -10.024 0.5555555820
69199  -19.010  -6.880  -10.363 0.5555555820
108394  -19.565  -5.678  -10.744 0.6666666865
108382  -21.713  -5.269  -11.780 0.8888888955
71718  -22.865  -3.284  -12.583 1.0000000000
71719  -23.576  -3.268  -12.550 0.8888888955
109680  -24.004  -2.400  -12.861 1.0000000000
70019  -18.109  -5.566  -9.846 0.7777777910
108402  -18.818  -4.020  -10.376 1.0000000000
108403  -19.222  -3.266  -10.649 1.0000000000
108404  -20.032  -3.245  -11.075 1.0000000000
72532  -21.255  -2.610  -11.960 1.0000000000
72542  -21.946  -2.379  -12.520 1.0000000000
73357  -20.602  -1.688  -11.697 1.0000000000
73358  -21.473  -1.770  -12.280 1.0000000000
73372  -22.203  -1.809  -12.822 1.0000000000
73379  -24.075  -0.969  -13.280 1.0000000000
118152  -21.766  -1.082  -12.675 1.0000000000
74216  -22.528  -1.145  -13.142 1.0000000000
127488  -24.301  -0.376  -13.255 1.0000000000
74218  -23.020  -0.419  -13.453 1.0000000000
121243  -24.257  0.107  -13.406 0.7777777910
72517  -18.042  -2.340  -10.201 0.8888888955
72530  -19.636  -2.534  -10.890 1.0000000000
73342  -19.280  -1.766  -10.835 1.0000000000
117829  -20.422  -0.838  -11.692 1.0000000000
74214  -21.384  -0.262  -12.482 1.0000000000
74215  -22.100  -0.389  -13.069 1.0000000000
75058  -22.570  0.358  -13.341 1.0000000000
75059  -23.592  0.409  -13.577 1.0000000000
75060  -24.165  0.784  -13.383 0.8888888955
122490  -24.505  0.914  -13.159 0.7777777910
75942  -24.977  1.085  -12.880 0.7777777910
73340  -17.605  -1.242  -10.144 0.5555555820
75035  -18.975  0.655  -11.317 0.7777777910
74191  -18.609  -0.198  -10.842 0.8888888955
74203  -20.739  -0.173  -11.899 1.0000000000
75036  -19.672  0.411  -11.573 0.8888888955
75054  -20.981  0.556  -12.358 1.0000000000
75055  -21.650  0.431  -12.973 1.0000000000
119344  -22.141  1.182  -13.183 1.0000000000
75939  -23.615  1.328  -13.397 0.8888888955
119013  -23.370  1.859  -13.155 1.0000000000
75940  -23.980  1.606  -13.164 0.8888888955
120298  -24.704  2.521  -12.748 0.7777777910
77582  -26.103  2.710  -12.412 0.6666666865
76791  -25.316  2.346  -12.622 0.6666666865
119890  -17.198  0.100  -9.949 0.4444444478
75027  -18.264  0.424  -10.772 0.7777777910
75898  -18.265  1.269  -10.930 0.6666666865
75911  -19.125  1.594  -11.500 0.7777777910
111996  -19.861  1.251  -11.774 0.8888888955
75929  -20.587  1.322  -12.260 0.8888888955
115466  -20.925  2.041  -12.630 1.0000000000
75930  -21.815  2.067  -12.867 1.0000000000
76788  -22.844  2.529  -12.872 1.0000000000
115054  -23.625  2.526  -12.813 0.7777777910
77598  -24.150  2.934  -12.753 0.7777777910
117322  -26.450  3.542  -12.234 0.5555555820
110271  -24.701  3.454  -12.786 0.7777777910
77599  -25.609  3.284  -12.642 0.6666666865
76739  -17.878  2.183  -10.720 0.6666666865
75897  -17.410  1.406  -10.327 0.6666666865
119554  -18.585  2.025  -11.232 0.7777777910
120772  -19.815  1.961  -11.808 0.8888888955
76770  -20.763  2.671  -12.457 0.8888888955
76769  -20.170  2.561  -11.986 1.0000000000
77581  -21.936  3.181  -12.624 1.0000000000
76787  -22.333  2.725  -12.770 0.8888888955
112884  -22.994  3.345  -12.651 0.8888888955
77597  -23.405  3.117  -12.694 0.8888888955
116579  -22.572  3.425  -12.616 0.8888888955
78364  -23.164  3.765  -12.697 0.7777777910
78365  -23.885  3.769  -12.789 0.7777777910
78348  -25.419  4.326  -12.705 0.7777777910
78349  -26.098  4.314  -12.346 0.6666666865
116875  -17.110  2.152  -10.133 0.6666666865
76755  -18.500  2.718  -11.147 0.7777777910
77565  -19.880  3.210  -11.775 0.8888888955
77579  -20.585  3.247  -12.319 1.0000000000
78347  -21.908  3.590  -12.582 1.0000000000
79122  -24.323  4.988  -12.991 0.7777777910
79123  -25.093  5.202  -12.779 0.6666666865
79908  -25.760  6.163  -11.997 0.5555555820
79112  -25.705  5.221  -12.407 0.5555555820
76754  -17.957  2.963  -10.758 0.7777777910
77544  -16.974  3.539  -10.150 0.6666666865
77564  -19.041  3.297  -11.429 0.8888888955
122518  -19.456  3.882  -11.592 1.0000000000
78346  -21.052  3.837  -12.501 1.0000000000
78362  -22.129  4.004  -12.582 0.8888888955
79120  -22.336  4.663  -12.643 0.8888888955
78363  -22.684  3.860  -12.627 0.8888888955
79917  -23.901  5.790  -13.010 0.7777777910
79918  -24.639  5.993  -12.844 0.7777777910
79907  -25.272  6.057  -12.478 0.5555555820
79916  -23.320  6.574  -12.921 0.7777777910
122184  -24.732  6.829  -12.538 0.5555555820
122652  -25.613  6.960  -11.749 0.5555555820
121298  -24.175  6.776  -12.874 0.6666666865
78306  -16.016  4.177  -9.348 0.4444444478
78333  -18.033  4.410  -10.866 0.7777777910
78334  -18.745  4.118  -11.346 1.0000000000
122716  -19.955  5.022  -11.901 1.0000000000
121780  -20.597  4.761  -12.314 0.8888888955
79110  -20.899  5.389  -12.450 0.8888888955
79111  -21.710  4.926  -12.572 0.8888888955
122245  -22.695  5.530  -12.795 0.8888888955
80806  -24.764  7.596  -12.308 0.5555555820
79883  -17.256  6.586  -10.328 0.6666666865
122756  -17.461  5.112  -10.512 0.6666666865
79099  -18.185  5.989  -11.071 0.7777777910
79109  -20.027  5.805  -12.117 0.8888888955
79895  -19.263  6.412  -11.701 0.7777777910
79905  -20.449  6.445  -12.326 0.7777777910
79906  -21.292  6.102  -12.537 0.8888888955
80802  -21.848  6.906  -12.644 0.7777777910
79915  -22.505  6.400  -12.780 0.7777777910
80791  -22.295  7.917  -12.666 0.6666666865
111751  -23.244  7.684  -12.885 0.6666666865
80804  -23.917  7.609  -12.966 0.6666666865
81653  -23.151  8.482  -12.864 0.6666666865
81654  -23.846  8.407  -13.066 0.5555555820
81655  -24.167  8.458  -13.023 0.5555555820
81599  -17.004  7.805  -9.659 0.3333333433
80759  -16.743  7.225  -9.664 0.3333333433
80772  -17.657  7.369  -10.463 0.5555555820
79893  -17.936  6.583  -10.787 0.6666666865
80773  -18.346  7.897  -10.923 0.5555555820
80779  -18.780  7.206  -11.408 0.7777777910
80780  -19.470  7.254  -11.762 0.7777777910
81639  -19.727  7.985  -11.808 0.6666666865
80789  -20.093  7.294  -12.155 0.6666666865
117105  -21.373  7.772  -12.492 0.6666666865
124021  -22.453  8.710  -12.558 0.6666666865
118785  -23.706  8.981  -13.147 0.6666666865
82474  -24.162  9.251  -13.306 0.5555555820
81600  -17.445  8.152  -9.896 0.4444444478
80760  -17.186  7.735  -9.930 0.4444444478
81601  -18.062  8.554  -10.235 0.5555555820
81616  -17.794  8.143  -10.303 0.5555555820
128031  -18.750  8.484  -11.063 0.6666666865
81627  -19.051  7.921  -11.402 0.6666666865
81640  -20.537  8.111  -12.218 0.6666666865
81641  -21.474  8.647  -12.356 0.6666666865
82473  -23.875  9.601  -13.415 0.6666666865
82482  -24.196  9.923  -13.650 0.5555555820
82483  -24.430  9.927  -13.597 0.6666666865
82408  -17.647  9.238  -8.840 0.4444444478
81618  -18.959  8.995  -10.886 0.6666666865
81628  -19.318  8.604  -11.349 0.6666666865
110251  -19.993  8.749  -11.714 0.6666666865
82472  -23.163  9.278  -12.839 0.6666666865
116240  -20.912  -5.150  -11.478 0.8888888955
112843  -19.246  -4.800  -10.585 1.0000000000
108396  -19.761  -4.064  -10.900 1.0000000000
71708  -20.747  -3.264  -11.534 1.0000000000
72543  -22.730  -2.481  -12.848 1.0000000000
75025  -16.980  0.753  -9.830 0.5555555820
77595  -22.533  3.124  -12.671 0.8888888955
76737  -16.748  2.810  -9.889 0.5555555820
77563  -18.323  3.511  -11.033 0.7777777910
78345  -20.172  4.081  -11.993 1.0000000000
118332  -23.255  5.442  -12.919 0.8888888955
78305  -15.648  3.980  -9.048 0.2222222239
80805  -24.304  7.637  -12.722 0.6666666865
79904  -19.831  6.680  -12.034 0.7777777910
81656  -24.473  8.427  -12.716 0.4444444478
81617  -18.410  8.585  -10.620 0.6666666865
122049  -24.757  9.953  -13.430 0.5555555820
81583  -16.371  8.489  -7.853 0.2222222239
82484  -24.696  10.514  -13.932 0.5555555820
67606  -20.241  -8.439  -10.788 0.5555555820
112493  -20.531  -7.731  -11.051 0.5555555820
108385  -21.353  -6.605  -11.506 0.5555555820
108381  -21.971  -6.486  -11.555 0.5555555820
112654  -22.842  -4.758  -11.923 0.7777777910
108375  -23.444  -4.105  -11.993 0.8888888955
67598  -18.849  -8.209  -10.214 0.5555555820
110914  -21.843  -5.968  -11.670 0.6666666865
108380  -22.343  -5.368  -11.808 0.6666666865
71710  -24.206  -3.448  -11.974 0.7777777910
71720  -24.179  -2.762  -12.568 0.7777777910
72545  -24.549  -1.901  -12.580 0.8888888955
68406  -17.575  -7.483  -9.275 0.4444444478
69198  -17.974  -6.572  -9.696 0.5555555820
72551  -24.292  -1.451  -12.972 1.0000000000
70018  -17.064  -5.725  -9.103 0.2222222239
112809  -18.440  -4.760  -10.080 0.6666666865
73381  -24.697  -0.390  -12.839 0.8888888955
74221  -24.860  0.032  -12.893 0.6666666865
75056  -24.812  0.516  -13.003 0.7777777910
75931  -25.531  1.100  -12.512 0.6666666865
108409  -17.327  -3.361  -9.590 0.5555555820
121204  -26.034  1.644  -12.233 0.6666666865
72516  -17.325  -2.052  -9.798 0.4444444478
76757  -26.383  2.317  -12.155 0.5555555820
77566  -26.714  3.588  -11.866 0.5555555820
74171  -16.146  -0.970  -9.139 0.2222222239
79113  -26.125  5.183  -12.031 0.5555555820
75883  -16.340  2.028  -9.286 0.3333333433
79896  -26.126  5.966  -11.457 0.5555555820
77528  -16.380  3.478  -9.593 0.4444444478
114271  -25.961  6.788  -11.414 0.4444444478
77513  -15.646  3.405  -8.888 0.3333333433
80792  -25.282  7.579  -11.853 0.5555555820
81642  -24.967  8.345  -12.170 0.4444444478
116259  -15.993  7.540  -8.602 0.3333333433
79869  -16.316  6.408  -9.454 0.3333333433
79870  -16.690  6.569  -9.817 0.4444444478
82463  -24.902  9.222  -12.711 0.4444444478
83287  -25.124  10.607  -13.643 0.2222222239
81584  -17.014  8.853  -8.393 0.3333333433
82437  -18.681  8.990  -10.538 0.6666666865
82449  -19.617  9.271  -11.142 0.6666666865
82461  -20.650  8.938  -12.015 0.6666666865
82451  -21.289  9.570  -11.807 0.6666666865
83274  -22.869  10.035  -12.390 0.6666666865
83285  -23.498  10.100  -13.174 0.6666666865
83286  -23.993  10.276  -13.803 0.6666666865
83296  -24.307  10.473  -13.953 0.4444444478
114770  -24.952  11.016  -14.115 0.3333333433
82438  -19.435  9.556  -10.622 0.5555555820
69216  -19.464  -6.398  -10.670 0.6666666865
68421  -19.486  -7.778  -10.576 0.5555555820
68422  -20.623  -6.924  -11.277 0.6666666865
129174  -20.722  -6.331  -11.382 0.7777777910
108395  -20.077  -4.964  -11.023 0.8888888955
71709  -21.494  -3.534  -11.938 1.0000000000
108397  -20.415  -3.768  -11.267 1.0000000000
108391  -20.600  -4.379  -11.337 1.0000000000
69215  -18.819  -6.078  -10.300 0.6666666865
108401  -18.843  -5.357  -10.325 0.8888888955
70056  -22.298  -4.642  -12.008 0.8888888955
119184  -22.260  -3.866  -12.220 1.0000000000
72544  -23.436  -2.730  -12.836 1.0000000000
71717  -22.118  -3.073  -12.423 1.0000000000
73374  -23.607  -1.895  -13.091 1.0000000000
110912  -17.542  -4.832  -9.527 0.6666666865
108410  -18.261  -3.192  -10.161 0.8888888955
72518  -18.802  -2.470  -10.555 1.0000000000
72531  -20.369  -2.546  -11.392 1.0000000000
117830  -19.956  -1.918  -11.175 1.0000000000
73373  -22.881  -1.756  -13.129 1.0000000000
73380  -24.464  -0.665  -13.006 0.8888888955
73378  -23.383  -1.135  -13.343 1.0000000000
73371  -21.085  -0.975  -12.058 1.0000000000
74219  -23.871  -0.391  -13.481 1.0000000000
74220  -24.555  -0.150  -13.094 0.8888888955
75061  -24.569  0.338  -13.186 0.7777777910
73341  -18.397  -1.644  -10.499 1.0000000000
71695  -17.572  -2.742  -9.839 0.5555555820
73356  -19.775  -1.096  -11.309 1.0000000000
113980  -23.034  1.084  -13.524 1.0000000000
75941  -24.451  1.427  -13.008 0.7777777910
76772  -25.571  1.807  -12.518 0.6666666865
73339  -16.723  -1.441  -9.542 0.5555555820
117847  -18.272  -0.860  -10.557 0.6666666865
73355  -18.945  -0.966  -10.885 0.8888888955
74201  -19.313  -0.243  -11.259 1.0000000000
118526  -21.234  1.284  -12.812 1.0000000000
75938  -22.823  1.918  -13.154 1.0000000000
76789  -23.503  2.289  -12.950 0.8888888955
111601  -24.149  2.056  -12.904 0.8888888955
76790  -24.808  1.789  -12.774 0.7777777910
121119  -26.673  3.029  -12.109 0.5555555820
75026  -17.624  0.614  -10.414 0.5555555820
111926  -16.599  -0.011  -9.405 0.3333333433
74190  -17.775  -0.254  -10.386 0.6666666865
75928  -20.332  1.981  -12.171 0.8888888955
76771  -21.516  2.753  -12.642 1.0000000000
77596  -23.090  2.903  -12.727 0.7777777910
76756  -19.316  2.465  -11.552 0.8888888955
77580  -21.323  3.262  -12.554 1.0000000000
78366  -24.701  4.340  -12.868 0.7777777910
75896  -16.762  1.539  -9.713 0.4444444478
79121  -23.526  4.689  -12.892 0.7777777910
77545  -17.651  3.595  -10.590 0.6666666865
113344  -21.446  4.331  -12.533 1.0000000000
114050  -22.893  4.571  -12.753 0.8888888955
79914  -22.044  5.724  -12.673 0.8888888955
122372  -25.258  6.847  -12.130 0.5555555820
78322  -16.623  4.257  -9.848 0.5555555820
78323  -17.261  4.308  -10.360 0.5555555820
122715  -18.561  4.858  -11.296 1.0000000000
79101  -19.463  5.572  -11.745 0.7777777910
79076  -16.341  5.940  -9.570 0.5555555820
79088  -16.862  5.761  -10.120 0.5555555820
79089  -17.627  5.897  -10.643 0.6666666865
122463  -18.122  5.327  -10.974 0.7777777910
125585  -16.869  4.925  -10.108 0.7777777910
116277  -16.306  5.092  -9.577 0.6666666865
79894  -18.506  6.502  -11.301 0.7777777910
79100  -18.731  5.646  -11.449 0.7777777910
80790  -20.880  7.145  -12.447 0.6666666865
80803  -22.646  7.123  -12.791 0.6666666865
82475  -24.425  9.245  -13.177 0.4444444478
80771  -17.022  7.169  -10.034 0.4444444478
80778  -18.254  7.134  -10.986 0.6666666865
82462  -22.240  9.327  -12.263 0.6666666865
76715  -16.211  2.747  -9.351 0.4444444478
121088  -15.817  4.762  -9.226 0.3333333433
75012  -16.567  0.843  -9.369 0.4444444478
108795  -24.065  -4.353  -11.385 0.6666666865
67597  -18.148  -8.175  -9.686 0.4444444478
67596  -17.374  -8.279  -9.010 0.3333333433
69183  -16.988  -6.738  -8.809 0.4444444478
125277  -25.155  0.516  -12.740 0.6666666865
108407  -17.916  -4.049  -9.845 0.7777777910
74189  -16.949  -0.624  -9.778 0.3333333433
73323  -16.152  -1.704  -9.064 0.1111111119
79075  -16.009  5.607  -9.320 0.3333333433
68410  -24.083  -7.072  -9.048 0.4444444478
69171  -25.152  -6.969  -7.794 0.2222222239
67607  -21.099  -8.479  -10.743 0.4444444478
67608  -21.996  -8.300  -10.417 0.4444444478
68423  -21.537  -7.795  -10.950 0.4444444478
68424  -22.344  -7.564  -10.636 0.4444444478
68425  -23.096  -7.226  -10.233 0.4444444478
69219  -23.988  -6.059  -10.086 0.4444444478
70005  -24.863  -5.856  -8.829 0.2222222239
127430  -22.335  -6.542  -11.360 0.4444444478
69231  -22.891  -6.229  -11.241 0.4444444478
69218  -23.341  -6.487  -10.533 0.4444444478
70006  -25.549  -5.406  -8.474 0.1111111119
70007  -26.259  -4.886  -8.202 0.1111111119
108685  -23.565  -5.673  -10.927 0.4444444478
108366  -24.693  -4.873  -9.820 0.3333333433
115660  -22.390  -6.033  -11.583 0.4444444478
108370  -24.235  -5.347  -10.359 0.3333333433
108362  -25.663  -4.770  -8.755 0.2222222239
108371  -24.000  -5.024  -11.001 0.4444444478
108374  -22.929  -5.544  -11.615 0.4444444478
71697  -25.217  -3.601  -10.002 0.2222222239
108360  -25.901  -3.548  -9.340 0.1111111119
72491  -26.871  -2.599  -8.974 0.1111111119
71696  -24.684  -3.768  -10.902 0.3333333433
128735  -25.167  -3.102  -10.649 0.3333333433
72533  -24.551  -2.644  -12.161 0.5555555820
72534  -24.972  -2.079  -11.858 0.6666666865
73344  -25.948  -1.179  -10.911 0.4444444478
74177  -26.565  -0.761  -10.429 0.3333333433
115190  -25.053  -1.144  -12.285 0.6666666865
74204  -25.305  -0.473  -12.196 0.5555555820
73375  -24.679  -0.949  -12.723 0.6666666865
74217  -25.221  0.033  -12.528 0.5555555820
74205  -25.669  0.030  -11.934 0.5555555820
74192  -26.216  -0.046  -11.014 0.4444444478
75038  -26.055  0.583  -11.576 0.3333333433
116676  -24.947  -0.448  -12.614 0.5555555820
117699  -26.426  1.904  -11.774 0.4444444478
75912  -26.017  1.183  -12.042 0.4444444478
82450  -20.360  9.453  -11.448 0.5555555820
83273  -22.196  10.003  -11.864 0.5555555820
84043  -23.188  10.815  -12.659 0.5555555820
68408  -22.788  -7.958  -9.968 0.4444444478
69184  -24.669  -6.616  -8.565 0.2222222239
130862  -21.181  -7.284  -11.332 0.4444444478
70021  -25.066  -5.112  -9.090 0.2222222239
72519  -25.343  -2.383  -10.969 0.4444444478
72501  -25.740  -2.806  -10.016 0.3333333433
71711  -24.815  -2.913  -11.429 0.4444444478
73359  -25.479  -0.957  -11.691 0.4444444478
75901  -26.384  1.233  -11.194 0.3333333433
78327  -26.441  4.350  -11.166 0.4444444478
83263  -20.799  10.252  -11.121 0.5555555820
83255  -20.421  10.845  -10.368 0.5555555820
73328  -26.506  -1.479  -10.102 0.2222222239
84053  -23.647  10.860  -13.614 0.5555555820
66717  -22.148  -9.450  -9.439 0.4444444478
67600  -22.455  -8.693  -9.704 0.4444444478
67601  -23.209  -8.282  -9.229 0.4444444478
68394  -24.440  -7.375  -8.362 0.2222222239
68382  -25.942  -6.980  -7.219 0.1111111119
66730  -20.538  -9.207  -10.486 0.4444444478
67599  -21.618  -9.024  -10.155 0.4444444478
69185  -25.345  -6.146  -8.179 0.1111111119
69991  -26.037  -5.712  -7.872 0.1111111119
130434  -26.880  -4.661  -7.793 0.1111111119
108355  -26.735  -4.165  -8.240 0.1111111119
114476  -27.130  -3.648  -8.196 0.1111111119
72492  -27.450  -2.232  -8.535 0.1111111119
72503  -27.060  -1.703  -9.310 0.1111111119
126403  -26.862  -1.173  -9.832 0.2222222239
74193  -26.937  -0.161  -10.147 0.1111111119
75902  -26.843  1.205  -10.192 0.2222222239
75888  -26.599  1.989  -10.786 0.3333333433
120030  -26.446  5.032  -10.603 0.3333333433
78336  -26.490  4.333  -11.992 0.4444444478
79102  -26.297  5.138  -11.394 0.3333333433
80793  -25.805  7.551  -11.438 0.4444444478
82464  -25.565  9.620  -12.226 0.3333333433
82425  -18.254  9.636  -9.212 0.4444444478
84060  -24.057  11.199  -14.330 0.5555555820
82439  -20.076  9.954  -10.760 0.5555555820
83264  -21.714  10.479  -11.405 0.5555555820
83265  -22.611  10.783  -11.835 0.5555555820
121155  -23.258  11.578  -13.013 0.5555555820
113470  -23.473  -4.928  -11.529 0.5555555820
75057  -25.571  0.568  -12.322 0.5555555820
69200  -23.719  -6.778  -9.764 0.4444444478
68409  -23.462  -7.517  -9.491 0.4444444478
68438  -21.908  -7.078  -11.301 0.4444444478
108379  -22.644  -6.860  -10.877 0.4444444478
69201  -24.333  -6.354  -9.331 0.4444444478
70020  -24.532  -5.618  -9.582 0.4444444478
108359  -26.093  -4.182  -8.748 0.1111111119
69992  -26.697  -5.313  -7.536 0.1111111119
128589  -24.811  -4.231  -10.096 0.3333333433
108367  -24.432  -4.637  -10.619 0.3333333433
108363  -25.344  -4.325  -9.382 0.2222222239
71683  -26.332  -2.936  -9.323 0.1111111119
72502  -26.425  -2.246  -9.673 0.1111111119
71674  -27.253  -3.013  -8.385 0.1111111119
73343  -25.436  -1.582  -11.387 0.4444444478
72520  -25.911  -1.923  -10.491 0.4444444478
73360  -25.813  -0.540  -11.380 0.4444444478
75028  -26.605  0.526  -10.641 0.3333333433
76743  -26.699  2.775  -11.579 0.4444444478
68393  -23.825  -7.788  -8.766 0.4444444478
108356  -26.607  -3.432  -8.709 0.1111111119
83256  -21.293  11.164  -10.740 0.5555555820
67584  -22.931  -9.074  -8.980 0.4444444478
67586  -24.214  -8.010  -8.224 0.4444444478
69172  -25.802  -6.389  -7.651 0.1111111119
62023  -24.422  -14.429  -6.603 0.1111111119
62977  -21.137  -13.250  -8.228 0.3333333433
62965  -22.966  -13.117  -7.182 0.2222222239
62949  -24.055  -13.576  -6.619 0.2222222239
62950  -24.900  -13.715  -6.345 0.1111111119
63848  -24.530  -12.719  -6.444 0.1111111119
110718  -18.988  -12.037  -9.071 0.3333333433
63873  -19.469  -12.727  -8.779 0.3333333433
63874  -20.504  -12.798  -8.552 0.3333333433
63876  -21.950  -12.194  -7.988 0.3333333433
64771  -22.644  -11.830  -7.631 0.3333333433
63862  -23.156  -12.320  -7.168 0.2222222239
63847  -23.623  -12.871  -6.752 0.2222222239
117803  -23.880  -12.040  -6.736 0.2222222239
65734  -17.830  -10.813  -8.996 0.2222222239
64803  -18.791  -11.366  -9.275 0.2222222239
122408  -19.970  -12.034  -9.053 0.3333333433
112123  -20.789  -12.094  -8.676 0.3333333433
64772  -23.419  -11.427  -7.227 0.1111111119
120603  -18.119  -10.095  -9.352 0.2222222239
65751  -18.924  -10.633  -9.608 0.3333333433
66714  -18.758  -9.791  -9.874 0.3333333433
111014  -19.511  -10.146  -9.998 0.3333333433
65753  -21.020  -10.540  -9.500 0.3333333433
125523  -19.678  -11.342  -9.433 0.3333333433
65736  -22.368  -10.630  -8.453 0.3333333433
65754  -21.864  -10.220  -9.149 0.3333333433
65737  -23.062  -10.249  -8.047 0.3333333433
65722  -23.498  -10.616  -7.488 0.3333333433
65705  -23.916  -10.870  -7.066 0.1111111119
65723  -24.112  -10.285  -7.234 0.2222222239
66713  -17.979  -9.404  -9.384 0.2222222239
124744  -19.527  -9.490  -10.277 0.3333333433
66716  -21.292  -9.767  -9.835 0.3333333433
66700  -22.609  -9.846  -8.708 0.3333333433
66688  -23.675  -9.888  -7.646 0.3333333433
127790  -24.260  -9.669  -7.383 0.1111111119
66712  -17.358  -9.027  -8.767 0.3333333433
129770  -17.869  -8.749  -9.397 0.3333333433
66729  -19.521  -8.689  -10.484 0.3333333433
66701  -23.324  -9.469  -8.238 0.3333333433
67585  -23.672  -8.593  -8.394 0.3333333433
76721  -26.688  2.782  -10.300 0.2222222239
77548  -26.573  3.564  -10.777 0.2222222239
77534  -26.791  3.564  -9.745 0.2222222239
79886  -26.322  6.560  -10.764 0.3333333433
63860  -21.776  -12.967  -7.881 0.3333333433
63861  -22.452  -12.639  -7.547 0.3333333433
65735  -21.609  -10.998  -8.821 0.3333333433
64788  -22.155  -11.418  -8.203 0.3333333433
67571  -23.988  -9.177  -7.748 0.3333333433
62022  -23.602  -14.268  -6.889 0.1111111119
62975  -18.903  -13.351  -8.629 0.3333333433
131425  -20.645  -13.406  -8.387 0.3333333433
111258  -20.837  -13.984  -8.244 0.3333333433
62037  -21.617  -13.745  -7.877 0.3333333433
62964  -22.305  -13.437  -7.533 0.3333333433
62948  -23.408  -13.543  -6.889 0.3333333433
62024  -25.268  -14.582  -6.357 0.1111111119
62951  -25.686  -13.931  -6.046 0.1111111119
113908  -25.408  -13.054  -6.070 0.1111111119
63849  -25.246  -12.265  -6.162 0.1111111119
121951  -17.053  -9.987  -7.966 0.2222222239
65706  -24.537  -10.722  -6.729 0.1111111119
66689  -24.680  -9.884  -6.913 0.1111111119
67572  -24.375  -8.486  -7.771 0.1111111119
67583  -16.856  -8.564  -8.160 0.1111111119
78312  -26.590  4.387  -10.142 0.2222222239
80774  -26.274  7.450  -10.763 0.2222222239
123063  -26.584  6.981  -10.198 0.2222222239
109193  -18.642  -8.926  -9.996 0.4444444478
62025  -25.961  -14.733  -6.114 0.1111111119
63875  -21.292  -12.521  -8.320 0.3333333433
113593  -18.016  -11.705  -8.878 0.2222222239
124669  -18.269  -12.579  -8.715 0.2222222239
64787  -21.431  -11.768  -8.505 0.3333333433
64756  -24.714  -11.637  -6.474 0.1111111119
64755  -24.069  -11.330  -6.806 0.1111111119
66699  -17.403  -9.915  -8.648 0.2222222239
65752  -20.062  -10.722  -9.723 0.3333333433
66715  -20.334  -9.997  -10.033 0.3333333433
64786  -20.697  -11.378  -9.130 0.3333333433
65721  -22.835  -11.020  -7.807 0.3333333433
66698  -17.001  -9.382  -7.986 0.2222222239
112025  -23.913  -15.117  -6.947 0.1111111119
112531  -22.906  -13.922  -7.239 0.2222222239
62976  -19.968  -13.567  -8.544 0.3333333433
62038  -22.207  -14.270  -7.581 0.3333333433
110341  -17.518  -12.078  -8.394 0.2222222239
78296  -27.542  4.831  -8.324 0.1111111119
78313  -27.183  4.441  -9.121 0.1111111119
79068  -27.328  5.472  -8.795 0.1111111119
79093  -26.432  5.770  -10.672 0.1111111119
79878  -27.118  6.219  -9.234 0.1111111119
117323  -26.678  6.319  -10.014 0.1111111119
117828  -27.248  6.866  -8.883 0.1111111119
81643  -25.556  8.306  -11.689 0.2222222239
79877  -26.927  6.939  -9.537 0.1111111119
117305  -26.025  9.920  -11.779 0.1111111119
121546  -25.363  8.918  -12.073 0.2222222239
83276  -25.796  10.392  -12.255 0.1111111119
82452  -25.945  9.152  -11.566 0.1111111119
83266  -26.235  10.604  -11.559 0.1111111119
116700  -25.261  10.112  -12.888 0.1111111119
83247  -19.181  10.691  -9.321 0.4444444478
83254  -19.946  10.493  -10.256 0.4444444478
83275  -25.560  10.900  -12.910 0.1111111119
117010  -22.112  11.161  -11.264 0.4444444478
84061  -24.456  11.243  -14.373 0.2222222239
113066  -24.944  11.614  -14.394 0.1111111119
84054  -25.360  11.440  -13.661 0.1111111119
84810  -25.619  12.321  -13.159 0.1111111119
84034  -22.140  11.755  -10.914 0.4444444478
84035  -22.628  11.611  -11.605 0.4444444478
125755  -22.980  11.424  -12.227 0.4444444478
84052  -23.537  11.706  -14.089 0.4444444478
84821  -23.777  12.094  -14.974 0.2222222239
84067  -24.121  11.993  -15.047 0.2222222239
85531  -24.563  12.510  -15.124 0.2222222239
125499  -24.902  12.175  -14.630 0.2222222239
87009  -23.225  15.120  -17.015 0.1111111119
86259  -24.048  14.092  -16.457 0.1111111119
110638  -25.354  13.790  -14.092 0.1111111119
83994  -19.554  12.118  -8.450 0.4444444478
84011  -20.076  11.522  -9.533 0.4444444478
119520  -20.673  11.664  -9.873 0.3333333433
84805  -22.591  12.282  -11.346 0.4444444478
115735  -22.774  13.056  -12.935 0.4444444478
84816  -23.114  12.329  -13.386 0.4444444478
84820  -23.118  12.532  -14.444 0.4444444478
123437  -22.597  13.791  -13.155 0.3333333433
84826  -23.282  12.682  -15.366 0.1111111119
84827  -23.938  12.378  -15.731 0.1111111119
84828  -24.021  12.700  -16.079 0.1111111119
113358  -24.116  12.318  -15.641 0.2222222239
85538  -24.314  12.859  -15.765 0.1111111119
85545  -24.194  13.377  -16.137 0.1111111119
84022  -21.474  11.939  -10.252 0.3333333433
84804  -22.167  12.409  -10.552 0.3333333433
118978  -22.626  12.938  -11.853 0.3333333433
131113  -22.875  12.809  -13.698 0.4444444478
85524  -22.638  13.314  -13.997 0.2222222239
85536  -22.779  13.364  -15.552 0.2222222239
85537  -23.515  12.980  -15.969 0.1111111119
86243  -22.374  14.330  -13.815 0.1111111119
86249  -22.270  13.767  -14.832 0.1111111119
86254  -22.353  14.273  -15.654 0.1111111119
85544  -23.795  13.443  -16.307 0.1111111119
118518  -21.973  14.658  -14.813 0.1111111119
86257  -22.861  14.530  -16.523 0.1111111119
85543  -23.098  13.726  -16.218 0.1111111119
83995  -20.096  12.161  -8.888 0.3333333433
130763  -21.613  12.318  -10.034 0.3333333433
84788  -21.201  12.515  -9.226 0.3333333433
84796  -21.820  12.633  -9.848 0.3333333433
127751  -22.637  12.801  -11.059 0.3333333433
85518  -22.569  13.710  -12.260 0.2222222239
130651  -21.963  14.893  -15.297 0.1111111119
87715  -22.454  16.825  -17.487 0.1111111119
84763  -20.469  12.548  -7.536 0.1111111119
113937  -21.700  12.678  -8.221 0.1111111119
85488  -21.888  12.780  -9.205 0.2222222239
126287  -22.885  13.532  -9.936 0.2222222239
84797  -22.490  12.993  -10.505 0.3333333433
85499  -22.820  13.537  -10.514 0.2222222239
86219  -22.986  14.139  -10.999 0.2222222239
86959  -22.746  15.053  -12.222 0.1111111119
86969  -23.067  15.830  -12.623 0.1111111119
86968  -22.633  15.267  -13.164 0.1111111119
120259  -22.669  15.926  -13.587 0.1111111119
86991  -21.925  15.469  -15.016 0.1111111119
87697  -22.155  16.248  -15.782 0.1111111119
86998  -22.342  15.195  -16.009 0.1111111119
113979  -23.629  15.930  -17.576 0.1111111119
85475  -22.694  12.897  -7.740 0.1111111119
85489  -22.676  13.195  -9.473 0.1111111119
85490  -23.522  13.647  -9.314 0.1111111119
129769  -23.957  15.151  -10.422 0.1111111119
86220  -23.518  14.727  -10.679 0.1111111119
86955  -23.940  15.559  -11.001 0.1111111119
86228  -23.125  14.886  -11.447 0.1111111119
87671  -23.388  16.510  -12.219 0.1111111119
87670  -22.995  16.498  -13.036 0.1111111119
111257  -22.661  17.185  -13.275 0.1111111119
87675  -22.547  16.607  -13.814 0.1111111119
131615  -24.131  13.850  -8.605 0.1111111119
86200  -24.252  13.933  -7.758 0.1111111119
86951  -23.913  14.634  -9.895 0.1111111119
86956  -24.361  15.643  -10.085 0.1111111119
87661  -24.266  16.350  -10.664 0.1111111119
88364  -23.466  17.158  -11.757 0.1111111119
86944  -24.688  15.496  -8.388 0.1111111119
87655  -24.663  16.217  -9.218 0.1111111119
77535  -27.288  3.450  -8.940 0.1111111119
79057  -27.623  5.627  -7.815 0.1111111119
80766  -26.711  7.624  -9.882 0.1111111119
81606  -26.525  8.361  -10.330 0.1111111119
84822  -24.428  11.953  -14.918 0.2222222239
84817  -25.309  12.219  -14.022 0.1111111119
84044  -25.740  11.696  -12.705 0.1111111119
85539  -24.603  13.779  -15.627 0.1111111119
86258  -23.499  14.254  -16.534 0.1111111119
85500  -23.260  14.028  -10.240 0.2222222239
86211  -24.214  14.271  -9.122 0.1111111119
87666  -23.866  16.423  -11.450 0.1111111119
88370  -23.121  17.148  -12.548 0.1111111119
87662  -24.446  16.423  -9.982 0.1111111119
79047  -28.010  5.272  -7.052 0.1111111119
84045  -25.982  11.172  -12.128 0.1111111119
82426  -18.831  9.922  -9.493 0.4444444478
84809  -22.887  12.194  -12.312 0.4444444478
85530  -22.702  13.074  -14.913 0.2222222239
85485  -23.602  13.346  -8.269 0.1111111119
85476  -23.468  13.451  -7.258 0.1111111119
86952  -24.500  15.118  -9.220 0.1111111119
78284  -27.818  4.705  -7.658 0.1111111119
77518  -27.605  3.936  -8.193 0.1111111119
79048  -28.205  5.709  -6.256 0.1111111119
79857  -27.610  6.623  -7.613 0.1111111119
79867  -27.407  6.334  -8.424 0.1111111119
80755  -27.433  7.223  -8.206 0.1111111119
80767  -27.187  7.641  -9.002 0.1111111119
81607  -26.981  8.419  -9.466 0.1111111119
82427  -26.906  9.314  -9.866 0.1111111119
131771  -26.721  9.872  -10.481 0.1111111119
84036  -26.382  11.604  -11.241 0.1111111119
85525  -25.556  13.159  -13.448 0.1111111119
84811  -25.896  12.446  -12.326 0.1111111119
83234  -18.672  11.259  -8.401 0.4444444478
85526  -25.756  14.236  -13.195 0.1111111119
86250  -25.180  14.454  -14.726 0.1111111119
84777  -19.256  12.240  -7.949 0.2222222239
84787  -20.568  12.396  -8.886 0.2222222239
86999  -24.841  14.914  -15.609 0.1111111119
84762  -19.360  12.453  -7.138 0.1111111119
84779  -20.870  12.559  -8.617 0.2222222239
87710  -24.260  15.954  -17.301 0.1111111119
87717  -24.065  16.469  -18.397 0.1111111119
129326  -19.916  12.527  -6.709 0.1111111119
84751  -20.716  12.738  -6.279 0.1111111119
112619  -22.574  13.090  -6.723 0.1111111119
87716  -23.460  16.551  -18.282 0.1111111119
85464  -23.252  13.591  -6.249 0.1111111119
86190  -24.080  13.951  -6.744 0.1111111119
126610  -21.717  17.457  -14.826 0.1111111119
88388  -21.662  18.089  -16.352 0.1111111119
88401  -22.037  17.891  -17.193 0.1111111119
86201  -24.596  14.840  -7.668 0.1111111119
113234  -23.858  17.163  -10.900 0.1111111119
89110  -22.068  18.421  -11.553 0.1111111119
88342  -24.302  17.050  -9.572 0.1111111119
81619  -26.122  8.312  -11.150 0.1111111119
79082  -26.765  5.385  -9.767 0.1111111119
82440  -26.437  9.135  -10.794 0.1111111119
109728  -26.367  9.886  -11.168 0.1111111119
127040  -25.796  12.991  -12.665 0.1111111119
84823  -25.116  12.848  -14.400 0.1111111119
87010  -23.817  14.972  -16.888 0.1111111119
126224  -22.751  15.276  -16.896 0.1111111119
86255  -24.381  14.110  -16.120 0.1111111119
87003  -24.287  14.870  -16.497 0.1111111119
86244  -25.630  14.721  -13.816 0.1111111119
85532  -24.824  13.363  -14.955 0.2222222239
84012  -21.025  12.249  -9.543 0.3333333433
84778  -19.981  12.487  -8.209 0.1111111119
86236  -22.586  14.432  -12.726 0.2222222239
86978  -22.267  15.253  -14.114 0.1111111119
87002  -22.436  15.971  -16.836 0.1111111119
87008  -22.951  16.030  -17.517 0.1111111119
87709  -22.171  17.012  -16.548 0.1111111119
85474  -21.666  12.624  -7.104 0.1111111119
85498  -22.389  13.130  -9.938 0.3333333433
85511  -22.728  13.467  -11.283 0.3333333433
86227  -22.667  14.285  -11.807 0.2222222239
131223  -22.873  15.891  -13.103 0.1111111119
118592  -22.329  15.988  -14.245 0.1111111119
88382  -21.885  17.271  -15.587 0.1111111119
87684  -22.076  16.631  -14.771 0.1111111119
85484  -22.731  12.979  -8.755 0.1111111119
86960  -23.392  15.712  -11.853 0.1111111119
88377  -22.159  17.314  -14.079 0.1111111119
86212  -24.465  14.530  -8.473 0.1111111119
86992  -25.407  15.338  -14.861 0.1111111119
123025  -22.507  17.623  -12.725 0.1111111119
111266  -27.905  6.168  -6.925 0.1111111119
83257  -26.685  10.736  -10.655 0.1111111119
87004  -24.871  15.810  -16.292 0.1111111119
84750  -19.566  12.636  -6.014 0.1111111119
88376  -21.406  18.079  -14.436 0.1111111119
88363  -22.996  17.891  -11.127 0.1111111119
121373  -22.263  18.545  -10.807 0.1111111119
112166  -22.746  17.744  -12.030 0.1111111119
128013  -20.827  -14.783  -8.243 0.2222222239
118671  -16.463  -3.311  -9.026 0.2222222239
71694  -16.817  -2.670  -9.386 0.2222222239
108408  -17.037  -4.099  -9.241 0.3333333433
125355  -17.822  10.079  -8.329 0.2222222239
83993  -18.395  11.547  -7.739 0.1111111119
83975  -18.885  12.289  -7.675 0.1111111119
79861  -15.203  6.539  -7.990 0.2222222239
118674  -14.865  5.009  -8.067 0.1111111119
70017  -16.804  -4.824  -8.958 0.2222222239
79062  -14.722  5.871  -7.406 0.1111111119
80739  -15.841  8.230  -7.376 0.1111111119
81570  -16.383  8.392  -7.664 0.1111111119
82387  -17.565  9.786  -7.976 0.1111111119
123204  -18.253  11.219  -6.890 0.1111111119
83974  -18.562  12.737  -7.201 0.1111111119
81571  -16.954  9.008  -7.943 0.1111111119
117848  -17.378  9.427  -8.186 0.1111111119
113819  -16.377  -0.265  -9.231 0.1111111119
83246  -18.470  10.425  -8.770 0.3333333433
83233  -18.153  10.973  -8.060 0.3333333433
126192  -18.258  11.335  -7.494 0.1111111119
81558  -16.568  8.356  -7.494 0.1111111119
83216  -18.005  10.693  -7.760 0.1111111119
82371  -17.252  9.141  -7.938 0.1111111119
82372  -18.007  9.892  -7.655 0.1111111119
83206  -18.021  10.325  -7.650 0.1111111119
62052  -21.468  -14.539  -7.933 0.1111111119
61095  -22.051  -15.131  -7.688 0.1111111119
126981  -18.599  -15.239  -8.336 0.1111111119
130386  -19.167  -14.779  -8.466 0.1111111119
62050  -19.179  -14.091  -8.512 0.1111111119
117028  -18.095  -13.278  -8.477 0.1111111119
63872  -17.431  -12.795  -8.150 0.1111111119
69170  -16.617  -6.773  -8.327 0.1111111119
72500  -16.112  -2.393  -8.887 0.1111111119
113750  -16.160  -3.069  -8.766 0.1111111119
76714  -15.881  2.852  -9.050 0.2222222239
77527  -15.829  3.413  -9.133 0.2222222239
76697  -15.419  2.661  -7.795 0.2222222239
77512  -14.995  3.112  -7.282 0.2222222239
72515  -16.538  -2.060  -9.310 0.1111111119
61110  -20.424  -15.475  -8.372 0.1111111119
61111  -21.244  -15.363  -8.047 0.1111111119
126764  -18.466  -14.433  -8.369 0.1111111119
62973  -17.742  -13.806  -8.120 0.1111111119
64770  -17.058  -11.987  -7.917 0.1111111119
64785  -17.336  -11.359  -8.314 0.1111111119
65733  -17.218  -10.601  -8.214 0.1111111119
68379  -16.635  -7.586  -8.402 0.1111111119
69987  -16.071  -6.222  -8.258 0.1111111119
75866  -15.665  2.262  -7.829 0.2222222239
77497  -14.892  3.518  -6.896 0.2222222239
78279  -14.581  4.219  -6.899 0.1111111119
62039  -22.974  -14.878  -7.339 0.1111111119
60224  -20.857  -16.285  -8.206 0.1111111119
127844  -14.775  3.617  -7.197 0.2222222239
78290  -14.803  4.246  -7.654 0.1111111119
75882  -15.678  2.054  -8.089 0.2222222239
65719  -17.014  -11.159  -7.915 0.1111111119
65720  -16.946  -10.471  -7.973 0.1111111119
68392  -16.781  -7.692  -8.302 0.1111111119
62974  -18.463  -13.800  -8.451 0.1111111119
62051  -20.021  -14.587  -8.461 0.1111111119
108405  -16.423  -4.242  -8.648 0.1111111119
70004  -16.215  -6.099  -8.221 0.1111111119
61109  -19.520  -15.443  -8.440 0.1111111119
61108  -17.858  -14.801  -8.038 0.1111111119
69153  -17.120  -6.775  -7.249 0.1111111119
75837  -15.627  2.505  -7.602 0.1111111119
129118  -17.017  -12.950  -7.542 0.1111111119
68361  -17.537  -7.374  -6.786 0.1111111119
77488  -14.953  3.602  -6.832 0.1111111119
78271  -14.892  4.566  -6.604 0.1111111119
80748  -15.431  7.316  -7.876 0.1111111119
75867  -16.013  1.316  -8.135 0.1111111119
80749  -15.831  8.055  -7.815 0.1111111119
74202  -19.998  -0.243  -11.610 1.0000000000
75037  -20.329  0.548  -11.843 0.8888888955
76677  -15.255  2.907  -7.188 0.2222222239
76738  -17.371  2.860  -10.391 0.7777777910
78280  -14.661  4.883  -6.689 0.1111111119
78335  -19.308  4.733  -11.595 1.0000000000
86191  -24.421  14.472  -7.039 0.1111111119
110882  -20.949  -3.880  -11.588 1.0000000000
117352  -16.582  2.215  -9.637 0.4444444478
121987  -14.768  4.156  -6.794 0.1111111119
130392  -15.070  3.202  -6.902 0.2222222239
130807  -19.389  -11.705  -9.249 0.3333333433
131073  -17.847  -1.828  -10.190 0.5555555820
131095  -23.784  2.106  -12.969 0.8888888955
