#!ascii label  , from subject sub-v1s10x0051014_ses-1 vox2ras=TkReg
1224
52039  14.752  -31.109  34.248 0.0000000000
57543  29.561  -25.794  43.040 0.0000000000
137383  36.414  -10.298  20.026 0.0000000000
65163  25.416  -18.296  28.212 0.0000000000
64040  32.417  -20.471  34.666 0.0000000000
83606  47.600  -1.699  12.447 0.0000000000
154702  35.283  -9.364  24.172 0.0000000000
71748  30.114  -12.324  23.243 0.0000000000
50947  8.253  -31.782  34.503 0.0000000000
130003  21.138  -26.708  38.574 0.0000000000
56501  25.490  -25.241  35.641 0.0000000000
55453  17.561  -27.089  31.978 0.0000000000
79330  41.791  -5.628  16.266 0.0000000000
154298  17.106  -30.141  40.124 0.0000000000
153964  11.505  -30.755  39.183 0.0000000000
77241  41.750  -7.967  19.636 0.0000000000
47505  5.422  -34.049  39.613 0.0000000000
45306  -0.376  -36.317  38.706 0.0000000000
70497  29.447  -13.823  28.463 0.0000000000
65096  28.897  -18.545  32.265 0.0000000000
60929  30.502  -23.168  28.819 0.0000000000
57762  28.490  -25.549  31.990 0.0000000000
74964  35.003  -9.498  27.190 0.0000000000
73903  32.655  -10.731  24.398 0.0000000000
155659  32.558  -11.602  26.192 0.0000000000
136056  37.737  -8.128  26.045 0.0000000000
52075  12.858  -30.470  32.366 0.0000000000
49872  10.264  -32.500  32.580 0.0000000000
133081  11.211  -31.380  34.783 0.0000000000
54281  17.892  -28.965  35.358 0.0000000000
132704  19.093  -27.146  34.707 0.0000000000
53162  16.514  -29.416  32.985 0.0000000000
53231  14.742  -29.905  30.481 0.0000000000
75100  37.202  -9.241  18.592 0.0000000000
75037  38.812  -9.255  22.123 0.0000000000
75084  39.317  -9.228  20.256 0.0000000000
76165  39.613  -8.203  18.812 0.0000000000
51902  9.571  -29.615  42.306 0.0000000000
49733  7.865  -32.155  39.374 0.0000000000
50784  6.290  -31.228  42.132 0.0000000000
133283  0.091  -35.413  44.203 0.0000000000
46390  1.355  -34.812  41.777 0.0000000000
134450  -1.319  -36.482  40.880 0.0000000000
142244  -3.181  -38.833  40.654 0.0000000000
43128  -4.321  -38.732  43.333 0.0000000000
66139  28.977  -17.799  35.959 0.0000000000
64053  31.318  -19.665  32.826 0.0000000000
64089  31.590  -19.565  29.924 0.0000000000
61945  32.408  -21.868  31.180 0.0000000000
129713  22.737  -26.180  32.943 0.0000000000
143446  26.570  -26.887  33.782 0.0000000000
57766  24.645  -26.270  31.161 0.0000000000
129829  26.199  -25.210  29.547 0.0000000000
68284  26.645  -16.030  28.310 0.0000000000
69380  27.060  -14.216  25.674 0.0000000000
151392  24.567  -17.145  25.301 0.0000000000
85536  50.543  0.478  9.664 0.0000000000
83619  48.360  -1.331  10.329 0.0000000000
75039  36.512  -9.553  22.610 0.0000000000
131948  33.727  -10.456  21.850 0.0000000000
76119  38.413  -8.418  24.356 0.0000000000
57592  25.661  -24.853  40.591 0.0000000000
56459  28.081  -24.687  39.277 0.0000000000
135725  23.118  -25.181  37.339 0.0000000000
57696  20.940  -25.575  34.277 0.0000000000
58880  18.905  -24.915  30.857 0.0000000000
79324  44.732  -5.272  17.960 0.0000000000
80404  45.309  -4.246  16.541 0.0000000000
81534  44.529  -3.519  14.117 0.0000000000
81544  44.915  -3.205  12.669 0.0000000000
140594  16.106  -31.218  36.716 0.0000000000
50897  13.108  -32.370  37.197 0.0000000000
50824  14.035  -31.133  39.796 0.0000000000
137691  19.015  -28.050  39.678 0.0000000000
78249  41.880  -6.948  18.511 0.0000000000
49802  9.793  -32.815  36.913 0.0000000000
48774  7.029  -32.748  37.231 0.0000000000
48778  3.836  -33.850  36.754 0.0000000000
47458  4.117  -33.959  42.008 0.0000000000
46431  2.306  -34.599  39.735 0.0000000000
40077  -6.643  -41.744  44.676 0.0000000000
72740  31.877  -11.990  28.759 0.0000000000
67228  26.686  -16.340  31.287 0.0000000000
132290  27.317  -17.121  34.270 0.0000000000
65124  26.786  -18.483  30.644 0.0000000000
64098  29.917  -19.215  27.975 0.0000000000
60951  31.106  -22.165  27.447 0.0000000000
59962  28.578  -23.433  25.652 0.0000000000
133314  28.677  -25.434  37.514 0.0000000000
57689  30.462  -25.770  34.663 0.0000000000
59884  31.616  -23.782  33.349 0.0000000000
58891  28.982  -24.315  30.613 0.0000000000
59942  27.171  -23.849  28.129 0.0000000000
71710  29.682  -12.833  25.761 0.0000000000
141992  27.667  -13.455  22.805 0.0000000000
74952  34.856  -9.297  27.979 0.0000000000
73863  33.578  -10.880  26.610 0.0000000000
73849  33.742  -10.611  27.445 0.0000000000
76078  36.095  -8.575  27.574 0.0000000000
52058  13.399  -30.467  33.250 0.0000000000
52042  11.797  -30.765  33.511 0.0000000000
50943  13.092  -31.558  34.751 0.0000000000
53126  16.382  -30.599  34.927 0.0000000000
54300  17.427  -29.111  34.240 0.0000000000
52056  15.384  -30.588  33.783 0.0000000000
53164  14.196  -30.222  32.996 0.0000000000
75087  36.798  -9.736  19.316 0.0000000000
73937  37.494  -9.872  21.282 0.0000000000
75049  38.877  -9.539  21.289 0.0000000000
75068  38.128  -9.601  20.325 0.0000000000
75086  37.679  -9.435  19.572 0.0000000000
45227  -1.239  -36.069  44.461 0.0000000000
45249  -0.523  -35.759  43.083 0.0000000000
45251  -2.173  -36.645  42.289 0.0000000000
44150  -2.515  -37.673  40.960 0.0000000000
44151  -3.301  -37.986  42.140 0.0000000000
43151  -3.599  -38.629  41.752 0.0000000000
65054  31.075  -19.054  35.642 0.0000000000
64052  31.810  -20.096  33.409 0.0000000000
64060  31.897  -20.046  32.423 0.0000000000
61923  32.763  -21.113  32.532 0.0000000000
56427  30.431  -24.940  41.780 0.0000000000
57797  21.931  -25.301  30.973 0.0000000000
57767  23.561  -26.062  31.447 0.0000000000
58898  22.222  -25.030  30.070 0.0000000000
151609  23.602  -24.904  29.225 0.0000000000
67261  25.993  -16.680  28.754 0.0000000000
136661  25.449  -16.411  26.755 0.0000000000
83602  48.132  -1.866  13.241 0.0000000000
83604  49.142  -1.000  12.847 0.0000000000
84553  49.039  -0.709  12.027 0.0000000000
84556  49.358  -0.309  11.439 0.0000000000
83611  47.560  -1.561  11.500 0.0000000000
141870  36.133  -9.316  23.400 0.0000000000
75041  34.845  -9.885  22.413 0.0000000000
75026  34.730  -9.627  23.144 0.0000000000
72813  32.087  -11.150  23.891 0.0000000000
72823  32.019  -10.981  22.945 0.0000000000
71766  30.839  -11.795  21.894 0.0000000000
76100  37.075  -8.683  25.632 0.0000000000
74990  37.169  -8.774  24.697 0.0000000000
75024  36.927  -9.211  23.269 0.0000000000
50960  9.458  -31.762  33.520 0.0000000000
48806  7.130  -32.832  34.154 0.0000000000
150177  23.456  -25.670  40.176 0.0000000000
57613  24.607  -24.819  39.520 0.0000000000
57632  21.958  -26.017  38.051 0.0000000000
56552  18.269  -27.333  33.677 0.0000000000
57680  20.291  -26.016  35.028 0.0000000000
57698  19.243  -26.022  33.563 0.0000000000
57770  19.296  -25.245  32.007 0.0000000000
56584  17.735  -26.229  31.540 0.0000000000
55467  16.730  -27.472  30.796 0.0000000000
63095  30.086  -20.279  26.221 0.0000000000
78252  42.994  -5.710  17.566 0.0000000000
79328  44.386  -4.972  17.336 0.0000000000
79329  43.657  -5.015  16.824 0.0000000000
136002  43.206  -4.341  14.353 0.0000000000
81535  43.867  -3.812  13.461 0.0000000000
81542  45.086  -3.154  13.520 0.0000000000
129989  16.627  -31.099  38.541 0.0000000000
134461  15.200  -31.877  38.176 0.0000000000
50849  16.072  -30.981  39.740 0.0000000000
53067  18.011  -29.195  39.592 0.0000000000
143412  17.490  -29.911  37.753 0.0000000000
78245  42.655  -6.990  18.927 0.0000000000
77244  42.085  -7.425  19.120 0.0000000000
77250  39.376  -7.468  17.445 0.0000000000
49747  12.080  -32.124  38.318 0.0000000000
49784  11.691  -32.713  37.153 0.0000000000
49767  10.522  -32.608  37.894 0.0000000000
48711  6.868  -32.908  39.621 0.0000000000
48739  7.819  -32.650  38.676 0.0000000000
48741  6.695  -33.439  38.585 0.0000000000
48762  5.161  -33.266  37.417 0.0000000000
48743  4.884  -33.787  38.268 0.0000000000
47448  2.844  -33.955  43.265 0.0000000000
46412  0.356  -35.359  40.492 0.0000000000
46410  2.095  -34.661  40.578 0.0000000000
46433  0.837  -35.180  39.091 0.0000000000
46465  1.946  -34.916  37.657 0.0000000000
68252  28.247  -15.412  31.044 0.0000000000
65085  29.243  -18.550  33.637 0.0000000000
66141  27.556  -17.073  35.052 0.0000000000
65097  27.903  -18.449  32.869 0.0000000000
154571  26.665  -17.991  32.147 0.0000000000
65110  27.799  -18.516  31.856 0.0000000000
131234  28.913  -18.959  29.065 0.0000000000
65142  29.241  -18.769  29.959 0.0000000000
61968  31.753  -21.848  28.783 0.0000000000
61983  31.788  -20.811  28.579 0.0000000000
60942  31.234  -22.502  28.335 0.0000000000
60952  30.372  -22.769  27.031 0.0000000000
59940  29.308  -23.353  27.704 0.0000000000
57627  27.127  -24.366  37.812 0.0000000000
56470  28.735  -25.028  38.238 0.0000000000
153825  27.749  -25.106  36.270 0.0000000000
57711  28.047  -26.357  33.111 0.0000000000
57691  28.928  -26.276  34.451 0.0000000000
58838  29.583  -25.239  33.295 0.0000000000
139825  30.849  -25.028  33.827 0.0000000000
156577  29.762  -24.794  32.868 0.0000000000
59895  30.160  -23.958  31.985 0.0000000000
129871  28.977  -24.894  31.806 0.0000000000
59944  25.801  -24.366  28.463 0.0000000000
58914  27.031  -24.779  29.357 0.0000000000
141125  30.767  -12.898  28.816 0.0000000000
71664  30.877  -12.478  27.543 0.0000000000
71666  29.260  -13.183  26.931 0.0000000000
69393  25.689  -15.018  23.847 0.0000000000
70564  27.457  -13.712  24.267 0.0000000000
85548  50.735  0.292  8.907 0.0000000000
74992  35.445  -9.410  25.837 0.0000000000
73913  33.925  -9.857  24.471 0.0000000000
73901  33.997  -10.137  25.341 0.0000000000
73879  32.719  -11.254  25.358 0.0000000000
72814  31.588  -11.831  24.464 0.0000000000
77161  37.409  -7.404  27.700 0.0000000000
143192  36.403  -8.700  26.917 0.0000000000
52077  11.464  -31.159  32.378 0.0000000000
50959  10.347  -31.316  33.291 0.0000000000
135588  10.138  -31.287  34.294 0.0000000000
55389  19.165  -27.924  37.006 0.0000000000
56486  20.255  -27.049  37.056 0.0000000000
54280  18.780  -28.091  35.528 0.0000000000
54317  17.684  -28.394  33.819 0.0000000000
54334  16.954  -28.693  32.669 0.0000000000
54351  15.986  -28.915  31.469 0.0000000000
53184  15.395  -29.502  31.864 0.0000000000
52090  13.277  -30.400  31.675 0.0000000000
79331  40.938  -5.981  15.833 0.0000000000
148745  16.206  -30.368  41.303 0.0000000000
75035  40.201  -9.019  22.011 0.0000000000
75065  40.315  -9.208  21.353 0.0000000000
138950  40.794  -8.864  20.267 0.0000000000
76161  40.370  -8.460  19.503 0.0000000000
76162  39.451  -8.776  19.601 0.0000000000
75099  38.016  -8.916  18.865 0.0000000000
50804  10.035  -30.455  40.438 0.0000000000
49731  9.719  -31.189  38.983 0.0000000000
50805  9.179  -30.746  40.508 0.0000000000
49718  6.974  -32.193  40.462 0.0000000000
48697  5.732  -33.149  40.876 0.0000000000
46352  2.099  -34.463  43.177 0.0000000000
45247  0.790  -35.128  43.130 0.0000000000
134462  -0.027  -35.452  41.855 0.0000000000
45292  -0.717  -36.283  39.653 0.0000000000
44189  -1.741  -37.531  39.448 0.0000000000
65070  30.519  -18.779  34.557 0.0000000000
65095  30.576  -19.047  32.171 0.0000000000
65121  30.591  -18.965  30.929 0.0000000000
65108  31.215  -19.406  31.176 0.0000000000
61955  32.242  -21.226  30.323 0.0000000000
60927  31.926  -22.255  29.680 0.0000000000
56550  23.455  -26.018  34.351 0.0000000000
56516  25.966  -26.473  34.840 0.0000000000
56549  24.204  -26.680  33.782 0.0000000000
56568  25.956  -26.853  32.580 0.0000000000
57735  26.720  -26.432  31.744 0.0000000000
57764  26.869  -25.895  30.831 0.0000000000
57794  24.989  -25.998  30.325 0.0000000000
58917  24.605  -25.011  29.188 0.0000000000
69334  28.010  -15.068  28.208 0.0000000000
70520  28.096  -14.012  26.922 0.0000000000
69349  26.978  -15.076  26.997 0.0000000000
144256  25.291  -15.849  25.630 0.0000000000
84555  50.082  0.318  11.021 0.0000000000
84564  49.369  -0.271  10.515 0.0000000000
73938  36.627  -10.193  21.059 0.0000000000
73952  35.821  -10.501  20.589 0.0000000000
73939  35.094  -10.572  21.089 0.0000000000
152539  33.349  -9.995  23.218 0.0000000000
73941  32.875  -10.792  21.708 0.0000000000
77193  38.968  -7.368  25.743 0.0000000000
76097  39.126  -7.651  25.122 0.0000000000
76118  39.244  -8.070  24.330 0.0000000000
132772  38.402  -8.940  22.954 0.0000000000
132090  37.279  -9.459  22.533 0.0000000000
130141  27.111  -25.158  41.906 0.0000000000
56429  28.872  -25.060  40.656 0.0000000000
57591  26.830  -24.580  40.367 0.0000000000
139848  25.315  -24.295  38.007 0.0000000000
57643  25.102  -24.380  37.058 0.0000000000
57662  21.159  -26.035  36.460 0.0000000000
135401  22.226  -25.376  35.803 0.0000000000
57676  23.180  -25.270  35.234 0.0000000000
57715  21.627  -25.591  33.238 0.0000000000
58878  20.267  -24.912  31.406 0.0000000000
133855  20.027  -24.451  29.955 0.0000000000
80409  46.209  -3.936  16.385 0.0000000000
80406  43.720  -4.541  15.943 0.0000000000
130565  44.574  -4.108  15.762 0.0000000000
146953  46.419  -3.372  14.978 0.0000000000
81532  46.474  -3.017  14.335 0.0000000000
82587  46.494  -2.683  13.701 0.0000000000
135042  46.778  -2.149  12.612 0.0000000000
82596  46.869  -1.994  11.794 0.0000000000
52023  15.806  -31.272  35.345 0.0000000000
50926  13.848  -32.216  35.411 0.0000000000
50909  14.674  -32.164  36.687 0.0000000000
50875  13.764  -31.786  38.492 0.0000000000
50854  12.384  -30.876  39.420 0.0000000000
144812  15.015  -30.734  40.872 0.0000000000
50803  11.869  -29.957  40.896 0.0000000000
148320  11.316  -29.436  42.342 0.0000000000
154151  27.735  -25.692  43.438 0.0000000000
57546  25.945  -25.411  42.415 0.0000000000
57570  24.097  -25.867  41.492 0.0000000000
144722  22.170  -26.591  40.551 0.0000000000
55344  21.127  -27.131  40.930 0.0000000000
55373  19.720  -27.620  38.359 0.0000000000
54249  18.547  -28.515  37.447 0.0000000000
53096  17.098  -30.139  36.473 0.0000000000
78247  44.462  -5.884  19.240 0.0000000000
78248  43.444  -5.981  18.296 0.0000000000
78253  41.584  -6.458  17.722 0.0000000000
151518  40.454  -7.728  18.659 0.0000000000
145081  40.680  -6.638  17.332 0.0000000000
137704  40.392  -6.478  16.384 0.0000000000
50912  12.273  -32.252  35.936 0.0000000000
49821  10.787  -32.258  35.849 0.0000000000
155045  9.226  -31.920  35.721 0.0000000000
156260  8.982  -32.284  37.986 0.0000000000
48759  8.436  -32.685  37.750 0.0000000000
49824  7.541  -31.910  35.867 0.0000000000
49806  5.855  -32.483  36.024 0.0000000000
48792  4.631  -33.554  35.741 0.0000000000
48685  5.367  -32.668  41.761 0.0000000000
130543  4.912  -34.191  40.916 0.0000000000
47488  3.527  -34.569  40.680 0.0000000000
47507  3.814  -34.219  39.245 0.0000000000
47526  3.144  -34.092  38.327 0.0000000000
41136  -5.706  -40.899  43.743 0.0000000000
73834  33.285  -10.502  28.913 0.0000000000
69332  29.547  -14.348  29.216 0.0000000000
69320  28.153  -15.320  29.146 0.0000000000
68254  26.623  -16.294  29.984 0.0000000000
149718  25.739  -17.572  29.759 0.0000000000
67200  26.919  -16.567  32.776 0.0000000000
66205  26.087  -17.401  31.122 0.0000000000
65144  26.096  -18.381  29.524 0.0000000000
142405  27.689  -18.920  29.080 0.0000000000
64114  29.123  -19.623  27.414 0.0000000000
63081  30.738  -20.482  26.772 0.0000000000
155072  31.110  -19.436  28.719 0.0000000000
138737  31.249  -20.530  27.451 0.0000000000
61996  31.134  -21.268  27.046 0.0000000000
60961  30.180  -22.597  25.965 0.0000000000
59961  29.436  -23.134  25.389 0.0000000000
152090  33.479  -21.632  35.418 0.0000000000
56457  29.179  -24.822  39.631 0.0000000000
56456  29.600  -25.419  38.793 0.0000000000
57640  30.842  -25.750  37.526 0.0000000000
56515  27.606  -26.004  35.397 0.0000000000
57656  29.782  -26.194  36.433 0.0000000000
58808  31.883  -24.987  36.272 0.0000000000
59852  32.248  -24.439  35.805 0.0000000000
59875  32.576  -23.595  34.502 0.0000000000
60875  32.829  -22.494  33.360 0.0000000000
60888  32.024  -22.884  32.292 0.0000000000
60900  31.381  -23.277  31.198 0.0000000000
156090  29.830  -23.768  30.000 0.0000000000
58893  27.750  -24.856  30.025 0.0000000000
58892  28.447  -24.364  29.980 0.0000000000
131873  28.662  -23.663  28.529 0.0000000000
59941  28.126  -23.624  27.880 0.0000000000
154874  32.186  -11.745  27.549 0.0000000000
72774  31.010  -12.247  26.167 0.0000000000
71733  30.135  -12.550  24.187 0.0000000000
70552  28.402  -13.353  25.635 0.0000000000
71726  28.843  -13.071  24.191 0.0000000000
71735  28.777  -12.917  22.854 0.0000000000
82613  47.194  -2.368  10.744 0.0000000000
74953  34.262  -9.606  28.414 0.0000000000
74965  34.323  -9.926  27.697 0.0000000000
74954  33.802  -10.241  28.208 0.0000000000
76067  35.437  -8.629  28.288 0.0000000000
52040  13.732  -31.006  34.085 0.0000000000
52038  15.679  -30.993  34.524 0.0000000000
53146  16.295  -30.412  34.068 0.0000000000
52057  14.386  -30.565  33.582 0.0000000000
73964  36.012  -10.162  18.976 0.0000000000
73936  38.156  -9.757  20.936 0.0000000000
73951  37.349  -9.913  20.393 0.0000000000
152135  -1.956  -36.314  43.839 0.0000000000
45239  -2.073  -36.398  43.088 0.0000000000
154514  -2.621  -36.899  42.769 0.0000000000
44133  -2.755  -37.295  42.186 0.0000000000
44117  -3.141  -37.367  42.856 0.0000000000
44134  -3.681  -38.022  43.028 0.0000000000
64028  32.228  -20.282  35.277 0.0000000000
64041  31.822  -20.015  34.485 0.0000000000
64051  32.273  -20.538  34.022 0.0000000000
63013  32.458  -20.606  33.065 0.0000000000
63012  32.823  -20.820  33.830 0.0000000000
56393  30.736  -25.279  43.045 0.0000000000
56410  29.905  -25.463  42.127 0.0000000000
58899  21.338  -24.870  30.439 0.0000000000
58919  21.396  -24.544  29.597 0.0000000000
58918  22.140  -24.580  29.222 0.0000000000
65164  25.334  -17.760  28.331 0.0000000000
66258  25.060  -17.524  27.462 0.0000000000
149803  48.412  -1.478  12.812 0.0000000000
83605  48.330  -1.146  12.006 0.0000000000
75015  35.803  -9.203  24.187 0.0000000000
75025  35.369  -9.410  23.602 0.0000000000
72824  31.454  -11.553  23.430 0.0000000000
72836  30.801  -11.865  22.869 0.0000000000
130862  30.129  -12.116  22.256 0.0000000000
74991  36.240  -9.075  25.080 0.0000000000
75014  36.589  -8.990  24.077 0.0000000000
50961  8.664  -31.921  33.895 0.0000000000
49856  8.831  -32.393  33.404 0.0000000000
49839  7.986  -32.369  33.884 0.0000000000
49840  7.383  -32.032  34.802 0.0000000000
57616  22.287  -26.030  38.875 0.0000000000
138413  21.662  -26.344  38.502 0.0000000000
137692  17.820  -27.325  32.902 0.0000000000
56551  18.416  -26.665  33.178 0.0000000000
56571  18.032  -26.472  32.317 0.0000000000
57742  18.214  -25.788  31.792 0.0000000000
56585  17.259  -26.874  31.198 0.0000000000
63094  30.351  -20.876  25.537 0.0000000000
79326  42.744  -5.364  16.710 0.0000000000
154138  43.297  -5.378  17.209 0.0000000000
81546  43.777  -3.999  12.825 0.0000000000
51952  17.164  -30.399  39.190 0.0000000000
50873  16.022  -31.287  38.923 0.0000000000
51936  16.645  -30.624  39.971 0.0000000000
51935  17.579  -29.722  39.877 0.0000000000
53068  17.713  -29.738  39.206 0.0000000000
76153  41.628  -8.604  20.450 0.0000000000
77240  42.622  -7.513  19.728 0.0000000000
145870  11.781  -31.308  38.723 0.0000000000
49748  11.095  -32.107  38.420 0.0000000000
49730  10.777  -31.218  38.729 0.0000000000
47486  6.212  -33.611  39.737 0.0000000000
48727  6.851  -33.352  39.287 0.0000000000
47523  6.097  -33.732  39.120 0.0000000000
48742  5.760  -33.617  38.391 0.0000000000
47524  5.437  -33.928  38.896 0.0000000000
47426  2.380  -33.936  44.143 0.0000000000
45291  0.054  -35.643  39.535 0.0000000000
152668  0.779  -35.240  40.002 0.0000000000
135847  0.281  -35.715  38.718 0.0000000000
46447  0.844  -35.598  38.245 0.0000000000
145270  28.813  -18.543  33.040 0.0000000000
65086  28.155  -18.374  33.633 0.0000000000
136434  28.924  -18.565  31.475 0.0000000000
65123  28.455  -18.613  30.853 0.0000000000
65122  29.574  -18.701  30.807 0.0000000000
60928  31.067  -22.957  29.342 0.0000000000
60943  30.467  -23.019  28.026 0.0000000000
56500  26.428  -24.901  36.083 0.0000000000
56483  27.373  -24.757  36.713 0.0000000000
57734  27.832  -26.132  32.254 0.0000000000
57710  28.830  -25.680  33.236 0.0000000000
57733  28.503  -25.781  32.650 0.0000000000
58855  29.093  -25.172  32.625 0.0000000000
58854  29.600  -24.554  32.257 0.0000000000
71643  30.065  -13.252  28.388 0.0000000000
71642  30.573  -12.788  28.098 0.0000000000
70518  29.402  -13.412  27.738 0.0000000000
74978  35.475  -9.367  26.591 0.0000000000
74993  34.675  -9.766  25.608 0.0000000000
74979  34.807  -9.729  26.425 0.0000000000
152623  33.123  -11.259  26.105 0.0000000000
72793  32.055  -11.729  25.129 0.0000000000
72772  32.139  -11.778  25.696 0.0000000000
77145  37.760  -6.903  28.117 0.0000000000
74963  35.763  -9.074  27.026 0.0000000000
74977  36.193  -9.007  26.258 0.0000000000
50944  11.972  -31.036  34.404 0.0000000000
50945  11.027  -30.952  33.878 0.0000000000
54265  18.606  -28.415  36.388 0.0000000000
55400  19.256  -27.752  36.187 0.0000000000
155003  18.329  -28.589  35.626 0.0000000000
53145  16.803  -29.700  33.721 0.0000000000
54318  17.198  -28.923  33.414 0.0000000000
55437  17.503  -28.169  33.120 0.0000000000
54335  16.237  -29.163  32.259 0.0000000000
134202  15.635  -29.732  32.662 0.0000000000
53165  13.683  -30.223  32.414 0.0000000000
75022  39.172  -8.760  22.819 0.0000000000
75036  39.539  -9.007  22.236 0.0000000000
75067  38.806  -9.513  20.617 0.0000000000
75066  39.647  -9.415  20.886 0.0000000000
76154  40.373  -9.188  20.754 0.0000000000
76155  40.007  -9.050  20.212 0.0000000000
51922  9.899  -30.001  41.361 0.0000000000
51923  8.987  -30.271  41.461 0.0000000000
50807  7.531  -31.432  40.948 0.0000000000
49706  6.653  -31.703  41.272 0.0000000000
49719  6.189  -32.484  40.986 0.0000000000
46332  0.821  -34.990  44.865 0.0000000000
45224  0.705  -35.080  44.059 0.0000000000
45261  -1.557  -36.383  41.656 0.0000000000
133472  -0.679  -35.748  42.231 0.0000000000
45260  -0.770  -35.948  41.337 0.0000000000
45277  -0.800  -36.168  40.520 0.0000000000
45293  -1.463  -36.827  40.055 0.0000000000
45278  -1.901  -37.050  40.876 0.0000000000
43161  -3.096  -38.311  41.231 0.0000000000
134435  -2.666  -38.303  40.347 0.0000000000
43139  -4.322  -39.171  42.613 0.0000000000
42107  -4.805  -39.544  43.184 0.0000000000
65083  31.001  -19.309  33.824 0.0000000000
65055  30.617  -18.677  35.404 0.0000000000
65084  30.282  -18.856  33.670 0.0000000000
65094  30.826  -19.166  32.851 0.0000000000
65107  31.086  -19.446  32.028 0.0000000000
63033  32.352  -20.821  31.256 0.0000000000
63042  32.070  -20.259  30.718 0.0000000000
60913  32.063  -22.587  30.619 0.0000000000
156453  23.312  -26.339  33.555 0.0000000000
56570  23.693  -26.526  32.901 0.0000000000
57736  24.209  -26.380  32.086 0.0000000000
56583  25.357  -26.565  31.853 0.0000000000
57765  25.792  -26.325  30.941 0.0000000000
68283  27.358  -15.654  28.717 0.0000000000
68300  27.243  -15.409  27.839 0.0000000000
68301  26.545  -15.747  27.461 0.0000000000
67308  24.673  -17.027  26.015 0.0000000000
68321  25.676  -15.899  26.361 0.0000000000
146846  24.818  -16.488  25.454 0.0000000000
84565  48.750  -0.720  10.802 0.0000000000
83618  48.917  -0.773  10.179 0.0000000000
73926  36.163  -9.947  21.910 0.0000000000
139048  35.839  -10.272  21.310 0.0000000000
73927  35.358  -10.089  21.869 0.0000000000
129996  34.553  -10.275  21.839 0.0000000000
151229  33.506  -10.824  21.237 0.0000000000
73914  33.172  -9.960  24.013 0.0000000000
148215  33.948  -9.725  23.582 0.0000000000
73915  32.678  -10.476  23.351 0.0000000000
72834  32.098  -11.100  22.044 0.0000000000
72846  32.151  -11.301  21.085 0.0000000000
76088  38.407  -7.391  26.407 0.0000000000
76099  37.911  -8.394  25.095 0.0000000000
132783  38.631  -8.088  24.901 0.0000000000
76124  38.821  -8.549  23.618 0.0000000000
76125  38.068  -8.743  23.724 0.0000000000
73925  36.958  -9.804  21.883 0.0000000000
57567  26.436  -25.029  41.254 0.0000000000
129662  27.415  -24.956  40.933 0.0000000000
57630  23.654  -25.071  38.214 0.0000000000
144668  25.532  -24.237  38.987 0.0000000000
143982  24.532  -24.620  37.863 0.0000000000
57644  24.116  -24.692  37.188 0.0000000000
56503  19.840  -27.059  36.107 0.0000000000
56502  20.514  -26.488  36.384 0.0000000000
56519  20.216  -26.449  35.738 0.0000000000
57697  19.962  -25.811  34.223 0.0000000000
133124  21.223  -25.628  35.124 0.0000000000
154769  21.860  -25.456  35.250 0.0000000000
133864  23.024  -25.153  35.767 0.0000000000
57695  21.800  -25.511  34.539 0.0000000000
57694  22.362  -25.554  34.282 0.0000000000
132423  21.530  -25.541  33.890 0.0000000000
58879  19.464  -24.962  31.436 0.0000000000
58857  19.962  -25.087  32.042 0.0000000000
58901  19.704  -24.702  30.747 0.0000000000
145642  19.186  -24.599  30.066 0.0000000000
53204  15.274  -29.339  30.947 0.0000000000
54371  15.775  -28.665  30.574 0.0000000000
79318  45.031  -5.453  18.724 0.0000000000
80405  44.481  -4.580  16.660 0.0000000000
80398  45.220  -4.699  17.381 0.0000000000
79339  41.952  -5.104  14.598 0.0000000000
79334  43.053  -4.909  16.077 0.0000000000
80411  44.317  -3.856  14.875 0.0000000000
81529  45.049  -3.677  15.108 0.0000000000
81528  45.928  -3.620  15.440 0.0000000000
81533  45.604  -3.274  14.486 0.0000000000
82594  45.459  -2.887  13.017 0.0000000000
81541  45.849  -2.875  13.690 0.0000000000
82593  46.111  -2.563  12.949 0.0000000000
82598  45.498  -2.890  12.303 0.0000000000
52005  15.906  -31.289  36.120 0.0000000000
50924  15.185  -31.994  35.865 0.0000000000
50908  15.440  -31.697  36.843 0.0000000000
50851  14.617  -31.530  38.938 0.0000000000
50874  14.545  -31.953  38.081 0.0000000000
50853  12.852  -31.474  38.828 0.0000000000
50852  13.698  -31.378  39.215 0.0000000000
50799  15.660  -30.529  41.341 0.0000000000
138087  13.521  -29.895  41.869 0.0000000000
156231  12.544  -30.194  40.647 0.0000000000
148941  12.749  -29.746  41.419 0.0000000000
50781  10.957  -29.794  41.325 0.0000000000
57523  27.177  -25.590  43.425 0.0000000000
57571  23.389  -26.081  41.044 0.0000000000
55346  19.633  -27.631  40.184 0.0000000000
55357  20.335  -27.359  39.753 0.0000000000
55358  19.726  -27.682  39.279 0.0000000000
54233  19.114  -28.017  37.929 0.0000000000
54234  18.521  -28.617  38.408 0.0000000000
51987  17.088  -30.438  37.339 0.0000000000
53095  17.499  -29.750  37.083 0.0000000000
52004  16.487  -30.728  36.251 0.0000000000
52022  16.318  -30.783  35.640 0.0000000000
73953  35.161  -10.837  20.215 0.0000000000
142873  43.176  -6.518  18.757 0.0000000000
137943  42.553  -6.337  18.162 0.0000000000
77246  39.663  -7.664  18.173 0.0000000000
77249  40.128  -7.181  17.811 0.0000000000
78254  39.836  -6.936  16.930 0.0000000000
151062  13.650  -32.490  36.002 0.0000000000
50927  13.003  -32.129  35.595 0.0000000000
50911  13.052  -32.417  36.363 0.0000000000
139639  11.134  -32.870  36.928 0.0000000000
49800  11.502  -32.539  36.360 0.0000000000
49801  10.662  -32.697  36.558 0.0000000000
49822  9.985  -32.235  36.019 0.0000000000
149709  9.269  -32.297  36.346 0.0000000000
49732  8.686  -31.679  39.186 0.0000000000
49750  9.008  -31.849  38.572 0.0000000000
49751  8.249  -32.094  38.896 0.0000000000
48760  7.352  -33.131  38.231 0.0000000000
136145  7.969  -32.814  38.423 0.0000000000
144686  7.800  -32.878  37.798 0.0000000000
48773  7.855  -32.386  36.887 0.0000000000
49804  7.069  -32.205  36.400 0.0000000000
49825  6.668  -32.201  35.622 0.0000000000
49805  6.458  -32.394  36.430 0.0000000000
48777  4.429  -33.466  36.602 0.0000000000
48776  5.145  -32.965  36.348 0.0000000000
47569  3.944  -33.965  36.028 0.0000000000
47591  3.603  -34.747  35.799 0.0000000000
48687  3.983  -33.645  42.404 0.0000000000
155249  4.529  -33.669  41.952 0.0000000000
129824  5.045  -33.448  41.527 0.0000000000
47469  4.765  -33.926  41.509 0.0000000000
46372  1.577  -34.765  42.663 0.0000000000
46389  2.216  -34.630  41.965 0.0000000000
46409  2.834  -34.578  40.446 0.0000000000
46430  3.262  -34.515  39.928 0.0000000000
137734  4.092  -34.466  40.134 0.0000000000
47508  2.809  -34.281  39.096 0.0000000000
42108  -5.372  -40.107  43.887 0.0000000000
42098  -5.528  -39.949  44.664 0.0000000000
40063  -6.273  -40.947  45.049 0.0000000000
40076  -6.116  -41.401  44.346 0.0000000000
71613  31.602  -12.642  30.102 0.0000000000
69318  29.688  -14.700  30.122 0.0000000000
69319  28.961  -15.019  29.629 0.0000000000
69305  29.017  -15.130  30.575 0.0000000000
68236  27.373  -15.786  31.425 0.0000000000
153278  27.716  -15.633  30.801 0.0000000000
68253  27.106  -15.948  30.581 0.0000000000
67243  25.956  -16.871  29.764 0.0000000000
67229  26.251  -16.730  30.727 0.0000000000
67186  27.156  -16.726  33.682 0.0000000000
65111  26.786  -18.224  31.601 0.0000000000
65112  26.386  -17.621  31.761 0.0000000000
65125  26.148  -18.008  30.889 0.0000000000
65143  26.829  -18.668  29.788 0.0000000000
64091  26.670  -18.881  28.963 0.0000000000
63082  30.197  -19.755  27.062 0.0000000000
63065  30.860  -19.789  27.517 0.0000000000
64080  31.227  -19.247  30.349 0.0000000000
134412  31.102  -19.247  29.482 0.0000000000
61984  31.566  -21.296  27.884 0.0000000000
63064  31.419  -20.118  28.117 0.0000000000
60960  30.833  -22.016  26.504 0.0000000000
59950  29.435  -23.159  26.440 0.0000000000
56447  28.406  -24.871  39.929 0.0000000000
150158  28.888  -24.789  39.932 0.0000000000
56458  28.671  -24.835  39.164 0.0000000000
133473  29.046  -25.093  38.907 0.0000000000
56469  29.081  -25.448  38.178 0.0000000000
57626  30.514  -25.704  38.527 0.0000000000
56468  29.805  -25.850  38.012 0.0000000000
146853  26.744  -26.078  35.019 0.0000000000
130361  27.306  -26.333  34.699 0.0000000000
57690  29.734  -26.042  34.428 0.0000000000
57674  29.250  -26.384  35.032 0.0000000000
57672  30.571  -25.806  35.631 0.0000000000
57655  30.683  -25.786  36.581 0.0000000000
58809  31.235  -25.361  35.929 0.0000000000
58816  31.670  -24.912  35.368 0.0000000000
59877  31.159  -24.447  33.647 0.0000000000
59876  31.815  -24.047  34.085 0.0000000000
59883  32.391  -23.347  33.691 0.0000000000
60860  33.161  -22.811  34.115 0.0000000000
60876  32.110  -23.029  32.992 0.0000000000
60887  32.643  -22.086  32.561 0.0000000000
59893  31.450  -23.518  32.710 0.0000000000
59908  29.500  -24.285  31.372 0.0000000000
152523  30.800  -23.595  31.770 0.0000000000
59907  30.465  -23.721  31.038 0.0000000000
59918  30.385  -23.555  30.119 0.0000000000
59919  29.717  -23.949  30.508 0.0000000000
58894  26.979  -25.373  30.078 0.0000000000
58876  27.679  -25.270  30.751 0.0000000000
147820  27.327  -24.248  28.879 0.0000000000
58913  27.841  -24.363  29.387 0.0000000000
59933  27.937  -23.946  28.710 0.0000000000
59932  28.580  -23.940  29.246 0.0000000000
132198  32.382  -11.486  28.799 0.0000000000
152145  32.757  -11.165  28.474 0.0000000000
72739  32.248  -11.642  28.165 0.0000000000
71687  29.827  -12.844  26.480 0.0000000000
149924  31.297  -12.191  26.940 0.0000000000
71709  30.314  -12.584  25.963 0.0000000000
72795  30.737  -12.408  25.508 0.0000000000
71724  30.056  -12.673  25.126 0.0000000000
69365  27.365  -14.382  26.537 0.0000000000
70538  27.806  -13.792  26.097 0.0000000000
70577  27.269  -13.736  23.392 0.0000000000
70576  28.041  -13.332  23.694 0.0000000000
146919  28.678  -13.071  23.483 0.0000000000
154411  28.241  -13.151  23.030 0.0000000000
85547  51.399  0.638  8.502 0.0000000000
85546  52.048  1.027  8.094 0.0000000000
82604  47.096  -1.975  11.196 0.0000000000
82605  46.510  -2.546  11.341 0.0000000000
73862  34.257  -10.177  26.943 0.0000000000
73864  32.992  -11.368  26.625 0.0000000000
76079  35.423  -9.022  27.606 0.0000000000
52059  12.405  -30.610  33.018 0.0000000000
52041  12.708  -30.804  33.882 0.0000000000
54282  17.447  -29.426  35.034 0.0000000000
137173  16.962  -29.937  34.557 0.0000000000
138822  15.998  -30.084  33.330 0.0000000000
53163  15.004  -30.155  33.140 0.0000000000
75050  38.159  -9.621  21.627 0.0000000000
75085  38.607  -9.167  19.771 0.0000000000
51903  8.627  -29.823  42.393 0.0000000000
51904  7.674  -30.051  42.548 0.0000000000
45250  -1.403  -36.076  42.634 0.0000000000
45262  -2.315  -37.139  41.574 0.0000000000
150102  -2.805  -37.698  41.612 0.0000000000
43138  -3.888  -38.618  42.434 0.0000000000
65068  31.473  -19.469  35.083 0.0000000000
65082  31.336  -19.563  34.385 0.0000000000
153935  31.384  -19.776  33.766 0.0000000000
63022  32.399  -20.611  32.103 0.0000000000
61936  32.618  -21.383  31.867 0.0000000000
57769  21.883  -25.518  31.755 0.0000000000
57768  22.613  -25.868  31.880 0.0000000000
153793  22.287  -25.562  31.369 0.0000000000
57796  22.812  -25.574  30.891 0.0000000000
57795  23.911  -25.815  30.581 0.0000000000
58897  23.260  -25.282  30.010 0.0000000000
137558  22.794  -24.897  29.482 0.0000000000
68285  26.012  -16.406  27.871 0.0000000000
67280  25.441  -16.731  27.378 0.0000000000
67296  25.013  -16.946  26.744 0.0000000000
148878  48.306  -2.313  14.051 0.0000000000
136864  48.843  -1.674  13.535 0.0000000000
134142  50.085  0.119  11.888 0.0000000000
84557  48.696  -0.777  11.444 0.0000000000
83610  48.138  -1.111  11.109 0.0000000000
75040  35.585  -9.652  22.691 0.0000000000
73928  34.021  -9.963  22.625 0.0000000000
72835  31.449  -11.441  22.453 0.0000000000
76120  37.782  -8.629  24.361 0.0000000000
75013  37.354  -8.861  23.873 0.0000000000
50975  9.988  -31.823  32.913 0.0000000000
48823  6.942  -33.775  33.879 0.0000000000
48807  6.446  -33.256  34.435 0.0000000000
131847  24.083  -25.231  39.998 0.0000000000
57593  24.718  -25.045  40.296 0.0000000000
57614  23.716  -25.220  39.295 0.0000000000
139223  23.011  -25.532  38.827 0.0000000000
57631  22.669  -25.547  38.129 0.0000000000
149798  18.609  -27.405  34.270 0.0000000000
56535  19.465  -26.470  34.500 0.0000000000
56536  18.801  -26.857  34.005 0.0000000000
57717  20.195  -25.545  33.531 0.0000000000
57740  19.609  -25.449  32.745 0.0000000000
57771  18.758  -25.297  31.585 0.0000000000
57772  18.137  -25.462  31.021 0.0000000000
57799  17.820  -25.507  30.150 0.0000000000
56599  17.488  -26.097  30.739 0.0000000000
56600  16.992  -26.760  30.378 0.0000000000
63083  29.509  -19.906  26.682 0.0000000000
79325  43.832  -5.434  17.686 0.0000000000
81543  44.351  -3.494  13.097 0.0000000000
51972  16.616  -31.116  37.720 0.0000000000
51989  16.040  -31.468  37.338 0.0000000000
51973  15.972  -31.663  38.113 0.0000000000
153274  15.442  -31.566  38.649 0.0000000000
50850  15.408  -31.196  39.367 0.0000000000
54222  18.485  -28.637  39.245 0.0000000000
53094  18.002  -29.263  37.945 0.0000000000
53082  17.603  -29.881  38.525 0.0000000000
51971  17.150  -30.556  38.152 0.0000000000
78244  43.336  -6.813  19.463 0.0000000000
77247  38.887  -8.002  18.037 0.0000000000
49765  12.317  -32.475  37.591 0.0000000000
49783  12.361  -32.520  36.741 0.0000000000
151294  11.113  -32.873  37.451 0.0000000000
48710  7.297  -32.650  39.266 0.0000000000
48725  7.715  -32.487  38.923 0.0000000000
48726  7.218  -32.927  39.165 0.0000000000
48740  7.400  -33.071  38.878 0.0000000000
146754  6.655  -33.146  37.786 0.0000000000
48775  5.978  -32.766  37.011 0.0000000000
48761  6.050  -33.290  37.816 0.0000000000
47547  4.243  -33.696  37.482 0.0000000000
48677  3.366  -33.678  42.997 0.0000000000
47447  3.444  -33.962  42.580 0.0000000000
46391  0.547  -35.140  41.384 0.0000000000
146776  1.928  -34.641  41.294 0.0000000000
46411  1.177  -34.883  40.783 0.0000000000
46432  1.461  -34.934  39.921 0.0000000000
143333  1.554  -34.779  39.140 0.0000000000
46445  2.037  -34.548  38.711 0.0000000000
46446  1.389  -35.039  38.357 0.0000000000
69293  28.972  -15.109  31.463 0.0000000000
68235  28.086  -15.367  31.886 0.0000000000
68221  27.345  -15.842  32.348 0.0000000000
66153  28.793  -17.998  35.084 0.0000000000
66140  27.970  -17.384  35.642 0.0000000000
66154  27.881  -17.728  34.767 0.0000000000
65073  27.799  -18.066  34.109 0.0000000000
147627  27.441  -18.048  33.474 0.0000000000
66178  26.964  -17.769  33.053 0.0000000000
65098  27.082  -18.141  32.548 0.0000000000
133341  27.469  -18.560  31.027 0.0000000000
142307  27.910  -18.687  30.052 0.0000000000
64090  30.216  -19.040  29.020 0.0000000000
61967  32.031  -20.998  29.323 0.0000000000
63052  31.661  -19.978  29.105 0.0000000000
56472  27.704  -24.467  38.561 0.0000000000
56471  28.350  -24.772  38.374 0.0000000000
130445  27.956  -24.753  37.604 0.0000000000
56482  28.061  -25.083  36.773 0.0000000000
56481  28.328  -25.463  36.805 0.0000000000
56546  27.143  -26.777  33.497 0.0000000000
56530  27.708  -26.575  33.956 0.0000000000
57692  28.510  -26.174  33.834 0.0000000000
57709  29.306  -25.779  33.813 0.0000000000
58827  30.206  -25.451  33.874 0.0000000000
58826  30.848  -25.340  34.275 0.0000000000
58837  30.399  -24.780  33.311 0.0000000000
59885  30.961  -24.158  33.011 0.0000000000
59894  30.802  -23.792  32.407 0.0000000000
58853  30.256  -24.318  32.681 0.0000000000
58874  28.803  -24.657  31.178 0.0000000000
58916  25.504  -24.875  29.100 0.0000000000
58915  26.246  -24.715  29.045 0.0000000000
58928  26.669  -24.327  28.683 0.0000000000
59953  26.514  -23.702  27.242 0.0000000000
71641  31.185  -12.460  28.357 0.0000000000
72759  31.665  -12.080  27.760 0.0000000000
71665  30.062  -12.906  27.414 0.0000000000
71688  29.116  -13.060  26.087 0.0000000000
69381  26.224  -14.697  25.203 0.0000000000
70554  26.862  -14.139  24.758 0.0000000000
69392  26.208  -14.555  24.302 0.0000000000
84563  49.932  0.162  10.058 0.0000000000
150833  35.267  -9.459  24.834 0.0000000000
142688  34.709  -9.534  24.088 0.0000000000
155925  34.517  -9.747  24.906 0.0000000000
73902  33.331  -10.471  24.915 0.0000000000
73877  34.124  -10.264  26.144 0.0000000000
73878  33.502  -10.773  25.763 0.0000000000
150347  32.233  -11.385  24.661 0.0000000000
72825  30.840  -12.122  23.843 0.0000000000
77160  38.083  -7.097  27.362 0.0000000000
76089  37.474  -7.827  26.998 0.0000000000
76065  36.809  -7.910  27.676 0.0000000000
129858  36.766  -8.313  27.151 0.0000000000
76090  36.982  -8.473  26.519 0.0000000000
50974  10.725  -31.616  32.562 0.0000000000
52060  11.724  -30.795  32.790 0.0000000000
50958  11.076  -30.935  32.991 0.0000000000
50946  9.111  -31.590  34.378 0.0000000000
56473  20.201  -27.264  37.863 0.0000000000
135389  20.733  -26.870  37.844 0.0000000000
55399  19.675  -27.473  36.750 0.0000000000
55423  18.719  -27.754  34.816 0.0000000000
156087  17.778  -28.880  34.782 0.0000000000
55424  18.182  -27.939  34.192 0.0000000000
153753  17.889  -27.809  33.543 0.0000000000
55454  17.289  -27.901  32.368 0.0000000000
141439  17.005  -27.664  31.588 0.0000000000
54350  16.661  -28.428  31.928 0.0000000000
53205  14.601  -29.833  31.386 0.0000000000
53185  14.625  -29.946  32.359 0.0000000000
53206  13.953  -30.114  31.763 0.0000000000
79336  41.424  -5.513  15.213 0.0000000000
51921  16.704  -30.204  40.859 0.0000000000
51920  16.887  -29.556  41.551 0.0000000000
76131  40.672  -8.492  22.367 0.0000000000
76141  40.914  -8.881  21.690 0.0000000000
75048  39.580  -9.292  21.649 0.0000000000
135091  40.998  -9.016  20.973 0.0000000000
76160  41.158  -8.453  19.798 0.0000000000
77242  41.024  -8.035  19.278 0.0000000000
76163  38.808  -8.591  18.900 0.0000000000
76166  38.271  -8.484  18.243 0.0000000000
50826  10.751  -30.687  39.421 0.0000000000
155782  10.072  -30.680  39.710 0.0000000000
50827  9.274  -30.973  39.685 0.0000000000
50828  8.508  -31.494  39.862 0.0000000000
50806  8.372  -31.114  40.682 0.0000000000
49717  7.767  -31.905  40.112 0.0000000000
49734  7.203  -32.484  39.757 0.0000000000
48696  6.480  -32.838  40.212 0.0000000000
48712  6.136  -33.359  40.148 0.0000000000
46330  1.827  -34.462  43.973 0.0000000000
46353  1.387  -34.768  43.556 0.0000000000
45259  0.721  -35.100  42.317 0.0000000000
45248  0.125  -35.466  42.726 0.0000000000
45276  -0.169  -35.596  40.970 0.0000000000
132916  -0.273  -35.821  40.231 0.0000000000
44188  -1.143  -36.916  39.094 0.0000000000
44170  -2.114  -37.563  40.217 0.0000000000
66138  30.052  -18.204  36.111 0.0000000000
65056  29.855  -18.315  35.254 0.0000000000
65071  29.610  -18.454  34.423 0.0000000000
134969  29.850  -18.781  32.749 0.0000000000
65109  29.910  -18.760  31.701 0.0000000000
150941  30.777  -19.127  31.594 0.0000000000
64079  31.609  -19.675  30.726 0.0000000000
130881  31.424  -19.736  31.747 0.0000000000
63043  32.026  -20.086  29.951 0.0000000000
56518  24.535  -25.370  35.429 0.0000000000
56517  25.274  -26.171  35.220 0.0000000000
56533  24.333  -26.280  34.806 0.0000000000
56532  25.121  -26.729  34.458 0.0000000000
56548  25.361  -26.941  33.481 0.0000000000
56569  24.752  -26.771  32.766 0.0000000000
56547  26.364  -26.937  33.318 0.0000000000
57712  27.077  -26.641  32.704 0.0000000000
57763  27.698  -25.742  31.474 0.0000000000
57793  26.024  -25.755  30.212 0.0000000000
58896  24.269  -25.443  29.824 0.0000000000
58895  25.259  -25.434  29.664 0.0000000000
130665  24.906  -24.593  28.617 0.0000000000
69333  28.820  -14.554  28.597 0.0000000000
70498  28.972  -13.911  27.943 0.0000000000
69347  28.407  -14.301  27.713 0.0000000000
69348  27.694  -14.686  27.367 0.0000000000
69366  26.626  -14.802  26.154 0.0000000000
68302  25.942  -16.107  27.083 0.0000000000
68332  25.905  -15.282  25.849 0.0000000000
68333  25.509  -15.324  25.059 0.0000000000
150548  50.485  0.553  10.368 0.0000000000
83623  48.964  -1.314  9.657 0.0000000000
73929  33.195  -10.361  22.526 0.0000000000
73930  32.566  -10.705  22.512 0.0000000000
72845  32.934  -11.174  20.772 0.0000000000
76098  38.457  -7.835  25.550 0.0000000000
76123  39.616  -8.313  23.434 0.0000000000
75023  37.664  -9.094  23.123 0.0000000000
145510  37.988  -9.384  22.381 0.0000000000
75038  37.589  -9.671  21.933 0.0000000000
57544  28.856  -25.698  42.337 0.0000000000
56411  29.159  -25.450  41.492 0.0000000000
57566  28.192  -25.317  41.468 0.0000000000
57590  27.719  -24.792  40.093 0.0000000000
57611  27.282  -24.363  39.486 0.0000000000
155695  25.339  -24.594  39.820 0.0000000000
57612  26.238  -24.305  39.708 0.0000000000
132983  26.738  -24.105  38.804 0.0000000000
57628  26.205  -24.117  38.157 0.0000000000
57642  26.220  -24.347  37.121 0.0000000000
57658  24.634  -24.684  36.205 0.0000000000
56484  21.371  -26.391  37.827 0.0000000000
57645  21.533  -26.084  37.139 0.0000000000
133703  22.210  -25.680  37.340 0.0000000000
57679  20.795  -25.981  35.786 0.0000000000
57661  21.860  -25.662  36.509 0.0000000000
57660  22.672  -25.297  36.539 0.0000000000
57659  23.581  -24.922  36.450 0.0000000000
57675  23.802  -25.002  35.660 0.0000000000
56534  23.659  -25.487  35.053 0.0000000000
57713  22.764  -25.851  33.931 0.0000000000
57714  22.188  -25.742  33.524 0.0000000000
57739  20.456  -25.348  32.773 0.0000000000
129699  21.125  -25.425  32.785 0.0000000000
57738  21.427  -25.462  32.317 0.0000000000
58877  21.169  -25.150  31.377 0.0000000000
58900  20.558  -24.733  30.665 0.0000000000
55468  16.396  -28.192  31.129 0.0000000000
55482  16.188  -27.984  30.310 0.0000000000
65162  25.896  -18.579  28.686 0.0000000000
81518  47.273  -3.784  16.614 0.0000000000
138840  43.738  -4.208  15.067 0.0000000000
80410  45.413  -3.880  15.879 0.0000000000
81527  46.797  -3.583  15.701 0.0000000000
81531  47.169  -3.275  14.946 0.0000000000
82586  47.273  -2.710  14.090 0.0000000000
139965  46.800  -2.403  13.335 0.0000000000
82597  46.176  -2.466  12.056 0.0000000000
50925  15.118  -31.715  34.987 0.0000000000
50942  14.207  -31.728  34.776 0.0000000000
149386  14.595  -32.151  35.392 0.0000000000
130938  14.367  -32.448  35.984 0.0000000000
50910  13.875  -32.379  36.735 0.0000000000
50895  14.761  -32.037  37.417 0.0000000000
155197  14.301  -32.182  37.159 0.0000000000
50896  13.906  -32.128  37.620 0.0000000000
50876  12.999  -32.107  38.059 0.0000000000
50821  16.177  -30.697  40.583 0.0000000000
50822  15.548  -30.888  40.303 0.0000000000
50823  14.816  -31.023  39.936 0.0000000000
138088  14.521  -30.290  42.031 0.0000000000
138086  14.359  -30.797  40.566 0.0000000000
138085  13.631  -30.759  40.395 0.0000000000
137647  12.828  -30.678  40.206 0.0000000000
151607  11.820  -30.528  40.033 0.0000000000
131201  10.915  -30.376  40.308 0.0000000000
51901  10.500  -29.468  42.277 0.0000000000
51885  10.145  -29.476  43.303 0.0000000000
57521  30.231  -25.603  43.654 0.0000000000
57522  28.495  -25.788  43.472 0.0000000000
57545  27.756  -25.553  42.655 0.0000000000
57568  25.499  -25.259  41.489 0.0000000000
130144  24.812  -25.689  42.086 0.0000000000
57569  24.763  -25.349  41.126 0.0000000000
57594  24.050  -25.522  40.706 0.0000000000
56448  22.796  -26.185  40.369 0.0000000000
56461  21.638  -26.511  39.219 0.0000000000
154649  21.728  -26.839  40.704 0.0000000000
56462  21.007  -26.951  39.427 0.0000000000
55372  20.422  -27.200  38.728 0.0000000000
54266  18.007  -29.010  36.085 0.0000000000
154119  17.734  -29.471  37.479 0.0000000000
156333  17.612  -29.485  36.458 0.0000000000
53109  17.494  -29.510  35.814 0.0000000000
53125  16.914  -30.153  35.516 0.0000000000
73965  35.651  -10.587  19.703 0.0000000000
79319  44.212  -5.688  18.505 0.0000000000
133119  43.777  -6.217  18.984 0.0000000000
78256  42.127  -5.866  17.245 0.0000000000
77245  41.368  -7.539  18.883 0.0000000000
78250  41.017  -7.051  18.166 0.0000000000
78257  41.228  -6.096  16.834 0.0000000000
140738  12.166  -31.709  35.182 0.0000000000
50928  11.440  -31.991  35.551 0.0000000000
50929  10.594  -31.710  35.203 0.0000000000
142281  9.709  -31.696  35.169 0.0000000000
50930  8.766  -31.690  35.184 0.0000000000
49749  10.065  -31.880  38.364 0.0000000000
49768  9.432  -32.205  38.075 0.0000000000
49786  9.606  -32.601  37.673 0.0000000000
48724  8.442  -32.237  38.428 0.0000000000
48758  8.612  -32.465  38.100 0.0000000000
49787  9.134  -32.670  37.544 0.0000000000
49803  8.874  -32.688  36.937 0.0000000000
49823  8.469  -31.930  36.041 0.0000000000
50931  8.036  -31.721  35.288 0.0000000000
49841  6.710  -32.565  34.791 0.0000000000
48790  6.097  -32.815  35.137 0.0000000000
48791  5.377  -33.161  35.462 0.0000000000
47589  5.032  -33.916  35.034 0.0000000000
49707  5.918  -31.937  41.621 0.0000000000
48698  5.371  -33.709  40.894 0.0000000000
47487  5.555  -33.933  40.312 0.0000000000
47449  2.360  -34.169  43.592 0.0000000000
46351  2.859  -34.267  42.755 0.0000000000
47459  3.580  -34.268  42.061 0.0000000000
46388  2.799  -34.561  41.222 0.0000000000
47471  3.628  -34.496  41.397 0.0000000000
137124  4.274  -34.485  40.827 0.0000000000
139098  4.861  -34.304  40.279 0.0000000000
153994  4.613  -34.266  39.693 0.0000000000
47506  4.724  -34.100  39.021 0.0000000000
47525  4.032  -34.008  38.305 0.0000000000
47548  3.405  -34.054  37.392 0.0000000000
47527  2.460  -34.357  38.256 0.0000000000
47549  2.658  -34.448  37.526 0.0000000000
47570  3.417  -34.326  36.460 0.0000000000
41135  -5.186  -40.312  43.010 0.0000000000
41152  -5.529  -41.168  42.880 0.0000000000
143102  -5.821  -40.641  44.516 0.0000000000
150280  33.799  -9.878  28.844 0.0000000000
71627  30.453  -13.413  29.243 0.0000000000
68266  28.115  -15.466  30.182 0.0000000000
68267  27.339  -15.809  29.626 0.0000000000
68268  26.637  -16.212  29.195 0.0000000000
67244  25.671  -17.359  29.035 0.0000000000
65145  25.629  -17.997  29.162 0.0000000000
67216  26.753  -16.408  31.990 0.0000000000
66167  26.824  -17.219  32.987 0.0000000000
67201  26.503  -17.061  32.301 0.0000000000
67217  26.300  -16.940  31.590 0.0000000000
66206  25.882  -17.469  30.441 0.0000000000
65126  25.849  -17.988  30.069 0.0000000000
64100  27.334  -19.333  28.329 0.0000000000
64099  28.476  -19.304  28.275 0.0000000000
64081  30.379  -18.903  30.054 0.0000000000
64097  30.793  -19.351  28.175 0.0000000000
62001  30.702  -21.366  26.035 0.0000000000
60967  30.592  -22.035  25.478 0.0000000000
59971  29.545  -23.312  24.822 0.0000000000
132480  32.736  -20.707  35.279 0.0000000000
56428  29.714  -25.081  41.207 0.0000000000
136638  30.152  -24.885  40.943 0.0000000000
57589  30.573  -25.015  40.545 0.0000000000
149043  29.502  -25.027  39.392 0.0000000000
57610  30.250  -25.312  39.526 0.0000000000
58783  32.071  -25.068  37.869 0.0000000000
130362  26.308  -25.718  35.375 0.0000000000
56498  27.830  -25.487  36.067 0.0000000000
144177  28.211  -25.988  36.160 0.0000000000
56529  28.072  -26.363  34.636 0.0000000000
56496  29.010  -26.420  35.905 0.0000000000
56497  28.727  -25.991  36.824 0.0000000000
57641  30.065  -26.044  37.219 0.0000000000
57654  31.442  -25.402  36.793 0.0000000000
58797  32.552  -24.607  37.494 0.0000000000
58807  32.404  -24.522  36.675 0.0000000000
58825  31.376  -24.817  34.404 0.0000000000
59864  32.689  -23.782  35.373 0.0000000000
60849  33.328  -23.009  34.941 0.0000000000
60859  33.644  -22.005  34.658 0.0000000000
60874  33.285  -22.005  33.883 0.0000000000
61910  33.266  -21.275  34.189 0.0000000000
61922  32.999  -21.417  33.310 0.0000000000
60898  32.423  -22.222  31.847 0.0000000000
59906  31.395  -23.323  32.013 0.0000000000
60914  31.246  -23.130  30.314 0.0000000000
59930  30.070  -23.523  29.508 0.0000000000
58875  28.341  -25.133  31.319 0.0000000000
131166  28.325  -24.752  30.669 0.0000000000
59920  29.267  -23.907  29.838 0.0000000000
59931  29.515  -23.497  28.852 0.0000000000
59951  28.419  -23.473  26.787 0.0000000000
59952  27.391  -23.582  27.023 0.0000000000
59963  27.566  -23.554  25.865 0.0000000000
73835  33.264  -10.900  27.998 0.0000000000
145767  32.669  -11.396  27.736 0.0000000000
72758  32.466  -11.636  26.984 0.0000000000
72773  31.889  -11.931  27.116 0.0000000000
151925  31.834  -11.962  26.367 0.0000000000
72794  31.468  -12.096  25.449 0.0000000000
72815  30.822  -12.336  24.769 0.0000000000
70519  28.761  -13.654  27.301 0.0000000000
70537  28.561  -13.468  26.507 0.0000000000
70553  27.614  -13.723  25.203 0.0000000000
70563  28.240  -13.322  24.702 0.0000000000
71711  29.097  -12.953  25.152 0.0000000000
71725  29.521  -12.839  24.464 0.0000000000
71734  29.375  -12.789  23.595 0.0000000000
83620  47.649  -1.702  10.799 0.0000000000
47470  4.266  -34.285  41.472 0.0000000000
47571  2.923  -34.516  36.866 0.0000000000
48676  3.933  -33.172  42.858 0.0000000000
48686  4.584  -33.199  42.208 0.0000000000
49766  11.478  -32.598  37.873 0.0000000000
49785  10.519  -32.893  37.226 0.0000000000
50800  14.594  -30.535  41.330 0.0000000000
50801  14.018  -30.342  41.330 0.0000000000
50825  13.253  -31.094  39.709 0.0000000000
50894  15.428  -31.869  37.630 0.0000000000
51953  16.546  -30.967  39.277 0.0000000000
51988  16.590  -30.893  36.963 0.0000000000
53081  18.053  -29.260  38.842 0.0000000000
54221  19.100  -28.112  38.840 0.0000000000
54250  18.023  -29.124  36.987 0.0000000000
54299  17.868  -28.540  34.383 0.0000000000
55388  19.714  -27.546  37.469 0.0000000000
55411  18.245  -28.411  34.926 0.0000000000
55481  16.502  -27.347  29.986 0.0000000000
56394  30.292  -25.517  42.840 0.0000000000
56430  28.137  -25.069  40.582 0.0000000000
56445  29.812  -24.864  40.077 0.0000000000
56446  29.419  -24.822  40.393 0.0000000000
56449  21.568  -26.806  40.100 0.0000000000
56460  22.228  -26.337  39.779 0.0000000000
56480  29.240  -25.913  37.426 0.0000000000
56485  20.912  -26.486  37.117 0.0000000000
56499  27.219  -25.236  35.891 0.0000000000
56504  19.251  -27.445  35.420 0.0000000000
56514  28.453  -26.353  35.334 0.0000000000
56520  19.664  -26.769  35.269 0.0000000000
56531  26.751  -26.666  34.315 0.0000000000
57615  22.902  -25.847  39.558 0.0000000000
57629  24.533  -24.665  38.675 0.0000000000
57639  31.619  -25.360  37.464 0.0000000000
57657  25.587  -24.585  36.395 0.0000000000
57673  29.893  -26.230  35.295 0.0000000000
57677  22.506  -25.379  35.059 0.0000000000
57678  21.502  -25.642  35.817 0.0000000000
57693  22.983  -25.471  34.651 0.0000000000
57716  21.070  -25.467  33.448 0.0000000000
57737  23.314  -26.238  32.234 0.0000000000
57741  18.735  -25.794  32.480 0.0000000000
58798  32.061  -25.057  37.082 0.0000000000
58817  31.061  -25.353  35.006 0.0000000000
58856  20.747  -25.222  32.094 0.0000000000
59865  32.085  -24.338  34.897 0.0000000000
60899  32.044  -22.798  31.502 0.0000000000
61901  33.417  -21.101  34.966 0.0000000000
63006  32.905  -20.717  34.505 0.0000000000
64069  31.983  -20.057  31.498 0.0000000000
65069  31.076  -19.113  34.779 0.0000000000
65072  28.505  -18.226  34.301 0.0000000000
66155  27.510  -17.599  34.213 0.0000000000
66166  27.150  -17.458  33.627 0.0000000000
66179  26.670  -17.651  32.482 0.0000000000
66289  24.492  -17.752  25.663 0.0000000000
67295  25.107  -16.405  26.179 0.0000000000
68320  26.298  -15.466  26.647 0.0000000000
68342  25.261  -15.498  24.282 0.0000000000
69382  25.732  -14.976  24.538 0.0000000000
71686  30.550  -12.515  26.746 0.0000000000
73820  32.783  -11.094  29.252 0.0000000000
73850  33.136  -11.190  27.236 0.0000000000
82592  47.465  -2.150  13.302 0.0000000000
129916  6.695  -33.220  39.580 0.0000000000
130048  22.031  -25.733  32.623 0.0000000000
130086  3.382  -33.249  43.423 0.0000000000
130363  27.162  -25.632  35.430 0.0000000000
130547  28.445  -25.044  37.509 0.0000000000
130767  25.984  -26.846  34.078 0.0000000000
130892  21.911  -25.583  33.912 0.0000000000
130913  26.248  -18.282  30.225 0.0000000000
131381  22.820  -24.595  28.945 0.0000000000
136010  25.493  -17.082  28.182 0.0000000000
148782  20.873  -27.153  40.173 0.0000000000
148839  29.928  -13.738  28.980 0.0000000000
149884  20.772  -24.523  29.960 0.0000000000
150713  21.746  -26.063  37.595 0.0000000000
151312  10.281  -31.965  35.553 0.0000000000
152947  15.000  -32.017  37.815 0.0000000000
153724  26.852  -25.452  42.753 0.0000000000
