#!ascii label  , from subject sub-v1s10x0050972_ses-1 vox2ras=TkReg
2028
17184  -9.720  -77.914  -50.740 0.5000000000
13763  -9.529  -80.318  -47.800 0.5000000000
155032  -9.729  -80.322  -46.932 0.5000000000
12676  -9.745  -81.262  -45.466 0.5000000000
18267  -9.531  -76.385  -47.956 0.5000000000
17169  -9.768  -77.157  -49.651 0.5000000000
17170  -10.869  -77.092  -49.860 0.5000000000
17185  -10.552  -77.680  -50.769 0.5000000000
157714  -11.893  -77.920  -51.387 0.6000000238
16052  -11.108  -78.692  -51.365 0.5000000000
11533  -9.174  -81.971  -45.437 0.5000000000
14895  -10.070  -79.895  -48.583 0.5000000000
11534  -9.820  -82.020  -44.687 0.5000000000
13764  -10.177  -79.860  -47.421 0.6000000238
14883  -10.886  -79.559  -47.070 0.6000000238
13745  -10.299  -80.538  -45.644 0.6000000238
12659  -10.554  -81.902  -44.285 0.6999999881
14873  -11.829  -79.692  -45.880 0.6999999881
12677  -10.492  -81.067  -44.790 0.6999999881
14864  -12.596  -79.648  -44.546 0.6999999881
13737  -12.117  -80.246  -44.160 0.6999999881
12644  -11.786  -80.927  -43.781 0.6999999881
178881  -10.980  -76.756  -48.599 0.5000000000
18290  -11.711  -76.728  -49.392 0.6000000238
18269  -11.681  -76.559  -47.770 0.6000000238
18308  -12.647  -76.764  -50.406 0.6000000238
14928  -11.404  -79.244  -50.462 0.5000000000
11516  -10.336  -82.776  -44.016 0.5000000000
10378  -9.889  -83.854  -43.426 0.5000000000
9276  -11.608  -84.897  -43.218 0.6999999881
10379  -10.919  -83.507  -43.457 0.6999999881
10344  -12.107  -83.713  -42.626 0.6999999881
14896  -10.746  -79.448  -48.138 0.6000000238
14897  -11.503  -79.160  -47.779 0.6999999881
11505  -12.223  -82.128  -42.745 0.6999999881
14885  -12.377  -79.195  -46.475 0.6999999881
14874  -12.580  -79.340  -45.531 0.6999999881
12612  -12.737  -82.203  -41.841 0.6999999881
181835  -13.136  -79.370  -44.129 0.6999999881
14854  -12.819  -79.907  -43.657 0.6999999881
164576  -12.384  -80.573  -43.544 0.6999999881
13696  -13.673  -80.891  -41.502 0.6999999881
168989  -14.025  -79.466  -43.117 0.6999999881
172935  -14.422  -79.599  -42.492 0.6999999881
13710  -14.050  -80.178  -41.968 0.6999999881
14826  -14.660  -79.831  -41.675 0.6999999881
156559  -11.340  -76.621  -46.496 0.5000000000
18249  -12.080  -76.445  -46.732 0.6000000238
18251  -13.239  -75.952  -47.590 0.6000000238
177426  -13.051  -76.224  -48.368 0.6000000238
19523  -13.643  -75.893  -49.002 0.6000000238
17186  -12.620  -77.615  -51.225 0.6000000238
18309  -13.596  -76.573  -50.494 0.6000000238
16040  -12.702  -78.411  -50.882 0.6000000238
9260  -12.293  -84.371  -42.743 0.6999999881
16024  -12.126  -78.888  -50.020 0.6999999881
10345  -12.671  -83.791  -42.157 0.6999999881
9278  -13.446  -84.640  -43.055 0.6999999881
9279  -14.245  -84.350  -43.105 0.6999999881
16025  -12.821  -78.472  -49.544 0.6999999881
10346  -13.368  -84.030  -41.974 0.6999999881
10363  -15.092  -83.735  -43.210 0.6999999881
16013  -12.826  -78.377  -48.130 0.6999999881
16014  -13.699  -78.161  -47.620 0.6999999881
11492  -12.329  -82.976  -42.321 0.6999999881
11478  -13.294  -82.706  -41.181 0.6999999881
172631  -14.024  -84.000  -41.909 0.6999999881
10348  -15.275  -83.589  -42.231 0.6999999881
15999  -12.966  -78.746  -47.036 0.6999999881
16000  -13.568  -78.540  -46.477 0.6999999881
12613  -13.358  -81.776  -41.126 0.6999999881
10313  -15.036  -82.905  -40.716 0.6999999881
14855  -14.215  -78.944  -43.752 0.6999999881
12614  -14.028  -81.299  -40.680 0.6999999881
11456  -13.936  -82.113  -40.567 0.6999999881
14856  -14.755  -79.066  -43.146 0.6999999881
13697  -14.257  -80.468  -41.118 0.6999999881
12601  -14.697  -81.611  -40.146 0.6999999881
167335  -15.267  -79.210  -42.337 0.6999999881
13686  -15.464  -80.119  -40.308 0.6999999881
14840  -16.076  -78.996  -41.810 0.6999999881
18235  -11.112  -76.458  -45.526 0.5000000000
18236  -11.909  -76.322  -45.889 0.6000000238
19499  -13.403  -75.388  -46.915 0.6000000238
168563  -12.509  -75.028  -45.415 0.5000000000
20709  -13.975  -74.807  -47.257 0.6000000238
169694  -9.555  -74.421  -43.833 0.5000000000
19475  -11.162  -75.577  -44.421 0.5000000000
19510  -13.902  -75.452  -47.843 0.6000000238
20711  -15.057  -74.297  -47.822 0.6000000238
19524  -14.490  -75.461  -48.860 0.6000000238
20724  -14.540  -74.907  -47.958 0.6000000238
18324  -13.344  -77.291  -51.083 0.6000000238
16041  -13.462  -78.142  -50.573 0.6999999881
17201  -14.521  -77.138  -50.952 0.6999999881
16026  -13.528  -78.072  -49.094 0.6999999881
17171  -14.180  -77.876  -50.211 0.6999999881
10364  -15.723  -83.210  -42.798 0.6999999881
17154  -14.522  -77.833  -47.598 0.6999999881
17153  -14.309  -77.725  -48.697 0.6999999881
10349  -15.843  -83.114  -42.146 0.6999999881
154639  -15.847  -82.801  -43.679 0.6999999881
150653  -15.128  -77.792  -47.000 0.6999999881
10314  -15.907  -82.729  -40.727 0.6999999881
11506  -16.462  -82.629  -42.656 0.6999999881
11518  -15.696  -82.666  -44.692 0.6999999881
17117  -15.535  -77.829  -45.408 0.6000000238
11459  -16.433  -82.266  -40.142 0.6999999881
11479  -16.775  -82.467  -40.935 0.6999999881
11507  -17.140  -82.108  -43.036 0.6999999881
11520  -16.686  -82.140  -43.705 0.6999999881
11537  -16.299  -82.168  -45.211 0.6999999881
15964  -15.041  -78.519  -43.892 0.6999999881
12588  -16.011  -81.159  -39.626 0.6999999881
11444  -17.022  -81.708  -39.769 0.6000000238
162652  -17.561  -82.109  -40.920 0.6999999881
175476  -17.267  -82.260  -41.556 0.6999999881
15951  -16.795  -78.622  -42.355 0.6000000238
156692  -16.147  -79.322  -40.808 0.6999999881
14815  -16.400  -79.825  -39.939 0.6999999881
13687  -15.947  -80.515  -39.767 0.6999999881
162031  -17.653  -80.460  -39.536 0.6000000238
155746  -17.862  -81.160  -39.695 0.6000000238
153520  -17.659  -78.443  -42.128 0.6000000238
14828  -16.873  -78.784  -41.450 0.6000000238
14802  -17.433  -79.640  -39.664 0.6000000238
14803  -18.344  -79.772  -39.482 0.5000000000
13676  -18.458  -80.467  -39.571 0.5000000000
13677  -19.178  -80.557  -39.692 0.5000000000
15937  -18.363  -78.280  -41.505 0.6000000238
157102  -19.085  -78.135  -40.744 0.5000000000
15924  -18.673  -78.621  -39.959 0.5000000000
20699  -13.411  -74.549  -46.601 0.6000000238
20678  -12.102  -74.329  -45.122 0.6000000238
181333  -15.049  -73.121  -47.070 0.5000000000
23318  -15.076  -72.478  -46.583 0.6999999881
20677  -11.380  -74.652  -44.449 0.5000000000
21992  -11.567  -73.357  -44.776 0.6000000238
22002  -12.277  -73.226  -45.474 0.6000000238
23273  -9.010  -71.902  -43.697 0.6000000238
21974  -10.169  -73.698  -43.861 0.6000000238
22021  -16.105  -73.524  -47.609 0.4000000060
162487  -10.308  -72.570  -43.922 0.6000000238
20712  -15.851  -74.163  -48.128 0.5000000000
20737  -15.938  -75.578  -49.880 0.6000000238
19538  -15.660  -76.437  -50.745 0.6000000238
17189  -15.597  -77.288  -50.702 0.6999999881
18326  -15.560  -76.830  -51.014 0.6000000238
17173  -15.826  -77.459  -49.543 0.6999999881
17136  -15.746  -77.615  -46.261 0.6000000238
17137  -15.920  -77.408  -47.325 0.6000000238
15976  -15.988  -78.035  -44.041 0.6000000238
12616  -18.408  -81.696  -40.921 0.6000000238
164023  -18.647  -81.619  -41.811 0.6000000238
12646  -18.205  -81.588  -43.276 0.6999999881
12661  -17.040  -81.799  -44.705 0.6999999881
12678  -16.931  -81.726  -45.717 0.6999999881
15966  -16.597  -78.348  -43.196 0.6000000238
12605  -19.129  -81.163  -40.339 0.6000000238
12694  -16.783  -81.698  -46.547 0.6999999881
15952  -18.426  -78.136  -42.302 0.6000000238
169485  -19.666  -79.387  -39.409 0.4000000060
13689  -20.522  -80.331  -40.041 0.4000000060
12606  -20.086  -80.892  -40.892 0.5000000000
12617  -19.257  -81.372  -41.377 0.6000000238
152341  -18.385  -81.390  -44.031 0.6000000238
159355  -18.374  -81.344  -46.010 0.6000000238
15938  -19.136  -77.921  -41.854 0.5000000000
17061  -20.020  -77.675  -41.598 0.5000000000
17051  -20.117  -77.823  -40.526 0.5000000000
15925  -19.570  -78.362  -39.849 0.5000000000
13711  -20.889  -80.761  -41.761 0.4000000060
12627  -19.965  -81.146  -42.032 0.6000000238
23309  -13.863  -71.821  -45.696 0.6000000238
22010  -13.667  -72.940  -46.517 0.6000000238
24652  -16.590  -71.498  -46.243 0.6000000238
23293  -11.526  -72.126  -44.554 0.6000000238
23294  -12.128  -71.773  -44.479 0.5000000000
23275  -12.614  -71.870  -43.499 0.6000000238
23258  -12.248  -72.483  -42.789 0.6000000238
23327  -15.797  -72.822  -47.058 0.6000000238
24604  -9.808  -70.793  -43.485 0.6999999881
24589  -11.162  -71.469  -43.260 0.6000000238
177502  -11.390  -72.978  -41.993 0.6000000238
22032  -16.784  -73.871  -48.202 0.5000000000
168210  -16.686  -72.973  -47.389 0.6000000238
25884  -9.506  -70.032  -43.156 0.6000000238
24573  -10.274  -71.060  -42.357 0.6999999881
20727  -17.238  -74.608  -49.182 0.5000000000
24572  -9.932  -70.136  -42.165 0.6999999881
20738  -16.826  -75.462  -49.978 0.6000000238
25841  -9.355  -69.702  -41.331 0.6000000238
17190  -16.400  -77.321  -50.691 0.6000000238
19552  -16.829  -76.922  -51.463 0.6000000238
172223  -17.362  -77.313  -50.842 0.6000000238
17174  -16.679  -77.362  -49.452 0.6000000238
151825  -16.582  -77.292  -46.526 0.6000000238
17119  -17.270  -77.296  -45.727 0.6000000238
173750  -19.828  -77.496  -44.736 0.6000000238
17083  -18.010  -77.876  -43.693 0.6000000238
163813  -20.560  -77.498  -44.779 0.6000000238
17073  -19.775  -77.672  -42.571 0.6000000238
156111  -19.771  -81.158  -43.157 0.6000000238
174663  -19.198  -81.278  -44.106 0.6000000238
12680  -19.218  -81.376  -45.724 0.6000000238
17086  -20.438  -77.492  -43.244 0.5000000000
17075  -21.584  -77.309  -41.871 0.5000000000
17052  -21.088  -77.788  -40.269 0.5000000000
12712  -19.652  -81.466  -47.136 0.6000000238
13712  -21.876  -80.597  -42.020 0.4000000060
154269  -20.022  -81.250  -44.117 0.6000000238
170768  -20.271  -81.438  -44.795 0.6000000238
169634  -14.295  -71.528  -44.473 0.6000000238
23277  -14.628  -72.213  -43.737 0.5000000000
24621  -15.525  -71.406  -45.037 0.6000000238
23296  -16.970  -71.874  -44.524 0.5000000000
24635  -13.195  -71.622  -44.666 0.6000000238
21975  -14.447  -73.061  -43.246 0.6000000238
24638  -15.264  -71.457  -45.502 0.5000000000
178900  -15.958  -71.466  -45.540 0.5000000000
156975  -17.430  -71.124  -46.168 0.5000000000
23259  -13.077  -72.721  -42.991 0.5000000000
24608  -13.895  -71.744  -43.938 0.6000000238
21953  -12.607  -73.462  -42.341 0.5000000000
24662  -17.151  -71.588  -46.587 0.6000000238
23243  -9.901  -71.370  -41.534 0.6999999881
23244  -10.261  -72.243  -41.501 0.6000000238
23229  -10.182  -72.546  -40.526 0.6000000238
20739  -17.695  -75.307  -50.118 0.5000000000
152342  -9.222  -70.078  -40.295 0.5000000000
23216  -9.725  -71.907  -40.213 0.6999999881
19540  -18.081  -75.927  -50.818 0.5000000000
171996  -18.185  -77.243  -50.508 0.5000000000
17155  -16.834  -77.063  -47.900 0.6000000238
176577  -19.461  -76.965  -46.418 0.6000000238
17120  -18.174  -77.259  -45.568 0.5000000000
17141  -20.079  -77.173  -46.167 0.6000000238
17121  -19.307  -77.406  -45.099 0.6000000238
160051  -22.047  -77.195  -43.860 0.5000000000
12629  -22.222  -80.955  -42.839 0.5000000000
12649  -21.630  -81.312  -43.671 0.5000000000
169422  -20.799  -81.712  -45.876 0.6000000238
12698  -20.475  -81.669  -46.645 0.6000000238
21976  -15.192  -73.123  -43.362 0.6000000238
23278  -15.574  -72.282  -43.839 0.6000000238
21955  -14.765  -73.803  -42.838 0.6000000238
24639  -17.402  -71.103  -45.785 0.5000000000
20657  -13.274  -74.086  -42.276 0.6000000238
20656  -12.719  -74.205  -41.836 0.6999999881
24664  -18.754  -71.114  -46.617 0.6000000238
21922  -10.827  -73.217  -40.920 0.6000000238
21939  -11.439  -73.375  -41.534 0.6000000238
23330  -18.112  -72.473  -47.455 0.6000000238
23217  -10.234  -72.379  -39.625 0.6000000238
21891  -10.714  -73.040  -39.880 0.6000000238
22034  -18.567  -74.037  -48.886 0.5000000000
18329  -18.560  -76.792  -50.939 0.5000000000
25825  -8.928  -68.958  -39.821 0.5000000000
24544  -9.412  -71.163  -39.839 0.6000000238
18271  -17.863  -76.868  -47.998 0.5000000000
18273  -19.656  -76.653  -48.061 0.6000000238
18253  -19.139  -76.734  -47.092 0.5000000000
17157  -21.367  -77.100  -47.260 0.5000000000
17123  -20.910  -77.395  -45.719 0.5000000000
157787  -22.267  -81.568  -44.218 0.6000000238
12682  -21.684  -81.830  -45.563 0.6000000238
21956  -15.692  -73.906  -42.898 0.6000000238
21977  -16.099  -73.214  -43.384 0.5000000000
23280  -17.501  -72.674  -43.845 0.5000000000
19450  -14.954  -75.156  -41.917 0.6999999881
23297  -17.932  -72.104  -44.435 0.5000000000
181848  -13.253  -75.455  -40.924 0.6999999881
20644  -14.205  -75.253  -41.701 0.6000000238
24640  -18.803  -71.175  -45.477 0.5000000000
20625  -12.313  -74.668  -40.536 0.6000000238
25899  -18.137  -70.793  -45.984 0.5000000000
165380  -19.301  -71.285  -47.004 0.6000000238
20597  -12.158  -74.580  -38.699 0.6999999881
23331  -19.548  -72.055  -47.467 0.6000000238
21892  -11.197  -73.335  -39.037 0.6000000238
179633  -18.811  -73.518  -48.397 0.6000000238
23198  -10.841  -71.776  -37.775 0.6999999881
24528  -10.371  -71.951  -38.727 0.6999999881
19541  -18.763  -76.126  -50.715 0.5000000000
22044  -19.092  -74.534  -49.623 0.5000000000
25808  -9.546  -70.196  -38.363 0.6000000238
19554  -19.673  -75.606  -50.264 0.5000000000
25796  -9.816  -69.999  -37.322 0.5000000000
19542  -19.832  -75.824  -50.211 0.6000000238
18312  -18.865  -76.892  -50.591 0.5000000000
27045  -9.232  -68.703  -37.004 0.6000000238
18295  -19.370  -76.740  -49.326 0.5000000000
18274  -20.744  -76.739  -47.486 0.6000000238
181018  -22.747  -76.439  -48.203 0.5000000000
20645  -16.592  -75.274  -41.780 0.6999999881
21958  -17.533  -74.039  -42.773 0.5000000000
21979  -18.053  -73.512  -43.267 0.5000000000
19411  -15.446  -76.024  -40.865 0.8000000119
19434  -15.644  -75.551  -41.520 0.6999999881
23281  -18.468  -72.927  -43.803 0.5000000000
24625  -19.272  -71.805  -44.871 0.5000000000
19396  -13.490  -75.825  -39.592 0.6999999881
19409  -13.691  -75.818  -40.446 0.6999999881
19433  -14.763  -75.673  -41.350 0.8000000119
19408  -12.870  -75.354  -40.236 0.6999999881
24642  -20.527  -71.033  -45.522 0.5000000000
19381  -12.778  -75.254  -38.337 0.6999999881
19395  -12.773  -75.301  -39.236 0.6999999881
25913  -20.169  -70.451  -46.335 0.6000000238
25901  -19.889  -70.475  -46.048 0.5000000000
21872  -12.075  -74.104  -36.899 0.6000000238
20581  -11.811  -73.971  -37.854 0.6000000238
23341  -19.964  -73.016  -48.107 0.6000000238
23199  -11.276  -72.461  -37.500 0.6999999881
154116  -11.403  -73.235  -38.070 0.6999999881
22045  -19.922  -74.482  -49.670 0.6000000238
22036  -20.436  -73.740  -48.971 0.6000000238
24513  -11.143  -71.684  -36.940 0.6000000238
22046  -20.821  -74.368  -49.448 0.6000000238
18315  -21.099  -75.397  -49.210 0.6000000238
25779  -9.698  -69.188  -36.491 0.6000000238
18297  -21.520  -76.051  -48.388 0.6000000238
18298  -22.402  -76.130  -48.285 0.5000000000
152611  -17.027  -75.900  -40.331 0.6000000238
19435  -17.290  -75.531  -41.068 0.5000000000
174606  -17.861  -74.488  -42.150 0.5000000000
23299  -19.919  -72.623  -44.068 0.5000000000
18166  -15.018  -76.408  -39.184 0.8000000119
23300  -20.791  -72.375  -44.011 0.5000000000
19382  -13.898  -76.074  -38.146 0.6999999881
25923  -20.429  -70.668  -46.757 0.6000000238
28173  -12.127  -67.427  -31.368 0.6000000238
175263  -12.589  -74.858  -37.049 0.8000000119
161037  -12.169  -68.300  -31.831 0.6000000238
21853  -11.777  -73.236  -36.350 0.6999999881
20572  -12.598  -74.715  -36.291 0.8000000119
24666  -20.918  -71.396  -47.398 0.6000000238
26967  -11.013  -68.479  -33.517 0.6000000238
177744  -11.611  -72.420  -35.779 0.6000000238
22037  -21.387  -73.520  -49.023 0.6000000238
22048  -22.556  -73.359  -49.159 0.6000000238
25740  -10.978  -69.115  -34.731 0.6000000238
25758  -10.650  -69.521  -35.527 0.6000000238
24480  -11.058  -70.762  -36.208 0.6000000238
20743  -21.481  -74.313  -49.340 0.6000000238
22049  -22.934  -73.250  -49.075 0.6000000238
25780  -10.306  -69.913  -36.417 0.5000000000
19527  -22.733  -75.212  -48.639 0.5000000000
158943  -23.127  -75.839  -48.307 0.5000000000
20713  -24.419  -74.319  -47.861 0.5000000000
19413  -17.809  -75.373  -40.331 0.5000000000
20647  -18.445  -74.511  -41.403 0.5000000000
18168  -16.747  -76.137  -39.551 0.6000000238
19398  -17.485  -75.631  -39.575 0.5000000000
18156  -14.806  -76.380  -38.192 0.8000000119
18157  -15.745  -76.437  -38.548 0.6999999881
19383  -14.314  -76.220  -37.569 0.8000000119
19367  -13.643  -75.858  -37.340 0.8000000119
25902  -20.839  -70.356  -46.154 0.6000000238
24627  -22.120  -71.744  -44.158 0.5000000000
28146  -11.791  -67.705  -29.821 0.6000000238
19355  -13.085  -75.387  -36.736 0.8000000119
25904  -22.712  -71.087  -45.745 0.5000000000
161289  -12.400  -69.045  -31.434 0.6999999881
28158  -12.170  -67.722  -30.380 0.6000000238
20561  -12.663  -74.617  -35.406 0.8000000119
24675  -21.599  -72.084  -47.858 0.6000000238
25925  -21.976  -70.806  -46.993 0.6000000238
25916  -22.199  -70.770  -46.474 0.6000000238
26954  -12.297  -69.247  -32.252 0.6000000238
23344  -22.653  -72.943  -48.937 0.6000000238
23343  -21.802  -72.792  -48.575 0.6000000238
24655  -23.444  -71.721  -46.699 0.6000000238
25727  -11.855  -69.598  -33.738 0.6000000238
23149  -11.598  -71.971  -35.036 0.6000000238
178831  -11.883  -73.290  -35.580 0.5000000000
23345  -23.055  -73.078  -48.866 0.6000000238
24472  -11.553  -71.056  -34.771 0.6000000238
176063  -23.920  -73.625  -48.136 0.6000000238
153711  -24.625  -73.278  -47.484 0.6000000238
22025  -25.395  -73.698  -47.505 0.5000000000
22026  -26.358  -73.541  -47.560 0.5000000000
20715  -26.042  -74.257  -47.679 0.5000000000
20732  -27.085  -74.185  -48.042 0.5000000000
19384  -17.128  -75.856  -38.950 0.6000000238
18145  -15.699  -76.327  -37.685 0.6999999881
26910  -9.780  -69.955  -29.060 0.6000000238
26926  -10.670  -69.310  -29.253 0.6000000238
19357  -14.853  -76.089  -36.329 0.8000000119
25893  -23.360  -71.233  -44.642 0.5000000000
26912  -11.350  -70.161  -29.342 0.6000000238
19343  -14.145  -75.718  -35.660 0.8000000119
25894  -24.799  -70.557  -44.352 0.5000000000
26927  -11.948  -69.084  -30.021 0.6999999881
20547  -13.642  -74.791  -34.302 0.8000000119
25918  -23.948  -71.497  -45.901 0.6000000238
25906  -24.424  -71.012  -45.204 0.6000000238
25708  -12.586  -70.124  -31.601 0.8000000119
21823  -12.379  -73.736  -34.175 0.6999999881
24669  -23.113  -72.180  -47.582 0.6000000238
24646  -25.647  -71.019  -45.764 0.6000000238
24428  -12.832  -71.111  -31.767 0.6999999881
24459  -12.118  -71.863  -33.222 0.6999999881
23128  -12.139  -72.888  -33.731 0.6000000238
181077  -23.511  -72.667  -47.742 0.6000000238
25919  -26.389  -71.039  -46.114 0.6000000238
24458  -11.850  -70.788  -33.949 0.6000000238
24658  -26.592  -71.811  -46.658 0.5000000000
23336  -26.751  -72.646  -47.280 0.5000000000
156938  -16.863  -75.660  -38.195 0.6000000238
20598  -17.552  -74.343  -38.372 0.5000000000
24395  -8.468  -71.941  -28.266 0.6000000238
19370  -16.776  -75.134  -37.352 0.6999999881
25676  -9.166  -71.073  -28.661 0.6000000238
18136  -15.707  -76.023  -36.842 0.6999999881
19358  -16.323  -75.325  -36.507 0.6000000238
25678  -10.994  -71.265  -28.814 0.6000000238
25677  -10.121  -71.388  -28.619 0.6000000238
156636  -15.653  -75.686  -36.123 0.6000000238
20563  -16.081  -74.777  -34.801 0.6999999881
25688  -12.197  -70.489  -29.653 0.8000000119
20548  -14.679  -74.848  -34.197 0.6999999881
20550  -16.305  -74.263  -34.451 0.6000000238
25689  -12.831  -70.770  -29.920 0.8000000119
20534  -14.107  -74.449  -33.605 0.8000000119
21811  -15.831  -73.794  -33.202 0.6999999881
24429  -13.518  -71.906  -31.251 0.6999999881
24446  -13.051  -72.064  -31.958 0.6999999881
168515  -13.122  -72.884  -32.253 0.6000000238
167540  -14.025  -73.499  -32.253 0.8000000119
24377  -8.023  -72.201  -27.483 0.6000000238
24396  -9.589  -72.043  -28.213 0.6000000238
24380  -11.161  -72.299  -27.924 0.6999999881
166924  -16.656  -73.038  -34.223 0.6000000238
24398  -11.630  -71.746  -28.469 0.6999999881
24399  -12.569  -71.489  -28.549 0.6999999881
21799  -16.466  -73.124  -33.384 0.6999999881
23116  -16.505  -72.466  -32.718 0.6000000238
24408  -13.291  -71.209  -29.346 0.8000000119
24409  -14.119  -71.458  -29.698 0.6000000238
24421  -13.875  -71.760  -30.493 0.5000000000
23115  -15.922  -72.834  -31.864 0.6999999881
23099  -16.452  -71.999  -31.860 0.6999999881
156731  -16.609  -71.020  -33.009 0.6000000238
25700  -13.252  -71.222  -30.201 0.8000000119
24422  -15.380  -72.094  -30.722 0.6000000238
23114  -14.820  -73.006  -31.651 0.6000000238
24360  -7.562  -71.752  -26.686 0.6000000238
25648  -8.979  -70.911  -26.070 0.6000000238
25649  -10.270  -71.406  -26.497 0.6999999881
169886  -9.457  -71.640  -26.597 0.6000000238
24363  -10.743  -72.094  -27.210 0.6999999881
24364  -11.585  -71.700  -27.195 0.6999999881
24381  -12.024  -71.866  -27.943 0.6999999881
25665  -13.680  -70.885  -27.611 0.6000000238
24460  -16.643  -71.699  -33.396 0.6000000238
24400  -13.550  -71.224  -28.519 0.6000000238
24410  -15.066  -71.420  -29.507 0.6000000238
25729  -16.580  -70.698  -33.727 0.5000000000
25720  -16.608  -70.718  -32.415 0.6000000238
26969  -16.548  -69.710  -33.434 0.5000000000
28200  -16.537  -68.752  -33.391 0.5000000000
166847  -16.632  -69.353  -31.197 0.6000000238
175291  -16.596  -69.304  -32.052 0.5000000000
174282  -7.087  -69.235  -26.211 0.6000000238
26879  -7.530  -70.022  -26.002 0.6000000238
157383  -9.760  -70.805  -26.118 0.6999999881
26881  -9.494  -69.804  -25.980 0.6999999881
26882  -10.469  -70.202  -26.109 0.6999999881
25650  -11.111  -71.107  -26.448 0.6999999881
26884  -12.241  -69.754  -26.398 0.6000000238
25652  -12.761  -70.504  -26.678 0.5000000000
26894  -13.996  -69.544  -27.012 0.6999999881
28118  -14.276  -68.662  -27.264 0.6000000238
25680  -14.989  -70.531  -28.268 0.6000000238
25681  -15.877  -70.141  -28.461 0.6000000238
28130  -16.229  -68.702  -28.348 0.6000000238
25701  -16.478  -70.629  -30.161 0.6000000238
163575  -16.639  -69.364  -30.479 0.5000000000
28159  -16.635  -68.584  -30.668 0.5000000000
29355  -16.587  -67.943  -31.935 0.5000000000
31556  -7.681  -65.905  -24.707 0.6999999881
31573  -6.847  -65.902  -25.588 0.6999999881
31574  -7.505  -65.215  -25.207 0.6999999881
28101  -7.101  -68.570  -26.446 0.6000000238
30453  -6.416  -66.553  -26.691 0.6999999881
32729  -6.536  -65.127  -26.904 0.6999999881
33906  -6.713  -64.052  -27.238 0.6999999881
32758  -6.852  -63.540  -28.019 0.6000000238
160377  -7.740  -69.189  -26.329 0.6999999881
29264  -7.201  -67.910  -27.019 0.6999999881
30472  -6.984  -66.368  -27.546 0.6999999881
31606  -6.751  -65.638  -27.406 0.6999999881
28103  -9.684  -68.756  -26.253 0.6999999881
29265  -8.253  -68.160  -27.010 0.6999999881
31607  -7.601  -65.777  -27.577 0.6999999881
167645  -11.661  -68.980  -26.348 0.6999999881
28106  -12.500  -68.663  -26.538 0.6000000238
26885  -13.101  -69.620  -26.624 0.6000000238
29285  -14.456  -67.833  -27.496 0.6000000238
30478  -14.571  -66.859  -27.735 0.6000000238
26896  -15.390  -69.133  -27.751 0.6000000238
28120  -15.756  -68.529  -27.890 0.6000000238
30493  -15.688  -66.881  -28.250 0.6000000238
162039  -16.394  -68.050  -28.848 0.5000000000
30494  -16.239  -66.555  -28.836 0.6000000238
173357  -16.261  -65.824  -28.962 0.6000000238
160235  -16.587  -68.256  -29.746 0.5000000000
29318  -16.467  -67.220  -29.425 0.5000000000
30522  -16.559  -66.644  -30.206 0.5000000000
31557  -8.170  -65.279  -24.476 0.6999999881
32730  -6.729  -64.330  -26.501 0.6999999881
35067  -6.866  -63.335  -26.876 0.6000000238
165648  -6.711  -63.108  -27.716 0.6000000238
33940  -6.855  -62.916  -28.705 0.6000000238
35108  -7.664  -62.608  -30.348 0.4000000060
32760  -7.936  -64.213  -27.970 0.6000000238
32759  -7.257  -63.996  -27.922 0.5000000000
33924  -7.137  -63.311  -28.454 0.5000000000
35130  -8.170  -62.597  -31.358 0.4000000060
35160  -8.432  -62.340  -32.735 0.5000000000
172662  -10.182  -69.273  -26.148 0.6999999881
155243  -9.262  -68.080  -26.592 0.8000000119
31608  -8.716  -65.831  -27.398 0.6999999881
33926  -8.739  -63.447  -28.384 0.5000000000
33943  -9.203  -62.828  -29.224 0.4000000060
35110  -9.632  -62.556  -30.247 0.4000000060
35131  -9.456  -62.528  -31.364 0.4000000060
169750  -10.139  -61.859  -32.207 0.4000000060
161528  -9.962  -68.044  -26.461 0.8000000119
156660  -10.693  -66.778  -26.668 0.8000000119
30454  -10.066  -66.271  -26.929 0.8000000119
162189  -10.093  -65.449  -27.135 0.8000000119
32747  -9.951  -64.597  -27.461 0.6000000238
176427  -9.736  -63.143  -28.475 0.5000000000
33944  -10.166  -62.696  -29.069 0.4000000060
35132  -10.192  -62.403  -30.862 0.4000000060
160797  -10.880  -69.184  -26.240 0.6999999881
175394  -11.795  -68.159  -26.473 0.8000000119
30456  -12.094  -66.792  -26.744 0.6999999881
30476  -12.640  -66.298  -27.113 0.5000000000
35093  -11.188  -62.544  -28.920 0.5000000000
35133  -11.181  -62.133  -30.089 0.4000000060
36305  -10.647  -62.030  -31.258 0.4000000060
29270  -13.070  -67.885  -26.821 0.6000000238
29284  -13.667  -67.344  -27.253 0.5000000000
31613  -14.129  -65.871  -27.818 0.5000000000
30492  -15.051  -66.011  -28.153 0.6000000238
157940  -15.867  -65.946  -28.543 0.6000000238
31631  -16.109  -65.187  -28.764 0.6000000238
32711  -7.437  -64.476  -25.633 0.6000000238
33875  -8.408  -63.868  -24.884 0.5000000000
35081  -6.473  -62.287  -28.016 0.4000000060
181147  -6.341  -62.221  -28.975 0.5000000000
156569  -6.963  -62.271  -30.257 0.5000000000
35129  -7.467  -62.282  -31.311 0.5000000000
36320  -7.636  -61.812  -32.273 0.5000000000
37509  -8.972  -61.551  -32.886 0.5000000000
38674  -8.794  -59.929  -33.496 0.5000000000
35161  -9.062  -62.169  -32.703 0.5000000000
38685  -9.183  -59.528  -34.734 0.5000000000
31609  -10.757  -65.908  -26.909 0.6999999881
152968  -10.730  -65.056  -27.232 0.6000000238
32749  -11.395  -64.663  -27.486 0.5000000000
167418  -10.659  -63.279  -28.196 0.5000000000
37497  -10.623  -61.352  -32.430 0.5000000000
38675  -9.804  -60.389  -33.901 0.5000000000
29268  -11.426  -67.364  -26.554 0.8000000119
30455  -11.411  -66.406  -26.762 0.6999999881
30475  -11.991  -66.123  -26.925 0.6000000238
33928  -11.691  -63.267  -28.124 0.5000000000
35112  -11.989  -62.034  -29.130 0.4000000060
181505  -12.036  -61.734  -29.873 0.5000000000
36321  -11.106  -61.545  -31.674 0.4000000060
37511  -10.627  -60.820  -33.072 0.5000000000
31612  -13.214  -65.680  -27.561 0.5000000000
32763  -13.158  -64.159  -27.863 0.5000000000
33929  -12.602  -63.378  -27.961 0.6000000238
35094  -12.195  -62.642  -28.425 0.5000000000
156492  -12.725  -61.591  -29.275 0.5000000000
36306  -12.552  -61.083  -30.111 0.5000000000
31628  -13.815  -64.934  -27.905 0.5000000000
158095  -13.995  -64.055  -27.965 0.5000000000
33930  -13.512  -63.374  -27.991 0.5000000000
35096  -13.752  -62.593  -28.257 0.5000000000
32764  -14.809  -64.467  -28.157 0.6000000238
33932  -15.512  -63.315  -28.515 0.6000000238
33890  -8.550  -62.837  -25.342 0.5000000000
35052  -8.588  -62.024  -25.767 0.5000000000
174652  -7.362  -62.306  -26.961 0.5000000000
36272  -6.210  -61.329  -28.098 0.4000000060
36281  -6.244  -61.947  -28.625 0.4000000060
175728  -8.620  -61.419  -24.664 0.5000000000
35068  -7.685  -61.377  -26.844 0.4000000060
165050  -6.500  -61.912  -30.044 0.5000000000
35128  -6.995  -61.958  -30.927 0.6000000238
37495  -7.639  -61.197  -31.987 0.5000000000
152111  -8.925  -60.860  -32.830 0.5000000000
38673  -8.558  -60.083  -32.383 0.4000000060
39843  -8.187  -58.678  -33.789 0.4000000060
40975  -8.175  -57.778  -33.358 0.4000000060
37423  -7.633  -60.720  -26.419 0.4000000060
37432  -6.053  -60.421  -27.769 0.4000000060
181456  -5.772  -60.879  -28.742 0.4000000060
36290  -6.239  -61.341  -29.769 0.5000000000
163335  -6.542  -61.084  -30.333 0.5000000000
37475  -8.212  -60.337  -31.126 0.5000000000
37457  -6.084  -60.621  -29.424 0.4000000060
38639  -7.629  -59.957  -29.375 0.4000000060
38646  -8.617  -59.743  -30.082 0.5000000000
38660  -8.625  -59.807  -31.210 0.4000000060
39828  -8.636  -59.122  -31.465 0.4000000060
40974  -7.428  -57.886  -32.707 0.4000000060
42089  -7.425  -57.051  -32.299 0.4000000060
37421  -6.024  -59.694  -27.283 0.4000000060
37431  -5.722  -60.109  -27.982 0.4000000060
37445  -5.784  -60.461  -28.675 0.4000000060
39793  -6.101  -58.498  -27.377 0.4000000060
39800  -6.191  -58.948  -28.007 0.4000000060
38638  -6.393  -59.942  -29.281 0.4000000060
38628  -8.305  -59.596  -28.603 0.4000000060
38640  -8.610  -59.802  -29.104 0.5000000000
39812  -8.990  -59.158  -30.336 0.5000000000
40964  -7.274  -57.622  -32.171 0.4000000060
39803  -9.155  -59.048  -28.178 0.4000000060
40948  -9.364  -57.702  -29.546 0.4000000060
39814  -9.340  -57.428  -30.263 0.4000000060
39829  -8.785  -57.892  -30.976 0.4000000060
40965  -7.583  -56.746  -31.824 0.4000000060
169554  -5.967  -58.621  -26.310 0.4000000060
40924  -6.573  -57.726  -27.134 0.3000000119
40933  -8.162  -58.406  -27.809 0.3000000119
39802  -8.781  -59.161  -28.049 0.4000000060
42034  -7.578  -56.312  -26.916 0.4000000060
42045  -7.135  -56.966  -26.938 0.3000000119
40926  -8.557  -57.608  -27.650 0.3000000119
40934  -9.012  -58.474  -27.858 0.4000000060
42056  -10.123  -56.426  -27.741 0.5000000000
42062  -9.310  -56.938  -28.857 0.4000000060
40940  -9.503  -57.099  -29.593 0.4000000060
40941  -10.522  -56.718  -29.990 0.4000000060
40966  -11.011  -56.604  -30.603 0.3000000119
44440  -10.692  -54.846  -28.228 0.5000000000
44459  -9.764  -54.488  -28.976 0.5000000000
42063  -9.838  -56.495  -29.521 0.4000000060
159248  -10.334  -55.949  -29.577 0.4000000060
40942  -11.493  -57.211  -29.954 0.3000000119
42033  -7.110  -56.417  -26.324 0.4000000060
44421  -7.991  -54.934  -25.917 0.4000000060
43209  -8.529  -55.411  -26.518 0.4000000060
43223  -9.389  -55.855  -26.956 0.5000000000
43224  -10.132  -55.683  -27.010 0.5000000000
44422  -8.922  -54.709  -25.936 0.4000000060
44431  -10.550  -54.894  -27.090 0.5000000000
45667  -10.694  -54.018  -28.016 0.5000000000
164939  -10.177  -53.315  -28.876 0.4000000060
45689  -10.403  -53.634  -29.428 0.4000000060
44461  -11.504  -54.897  -29.617 0.3000000119
46901  -11.267  -52.975  -27.248 0.3000000119
161047  -10.635  -52.331  -28.249 0.3000000119
46922  -10.343  -52.661  -28.999 0.3000000119
43208  -7.680  -55.703  -26.415 0.4000000060
45630  -9.244  -53.092  -25.601 0.3000000119
46891  -10.306  -53.170  -25.871 0.4000000060
152642  -11.603  -53.085  -29.643 0.3000000119
45629  -8.273  -53.178  -25.451 0.3000000119
48118  -10.257  -51.731  -25.475 0.3000000119
22003  -12.930  -72.903  -46.068 0.6000000238
23308  -13.177  -71.967  -45.480 0.5000000000
25710  -16.561  -70.807  -30.993 0.6000000238
24423  -16.293  -71.297  -30.444 0.6000000238
12707  -9.102  -80.894  -47.062 0.5000000000
13754  -11.052  -79.781  -46.180 0.6000000238
16039  -11.964  -78.741  -51.155 0.5000000000
13746  -11.036  -80.172  -45.329 0.6999999881
11517  -11.097  -82.423  -43.830 0.6999999881
172722  -12.272  -81.246  -43.190 0.6999999881
15984  -13.741  -78.743  -45.008 0.6999999881
12623  -13.111  -81.240  -42.028 0.6999999881
13729  -13.405  -79.922  -43.034 0.6999999881
19537  -14.298  -76.068  -50.114 0.5000000000
10312  -14.122  -82.915  -40.774 0.6999999881
17116  -14.971  -78.000  -46.050 0.6999999881
15974  -14.438  -78.527  -44.621 0.6999999881
11457  -14.689  -82.311  -40.312 0.6999999881
15965  -15.604  -78.621  -43.201 0.6999999881
20700  -13.933  -73.817  -47.006 0.6000000238
11460  -17.124  -82.137  -40.312 0.6999999881
17118  -16.311  -77.551  -45.553 0.6000000238
151835  -17.334  -78.358  -42.843 0.6000000238
15923  -17.851  -78.852  -40.108 0.5000000000
24605  -10.661  -71.288  -43.514 0.6999999881
15977  -16.836  -77.916  -43.926 0.6000000238
12626  -19.168  -81.383  -42.363 0.6000000238
12662  -17.865  -81.491  -44.611 0.6000000238
17084  -18.673  -77.777  -43.599 0.5000000000
17087  -21.524  -77.161  -42.957 0.5000000000
168457  -20.502  -80.997  -42.656 0.5000000000
178080  -11.431  -71.559  -43.765 0.6000000238
25873  -10.107  -70.356  -43.141 0.6999999881
22023  -18.288  -73.353  -48.119 0.6000000238
17138  -17.445  -77.027  -46.815 0.5000000000
157812  -17.758  -77.483  -44.912 0.5000000000
17102  -20.091  -77.558  -44.102 0.6000000238
17101  -19.186  -77.573  -44.335 0.5000000000
160796  -21.030  -77.468  -43.966 0.5000000000
12697  -19.776  -81.508  -46.273 0.6000000238
12665  -20.845  -81.414  -44.284 0.6000000238
12650  -22.695  -81.363  -43.559 0.5000000000
20611  -12.241  -74.749  -39.723 0.6000000238
24643  -21.540  -71.152  -45.393 0.5000000000
26953  -11.928  -68.749  -32.703 0.6000000238
27028  -9.868  -68.813  -35.676 0.6000000238
19545  -22.284  -74.553  -49.090 0.6000000238
25718  -12.132  -69.369  -33.072 0.6000000238
179783  -13.675  -75.416  -35.294 0.8000000119
25728  -12.154  -70.491  -33.153 0.6000000238
24657  -25.501  -71.784  -46.325 0.6000000238
23127  -11.784  -71.955  -34.231 0.6000000238
23322  -25.867  -72.458  -46.851 0.6000000238
20535  -15.184  -74.392  -33.616 0.8000000119
154852  -26.185  -70.369  -45.561 0.6000000238
21808  -12.695  -73.632  -33.316 0.6000000238
23113  -12.504  -72.915  -32.870 0.6999999881
23097  -13.817  -72.733  -31.631 0.6000000238
25690  -15.451  -70.904  -28.914 0.6000000238
174085  -15.984  -72.203  -31.226 0.6999999881
25691  -16.209  -70.589  -29.296 0.6000000238
28174  -16.602  -68.600  -31.596 0.5000000000
168164  -13.777  -68.061  -27.148 0.5000000000
25682  -16.390  -69.866  -28.958 0.6000000238
155077  -16.575  -66.934  -31.021 0.5000000000
30439  -6.518  -66.601  -25.960 0.6999999881
28100  -6.709  -67.940  -26.300 0.6000000238
31605  -6.482  -66.022  -27.057 0.6999999881
29282  -8.785  -67.393  -27.074 0.8000000119
32746  -8.288  -65.028  -27.617 0.6000000238
33907  -7.673  -63.612  -25.930 0.6000000238
33942  -8.145  -62.923  -29.331 0.5000000000
33925  -7.618  -63.441  -28.544 0.5000000000
160363  -11.621  -61.656  -30.714 0.5000000000
33908  -8.028  -62.650  -26.226 0.5000000000
178150  -9.370  -60.845  -33.179 0.5000000000
31610  -11.512  -65.548  -27.106 0.6000000238
32750  -12.809  -64.924  -27.662 0.6000000238
169640  -14.559  -62.428  -28.447 0.5000000000
176057  -8.224  -60.920  -25.680 0.5000000000
37496  -8.401  -60.541  -32.293 0.5000000000
159446  -6.686  -60.480  -29.995 0.6000000238
38597  -5.987  -59.080  -26.527 0.4000000060
38612  -5.890  -59.455  -27.477 0.4000000060
38626  -5.801  -59.676  -28.191 0.4000000060
40925  -7.475  -57.582  -27.490 0.3000000119
39801  -7.276  -58.958  -28.290 0.4000000060
38641  -9.120  -59.383  -29.008 0.5000000000
39813  -9.254  -58.401  -29.808 0.4000000060
155873  -9.216  -58.048  -28.102 0.4000000060
39807  -9.298  -58.580  -28.753 0.4000000060
39815  -9.583  -56.791  -30.251 0.4000000060
39831  -9.697  -56.152  -30.531 0.4000000060
43222  -8.202  -56.009  -27.097 0.3000000119
42047  -8.961  -56.662  -27.461 0.5000000000
40927  -9.251  -57.427  -27.882 0.4000000060
176676  -9.656  -56.002  -29.036 0.5000000000
154309  -9.526  -57.036  -27.934 0.4000000060
40950  -10.666  -56.805  -30.026 0.4000000060
45688  -10.259  -53.862  -29.340 0.5000000000
44460  -10.257  -54.466  -29.443 0.4000000060
43261  -10.490  -54.976  -29.610 0.4000000060
44423  -9.903  -54.410  -26.267 0.5000000000
45641  -10.120  -53.741  -26.048 0.5000000000
45650  -10.718  -54.004  -26.945 0.4000000060
46945  -10.529  -52.914  -29.336 0.4000000060
46892  -11.100  -53.148  -26.365 0.4000000060
46880  -9.466  -52.250  -25.480 0.3000000119
48119  -11.331  -52.024  -25.744 0.3000000119
12760  -16.252  -81.774  -52.147 0.5000000000
11617  -16.949  -81.689  -52.085 0.5000000000
10464  -16.587  -83.035  -51.605 0.5000000000
11603  -17.155  -81.993  -52.193 0.5000000000
10452  -16.822  -83.600  -50.631 0.5000000000
10465  -17.216  -82.721  -51.489 0.5000000000
175610  -17.948  -83.430  -49.925 0.6000000238
12751  -15.976  -81.525  -51.552 0.5000000000
157251  -17.021  -81.063  -51.080 0.5000000000
11619  -17.937  -81.275  -52.064 0.5000000000
11604  -17.940  -81.635  -52.103 0.5000000000
10438  -18.301  -83.737  -48.958 0.6000000238
11605  -19.002  -81.645  -52.177 0.6000000238
10466  -18.226  -82.593  -51.425 0.6000000238
11602  -15.145  -81.600  -51.072 0.4000000060
152396  -13.083  -83.734  -47.491 0.4000000060
10421  -13.444  -83.510  -48.214 0.4000000060
10434  -13.022  -83.636  -49.008 0.5000000000
10435  -13.824  -83.184  -48.935 0.5000000000
11600  -13.769  -82.518  -50.417 0.5000000000
11577  -14.568  -82.561  -48.757 0.5000000000
11567  -15.223  -82.314  -48.026 0.5000000000
11601  -14.377  -81.988  -50.699 0.5000000000
164960  -15.340  -81.808  -49.019 0.5000000000
10439  -19.319  -83.780  -49.035 0.6000000238
9360  -19.697  -84.162  -47.940 0.6000000238
12724  -16.057  -81.476  -49.319 0.5000000000
12740  -17.297  -80.969  -50.342 0.5000000000
151456  -17.613  -81.096  -49.190 0.5000000000
10440  -19.959  -83.819  -49.748 0.6000000238
12741  -18.216  -80.938  -50.638 0.5000000000
10478  -20.261  -81.775  -52.380 0.6000000238
151658  -19.486  -82.582  -51.844 0.6000000238
9361  -20.201  -84.166  -48.836 0.6000000238
10467  -21.085  -83.239  -52.437 0.6000000238
9372  -20.585  -84.151  -49.938 0.6000000238
9362  -21.025  -84.601  -48.999 0.6999999881
9381  -21.789  -84.037  -51.981 0.6000000238
9374  -22.025  -84.724  -50.712 0.6999999881
9312  -12.389  -84.767  -45.219 0.6000000238
10391  -13.028  -84.020  -45.799 0.6000000238
10381  -14.459  -84.042  -43.922 0.6000000238
10406  -12.698  -84.003  -46.750 0.5000000000
10407  -13.470  -83.593  -46.703 0.5000000000
11535  -14.856  -83.038  -45.916 0.6000000238
10436  -14.070  -83.172  -48.228 0.5000000000
10408  -14.400  -83.177  -46.795 0.5000000000
11552  -15.094  -82.707  -47.161 0.5000000000
12708  -16.070  -81.714  -48.295 0.5000000000
166722  -15.775  -82.198  -47.332 0.5000000000
9325  -18.678  -84.484  -46.401 0.6999999881
9344  -20.162  -84.396  -47.043 0.6000000238
155352  -20.143  -84.515  -46.098 0.8000000119
12726  -18.466  -81.128  -49.061 0.5000000000
171671  -19.004  -81.138  -50.146 0.5000000000
12742  -19.641  -81.258  -51.167 0.6000000238
161844  -20.639  -84.511  -47.987 0.6999999881
9345  -21.001  -84.808  -47.303 0.6999999881
10479  -20.842  -82.081  -52.951 0.6000000238
8328  -21.807  -85.037  -49.486 0.6999999881
11621  -21.135  -82.354  -52.946 0.6000000238
9389  -22.572  -83.912  -52.630 0.6000000238
9390  -23.266  -84.278  -52.633 0.6999999881
8336  -22.651  -85.285  -50.389 0.6999999881
8337  -23.448  -85.931  -50.084 0.6000000238
10380  -13.822  -84.356  -44.343 0.6000000238
10382  -15.128  -83.345  -44.264 0.6000000238
11536  -15.616  -82.560  -45.583 0.6000000238
11554  -16.217  -82.087  -46.049 0.6000000238
12693  -16.526  -81.740  -47.352 0.5000000000
12695  -18.164  -81.304  -46.960 0.6000000238
9315  -19.371  -84.498  -45.738 0.6999999881
12710  -17.909  -81.262  -48.005 0.5000000000
12711  -18.856  -81.269  -47.768 0.5000000000
8304  -20.765  -84.985  -45.669 0.5000000000
8270  -20.067  -84.874  -44.324 0.6000000238
12743  -20.136  -81.461  -50.119 0.5000000000
161726  -21.549  -85.351  -46.948 0.6000000238
11606  -20.592  -81.577  -51.417 0.5000000000
8318  -21.655  -85.199  -48.082 0.6999999881
171026  -22.144  -85.790  -47.269 0.6000000238
11608  -22.119  -82.833  -52.647 0.5000000000
155142  -22.488  -85.701  -49.088 0.6000000238
7309  -23.258  -86.417  -48.882 0.6000000238
11609  -22.816  -82.830  -51.917 0.5000000000
10469  -23.886  -83.664  -52.230 0.6000000238
7322  -24.477  -85.975  -51.094 0.5000000000
8349  -25.506  -85.677  -51.265 0.5000000000
6323  -25.517  -87.761  -49.056 0.5000000000
9298  -12.310  -85.210  -43.932 0.6000000238
9299  -13.202  -84.786  -43.740 0.6000000238
8249  -11.298  -85.414  -43.813 0.4000000060
12696  -18.993  -81.329  -46.628 0.5000000000
8287  -20.622  -85.092  -44.908 0.6000000238
164015  -19.613  -81.421  -48.010 0.5000000000
8305  -21.470  -85.489  -46.068 0.5000000000
11578  -20.796  -81.728  -49.660 0.5000000000
7280  -22.692  -86.460  -45.995 0.5000000000
8289  -22.041  -86.053  -45.595 0.5000000000
11593  -22.285  -82.366  -49.797 0.5000000000
7297  -23.233  -86.562  -47.895 0.5000000000
179405  -24.131  -87.329  -47.733 0.5000000000
11594  -23.095  -82.719  -50.591 0.6000000238
10441  -23.804  -82.994  -49.445 0.6000000238
7310  -24.195  -86.684  -49.761 0.5000000000
7299  -24.759  -87.745  -48.164 0.6000000238
10458  -24.700  -83.618  -50.320 0.6000000238
9376  -25.692  -85.242  -51.169 0.5000000000
10361  -10.718  -84.494  -43.167 0.4000000060
12713  -20.308  -81.622  -47.664 0.5000000000
7264  -23.273  -86.553  -45.608 0.5000000000
12729  -20.936  -81.819  -48.330 0.5000000000
11580  -22.392  -82.389  -48.558 0.5000000000
7282  -24.285  -87.396  -46.996 0.5000000000
8290  -23.810  -86.235  -45.237 0.5000000000
8274  -24.455  -85.451  -44.966 0.5000000000
9283  -25.055  -84.103  -43.791 0.5000000000
10352  -26.396  -83.461  -42.640 0.5000000000
11581  -23.221  -82.614  -48.328 0.6000000238
10425  -24.020  -82.939  -48.169 0.6000000238
6299  -25.219  -88.001  -47.328 0.5000000000
10442  -24.611  -83.477  -48.995 0.6000000238
177181  -26.666  -88.381  -46.961 0.5000000000
10443  -25.325  -83.958  -48.793 0.5000000000
9346  -25.950  -84.446  -48.426 0.5000000000
11521  -23.264  -81.987  -45.118 0.5000000000
8291  -24.596  -86.344  -45.453 0.5000000000
8275  -25.311  -85.185  -44.825 0.5000000000
9304  -25.638  -84.654  -44.343 0.5000000000
9284  -25.977  -84.176  -43.721 0.5000000000
11539  -22.612  -82.089  -45.721 0.5000000000
11540  -23.455  -82.343  -45.875 0.6000000238
7266  -25.099  -86.996  -45.939 0.5000000000
8292  -25.482  -86.091  -45.368 0.5000000000
173687  -26.523  -84.764  -44.184 0.5000000000
10369  -27.045  -83.903  -42.999 0.5000000000
10354  -27.979  -83.758  -42.135 0.5000000000
10426  -24.770  -83.334  -47.883 0.5000000000
7283  -25.761  -87.828  -46.622 0.5000000000
7284  -26.699  -87.716  -46.257 0.5000000000
12666  -23.061  -81.672  -44.316 0.5000000000
8277  -27.818  -85.702  -44.411 0.5000000000
9305  -27.374  -84.917  -43.988 0.5000000000
9285  -27.756  -84.478  -43.303 0.5000000000
10356  -29.817  -83.820  -42.230 0.4000000060
9286  -28.740  -84.805  -43.340 0.4000000060
18221  -10.257  -76.112  -44.722 0.4000000060
29317  -12.102  -66.829  -30.058 0.5000000000
26909  -8.771  -69.770  -29.016 0.5000000000
28144  -10.022  -68.511  -29.250 0.5000000000
24394  -7.443  -71.879  -28.219 0.5000000000
169762  -8.243  -71.087  -28.739 0.5000000000
29316  -11.540  -66.942  -29.653 0.5000000000
30440  -7.189  -66.702  -25.000 0.5000000000
171784  -8.157  -65.845  -24.042 0.5000000000
32694  -8.476  -64.635  -24.187 0.5000000000
12699  -21.362  -81.889  -46.395 0.5000000000
12714  -21.133  -81.877  -47.266 0.5000000000
10454  -18.771  -83.344  -50.276 0.6000000238
154161  -18.914  -81.077  -51.429 0.6000000238
10456  -20.230  -83.485  -51.218 0.6000000238
11620  -20.698  -81.878  -52.675 0.6000000238
9382  -22.784  -84.677  -51.897 0.6999999881
150886  -13.934  -83.517  -45.888 0.6000000238
12727  -19.252  -81.284  -48.873 0.5000000000
10481  -22.766  -83.655  -52.638 0.6000000238
8346  -23.564  -85.400  -51.459 0.6000000238
8356  -24.461  -84.966  -52.291 0.6000000238
9316  -20.050  -84.627  -45.206 0.6999999881
12728  -20.080  -81.523  -48.849 0.5000000000
167539  -22.212  -82.404  -51.325 0.5000000000
10457  -23.978  -83.261  -50.986 0.6000000238
10470  -24.688  -83.994  -51.667 0.6000000238
8348  -24.866  -85.456  -51.744 0.5000000000
6312  -25.698  -88.256  -48.196 0.5000000000
7281  -23.465  -86.847  -46.400 0.5000000000
156386  -22.972  -82.581  -49.261 0.5000000000
9363  -25.260  -84.026  -49.814 0.5000000000
11555  -21.964  -82.131  -46.940 0.5000000000
11571  -24.255  -82.834  -47.296 0.5000000000
11556  -22.850  -82.327  -46.582 0.5000000000
8276  -26.274  -85.496  -44.812 0.5000000000
7267  -26.699  -86.710  -45.496 0.5000000000
7249  -27.292  -86.166  -44.868 0.5000000000
9265  -28.405  -84.228  -42.732 0.5000000000
155575  -27.711  -87.093  -45.310 0.4000000060
9266  -29.439  -84.429  -42.862 0.4000000060
7216  -22.428  -86.880  -40.767 0.5000000000
166734  -22.046  -86.165  -41.276 0.6000000238
8240  -22.064  -85.555  -42.556 0.6000000238
7226  -20.574  -85.955  -41.799 0.6000000238
7225  -19.922  -86.442  -41.853 0.4000000060
9263  -23.155  -84.573  -42.713 0.4000000060
153924  -22.722  -85.492  -43.886 0.4000000060
8254  -22.104  -85.627  -43.467 0.5000000000
8239  -21.309  -85.655  -42.334 0.6000000238
151622  -21.808  -85.764  -44.054 0.5000000000
8272  -22.495  -85.872  -44.475 0.4000000060
8238  -19.902  -85.728  -42.519 0.5000000000
8271  -21.072  -85.550  -44.226 0.5000000000
8251  -19.474  -85.532  -43.369 0.6000000238
8268  -18.592  -85.454  -44.574 0.6000000238
8286  -18.269  -85.222  -45.366 0.6000000238
8302  -17.847  -85.175  -46.747 0.6000000238
9342  -18.317  -84.444  -47.263 0.6000000238
8317  -17.711  -85.323  -47.413 0.6000000238
9341  -17.793  -84.812  -47.373 0.5000000000
9359  -17.870  -84.387  -48.197 0.5000000000
9358  -17.398  -84.502  -48.897 0.4000000060
8334  -16.819  -84.514  -50.081 0.5000000000
10334  -29.223  -83.343  -41.571 0.3000000119
10477  -16.442  -82.197  -52.157 0.4000000060
27159  -26.020  -69.752  -44.944 0.4000000060
27160  -26.757  -69.568  -45.438 0.4000000060
25908  -27.055  -70.228  -45.992 0.5000000000
31650  -16.504  -65.777  -30.228 0.5000000000
31640  -16.374  -65.228  -29.431 0.5000000000
165855  -16.442  -64.918  -30.450 0.5000000000
32773  -16.451  -64.270  -29.724 0.4000000060
35097  -15.327  -62.664  -28.586 0.4000000060
33979  -15.000  -63.408  -33.123 0.4000000060
36282  -13.965  -61.791  -28.695 0.4000000060
36292  -15.632  -61.407  -29.368 0.4000000060
35116  -16.390  -62.620  -29.605 0.4000000060
180721  -13.277  -61.606  -28.911 0.4000000060
36291  -14.671  -61.199  -29.150 0.4000000060
35163  -16.268  -61.898  -31.858 0.4000000060
37478  -13.599  -60.352  -30.124 0.4000000060
37479  -14.777  -60.019  -29.989 0.4000000060
37512  -16.510  -60.303  -32.008 0.4000000060
37477  -12.671  -60.456  -30.802 0.4000000060
38647  -13.207  -59.865  -30.926 0.4000000060
37498  -11.371  -60.971  -32.102 0.4000000060
38662  -12.530  -59.610  -31.700 0.4000000060
39853  -9.027  -58.664  -34.740 0.3000000119
38686  -9.956  -59.811  -34.941 0.4000000060
40976  -8.949  -55.934  -31.530 0.3000000119
42103  -9.124  -56.643  -32.753 0.3000000119
39854  -9.923  -59.087  -35.544 0.3000000119
177380  -9.220  -57.604  -34.150 0.3000000119
33969  -15.435  -63.716  -32.625 0.4000000060
168027  -16.390  -62.644  -31.392 0.4000000060
35134  -16.567  -62.605  -30.420 0.4000000060
162370  -16.336  -63.945  -31.476 0.4000000060
158045  -16.555  -61.725  -30.804 0.4000000060
176231  -16.451  -61.377  -30.172 0.4000000060
154465  -15.271  -61.985  -33.480 0.4000000060
36322  -16.535  -60.957  -31.438 0.4000000060
37481  -16.303  -59.975  -30.570 0.4000000060
37460  -15.295  -60.650  -29.666 0.4000000060
7172  -27.504  -86.302  -35.123 0.3000000119
9196  -26.621  -84.708  -35.417 0.3000000119
6187  -27.340  -87.118  -35.606 0.4000000060
7171  -26.804  -86.321  -35.728 0.3000000119
8174  -26.249  -85.234  -35.695 0.4000000060
6209  -26.764  -87.260  -37.355 0.3000000119
7182  -26.707  -86.869  -36.398 0.3000000119
8189  -25.707  -85.454  -36.255 0.4000000060
5354  -27.769  -88.744  -37.704 0.3000000119
7191  -26.254  -86.625  -37.141 0.3000000119
7190  -25.648  -86.023  -37.047 0.3000000119
6218  -26.796  -87.460  -38.350 0.3000000119
181084  -26.369  -86.956  -37.881 0.3000000119
161382  -25.830  -86.463  -37.902 0.3000000119
6219  -27.394  -88.059  -38.983 0.3000000119
6230  -26.725  -87.536  -39.323 0.3000000119
7209  -25.991  -86.995  -39.566 0.3000000119
6231  -27.333  -88.216  -39.825 0.3000000119
6244  -26.459  -87.698  -40.122 0.3000000119
7220  -25.716  -87.056  -40.113 0.3000000119
154996  -27.535  -89.934  -40.755 0.3000000119
4615  -26.998  -89.289  -40.587 0.3000000119
5386  -26.291  -88.364  -40.427 0.3000000119
5385  -25.349  -88.213  -40.509 0.3000000119
6242  -24.816  -87.438  -40.538 0.3000000119
166406  -25.892  -89.192  -40.546 0.4000000060
9195  -25.663  -84.536  -35.839 0.3000000119
5338  -27.658  -88.088  -35.790 0.4000000060
171752  -25.046  -84.789  -36.453 0.4000000060
5346  -27.544  -88.409  -36.839 0.3000000119
8201  -25.150  -85.805  -37.855 0.4000000060
5360  -27.886  -88.694  -38.636 0.3000000119
8210  -24.508  -85.404  -38.642 0.4000000060
8221  -24.872  -85.906  -39.539 0.4000000060
4599  -28.519  -89.778  -39.826 0.3000000119
8227  -24.718  -85.991  -40.192 0.4000000060
3168  -27.878  -90.707  -40.481 0.3000000119
3863  -28.375  -90.213  -40.227 0.4000000060
154001  -24.313  -86.806  -40.659 0.4000000060
178779  -23.637  -88.298  -40.417 0.3000000119
3156  -27.520  -91.442  -40.018 0.3000000119
10261  -26.266  -83.770  -35.427 0.3000000119
177399  -25.658  -82.821  -35.518 0.3000000119
11398  -26.423  -82.976  -35.214 0.3000000119
10260  -25.233  -83.507  -35.832 0.3000000119
10277  -24.621  -83.215  -36.324 0.3000000119
176295  -29.234  -90.445  -34.890 0.4000000060
9225  -24.312  -84.462  -37.102 0.3000000119
10276  -24.212  -83.457  -36.946 0.3000000119
169584  -28.320  -89.900  -37.271 0.3000000119
4581  -28.267  -89.751  -36.237 0.4000000060
8200  -24.513  -85.166  -37.692 0.4000000060
9224  -23.788  -83.757  -37.725 0.3000000119
9239  -23.767  -84.613  -38.876 0.4000000060
5355  -28.293  -89.462  -38.164 0.3000000119
181499  -28.127  -91.245  -36.949 0.3000000119
8220  -24.108  -85.273  -39.691 0.4000000060
9247  -23.539  -84.669  -40.294 0.4000000060
3856  -28.438  -90.578  -38.438 0.3000000119
3130  -27.728  -91.588  -37.056 0.3000000119
8225  -23.327  -84.949  -41.006 0.4000000060
9254  -23.176  -84.411  -41.764 0.5000000000
3138  -28.191  -91.136  -37.825 0.3000000119
178949  -23.825  -86.334  -40.817 0.4000000060
8233  -23.035  -85.329  -41.544 0.4000000060
8241  -22.678  -85.255  -42.219 0.5000000000
2515  -26.760  -92.059  -39.328 0.3000000119
12526  -25.379  -81.850  -35.693 0.3000000119
180458  -26.093  -82.276  -35.263 0.3000000119
3831  -29.179  -91.285  -34.982 0.4000000060
10303  -23.787  -83.341  -38.561 0.4000000060
174855  -24.164  -82.836  -40.269 0.4000000060
3838  -28.423  -91.195  -36.208 0.4000000060
9250  -23.295  -84.036  -40.838 0.4000000060
10329  -23.545  -83.574  -41.354 0.5000000000
10365  -23.649  -83.989  -43.099 0.4000000060
3131  -28.019  -91.745  -36.175 0.3000000119
10350  -23.463  -83.852  -42.244 0.4000000060
2479  -26.959  -93.051  -35.576 0.3000000119
9281  -23.310  -84.748  -43.748 0.4000000060
9302  -23.954  -84.776  -44.435 0.4000000060
2504  -27.054  -92.093  -37.236 0.3000000119
156385  -26.879  -91.998  -38.242 0.3000000119
2514  -26.006  -92.505  -38.351 0.3000000119
12546  -24.779  -81.857  -36.784 0.3000000119
166187  -24.110  -82.949  -37.639 0.3000000119
11445  -24.126  -82.859  -39.437 0.3000000119
2480  -28.673  -91.951  -35.222 0.4000000060
11462  -24.542  -82.660  -40.865 0.5000000000
10351  -24.663  -83.225  -42.336 0.4000000060
2492  -27.804  -92.542  -35.421 0.4000000060
9282  -24.138  -84.215  -43.854 0.4000000060
164581  -25.472  -93.874  -34.717 0.3000000119
1924  -26.443  -93.653  -34.948 0.3000000119
1931  -26.070  -93.447  -35.667 0.3000000119
1938  -25.691  -93.179  -36.519 0.3000000119
1945  -25.048  -93.015  -38.515 0.3000000119
2502  -25.297  -92.977  -37.479 0.3000000119
11437  -25.022  -81.971  -38.381 0.3000000119
152495  -24.762  -82.527  -40.070 0.4000000060
11482  -25.058  -82.729  -41.580 0.4000000060
1923  -25.001  -93.909  -34.530 0.3000000119
1922  -24.381  -93.612  -35.355 0.3000000119
1930  -25.120  -93.635  -35.660 0.3000000119
1929  -24.459  -93.539  -35.802 0.3000000119
1937  -24.715  -93.331  -36.517 0.3000000119
3129  -23.504  -92.322  -36.124 0.3000000119
2488  -23.537  -92.751  -36.850 0.3000000119
2489  -23.907  -93.315  -36.134 0.3000000119
2501  -23.556  -93.152  -37.552 0.3000000119
1936  -24.192  -93.374  -36.598 0.3000000119
171457  -27.260  -82.486  -40.442 0.3000000119
11483  -26.731  -82.715  -41.131 0.4000000060
3846  -22.377  -90.764  -37.396 0.3000000119
3145  -22.056  -91.082  -38.239 0.3000000119
13679  -27.680  -80.846  -39.104 0.3000000119
12607  -27.579  -82.087  -39.991 0.3000000119
11484  -27.789  -82.967  -40.995 0.3000000119
12593  -28.472  -81.008  -39.624 0.3000000119
11465  -28.079  -82.529  -40.521 0.3000000119
11466  -28.750  -82.436  -40.635 0.3000000119
32766  -16.288  -64.408  -28.992 0.5000000000
38676  -10.727  -60.068  -34.033 0.5000000000
38661  -11.531  -60.189  -32.507 0.4000000060
33946  -16.320  -63.565  -29.281 0.4000000060
8269  -19.105  -85.293  -44.018 0.6000000238
8252  -20.160  -85.275  -43.349 0.5000000000
8273  -23.365  -85.585  -44.591 0.4000000060
10367  -25.504  -83.562  -43.076 0.4000000060
10330  -25.681  -83.082  -42.196 0.4000000060
10332  -27.442  -83.268  -41.662 0.4000000060
10333  -28.343  -83.406  -41.533 0.3000000119
31672  -16.350  -65.249  -32.032 0.5000000000
32784  -15.975  -64.102  -32.168 0.4000000060
35162  -15.719  -62.850  -32.397 0.4000000060
6199  -27.172  -87.611  -36.598 0.3000000119
5388  -27.830  -88.834  -40.139 0.3000000119
4617  -28.304  -89.736  -40.333 0.3000000119
5339  -28.295  -88.869  -35.510 0.4000000060
8226  -23.948  -85.540  -40.473 0.4000000060
4576  -28.694  -90.636  -35.749 0.4000000060
166546  -28.350  -90.537  -36.878 0.3000000119
4587  -28.477  -90.260  -37.933 0.3000000119
10307  -23.712  -83.408  -39.437 0.4000000060
2490  -26.583  -92.784  -36.434 0.3000000119
172767  -23.880  -83.384  -41.982 0.4000000060
2503  -26.268  -92.587  -37.372 0.3000000119
11463  -25.555  -82.481  -40.800 0.4000000060
1917  -26.252  -94.001  -34.012 0.3000000119
1944  -24.299  -93.295  -37.653 0.3000000119
152304  -25.676  -82.328  -39.812 0.3000000119
2500  -23.122  -92.415  -37.475 0.3000000119
8327  -17.492  -85.005  -48.197 0.5000000000
7308  -17.729  -85.923  -47.971 0.5000000000
7295  -17.827  -86.059  -47.013 0.5000000000
151690  -18.146  -85.979  -45.129 0.5000000000
6262  -18.891  -86.593  -43.675 0.4000000060
12667  -24.071  -81.797  -44.390 0.4000000060
7215  -21.378  -86.713  -40.844 0.5000000000
6239  -21.802  -87.617  -40.613 0.3000000119
5383  -23.152  -88.700  -40.435 0.3000000119
7217  -23.490  -86.901  -40.773 0.4000000060
168913  -24.803  -89.099  -40.390 0.3000000119
5384  -24.413  -88.243  -40.471 0.3000000119
171731  -27.310  -93.479  -34.572 0.3000000119
1911  -27.947  -93.728  -32.861 0.3000000119
164154  -28.349  -92.846  -34.559 0.3000000119
177760  -27.870  -87.540  -35.306 0.3000000119
1899  -27.398  -93.874  -32.542 0.3000000119
2469  -28.850  -93.103  -33.593 0.3000000119
3121  -29.443  -91.879  -34.578 0.3000000119
4568  -29.527  -89.651  -34.541 0.3000000119
3832  -29.907  -90.629  -34.350 0.3000000119
2458  -28.870  -93.237  -32.632 0.3000000119
2459  -29.699  -92.760  -33.071 0.3000000119
3099  -29.903  -92.185  -33.893 0.3000000119
3111  -30.628  -91.760  -33.453 0.3000000119
5327  -28.956  -88.842  -34.767 0.3000000119
6188  -28.415  -87.975  -35.035 0.3000000119
2449  -29.502  -92.868  -32.202 0.3000000119
161347  -29.164  -88.176  -34.603 0.3000000119
163978  -30.448  -89.779  -34.004 0.3000000119
8344  -16.506  -84.561  -51.096 0.3000000119
163700  -19.404  -86.259  -42.881 0.5000000000
7247  -18.499  -86.208  -44.348 0.4000000060
165993  -18.079  -86.539  -46.251 0.5000000000
5382  -22.451  -88.337  -40.548 0.3000000119
36349  -15.387  -61.087  -34.104 0.3000000119
36335  -16.254  -61.182  -32.340 0.3000000119
38663  -13.600  -59.196  -31.318 0.3000000119
8335  -17.105  -84.929  -49.295 0.4000000060
6334  -18.626  -87.267  -49.510 0.4000000060
3930  -21.494  -90.834  -47.540 0.4000000060
4674  -20.101  -89.675  -48.080 0.4000000060
5440  -19.154  -88.696  -46.504 0.4000000060
5429  -18.848  -88.208  -45.681 0.4000000060
160688  -18.487  -87.361  -45.202 0.4000000060
6311  -18.509  -87.691  -47.849 0.4000000060
7279  -18.191  -87.097  -47.024 0.4000000060
6283  -18.421  -87.446  -46.146 0.4000000060
3222  -22.159  -91.702  -46.810 0.3000000119
154008  -21.669  -90.794  -46.662 0.4000000060
4654  -20.224  -89.707  -45.051 0.4000000060
7296  -18.101  -86.843  -47.882 0.4000000060
3929  -20.640  -90.262  -47.591 0.4000000060
5450  -18.950  -88.384  -47.738 0.4000000060
3931  -21.894  -91.302  -47.290 0.3000000119
177059  -20.238  -89.964  -46.740 0.4000000060
4663  -19.743  -89.506  -46.839 0.4000000060
6298  -18.580  -87.870  -47.026 0.4000000060
5430  -19.383  -89.042  -45.863 0.4000000060
5417  -18.822  -87.900  -44.717 0.4000000060
3216  -22.827  -91.778  -45.915 0.3000000119
3932  -22.355  -91.306  -46.476 0.3000000119
3921  -20.873  -90.315  -45.777 0.3000000119
3922  -21.914  -90.722  -45.777 0.3000000119
4638  -19.669  -88.802  -43.669 0.3000000119
5406  -19.678  -88.362  -42.830 0.3000000119
4644  -19.648  -89.083  -44.539 0.3000000119
177630  -20.734  -88.555  -41.643 0.3000000119
6249  -20.773  -87.232  -40.843 0.3000000119
5393  -19.685  -87.732  -42.116 0.3000000119
5405  -19.269  -88.008  -43.364 0.3000000119
6263  -19.139  -87.130  -43.067 0.3000000119
5404  -18.949  -87.522  -43.887 0.3000000119
2446  -19.614  -92.775  -32.344 0.3000000119
3073  -19.063  -91.907  -32.371 0.3000000119
3820  -23.815  -90.669  -34.736 0.3000000119
4544  -17.969  -89.644  -32.665 0.3000000119
5319  -17.572  -87.990  -33.759 0.3000000119
7167  -18.344  -86.594  -35.516 0.3000000119
7180  -19.481  -86.744  -36.238 0.3000000119
6185  -20.825  -87.404  -35.972 0.3000000119
5336  -21.989  -88.340  -35.302 0.3000000119
5337  -22.525  -89.020  -35.195 0.3000000119
4565  -23.518  -89.845  -34.700 0.3000000119
6157  -17.573  -87.187  -33.484 0.3000000119
173482  -18.092  -86.464  -34.829 0.3000000119
7150  -18.735  -86.120  -34.903 0.3000000119
7169  -20.184  -86.656  -35.502 0.3000000119
7170  -21.164  -87.110  -35.059 0.3000000119
4645  -20.304  -89.510  -44.139 0.3000000119
3798  -18.427  -90.540  -32.972 0.3000000119
6184  -18.029  -87.104  -36.036 0.3000000119
152240  -17.566  -88.404  -34.420 0.3000000119
151771  -17.538  -87.894  -35.212 0.3000000119
6168  -17.560  -87.482  -34.433 0.3000000119
174352  -18.247  -86.016  -34.087 0.3000000119
1928  -23.986  -93.388  -36.778 0.3000000119
2436  -29.445  -92.739  -31.884 0.3000000119
2447  -27.520  -93.588  -32.347 0.3000000119
2468  -27.962  -93.535  -33.816 0.3000000119
2470  -29.197  -92.407  -34.356 0.3000000119
2478  -23.850  -92.917  -35.574 0.3000000119
2491  -27.344  -92.249  -36.279 0.3000000119
3108  -23.967  -91.696  -34.824 0.3000000119
3128  -23.018  -91.616  -36.873 0.3000000119
3136  -22.651  -91.712  -37.763 0.3000000119
3137  -27.641  -91.521  -38.040 0.3000000119
3157  -28.179  -90.919  -39.771 0.4000000060
3158  -28.490  -90.374  -39.397 0.3000000119
3823  -29.991  -91.542  -34.159 0.3000000119
3847  -28.329  -90.845  -37.436 0.3000000119
3871  -28.035  -90.066  -40.632 0.3000000119
4552  -17.808  -88.882  -33.421 0.3000000119
4564  -22.976  -89.712  -35.042 0.3000000119
4593  -28.580  -89.954  -38.920 0.3000000119
4616  -27.883  -89.427  -40.472 0.3000000119
4653  -19.650  -89.261  -45.280 0.4000000060
4664  -20.019  -89.773  -45.991 0.4000000060
5328  -29.756  -88.802  -34.405 0.3000000119
5347  -27.898  -89.228  -37.026 0.3000000119
5369  -27.925  -88.718  -39.590 0.3000000119
5370  -28.351  -89.314  -39.299 0.3000000119
5387  -27.195  -88.627  -40.296 0.3000000119
5389  -28.275  -89.285  -40.076 0.3000000119
5394  -20.259  -87.755  -41.413 0.3000000119
5399  -20.223  -88.522  -42.200 0.3000000119
5418  -19.233  -88.657  -45.040 0.4000000060
5439  -18.764  -88.134  -46.440 0.4000000060
5451  -19.374  -88.942  -47.425 0.4000000060
6186  -21.495  -87.740  -35.417 0.3000000119
6210  -27.328  -88.010  -37.810 0.3000000119
6240  -22.951  -87.761  -40.492 0.3000000119
6241  -23.967  -87.547  -40.596 0.3000000119
6243  -25.615  -87.529  -40.349 0.3000000119
6248  -19.787  -87.115  -41.684 0.3000000119
6253  -19.472  -86.979  -42.296 0.3000000119
6273  -18.593  -87.049  -44.412 0.4000000060
6284  -27.657  -87.770  -45.866 0.5000000000
6322  -18.576  -87.495  -48.757 0.4000000060
7149  -17.759  -86.709  -34.305 0.3000000119
7166  -17.759  -87.038  -35.206 0.3000000119
7168  -19.178  -86.404  -35.618 0.3000000119
7181  -26.219  -86.197  -36.349 0.3000000119
7200  -25.441  -86.284  -38.900 0.3000000119
7201  -26.202  -86.942  -38.670 0.3000000119
7208  -25.344  -86.478  -39.861 0.3000000119
7214  -20.581  -86.534  -41.223 0.5000000000
7218  -24.318  -86.168  -40.590 0.4000000060
7219  -25.028  -86.728  -40.357 0.4000000060
7227  -21.123  -86.198  -41.253 0.5000000000
7228  -23.089  -86.171  -41.192 0.4000000060
7229  -23.604  -85.752  -40.938 0.4000000060
7248  -22.615  -86.227  -45.233 0.5000000000
7263  -17.991  -85.682  -46.033 0.5000000000
7265  -24.121  -87.020  -45.914 0.5000000000
7298  -23.954  -87.097  -48.466 0.6000000238
7311  -24.820  -87.346  -49.342 0.5000000000
7332  -25.268  -86.082  -51.120 0.5000000000
8175  -26.360  -85.776  -35.833 0.4000000060
8231  -21.472  -85.824  -41.687 0.6000000238
8232  -22.119  -85.674  -41.867 0.6000000238
8250  -18.943  -85.840  -43.768 0.6000000238
8253  -21.237  -85.611  -43.220 0.6000000238
8255  -22.649  -85.257  -43.105 0.5000000000
8256  -28.247  -85.193  -43.888 0.4000000060
8288  -21.347  -85.578  -45.201 0.6000000238
8303  -18.143  -84.899  -46.099 0.6000000238
8306  -22.112  -85.987  -46.458 0.5000000000
8319  -22.800  -86.451  -46.994 0.5000000000
8347  -24.196  -85.249  -52.131 0.6000000238
9213  -24.727  -84.005  -36.336 0.3000000119
9226  -24.982  -85.341  -37.011 0.4000000060
9238  -23.586  -84.043  -38.402 0.3000000119
9246  -23.518  -83.910  -39.117 0.4000000060
9261  -13.023  -84.453  -42.533 0.6999999881
9262  -13.772  -84.334  -42.475 0.6999999881
9264  -27.680  -83.996  -42.704 0.5000000000
9277  -12.642  -84.829  -43.106 0.6999999881
9280  -19.626  -85.068  -43.946 0.6000000238
9300  -13.853  -84.494  -43.623 0.6999999881
9301  -19.217  -84.809  -44.748 0.6999999881
9303  -24.727  -84.642  -44.421 0.5000000000
9313  -13.112  -84.684  -44.672 0.6000000238
9314  -18.653  -84.748  -45.542 0.6999999881
9324  -18.094  -84.756  -46.752 0.6000000238
9326  -19.510  -84.350  -46.478 0.6999999881
9327  -20.867  -84.876  -46.526 0.6000000238
9343  -19.164  -84.202  -47.142 0.6000000238
9364  -26.014  -84.901  -50.018 0.5000000000
9370  -16.557  -83.933  -50.653 0.3000000119
9371  -17.015  -84.159  -49.744 0.5000000000
9373  -21.332  -84.478  -50.285 0.6000000238
9375  -25.360  -84.456  -50.975 0.5000000000
9380  -20.973  -83.951  -51.200 0.6000000238
9383  -23.602  -84.865  -52.349 0.6000000238
9384  -25.099  -84.938  -51.922 0.5000000000
9391  -23.892  -84.646  -52.551 0.6000000238
10315  -23.573  -83.522  -40.597 0.4000000060
10325  -13.083  -83.445  -41.629 0.6999999881
10326  -13.720  -83.518  -41.435 0.6999999881
10327  -14.587  -83.518  -41.500 0.6999999881
10328  -15.457  -83.177  -41.415 0.6999999881
10331  -26.566  -83.095  -41.938 0.4000000060
10347  -14.543  -84.042  -42.377 0.6999999881
10353  -27.190  -83.546  -42.353 0.5000000000
10355  -28.876  -83.806  -42.188 0.5000000000
10362  -11.528  -84.161  -42.932 0.6999999881
10366  -24.452  -83.696  -43.172 0.4000000060
10368  -26.354  -83.842  -43.238 0.5000000000
10392  -13.657  -84.031  -45.159 0.6000000238
10393  -14.433  -83.628  -44.940 0.6000000238
10394  -15.146  -83.059  -45.077 0.6000000238
10422  -13.842  -83.375  -47.524 0.4000000060
10423  -14.564  -82.948  -47.744 0.5000000000
10424  -18.743  -84.023  -47.996 0.6000000238
10437  -17.550  -83.964  -49.216 0.4000000060
10453  -17.299  -83.482  -50.281 0.6000000238
10455  -19.510  -83.491  -50.404 0.6000000238
10463  -13.180  -82.819  -50.649 0.5000000000
10468  -23.077  -83.403  -52.516 0.6000000238
10480  -21.816  -83.088  -52.746 0.6000000238
10482  -23.543  -84.042  -52.680 0.6000000238
10483  -24.289  -84.412  -52.435 0.6000000238
11397  -24.891  -82.615  -35.976 0.3000000119
11414  -24.511  -82.565  -36.765 0.3000000119
11429  -24.663  -82.107  -37.575 0.3000000119
11436  -24.357  -82.595  -38.431 0.3000000119
11443  -16.172  -81.777  -39.748 0.6999999881
11446  -26.655  -82.133  -39.691 0.3000000119
11458  -15.517  -82.298  -40.103 0.6999999881
11461  -23.780  -83.210  -40.092 0.4000000060
11464  -26.420  -82.423  -40.338 0.3000000119
11477  -12.747  -83.023  -41.725 0.6999999881
11480  -23.876  -83.062  -40.783 0.4000000060
11481  -24.198  -83.016  -41.487 0.4000000060
11485  -28.618  -82.968  -40.996 0.3000000119
11491  -11.700  -83.010  -43.080 0.6999999881
11493  -16.234  -82.830  -41.599 0.6999999881
11494  -17.220  -82.199  -42.289 0.6999999881
11519  -16.280  -82.268  -44.390 0.6999999881
11538  -22.092  -82.070  -46.221 0.5000000000
11553  -15.530  -82.505  -46.480 0.5000000000
11568  -21.756  -82.150  -47.880 0.5000000000
11569  -22.607  -82.372  -47.553 0.5000000000
11570  -23.469  -82.586  -47.382 0.5000000000
11579  -21.584  -82.116  -49.045 0.5000000000
11589  -14.142  -82.591  -49.700 0.5000000000
11590  -14.846  -81.974  -49.863 0.5000000000
11591  -15.743  -81.513  -50.269 0.4000000060
11592  -21.476  -82.009  -50.571 0.5000000000
11607  -21.354  -82.058  -52.337 0.5000000000
11618  -17.533  -81.473  -52.095 0.5000000000
12589  -16.620  -81.293  -39.601 0.6999999881
12590  -18.609  -80.997  -39.792 0.6000000238
12592  -27.180  -81.616  -39.350 0.3000000119
12602  -15.429  -81.655  -39.833 0.6999999881
12603  -17.757  -81.781  -40.243 0.6999999881
12604  -18.385  -81.434  -40.130 0.6000000238
12608  -28.410  -81.853  -40.164 0.3000000119
12615  -17.909  -81.926  -41.836 0.6999999881
12622  -12.618  -81.473  -42.530 0.6999999881
12624  -17.751  -81.863  -42.787 0.6999999881
12625  -18.433  -81.630  -42.557 0.6000000238
12628  -21.265  -80.914  -42.771 0.5000000000
12643  -11.695  -81.847  -43.484 0.6999999881
12645  -17.555  -81.698  -43.729 0.6999999881
12647  -18.871  -81.388  -43.257 0.6000000238
12648  -20.656  -81.157  -43.442 0.6000000238
12660  -11.077  -81.371  -44.028 0.6999999881
12663  -18.616  -81.363  -45.000 0.6000000238
12664  -19.553  -81.369  -44.892 0.6000000238
12679  -17.732  -81.487  -45.414 0.6000000238
12681  -20.105  -81.527  -45.532 0.6000000238
12683  -22.412  -81.794  -44.953 0.5000000000
12709  -17.027  -81.418  -48.156 0.5000000000
12725  -16.752  -81.269  -49.191 0.5000000000
12739  -16.548  -81.218  -50.189 0.5000000000
12752  -17.672  -81.066  -51.621 0.5000000000
12753  -18.450  -81.206  -51.918 0.6000000238
12754  -19.353  -81.359  -52.035 0.6000000238
12755  -20.128  -81.505  -52.152 0.6000000238
12761  -17.085  -81.288  -51.819 0.5000000000
13675  -16.728  -80.572  -39.588 0.6000000238
13678  -19.905  -79.981  -39.548 0.5000000000
13685  -14.707  -80.751  -40.402 0.6999999881
13688  -19.786  -80.643  -40.019 0.4000000060
13698  -14.804  -80.087  -40.859 0.6999999881
13709  -13.495  -80.452  -42.354 0.6999999881
13728  -12.860  -80.642  -42.902 0.6999999881
13736  -11.343  -80.576  -44.448 0.6999999881
13747  -11.912  -79.958  -44.989 0.6999999881
13752  -9.680  -80.704  -46.240 0.5000000000
13753  -10.324  -80.063  -46.422 0.6000000238
14804  -19.118  -79.874  -39.440 0.4000000060
14816  -17.005  -79.090  -40.407 0.6000000238
14827  -15.349  -79.550  -41.278 0.6999999881
14839  -13.875  -79.914  -42.613 0.6999999881
14865  -13.530  -79.400  -43.631 0.6999999881
14875  -13.161  -79.130  -44.850 0.6999999881
14884  -11.701  -79.424  -46.777 0.6000000238
14886  -13.324  -78.793  -45.626 0.6999999881
14898  -12.254  -78.944  -47.414 0.6999999881
14910  -10.016  -80.057  -50.115 0.5000000000
14911  -10.737  -79.596  -49.512 0.6000000238
14912  -11.449  -79.193  -49.035 0.6999999881
14940  -11.239  -78.978  -51.281 0.5000000000
15914  -18.264  -79.161  -39.639 0.5000000000
15915  -19.079  -79.073  -39.464 0.5000000000
15916  -19.949  -78.766  -39.412 0.4000000060
15926  -20.458  -78.233  -39.788 0.5000000000
15936  -17.647  -78.598  -41.057 0.6000000238
15950  -16.068  -78.710  -42.567 0.6000000238
15967  -17.412  -78.073  -43.463 0.6000000238
15968  -18.074  -78.101  -42.988 0.6000000238
15975  -15.314  -78.112  -44.659 0.6000000238
15985  -14.168  -78.396  -45.678 0.6999999881
15986  -14.886  -78.133  -45.252 0.6999999881
16001  -14.356  -78.170  -46.722 0.6999999881
16012  -12.142  -78.787  -48.581 0.6999999881
16053  -11.694  -78.486  -51.404 0.5000000000
16054  -12.387  -78.205  -51.362 0.6000000238
16055  -13.216  -77.886  -51.225 0.6999999881
17062  -20.903  -77.477  -41.125 0.5000000000
17063  -21.750  -77.555  -40.886 0.5000000000
17072  -18.925  -77.871  -42.824 0.5000000000
17074  -20.711  -77.453  -42.246 0.5000000000
17085  -19.521  -77.663  -43.476 0.6000000238
17098  -15.978  -77.797  -44.858 0.6000000238
17099  -16.789  -77.661  -44.739 0.6000000238
17100  -18.292  -77.644  -44.294 0.5000000000
17122  -20.010  -77.398  -45.367 0.6000000238
17139  -18.733  -77.025  -46.182 0.5000000000
17140  -19.399  -77.218  -45.761 0.6000000238
17156  -20.763  -77.138  -46.743 0.5000000000
17172  -14.976  -77.592  -49.795 0.6999999881
17187  -13.868  -77.622  -50.957 0.6999999881
17188  -14.616  -77.325  -50.840 0.6999999881
17198  -10.535  -78.448  -51.244 0.5000000000
17199  -11.233  -78.168  -51.349 0.5000000000
17200  -13.806  -77.438  -51.066 0.6000000238
17202  -15.523  -76.898  -51.062 0.6000000238
17203  -16.720  -77.060  -51.466 0.6000000238
18144  -14.967  -76.323  -37.225 0.8000000119
18146  -16.292  -76.192  -38.099 0.6999999881
18155  -14.126  -76.177  -38.963 0.6999999881
18158  -16.507  -76.230  -38.775 0.6999999881
18167  -15.925  -76.412  -39.405 0.6000000238
18174  -15.225  -76.291  -40.068 0.8000000119
18175  -16.144  -76.213  -40.244 0.8000000119
18222  -10.851  -76.176  -44.765 0.5000000000
18248  -10.438  -76.606  -46.216 0.5000000000
18250  -12.688  -76.001  -46.524 0.6000000238
18252  -18.284  -76.822  -46.988 0.5000000000
18254  -20.011  -76.742  -47.098 0.6000000238
18268  -10.570  -76.692  -47.435 0.5000000000
18270  -12.579  -76.301  -47.519 0.6000000238
18272  -18.803  -76.807  -48.081 0.5000000000
18275  -21.858  -76.789  -47.794 0.5000000000
18289  -10.187  -76.753  -48.642 0.5000000000
18291  -12.450  -76.413  -48.817 0.6000000238
18292  -13.065  -76.282  -49.518 0.6000000238
18293  -17.591  -77.234  -49.367 0.5000000000
18294  -18.514  -77.059  -49.388 0.5000000000
18296  -20.240  -76.418  -49.014 0.6000000238
18310  -14.221  -76.745  -50.824 0.6999999881
18311  -14.879  -76.570  -50.749 0.5000000000
18313  -19.630  -76.309  -50.053 0.6000000238
18314  -20.381  -75.833  -49.721 0.6000000238
18325  -13.879  -77.096  -51.069 0.6999999881
18327  -16.211  -76.890  -51.284 0.6000000238
18328  -17.381  -77.086  -51.483 0.6000000238
18330  -19.165  -76.253  -50.514 0.5000000000
19328  -14.228  -75.363  -34.886 0.6999999881
19329  -15.341  -75.151  -34.802 0.6999999881
19344  -15.096  -75.645  -35.494 0.8000000119
19345  -16.058  -75.140  -35.496 0.6000000238
19356  -13.850  -75.862  -36.438 0.8000000119
19366  -12.912  -75.334  -37.542 0.8000000119
19368  -14.326  -76.165  -36.950 0.8000000119
19369  -16.335  -75.820  -37.420 0.6999999881
19371  -17.627  -75.175  -38.775 0.6000000238
19397  -14.318  -76.171  -39.844 0.6999999881
19410  -14.534  -76.019  -40.677 0.6999999881
19412  -16.377  -75.847  -41.019 0.6999999881
19431  -12.773  -75.075  -40.942 0.6999999881
19432  -13.909  -75.634  -41.179 0.8000000119
19451  -15.737  -75.038  -42.028 0.6999999881
19474  -10.363  -75.725  -44.297 0.4000000060
19476  -11.912  -75.313  -44.915 0.5000000000
19485  -11.595  -76.044  -45.070 0.5000000000
19486  -12.310  -75.727  -45.562 0.5000000000
19487  -12.921  -75.210  -46.073 0.6000000238
19511  -24.925  -74.976  -47.731 0.5000000000
19525  -15.072  -75.753  -49.930 0.6000000238
19526  -21.983  -75.335  -48.814 0.6000000238
19528  -23.308  -74.786  -48.485 0.5000000000
19539  -17.324  -76.205  -50.991 0.5000000000
19543  -20.515  -75.110  -49.794 0.6000000238
19544  -21.539  -74.717  -49.318 0.6000000238
19551  -16.153  -76.912  -51.309 0.6000000238
19553  -17.878  -76.800  -51.215 0.5000000000
20536  -15.980  -74.231  -33.832 0.6000000238
20546  -12.800  -74.470  -34.573 0.8000000119
20549  -15.641  -74.659  -34.237 0.6000000238
20562  -13.246  -75.334  -35.789 0.8000000119
20564  -16.442  -74.396  -35.141 0.6999999881
20582  -12.384  -74.676  -37.738 0.8000000119
20583  -16.720  -74.548  -36.670 0.6000000238
20596  -11.700  -74.110  -39.385 0.6999999881
20610  -11.830  -74.272  -40.138 0.6000000238
20613  -18.166  -75.011  -39.606 0.5000000000
20624  -11.710  -73.982  -40.873 0.6000000238
20626  -17.991  -75.104  -40.994 0.5000000000
20642  -12.466  -74.483  -41.228 0.6999999881
20643  -13.304  -74.924  -41.589 0.6000000238
20646  -17.589  -75.005  -41.664 0.5000000000
20658  -14.197  -74.541  -42.276 0.6000000238
20659  -15.262  -74.531  -42.414 0.6999999881
20660  -16.180  -74.588  -42.402 0.6999999881
20661  -17.099  -74.663  -42.333 0.6999999881
20669  -9.802  -75.184  -44.018 0.5000000000
20670  -10.468  -74.869  -43.970 0.5000000000
20688  -12.748  -74.129  -45.947 0.6000000238
20710  -14.444  -74.333  -47.464 0.6000000238
20714  -25.192  -74.280  -47.633 0.5000000000
20725  -15.326  -74.928  -48.790 0.6000000238
20726  -16.302  -74.666  -49.054 0.5000000000
20728  -18.053  -74.558  -49.392 0.5000000000
20729  -22.836  -74.392  -48.910 0.6000000238
20730  -23.148  -73.801  -48.892 0.6000000238
20731  -23.727  -74.119  -48.378 0.5000000000
20740  -18.551  -75.145  -50.177 0.5000000000
20741  -19.398  -75.286  -50.257 0.5000000000
20742  -20.065  -75.002  -50.032 0.6000000238
20744  -22.582  -73.806  -49.208 0.6000000238
21797  -13.083  -73.480  -32.662 0.6000000238
21798  -15.279  -73.478  -32.366 0.6999999881
21809  -13.567  -73.989  -33.036 0.6000000238
21810  -14.673  -74.032  -32.944 0.6999999881
21812  -16.413  -73.700  -33.979 0.6000000238
21824  -13.115  -74.272  -33.779 0.6999999881
21840  -12.240  -73.855  -35.062 0.5000000000
21854  -12.181  -73.958  -35.933 0.6999999881
21871  -11.618  -73.224  -37.225 0.6000000238
21910  -11.324  -73.690  -40.056 0.6000000238
21940  -12.111  -73.805  -41.638 0.6000000238
21952  -11.835  -73.143  -42.145 0.5000000000
21954  -13.820  -73.484  -42.801 0.6000000238
21957  -16.612  -74.003  -42.890 0.5000000000
21973  -9.346  -73.181  -43.715 0.6000000238
21978  -17.046  -73.333  -43.339 0.5000000000
21991  -10.897  -72.823  -44.283 0.6000000238
22001  -12.074  -72.397  -45.012 0.6000000238
22011  -14.408  -73.019  -46.834 0.5000000000
22019  -14.694  -73.698  -47.300 0.6000000238
22020  -15.420  -73.621  -47.480 0.4000000060
22022  -17.499  -73.172  -47.749 0.6000000238
22024  -24.494  -73.694  -47.728 0.6000000238
22027  -27.377  -73.274  -47.818 0.5000000000
22033  -17.738  -73.917  -48.565 0.5000000000
22035  -19.415  -73.773  -48.804 0.6000000238
22038  -23.350  -73.378  -48.697 0.6000000238
22039  -23.662  -73.300  -48.159 0.6000000238
22047  -21.831  -73.768  -49.261 0.6000000238
23093  -14.778  -71.817  -30.228 0.5000000000
23098  -15.319  -72.546  -31.259 0.6000000238
23129  -16.604  -72.524  -33.563 0.6000000238
23150  -11.849  -72.922  -34.777 0.6000000238
23184  -11.486  -72.432  -36.699 0.6999999881
23207  -10.694  -72.693  -39.083 0.6000000238
23208  -10.981  -72.581  -38.324 0.6999999881
23228  -9.745  -71.964  -40.932 0.6999999881
23245  -10.956  -72.765  -41.818 0.6000000238
23256  -10.756  -71.812  -42.479 0.6999999881
23257  -11.452  -72.346  -42.555 0.6000000238
23274  -10.106  -71.733  -43.755 0.6000000238
23276  -13.846  -72.506  -43.389 0.6000000238
23279  -16.526  -72.433  -43.876 0.6000000238
23292  -10.930  -71.862  -44.073 0.6000000238
23295  -15.988  -71.722  -44.504 0.6000000238
23298  -18.876  -72.401  -44.336 0.5000000000
23307  -12.616  -71.885  -44.931 0.5000000000
23316  -13.545  -72.325  -46.048 0.6000000238
23317  -14.282  -72.201  -46.222 0.6999999881
23319  -15.845  -71.982  -46.386 0.6000000238
23320  -23.851  -72.391  -47.170 0.6000000238
23321  -24.811  -72.637  -46.984 0.6000000238
23328  -16.562  -72.132  -46.779 0.6000000238
23329  -17.312  -72.253  -47.117 0.6000000238
23332  -20.399  -72.190  -47.679 0.6000000238
23333  -23.283  -72.878  -48.242 0.6000000238
23334  -23.956  -72.916  -47.669 0.6000000238
23335  -25.636  -73.081  -47.273 0.5000000000
23340  -18.985  -72.888  -47.873 0.6000000238
23342  -20.874  -72.958  -48.402 0.6000000238
23348  -22.154  -73.271  -49.087 0.6000000238
24361  -8.503  -71.817  -26.630 0.6000000238
24362  -9.991  -72.171  -27.180 0.6999999881
24378  -9.186  -72.144  -27.534 0.6000000238
24379  -10.238  -72.379  -27.895 0.6999999881
24382  -12.896  -71.401  -27.838 0.6000000238
24397  -10.706  -72.079  -28.270 0.6999999881
24401  -14.474  -71.141  -28.874 0.6000000238
24407  -12.396  -71.258  -29.166 0.8000000119
24411  -15.691  -71.611  -30.071 0.6000000238
24412  -16.195  -71.129  -29.822 0.6000000238
24430  -14.503  -72.333  -30.989 0.6000000238
24431  -16.350  -71.537  -31.178 0.6999999881
24445  -12.496  -71.346  -32.494 0.6999999881
24447  -16.596  -71.534  -32.514 0.6000000238
24481  -11.414  -71.356  -35.600 0.6000000238
24496  -11.366  -71.724  -36.279 0.6000000238
24512  -10.601  -70.924  -37.127 0.6000000238
24545  -9.876  -71.771  -39.453 0.6000000238
24557  -9.445  -71.063  -40.888 0.6999999881
24587  -10.160  -70.218  -42.862 0.6999999881
24588  -10.523  -70.844  -43.072 0.6999999881
24606  -11.864  -71.762  -43.392 0.6000000238
24607  -13.071  -71.587  -44.052 0.6000000238
24609  -15.008  -71.617  -44.381 0.6000000238
24617  -11.508  -71.630  -44.072 0.6000000238
24618  -12.657  -71.639  -44.380 0.5000000000
24619  -13.688  -71.575  -44.391 0.6000000238
24620  -14.737  -71.337  -45.001 0.6000000238
24622  -16.541  -71.421  -45.272 0.5000000000
24623  -17.504  -71.386  -45.185 0.5000000000
24624  -18.377  -71.560  -44.987 0.5000000000
24626  -21.199  -71.868  -44.603 0.5000000000
24628  -22.944  -71.457  -43.735 0.5000000000
24636  -13.906  -71.472  -45.048 0.6000000238
24637  -14.521  -71.572  -45.573 0.6000000238
24641  -19.574  -71.125  -45.509 0.5000000000
24644  -22.507  -71.324  -45.055 0.5000000000
24645  -24.848  -71.333  -45.768 0.6000000238
24651  -15.119  -71.712  -46.036 0.6999999881
24653  -18.195  -70.956  -46.258 0.6000000238
24654  -22.692  -71.193  -46.972 0.6000000238
24656  -24.387  -71.969  -46.418 0.6000000238
24663  -17.926  -71.486  -46.758 0.6000000238
24665  -19.999  -71.241  -47.155 0.6000000238
24667  -21.756  -71.431  -47.478 0.6000000238
24668  -22.432  -71.748  -47.582 0.6000000238
24674  -21.125  -72.329  -47.918 0.6000000238
24676  -22.273  -72.336  -48.147 0.6000000238
24677  -22.826  -72.631  -48.362 0.6000000238
25647  -8.008  -71.091  -26.019 0.6000000238
25651  -11.950  -70.770  -26.540 0.6000000238
25664  -12.413  -71.319  -27.167 0.5000000000
25666  -14.404  -70.214  -27.537 0.6000000238
25679  -14.243  -70.841  -28.121 0.6000000238
25699  -12.658  -70.166  -30.732 0.8000000119
25709  -13.063  -71.081  -30.995 0.8000000119
25719  -12.399  -70.245  -32.395 0.6000000238
25741  -11.540  -69.877  -34.462 0.6000000238
25759  -11.272  -70.237  -35.270 0.6000000238
25872  -9.846  -69.764  -42.822 0.6000000238
25900  -18.916  -70.664  -45.969 0.5000000000
25903  -21.827  -70.584  -45.999 0.6000000238
25905  -23.599  -71.240  -45.369 0.6000000238
25907  -25.314  -70.543  -45.166 0.4000000060
25912  -18.839  -70.781  -46.166 0.5000000000
25914  -20.772  -70.412  -46.488 0.6000000238
25915  -21.406  -70.485  -46.498 0.6000000238
25917  -23.047  -71.193  -46.239 0.6000000238
25922  -19.574  -70.788  -46.553 0.6000000238
25924  -21.201  -70.677  -46.895 0.6000000238
26880  -8.451  -69.987  -25.963 0.6999999881
26883  -11.406  -69.980  -26.238 0.6999999881
26895  -14.766  -69.347  -27.495 0.6000000238
26911  -10.532  -70.448  -29.057 0.6000000238
26913  -15.273  -69.818  -27.893 0.6000000238
26914  -15.877  -69.329  -28.063 0.6000000238
26915  -16.247  -69.449  -28.528 0.6000000238
26933  -12.311  -68.935  -30.669 0.6999999881
26934  -16.583  -69.820  -29.786 0.6000000238
26943  -12.284  -67.926  -31.098 0.6000000238
26944  -16.634  -70.036  -30.715 0.6000000238
26955  -16.594  -69.928  -32.564 0.5000000000
26968  -11.628  -68.856  -33.441 0.6000000238
26988  -11.337  -68.924  -34.074 0.6000000238
27027  -9.249  -68.282  -36.117 0.6000000238
28102  -8.715  -68.916  -26.311 0.6999999881
28104  -10.391  -68.527  -26.332 0.8000000119
28105  -11.126  -68.289  -26.403 0.6999999881
28107  -13.451  -68.728  -26.817 0.5000000000
28119  -15.005  -68.523  -27.640 0.6000000238
28131  -16.522  -69.035  -29.118 0.5000000000
28145  -11.083  -68.018  -29.408 0.5000000000
28147  -16.639  -69.016  -29.969 0.5000000000
29263  -6.640  -67.178  -26.907 0.6999999881
29266  -9.840  -67.232  -26.744 0.8000000119
29267  -10.582  -67.678  -26.499 0.8000000119
29269  -12.279  -67.630  -26.630 0.6000000238
29280  -7.097  -67.090  -27.380 0.6999999881
29281  -7.833  -67.514  -27.323 0.6999999881
29283  -12.855  -67.056  -26.918 0.6000000238
29286  -15.320  -67.719  -27.839 0.6000000238
29302  -16.054  -67.848  -28.200 0.5000000000
29303  -16.223  -67.299  -28.662 0.6000000238
29332  -12.040  -66.547  -30.411 0.5000000000
29333  -12.268  -66.994  -30.703 0.5000000000
29334  -16.608  -67.592  -30.391 0.5000000000
29349  -16.608  -67.826  -31.235 0.5000000000
30422  -7.826  -66.493  -24.002 0.5000000000
30471  -6.640  -66.569  -27.220 0.6999999881
30473  -8.040  -66.674  -27.417 0.6999999881
30474  -9.224  -66.540  -27.147 0.8000000119
30477  -13.488  -66.514  -27.400 0.5000000000
30507  -16.428  -66.205  -29.469 0.6000000238
31587  -6.433  -65.879  -26.405 0.6999999881
31588  -6.642  -65.136  -26.069 0.6999999881
31611  -12.351  -65.605  -27.282 0.6000000238
31629  -14.635  -65.305  -28.080 0.6000000238
31630  -15.382  -65.241  -28.361 0.6000000238
31659  -16.454  -65.489  -31.128 0.5000000000
32712  -8.117  -64.689  -24.894 0.6999999881
32744  -6.828  -64.592  -27.512 0.5000000000
32745  -7.286  -64.928  -27.658 0.6000000238
32748  -10.652  -64.177  -27.630 0.5000000000
32761  -9.017  -64.311  -27.718 0.5000000000
32762  -12.160  -64.181  -27.774 0.6000000238
32765  -15.759  -64.493  -28.537 0.6000000238
32779  -16.471  -64.106  -30.689 0.4000000060
32785  -16.383  -64.622  -31.508 0.5000000000
32796  -16.018  -64.632  -32.315 0.4000000060
33927  -9.808  -63.764  -27.887 0.6000000238
33931  -14.625  -63.331  -28.197 0.5000000000
33933  -16.014  -63.765  -28.719 0.5000000000
33941  -7.176  -62.808  -29.285 0.4000000060
33945  -16.022  -63.003  -28.897 0.4000000060
33952  -16.566  -63.405  -30.038 0.4000000060
33957  -16.137  -63.454  -31.913 0.4000000060
33958  -16.509  -63.358  -30.978 0.4000000060
35037  -8.809  -62.058  -24.886 0.5000000000
35082  -6.920  -61.709  -27.488 0.4000000060
35091  -6.164  -61.754  -29.264 0.4000000060
35092  -6.586  -62.634  -28.525 0.5000000000
35095  -12.969  -62.755  -28.113 0.5000000000
35107  -6.572  -62.381  -29.322 0.5000000000
35109  -8.641  -62.672  -30.241 0.4000000060
35111  -10.507  -62.449  -29.840 0.4000000060
35113  -12.939  -62.056  -28.564 0.5000000000
35114  -15.064  -61.895  -28.777 0.4000000060
35115  -15.886  -62.183  -29.070 0.4000000060
35143  -7.499  -62.062  -31.932 0.5000000000
35144  -7.944  -62.402  -32.247 0.5000000000
35145  -8.790  -62.528  -32.086 0.4000000060
35146  -9.568  -62.399  -31.964 0.4000000060
35159  -7.902  -62.126  -32.741 0.5000000000
35172  -15.242  -62.650  -33.065 0.4000000060
36245  -8.567  -61.405  -25.354 0.5000000000
36260  -8.261  -61.363  -26.101 0.5000000000
36273  -6.988  -60.866  -27.336 0.4000000060
36280  -5.911  -61.272  -28.734 0.4000000060
36289  -5.815  -61.051  -29.119 0.4000000060
36293  -16.281  -61.713  -29.682 0.4000000060
36304  -6.653  -61.603  -30.460 0.5000000000
36307  -16.539  -61.982  -30.078 0.4000000060
36319  -7.153  -61.570  -31.293 0.6000000238
36333  -8.316  -62.105  -33.052 0.5000000000
36334  -15.746  -62.003  -32.736 0.4000000060
36344  -15.831  -61.256  -33.168 0.3000000119
37422  -6.617  -60.119  -26.952 0.4000000060
37458  -7.851  -60.209  -30.148 0.5000000000
37459  -14.384  -60.621  -29.568 0.4000000060
37461  -16.144  -60.795  -29.975 0.4000000060
37474  -7.112  -60.867  -30.955 0.5000000000
37476  -11.898  -61.002  -31.117 0.5000000000
37499  -12.138  -60.407  -31.555 0.4000000060
37500  -16.546  -60.053  -31.206 0.4000000060
37508  -8.068  -61.598  -32.846 0.5000000000
37510  -9.805  -61.310  -32.896 0.5000000000
38627  -6.261  -59.457  -28.658 0.4000000060
38629  -8.948  -59.459  -28.447 0.4000000060
38637  -5.909  -60.009  -28.880 0.4000000060
39792  -5.857  -58.867  -27.022 0.4000000060
39794  -6.837  -58.263  -27.755 0.3000000119
39799  -5.890  -59.122  -27.598 0.4000000060
39830  -8.517  -56.452  -31.141 0.4000000060
39842  -7.578  -58.660  -32.879 0.4000000060
39864  -9.868  -58.380  -35.443 0.3000000119
40923  -6.077  -58.184  -26.664 0.4000000060
40939  -9.228  -57.739  -28.973 0.4000000060
40949  -9.640  -57.013  -29.957 0.4000000060
40951  -11.881  -57.455  -30.286 0.3000000119
42046  -7.911  -56.773  -27.354 0.3000000119
42048  -10.067  -56.440  -27.576 0.5000000000
42049  -10.497  -55.799  -27.415 0.5000000000
42064  -11.084  -56.810  -29.802 0.4000000060
42090  -7.692  -56.401  -31.952 0.3000000119
42102  -7.925  -56.917  -32.818 0.4000000060
43235  -9.906  -55.475  -28.917 0.5000000000
43246  -10.041  -55.331  -29.324 0.4000000060
43247  -11.559  -56.258  -29.503 0.3000000119
44430  -9.640  -55.185  -26.566 0.5000000000
44477  -10.295  -54.063  -29.416 0.4000000060
45640  -9.100  -53.885  -25.722 0.3000000119
45642  -10.890  -53.548  -26.719 0.4000000060
45666  -10.080  -53.990  -28.946 0.4000000060
45707  -10.416  -54.187  -29.552 0.4000000060
46881  -10.786  -52.632  -25.728 0.4000000060
46893  -11.617  -52.667  -26.438 0.3000000119
46921  -10.278  -53.386  -29.261 0.5000000000
46946  -10.973  -52.362  -29.504 0.3000000119
150502  -15.905  -71.542  -45.891 0.6000000238
150598  -17.959  -77.069  -46.211 0.5000000000
150713  -17.317  -81.433  -47.187 0.6000000238
151406  -27.873  -81.521  -39.641 0.3000000119
151791  -16.628  -70.191  -31.668 0.6000000238
151996  -10.921  -52.987  -29.590 0.3000000119
152014  -10.606  -53.215  -27.966 0.5000000000
152175  -16.582  -71.146  -31.768 0.6999999881
152242  -26.137  -88.419  -47.505 0.5000000000
153104  -12.193  -71.523  -44.018 0.6000000238
153207  -18.212  -86.714  -45.529 0.5000000000
153633  -9.703  -71.160  -38.943 0.6000000238
153687  -20.495  -85.632  -42.544 0.5000000000
153708  -16.584  -70.414  -33.028 0.5000000000
153976  -10.198  -71.048  -38.059 0.6999999881
155062  -16.455  -76.389  -50.916 0.6000000238
155187  -28.812  -89.715  -35.185 0.4000000060
155675  -18.084  -77.079  -51.143 0.5000000000
155754  -23.938  -84.598  -38.022 0.4000000060
156090  -13.562  -70.339  -26.954 0.6999999881
156186  -26.966  -85.547  -35.387 0.3000000119
156191  -26.834  -84.341  -43.568 0.5000000000
156324  -6.525  -67.119  -26.353 0.6000000238
156392  -18.744  -71.804  -47.194 0.6000000238
157400  -13.280  -75.106  -34.975 0.8000000119
157431  -15.217  -77.514  -48.264 0.6999999881
157769  -9.298  -70.195  -39.315 0.6000000238
157998  -19.225  -88.363  -44.196 0.3000000119
158162  -24.799  -93.788  -35.130 0.3000000119
158519  -25.927  -87.054  -45.900 0.5000000000
158781  -12.931  -78.876  -46.212 0.6999999881
159366  -24.868  -87.465  -46.548 0.5000000000
159563  -9.001  -69.047  -40.764 0.5000000000
159713  -12.030  -65.008  -27.470 0.6000000238
159961  -25.905  -82.752  -41.558 0.4000000060
160497  -18.588  -77.439  -44.955 0.6000000238
160504  -16.494  -81.281  -51.180 0.5000000000
160768  -21.618  -81.613  -44.641 0.6000000238
161157  -20.538  -82.493  -52.575 0.6000000238
161272  -20.806  -76.284  -48.188 0.6000000238
161590  -22.605  -85.634  -41.608 0.4000000060
161769  -15.316  -80.967  -39.865 0.6999999881
161785  -11.383  -68.840  -29.552 0.6000000238
161798  -18.126  -70.972  -45.711 0.5000000000
162151  -16.475  -60.769  -30.628 0.4000000060
162417  -21.938  -85.944  -44.788 0.5000000000
162595  -23.619  -86.957  -47.369 0.5000000000
162818  -18.834  -77.269  -45.497 0.6000000238
163023  -24.075  -70.917  -44.481 0.5000000000
163694  -23.484  -83.813  -39.989 0.4000000060
163721  -16.064  -77.308  -48.402 0.6999999881
163846  -12.407  -69.931  -30.226 0.6999999881
164421  -18.082  -86.691  -48.762 0.5000000000
164608  -13.371  -75.757  -38.728 0.6999999881
165052  -16.648  -72.174  -34.158 0.6000000238
165128  -15.032  -82.000  -39.967 0.6999999881
165467  -20.286  -76.520  -47.939 0.6000000238
166133  -13.561  -61.108  -29.316 0.4000000060
166178  -12.554  -72.454  -45.459 0.5000000000
166889  -7.753  -68.586  -26.746 0.6000000238
167032  -22.160  -73.848  -49.291 0.6000000238
167580  -20.819  -75.945  -48.925 0.6000000238
167669  -13.284  -71.991  -43.573 0.6000000238
168395  -17.543  -81.445  -46.302 0.6000000238
168453  -20.771  -90.343  -46.687 0.4000000060
168512  -22.590  -85.992  -47.986 0.5000000000
168532  -22.019  -74.187  -49.313 0.6000000238
168602  -10.883  -73.891  -44.214 0.6000000238
169385  -20.133  -86.956  -41.245 0.4000000060
169635  -9.300  -65.133  -27.407 0.6000000238
169714  -23.906  -89.004  -40.259 0.3000000119
170056  -8.963  -62.585  -31.133 0.4000000060
171073  -24.218  -93.487  -36.097 0.3000000119
171095  -12.659  -60.080  -31.213 0.4000000060
171953  -16.122  -73.216  -32.647 0.6000000238
172221  -11.847  -77.268  -50.693 0.6000000238
172393  -11.324  -63.890  -27.815 0.5000000000
172630  -13.680  -78.969  -44.274 0.6999999881
173140  -16.096  -83.525  -51.816 0.4000000060
173298  -20.886  -81.608  -45.117 0.6000000238
173332  -15.788  -71.196  -29.462 0.6000000238
173462  -17.511  -77.745  -44.179 0.6000000238
173494  -18.485  -74.699  -40.402 0.5000000000
173791  -30.379  -92.252  -33.161 0.3000000119
174034  -10.658  -80.092  -45.851 0.6000000238
174217  -9.379  -69.190  -29.185 0.5000000000
174248  -27.795  -88.905  -36.239 0.4000000060
174271  -16.616  -81.496  -51.896 0.5000000000
174278  -19.492  -70.592  -46.165 0.6000000238
174548  -11.627  -73.860  -38.598 0.6999999881
174654  -13.299  -75.676  -38.029 0.6999999881
174741  -23.083  -86.213  -45.020 0.5000000000
174760  -20.212  -71.871  -44.801 0.5000000000
174920  -26.188  -94.108  -33.288 0.3000000119
174922  -12.823  -83.827  -48.180 0.4000000060
174971  -16.183  -82.068  -46.746 0.5000000000
174980  -15.385  -63.870  -28.374 0.6000000238
175376  -17.191  -74.919  -38.013 0.6000000238
175436  -11.719  -71.177  -29.128 0.6999999881
175569  -18.941  -88.398  -46.986 0.4000000060
175605  -19.567  -77.839  -41.171 0.5000000000
175794  -21.269  -76.592  -47.778 0.5000000000
175977  -13.297  -73.637  -46.504 0.6000000238
175980  -21.747  -85.637  -42.056 0.6000000238
176590  -8.158  -61.897  -26.412 0.5000000000
176641  -23.408  -83.092  -51.717 0.5000000000
176905  -21.101  -82.474  -52.941 0.6000000238
176972  -16.639  -71.305  -45.837 0.5000000000
176980  -17.173  -81.077  -39.557 0.6000000238
177026  -5.844  -60.729  -28.390 0.4000000060
177049  -10.169  -72.155  -28.229 0.6000000238
177277  -13.103  -70.960  -27.108 0.5000000000
177581  -6.777  -62.620  -27.457 0.4000000060
177773  -19.272  -75.857  -50.500 0.5000000000
177936  -18.565  -74.543  -49.524 0.5000000000
178147  -19.604  -81.336  -49.774 0.5000000000
178220  -29.488  -92.628  -33.796 0.3000000119
178279  -27.045  -85.362  -44.454 0.5000000000
178402  -8.910  -62.470  -32.496 0.5000000000
178428  -13.182  -73.471  -42.597 0.6000000238
178509  -11.290  -77.614  -50.956 0.6000000238
178564  -20.288  -81.618  -46.068 0.6000000238
178723  -16.134  -77.023  -51.318 0.6000000238
178766  -13.865  -71.262  -29.133 0.6000000238
178985  -14.458  -71.698  -44.143 0.6000000238
179150  -7.894  -71.674  -28.510 0.5000000000
179398  -18.624  -84.990  -45.034 0.6000000238
179418  -16.003  -71.811  -30.686 0.6999999881
179691  -7.023  -59.456  -28.952 0.4000000060
180055  -21.706  -85.588  -42.887 0.6000000238
180144  -16.577  -69.241  -32.786 0.5000000000
180349  -14.137  -77.385  -51.026 0.6999999881
180442  -6.660  -66.174  -27.344 0.6999999881
180491  -18.071  -86.209  -45.738 0.5000000000
180535  -16.809  -82.497  -41.819 0.6999999881
180666  -14.982  -82.890  -46.594 0.5000000000
180753  -23.964  -83.573  -42.583 0.4000000060
180785  -18.332  -86.658  -44.880 0.5000000000
180831  -11.200  -54.357  -29.877 0.4000000060
181143  -19.400  -87.643  -42.711 0.3000000119
181258  -9.540  -65.831  -27.189 0.8000000119
181370  -18.305  -78.470  -40.663 0.5000000000
181426  -12.608  -72.243  -32.533 0.6999999881
181562  -23.601  -84.460  -39.590 0.4000000060
181649  -17.727  -87.579  -35.788 0.3000000119
181779  -22.883  -73.105  -49.110 0.6000000238
