#!ascii label  , from subject sub-v1s10x0051056_ses-1 vox2ras=TkReg
1940
44504  -49.672  -20.106  13.537 0.0000000000
36488  -39.485  -30.045  21.513 0.0000000000
44634  -52.286  -20.537  0.727 0.0000000000
35813  -42.848  -31.470  4.719 0.0000000000
37600  -54.163  -28.439  8.359 0.0000000000
107654  -49.913  -24.332  20.966 0.0000000000
32322  -48.375  -34.296  16.218 0.0000000000
38597  -41.947  -27.500  9.683 0.0000000000
30504  -34.465  -36.867  24.138 0.0000000000
49723  -54.704  -14.215  0.055 0.0000000000
32299  -41.285  -33.366  17.045 0.0000000000
39561  -48.619  -26.511  7.295 0.0000000000
34984  -48.527  -31.640  6.929 0.0000000000
39541  -53.437  -26.290  10.108 0.0000000000
43537  -46.401  -21.138  18.189 0.0000000000
40256  -48.465  -25.652  14.478 0.0000000000
41933  -46.538  -23.108  9.932 0.0000000000
37621  -41.278  -28.016  5.484 0.0000000000
53510  -55.859  -9.937  -1.109 0.0000000000
33072  -37.803  -33.970  24.104 0.0000000000
32221  -37.565  -34.078  20.317 0.0000000000
33109  -42.829  -33.790  21.868 0.0000000000
41988  -51.919  -22.952  6.202 0.0000000000
38430  -44.429  -27.421  20.121 0.0000000000
122432  -47.129  -30.815  21.294 0.0000000000
36545  -51.681  -29.417  16.901 0.0000000000
35700  -44.347  -30.367  13.575 0.0000000000
30483  -30.031  -36.534  24.135 0.0000000000
43636  -59.447  -21.822  8.702 0.0000000000
43712  -59.008  -22.124  4.507 0.0000000000
48184  -58.687  -16.535  1.675 0.0000000000
106720  -57.584  -22.109  1.113 0.0000000000
44683  -58.678  -20.772  -1.974 0.0000000000
31419  -32.912  -35.307  18.622 0.0000000000
32239  -46.780  -34.252  18.808 0.0000000000
42787  -50.001  -22.289  9.335 0.0000000000
39549  -50.719  -26.780  8.321 0.0000000000
42762  -52.098  -22.260  10.922 0.0000000000
125262  -47.324  -19.466  16.139 0.0000000000
43567  -46.249  -21.817  14.772 0.0000000000
43604  -47.590  -21.015  11.399 0.0000000000
41974  -46.953  -23.429  7.641 0.0000000000
105216  -50.780  -19.847  -3.010 0.0000000000
44666  -53.793  -20.597  -1.941 0.0000000000
33980  -38.361  -31.751  22.798 0.0000000000
32170  -40.446  -34.153  24.074 0.0000000000
33983  -41.351  -32.385  23.519 0.0000000000
36712  -44.422  -29.155  3.115 0.0000000000
35775  -51.223  -30.594  7.166 0.0000000000
36686  -49.220  -30.350  4.313 0.0000000000
38648  -51.097  -27.411  5.965 0.0000000000
41144  -49.806  -24.480  4.691 0.0000000000
40350  -53.284  -25.488  7.167 0.0000000000
39393  -47.332  -26.373  20.679 0.0000000000
38491  -47.561  -27.789  17.573 0.0000000000
39413  -51.405  -26.210  18.812 0.0000000000
38583  -45.123  -27.012  12.236 0.0000000000
37542  -46.431  -28.477  13.957 0.0000000000
37547  -42.769  -28.979  12.178 0.0000000000
35792  -41.952  -31.688  5.919 0.0000000000
43685  -59.429  -21.170  6.736 0.0000000000
45549  -57.041  -19.309  1.877 0.0000000000
46474  -55.221  -18.347  0.277 0.0000000000
44667  -57.555  -20.981  -0.775 0.0000000000
48217  -53.779  -16.258  -2.212 0.0000000000
49766  -58.227  -14.869  -3.514 0.0000000000
30486  -32.444  -36.916  24.386 0.0000000000
30521  -30.875  -36.288  21.381 0.0000000000
31381  -33.348  -36.174  21.118 0.0000000000
34014  -39.287  -32.644  18.835 0.0000000000
34028  -36.959  -32.545  17.299 0.0000000000
33158  -39.073  -33.360  16.129 0.0000000000
116650  -49.592  -32.610  18.296 0.0000000000
34023  -47.419  -32.169  20.070 0.0000000000
30552  -48.286  -35.906  18.330 0.0000000000
36641  -44.694  -31.136  7.256 0.0000000000
106194  -44.944  -31.489  5.386 0.0000000000
36625  -48.169  -30.323  8.658 0.0000000000
36611  -51.227  -30.500  9.714 0.0000000000
36602  -54.220  -30.342  10.595 0.0000000000
42666  -48.692  -22.983  20.392 0.0000000000
41019  -49.764  -25.004  17.531 0.0000000000
41842  -47.080  -24.147  16.495 0.0000000000
113339  -46.977  -24.779  12.382 0.0000000000
39538  -44.009  -25.675  9.789 0.0000000000
39558  -41.395  -26.603  7.291 0.0000000000
40345  -44.125  -25.216  6.970 0.0000000000
116991  -45.342  -26.917  6.395 0.0000000000
52000  -54.431  -11.288  0.288 0.0000000000
53448  -57.008  -9.533  4.014 0.0000000000
30489  -35.845  -36.055  24.645 0.0000000000
31384  -36.131  -35.629  21.996 0.0000000000
31368  -38.772  -35.436  22.955 0.0000000000
33106  -40.235  -34.083  21.197 0.0000000000
34017  -42.068  -32.458  18.965 0.0000000000
36699  -47.882  -30.741  2.573 0.0000000000
42853  -49.235  -22.300  3.000 0.0000000000
43719  -51.821  -21.086  3.410 0.0000000000
37455  -41.283  -28.724  20.872 0.0000000000
117719  -42.652  -30.502  20.691 0.0000000000
36522  -44.273  -29.021  18.099 0.0000000000
36526  -49.075  -30.018  18.331 0.0000000000
34067  -50.108  -32.601  15.816 0.0000000000
38531  -51.046  -27.402  15.836 0.0000000000
35694  -47.879  -30.382  14.926 0.0000000000
34074  -45.605  -32.784  14.453 0.0000000000
45376  -51.722  -18.722  16.570 0.0000000000
36470  -41.108  -29.060  23.891 0.0000000000
39350  -45.465  -26.112  23.430 0.0000000000
40954  -47.273  -23.983  22.784 0.0000000000
43594  -53.802  -22.270  13.543 0.0000000000
41069  -55.724  -24.435  12.662 0.0000000000
39516  -56.825  -26.242  11.160 0.0000000000
113298  -57.307  -21.348  9.962 0.0000000000
40327  -56.813  -25.908  8.901 0.0000000000
41963  -56.004  -23.154  8.370 0.0000000000
115318  -55.131  -21.412  5.650 0.0000000000
43723  -55.597  -22.298  3.590 0.0000000000
45534  -60.729  -19.533  2.996 0.0000000000
42868  -58.052  -23.252  3.000 0.0000000000
118504  -55.315  -22.459  0.821 0.0000000000
106223  -56.427  -22.853  -0.847 0.0000000000
49763  -55.157  -14.424  -3.419 0.0000000000
31378  -29.051  -35.672  21.566 0.0000000000
32292  -31.693  -34.984  16.316 0.0000000000
32254  -34.835  -34.141  18.813 0.0000000000
33144  -34.009  -33.624  16.677 0.0000000000
33970  -45.081  -31.970  23.075 0.0000000000
34020  -44.824  -32.512  19.289 0.0000000000
32280  -44.151  -33.693  17.996 0.0000000000
30540  -45.495  -36.756  20.435 0.0000000000
43606  -49.924  -20.958  11.077 0.0000000000
42772  -50.673  -22.062  10.001 0.0000000000
43591  -51.181  -20.963  11.914 0.0000000000
45388  -48.543  -19.426  15.533 0.0000000000
44484  -47.585  -20.339  14.432 0.0000000000
44516  -48.264  -20.431  12.639 0.0000000000
43632  -48.840  -21.334  9.932 0.0000000000
111783  -50.898  -20.510  0.811 0.0000000000
113033  -51.960  -20.071  -0.875 0.0000000000
44679  -52.491  -19.971  -2.541 0.0000000000
108129  -52.769  -20.300  -0.713 0.0000000000
34781  -38.927  -31.235  22.239 0.0000000000
33982  -40.340  -32.333  23.188 0.0000000000
34805  -40.203  -30.947  21.494 0.0000000000
36711  -42.232  -29.265  2.857 0.0000000000
36697  -43.339  -29.828  3.612 0.0000000000
36646  -52.955  -29.644  8.096 0.0000000000
37612  -51.481  -29.074  6.555 0.0000000000
114978  -52.381  -28.060  6.934 0.0000000000
39576  -51.795  -26.549  6.326 0.0000000000
38623  -53.236  -27.116  7.301 0.0000000000
39381  -49.293  -25.511  21.246 0.0000000000
39411  -49.025  -26.522  19.743 0.0000000000
40210  -50.879  -25.674  19.996 0.0000000000
38590  -43.156  -27.423  10.961 0.0000000000
38571  -44.050  -27.942  12.328 0.0000000000
37561  -42.055  -28.261  10.888 0.0000000000
36600  -40.987  -29.351  10.812 0.0000000000
105992  -41.850  -31.935  5.342 0.0000000000
111205  -40.601  -31.498  4.464 0.0000000000
36695  -41.806  -30.161  3.465 0.0000000000
48203  -56.430  -16.165  0.501 0.0000000000
48988  -55.021  -15.707  -0.103 0.0000000000
47355  -54.255  -17.577  -0.933 0.0000000000
49743  -53.703  -14.892  -1.341 0.0000000000
29622  -33.183  -36.854  24.532 0.0000000000
30514  -32.638  -36.831  22.487 0.0000000000
30525  -34.078  -36.623  22.627 0.0000000000
34045  -40.414  -32.387  17.558 0.0000000000
34043  -38.719  -32.308  17.100 0.0000000000
33159  -39.935  -33.247  16.473 0.0000000000
32297  -39.638  -34.127  16.425 0.0000000000
32276  -40.677  -34.802  17.254 0.0000000000
32282  -49.576  -33.832  16.947 0.0000000000
32260  -48.876  -34.352  17.976 0.0000000000
31436  -48.488  -35.421  17.371 0.0000000000
38621  -47.029  -27.980  7.218 0.0000000000
36643  -46.534  -29.972  7.928 0.0000000000
37597  -47.885  -28.187  7.632 0.0000000000
108335  -52.154  -26.119  9.070 0.0000000000
37584  -51.076  -28.433  9.003 0.0000000000
122165  -52.001  -28.287  9.551 0.0000000000
36612  -52.708  -30.487  10.391 0.0000000000
38592  -53.557  -27.998  10.522 0.0000000000
43538  -46.920  -21.895  19.052 0.0000000000
41816  -47.934  -23.501  18.647 0.0000000000
42689  -46.381  -22.401  17.256 0.0000000000
42761  -46.617  -22.463  11.672 0.0000000000
119591  -46.350  -23.078  13.493 0.0000000000
41916  -46.576  -23.500  11.496 0.0000000000
40296  -45.534  -25.036  10.633 0.0000000000
40311  -45.106  -24.681  9.603 0.0000000000
40323  -44.162  -24.880  8.268 0.0000000000
41105  -45.361  -24.079  7.987 0.0000000000
41122  -47.904  -24.523  7.052 0.0000000000
40347  -46.161  -25.316  6.623 0.0000000000
38632  -46.467  -27.343  6.749 0.0000000000
37610  -45.462  -28.592  6.834 0.0000000000
32168  -37.496  -34.834  24.362 0.0000000000
31348  -37.357  -35.560  24.061 0.0000000000
31330  -38.166  -34.971  24.255 0.0000000000
32191  -41.794  -34.359  23.564 0.0000000000
32205  -40.592  -34.724  22.376 0.0000000000
33108  -41.924  -34.027  21.747 0.0000000000
33128  -40.634  -33.124  19.913 0.0000000000
33121  -42.242  -33.365  20.786 0.0000000000
34982  -46.792  -32.392  6.879 0.0000000000
35816  -47.053  -30.486  4.619 0.0000000000
35817  -48.084  -30.658  4.421 0.0000000000
38651  -48.587  -28.513  4.079 0.0000000000
37639  -48.823  -30.315  2.386 0.0000000000
38658  -47.207  -27.660  2.486 0.0000000000
41140  -50.910  -24.310  5.504 0.0000000000
41149  -49.279  -23.833  4.103 0.0000000000
42845  -50.386  -22.259  4.399 0.0000000000
43718  -50.575  -21.585  3.831 0.0000000000
43696  -51.625  -21.548  4.923 0.0000000000
37466  -43.011  -28.085  20.818 0.0000000000
37472  -42.298  -28.993  19.488 0.0000000000
38462  -43.731  -28.145  18.714 0.0000000000
38493  -49.976  -28.175  17.578 0.0000000000
36542  -48.357  -29.228  17.632 0.0000000000
36543  -49.999  -29.827  17.760 0.0000000000
118288  -51.027  -31.842  17.365 0.0000000000
35685  -51.499  -30.680  16.488 0.0000000000
40243  -48.853  -25.582  15.404 0.0000000000
114186  -50.354  -26.230  16.357 0.0000000000
39474  -49.573  -26.636  15.082 0.0000000000
36582  -45.239  -29.318  13.847 0.0000000000
106202  -47.697  -28.821  14.546 0.0000000000
35692  -45.813  -30.547  14.359 0.0000000000
34882  -47.578  -31.396  14.893 0.0000000000
39581  -41.063  -26.791  6.145 0.0000000000
40186  -46.824  -25.498  22.397 0.0000000000
123265  -47.736  -20.866  21.880 0.0000000000
44489  -52.852  -20.648  14.854 0.0000000000
44507  -55.358  -21.430  14.175 0.0000000000
42752  -55.855  -22.902  13.496 0.0000000000
39514  -56.069  -26.375  11.872 0.0000000000
42765  -56.325  -23.441  11.654 0.0000000000
43634  -58.473  -21.635  9.533 0.0000000000
41938  -58.629  -23.944  10.049 0.0000000000
105773  -58.907  -24.038  9.051 0.0000000000
41109  -56.255  -24.057  8.442 0.0000000000
42807  -59.095  -22.849  8.597 0.0000000000
43701  -59.366  -21.329  5.534 0.0000000000
43684  -57.682  -21.395  6.468 0.0000000000
43699  -57.195  -21.541  5.530 0.0000000000
43709  -54.794  -21.650  4.174 0.0000000000
42846  -56.575  -22.662  3.786 0.0000000000
46433  -59.898  -17.984  2.036 0.0000000000
44623  -56.468  -20.404  1.506 0.0000000000
44612  -57.654  -21.221  2.416 0.0000000000
43749  -57.808  -22.844  1.808 0.0000000000
42875  -56.880  -23.780  1.819 0.0000000000
42015  -57.222  -23.679  1.346 0.0000000000
42899  -55.769  -22.527  -0.387 0.0000000000
42025  -57.506  -23.572  0.383 0.0000000000
44682  -57.996  -20.676  -1.581 0.0000000000
42911  -58.936  -23.311  -0.941 0.0000000000
43788  -59.420  -22.634  -1.386 0.0000000000
52762  -54.733  -10.385  -0.433 0.0000000000
51229  -53.757  -12.564  -2.295 0.0000000000
51231  -55.191  -12.130  -2.686 0.0000000000
106016  -32.087  -36.054  19.752 0.0000000000
31393  -30.462  -35.921  20.308 0.0000000000
31418  -31.657  -35.649  18.443 0.0000000000
32272  -31.434  -35.247  17.049 0.0000000000
32273  -32.331  -34.890  16.877 0.0000000000
32220  -36.324  -34.650  20.731 0.0000000000
32219  -35.527  -34.735  20.385 0.0000000000
32235  -36.144  -34.135  19.764 0.0000000000
33156  -35.407  -32.909  16.664 0.0000000000
31464  -36.491  -34.889  14.965 0.0000000000
35610  -44.717  -30.444  20.714 0.0000000000
34808  -44.311  -31.131  22.548 0.0000000000
34787  -45.980  -31.013  22.395 0.0000000000
112707  -47.433  -33.720  18.935 0.0000000000
34021  -45.874  -32.604  19.723 0.0000000000
34036  -45.371  -32.726  18.756 0.0000000000
34035  -44.324  -32.594  18.531 0.0000000000
32257  -45.003  -34.116  18.422 0.0000000000
31406  -43.601  -36.037  19.598 0.0000000000
41124  -49.561  -24.394  7.702 0.0000000000
39562  -49.400  -26.317  7.561 0.0000000000
41107  -50.702  -24.329  8.388 0.0000000000
41096  -51.944  -24.243  9.311 0.0000000000
41948  -52.537  -24.126  9.875 0.0000000000
45371  -46.495  -19.996  17.088 0.0000000000
43555  -46.278  -21.562  16.590 0.0000000000
44471  -46.788  -20.424  15.587 0.0000000000
43578  -46.853  -21.290  13.072 0.0000000000
42770  -46.934  -22.033  10.852 0.0000000000
117434  -46.730  -23.083  8.325 0.0000000000
42784  -47.444  -21.990  9.358 0.0000000000
122204  -48.215  -22.978  7.907 0.0000000000
44681  -54.345  -20.800  -2.589 0.0000000000
33962  -37.699  -32.873  23.589 0.0000000000
33073  -39.029  -34.319  24.125 0.0000000000
33082  -39.507  -33.715  23.974 0.0000000000
33965  -41.174  -33.146  24.068 0.0000000000
33967  -43.019  -32.821  23.953 0.0000000000
34986  -50.035  -31.243  6.964 0.0000000000
35796  -49.263  -30.716  5.016 0.0000000000
36671  -50.391  -30.078  5.813 0.0000000000
37624  -50.071  -29.151  5.470 0.0000000000
39590  -49.484  -27.236  5.015 0.0000000000
40356  -48.930  -25.854  4.433 0.0000000000
40352  -50.056  -26.405  5.241 0.0000000000
40354  -51.187  -25.155  5.723 0.0000000000
41136  -52.578  -24.532  6.686 0.0000000000
39392  -46.031  -26.686  20.433 0.0000000000
38448  -45.109  -27.298  18.624 0.0000000000
39410  -47.697  -26.546  19.669 0.0000000000
38468  -49.585  -27.535  17.947 0.0000000000
38494  -51.424  -27.779  17.493 0.0000000000
39500  -47.091  -26.366  12.961 0.0000000000
38560  -47.682  -27.331  13.725 0.0000000000
38572  -45.571  -27.419  12.833 0.0000000000
37540  -44.758  -28.646  13.331 0.0000000000
36580  -43.788  -29.908  13.231 0.0000000000
34899  -42.509  -31.183  12.559 0.0000000000
35711  -41.553  -30.340  11.686 0.0000000000
36667  -41.508  -29.314  5.545 0.0000000000
34997  -40.146  -31.600  5.173 0.0000000000
115491  -60.050  -19.980  8.178 0.0000000000
43650  -59.743  -21.262  8.004 0.0000000000
44576  -60.498  -20.154  7.357 0.0000000000
43687  -60.515  -20.716  5.869 0.0000000000
43714  -60.467  -21.243  4.547 0.0000000000
122310  -57.448  -15.832  0.947 0.0000000000
47330  -58.785  -17.102  1.348 0.0000000000
123341  -57.731  -16.642  0.860 0.0000000000
46452  -56.306  -18.421  1.175 0.0000000000
45558  -55.909  -19.914  0.932 0.0000000000
44637  -57.459  -21.485  0.288 0.0000000000
44650  -56.039  -19.883  -0.545 0.0000000000
46486  -55.839  -19.082  -1.838 0.0000000000
46490  -56.354  -18.683  -2.568 0.0000000000
53511  -56.568  -9.909  -1.002 0.0000000000
108894  -56.826  -12.221  -2.762 0.0000000000
106614  -58.234  -12.410  -2.444 0.0000000000
30484  -30.956  -36.893  24.383 0.0000000000
30511  -30.318  -36.346  22.436 0.0000000000
105687  -31.862  -36.941  22.921 0.0000000000
30523  -32.476  -36.490  21.405 0.0000000000
31404  -32.983  -35.682  19.554 0.0000000000
33125  -37.989  -33.359  19.495 0.0000000000
105415  -37.215  -33.196  18.945 0.0000000000
34029  -37.889  -32.395  17.440 0.0000000000
34055  -37.499  -32.479  16.666 0.0000000000
33169  -37.340  -33.318  15.352 0.0000000000
31465  -37.374  -34.715  15.451 0.0000000000
32295  -38.138  -34.552  15.812 0.0000000000
35614  -48.220  -31.179  19.980 0.0000000000
33993  -47.206  -31.523  20.908 0.0000000000
106942  -48.151  -32.282  19.577 0.0000000000
32240  -48.120  -34.158  18.937 0.0000000000
31409  -47.741  -35.932  19.088 0.0000000000
34979  -43.582  -32.108  6.205 0.0000000000
122148  -44.008  -31.729  5.310 0.0000000000
34960  -44.927  -32.160  7.055 0.0000000000
34140  -46.263  -32.649  7.232 0.0000000000
34128  -47.748  -32.762  7.982 0.0000000000
38608  -49.670  -27.950  8.208 0.0000000000
36626  -49.547  -30.180  9.106 0.0000000000
34952  -49.782  -32.176  8.820 0.0000000000
34954  -51.321  -31.945  9.169 0.0000000000
35752  -53.270  -31.197  9.877 0.0000000000
114001  -54.513  -29.998  9.685 0.0000000000
42667  -49.466  -23.647  20.454 0.0000000000
40991  -50.571  -24.469  19.894 0.0000000000
122774  -49.037  -23.830  19.202 0.0000000000
41017  -48.047  -24.513  17.022 0.0000000000
41028  -48.102  -25.029  15.356 0.0000000000
124546  -46.192  -23.003  15.258 0.0000000000
41873  -46.672  -23.967  14.830 0.0000000000
40273  -47.433  -25.095  13.022 0.0000000000
39512  -46.290  -25.609  11.942 0.0000000000
119798  -44.339  -26.301  10.894 0.0000000000
39524  -42.609  -26.910  9.702 0.0000000000
38620  -41.119  -27.053  8.013 0.0000000000
39547  -43.035  -25.877  8.548 0.0000000000
39559  -42.152  -26.182  7.024 0.0000000000
122618  -42.926  -26.187  6.410 0.0000000000
41120  -45.739  -24.245  7.397 0.0000000000
39572  -44.216  -25.781  6.524 0.0000000000
38645  -43.185  -27.389  5.756 0.0000000000
36669  -43.182  -29.301  6.016 0.0000000000
109845  -43.884  -30.823  6.735 0.0000000000
51200  -54.493  -12.372  0.473 0.0000000000
51995  -55.411  -11.585  2.053 0.0000000000
52746  -55.415  -10.574  1.854 0.0000000000
53457  -56.295  -9.212  1.818 0.0000000000
54278  -56.774  -8.715  1.072 0.0000000000
53479  -57.770  -9.246  0.543 0.0000000000
125805  -35.444  -36.369  24.572 0.0000000000
113326  -35.259  -36.507  23.130 0.0000000000
30517  -36.398  -36.146  23.657 0.0000000000
31385  -37.032  -35.481  22.236 0.0000000000
32203  -38.103  -34.476  21.096 0.0000000000
31369  -39.600  -35.105  23.484 0.0000000000
32188  -38.857  -34.911  21.882 0.0000000000
118466  -38.844  -34.203  20.918 0.0000000000
33127  -39.602  -33.185  19.736 0.0000000000
34015  -40.190  -32.580  18.960 0.0000000000
122175  -41.945  -32.528  17.738 0.0000000000
36681  -44.849  -30.549  4.563 0.0000000000
36713  -45.934  -29.640  2.530 0.0000000000
35837  -48.792  -30.708  2.840 0.0000000000
125359  -50.485  -20.905  1.960 0.0000000000
104507  -51.967  -20.769  2.060 0.0000000000
37454  -40.671  -28.957  21.153 0.0000000000
35590  -40.722  -30.418  20.851 0.0000000000
36498  -41.331  -29.328  20.251 0.0000000000
35631  -43.648  -29.873  19.441 0.0000000000
121506  -46.031  -30.174  20.042 0.0000000000
37495  -45.207  -28.304  17.660 0.0000000000
113817  -46.851  -29.426  17.907 0.0000000000
35634  -47.692  -30.443  20.022 0.0000000000
34841  -49.500  -31.599  18.637 0.0000000000
33151  -50.461  -32.711  17.358 0.0000000000
33173  -48.712  -33.609  15.821 0.0000000000
40217  -51.402  -25.637  18.869 0.0000000000
39453  -51.698  -27.117  16.856 0.0000000000
37525  -51.570  -28.185  16.180 0.0000000000
37544  -48.190  -27.773  14.239 0.0000000000
36575  -49.196  -29.305  15.030 0.0000000000
36560  -50.770  -30.081  15.666 0.0000000000
34874  -49.491  -31.686  15.501 0.0000000000
34065  -48.361  -32.901  15.452 0.0000000000
38618  -39.420  -27.392  6.944 0.0000000000
45389  -49.540  -19.308  15.465 0.0000000000
45401  -50.652  -19.614  14.843 0.0000000000
124110  -31.616  -37.134  26.146 0.0000000000
30474  -34.554  -36.564  25.223 0.0000000000
32159  -35.182  -35.649  25.455 0.0000000000
32161  -35.917  -34.474  25.093 0.0000000000
34762  -37.346  -32.139  23.600 0.0000000000
35573  -38.153  -30.804  23.340 0.0000000000
35574  -38.711  -30.349  22.835 0.0000000000
36476  -40.065  -29.360  23.065 0.0000000000
37442  -41.236  -28.648  21.950 0.0000000000
37457  -42.929  -28.081  22.030 0.0000000000
38414  -43.859  -27.692  21.740 0.0000000000
38382  -44.552  -27.196  23.567 0.0000000000
38399  -45.458  -26.891  22.324 0.0000000000
39365  -46.705  -26.027  22.229 0.0000000000
39366  -47.644  -25.574  21.898 0.0000000000
40188  -48.796  -24.723  21.874 0.0000000000
41763  -49.154  -23.683  21.492 0.0000000000
43503  -48.547  -22.671  21.337 0.0000000000
43511  -47.820  -21.624  20.812 0.0000000000
46211  -48.275  -18.052  17.294 0.0000000000
44506  -51.535  -20.370  13.655 0.0000000000
42763  -52.716  -22.308  11.784 0.0000000000
105485  -53.589  -24.023  11.087 0.0000000000
44490  -54.531  -21.093  14.947 0.0000000000
41902  -54.398  -23.354  12.819 0.0000000000
40298  -54.145  -25.924  10.759 0.0000000000
121676  -55.142  -27.762  11.490 0.0000000000
37557  -55.921  -29.016  11.531 0.0000000000
38600  -56.314  -28.289  10.016 0.0000000000
41936  -57.339  -23.750  10.621 0.0000000000
39543  -57.703  -25.931  10.069 0.0000000000
39551  -55.319  -27.032  8.510 0.0000000000
39566  -55.188  -26.241  8.216 0.0000000000
41125  -54.689  -24.365  7.947 0.0000000000
41977  -53.797  -23.198  7.489 0.0000000000
42821  -58.181  -22.174  7.977 0.0000000000
43664  -54.898  -21.732  7.277 0.0000000000
43679  -53.006  -21.616  6.082 0.0000000000
124598  -53.339  -21.371  4.577 0.0000000000
43721  -53.710  -21.507  3.251 0.0000000000
126575  -53.775  -21.543  2.042 0.0000000000
45519  -61.782  -19.933  3.945 0.0000000000
44607  -60.227  -21.414  3.795 0.0000000000
45532  -58.555  -19.547  2.392 0.0000000000
43738  -59.402  -21.604  3.418 0.0000000000
42859  -58.513  -22.748  3.583 0.0000000000
42857  -57.228  -23.379  3.187 0.0000000000
42864  -55.284  -22.558  2.037 0.0000000000
43761  -54.427  -21.799  0.797 0.0000000000
42898  -54.397  -21.479  -0.471 0.0000000000
43785  -55.535  -22.164  -1.131 0.0000000000
43799  -55.942  -21.900  -2.487 0.0000000000
43772  -58.469  -23.183  -0.217 0.0000000000
115963  -57.963  -23.696  -1.021 0.0000000000
119823  -56.461  -22.109  -2.865 0.0000000000
49742  -53.508  -14.065  -1.666 0.0000000000
49006  -54.191  -15.383  -3.078 0.0000000000
47364  -56.712  -17.461  -3.336 0.0000000000
49765  -56.818  -14.915  -3.589 0.0000000000
110273  -57.572  -17.023  -3.582 0.0000000000
45583  -58.974  -19.267  -3.325 0.0000000000
120089  -29.747  -35.926  21.479 0.0000000000
111163  -34.670  -35.798  21.528 0.0000000000
31405  -33.887  -35.313  19.866 0.0000000000
32232  -33.661  -35.022  19.042 0.0000000000
115876  -35.996  -33.243  18.246 0.0000000000
32253  -34.412  -34.008  18.128 0.0000000000
114791  -33.272  -34.308  17.107 0.0000000000
106700  -32.876  -34.253  16.315 0.0000000000
118448  -42.367  -31.301  22.191 0.0000000000
34765  -43.665  -32.188  23.768 0.0000000000
33096  -43.873  -33.352  22.998 0.0000000000
34006  -46.674  -32.042  21.090 0.0000000000
122998  -45.325  -32.683  22.020 0.0000000000
33122  -43.345  -33.148  20.812 0.0000000000
34003  -43.361  -32.637  19.709 0.0000000000
34048  -43.246  -32.759  17.811 0.0000000000
33147  -42.172  -33.360  17.366 0.0000000000
30551  -48.022  -36.550  18.394 0.0000000000
106615  -47.153  -36.528  19.499 0.0000000000
31408  -46.133  -36.003  19.788 0.0000000000
119980  -44.443  -34.906  18.778 0.0000000000
32256  -42.980  -34.762  18.240 0.0000000000
32255  -42.078  -34.787  17.910 0.0000000000
105350  -49.970  -20.343  12.754 0.0000000000
44531  -50.177  -20.659  11.843 0.0000000000
126002  -48.958  -19.747  14.968 0.0000000000
44485  -48.397  -20.092  14.307 0.0000000000
110048  -49.131  -20.313  12.903 0.0000000000
44517  -49.138  -20.430  12.135 0.0000000000
44633  -51.470  -20.377  0.389 0.0000000000
44647  -51.225  -20.133  -0.496 0.0000000000
44648  -52.134  -20.285  -0.133 0.0000000000
44649  -53.078  -20.654  0.203 0.0000000000
35580  -38.936  -30.553  22.039 0.0000000000
34804  -39.500  -30.702  21.676 0.0000000000
36696  -42.598  -29.732  3.396 0.0000000000
118460  -43.174  -29.059  3.017 0.0000000000
35835  -43.294  -30.642  4.208 0.0000000000
37599  -53.591  -29.051  8.227 0.0000000000
37614  -52.264  -29.108  7.159 0.0000000000
37598  -52.930  -28.583  7.540 0.0000000000
121079  -52.896  -27.780  7.286 0.0000000000
108819  -53.490  -28.048  7.717 0.0000000000
40197  -49.758  -24.838  21.185 0.0000000000
40204  -50.224  -25.410  20.584 0.0000000000
40983  -50.321  -24.679  20.532 0.0000000000
38589  -42.502  -27.572  10.441 0.0000000000
35015  -42.455  -31.939  5.392 0.0000000000
35833  -41.452  -31.231  4.242 0.0000000000
35834  -42.472  -30.698  4.044 0.0000000000
49724  -55.541  -14.660  0.538 0.0000000000
49734  -54.883  -15.017  -0.088 0.0000000000
48987  -54.042  -15.626  -0.878 0.0000000000
109499  -54.218  -14.777  -0.599 0.0000000000
30487  -33.792  -36.835  24.639 0.0000000000
30503  -33.660  -36.908  23.999 0.0000000000
125885  -34.096  -36.871  23.468 0.0000000000
34059  -40.906  -32.751  17.157 0.0000000000
34058  -40.173  -32.665  16.902 0.0000000000
119906  -40.593  -33.086  16.751 0.0000000000
32298  -40.517  -33.927  16.729 0.0000000000
107839  -41.144  -34.215  17.142 0.0000000000
32301  -48.904  -34.542  16.857 0.0000000000
32281  -48.903  -34.567  17.376 0.0000000000
31451  -48.385  -35.065  16.771 0.0000000000
119800  -47.634  -27.397  7.205 0.0000000000
112333  -48.334  -27.364  7.444 0.0000000000
40313  -52.763  -25.715  9.585 0.0000000000
39539  -52.084  -27.083  9.229 0.0000000000
38598  -52.778  -27.626  9.861 0.0000000000
38599  -53.328  -27.108  10.128 0.0000000000
43523  -46.709  -21.004  19.250 0.0000000000
42678  -46.630  -22.127  18.113 0.0000000000
110972  -46.653  -22.854  10.757 0.0000000000
41083  -46.410  -23.692  10.758 0.0000000000
119463  -46.121  -24.382  10.761 0.0000000000
41095  -46.119  -23.804  9.910 0.0000000000
41094  -45.601  -23.988  9.013 0.0000000000
126569  -48.236  -26.002  6.969 0.0000000000
40337  -47.676  -25.438  6.797 0.0000000000
39560  -47.821  -26.526  6.954 0.0000000000
38633  -47.017  -26.932  6.785 0.0000000000
123170  -38.379  -34.725  24.222 0.0000000000
33094  -42.386  -34.189  22.843 0.0000000000
32206  -41.552  -34.530  22.622 0.0000000000
35005  -47.868  -31.343  6.272 0.0000000000
35794  -47.738  -30.887  5.466 0.0000000000
39596  -48.032  -27.384  3.838 0.0000000000
39595  -47.566  -27.626  3.183 0.0000000000
41995  -51.369  -23.700  5.812 0.0000000000
41994  -50.820  -23.382  5.327 0.0000000000
121877  -51.328  -22.877  5.636 0.0000000000
42838  -50.960  -22.358  5.083 0.0000000000
42839  -51.707  -22.130  5.682 0.0000000000
38429  -43.767  -27.738  20.553 0.0000000000
108971  -43.099  -28.191  19.879 0.0000000000
37500  -50.990  -28.655  17.416 0.0000000000
110793  -49.944  -29.024  17.493 0.0000000000
36544  -51.139  -29.600  17.353 0.0000000000
35665  -51.435  -30.558  17.186 0.0000000000
35673  -51.661  -30.095  16.796 0.0000000000
40257  -49.181  -26.070  15.178 0.0000000000
39473  -48.857  -26.346  14.538 0.0000000000
35701  -45.064  -30.306  14.006 0.0000000000
36571  -45.773  -29.777  14.268 0.0000000000
119179  -45.406  -31.334  14.258 0.0000000000
119172  -44.536  -31.238  13.746 0.0000000000
38642  -41.091  -27.158  5.759 0.0000000000
113948  -40.434  -27.736  5.577 0.0000000000
42764  -55.983  -22.675  12.414 0.0000000000
44553  -59.363  -21.113  8.841 0.0000000000
44552  -58.866  -21.084  9.249 0.0000000000
43635  -59.268  -21.936  9.167 0.0000000000
41949  -58.995  -23.700  9.286 0.0000000000
42789  -59.351  -22.876  9.108 0.0000000000
107989  -59.000  -23.526  8.799 0.0000000000
43649  -59.343  -22.282  8.651 0.0000000000
43700  -58.301  -21.551  5.474 0.0000000000
43711  -57.937  -22.183  4.586 0.0000000000
43710  -56.834  -21.994  4.611 0.0000000000
48169  -59.384  -16.717  2.254 0.0000000000
115261  -59.736  -17.137  2.173 0.0000000000
48185  -59.202  -16.937  1.666 0.0000000000
43748  -57.154  -21.423  1.633 0.0000000000
43735  -57.534  -21.785  2.137 0.0000000000
42009  -57.442  -23.542  1.588 0.0000000000
42888  -57.771  -23.203  1.056 0.0000000000
42026  -57.562  -23.453  0.745 0.0000000000
45577  -57.872  -19.883  -2.281 0.0000000000
124147  -59.139  -22.092  -1.191 0.0000000000
44669  -59.268  -21.641  -1.635 0.0000000000
43800  -59.941  -22.015  -2.048 0.0000000000
53476  -55.144  -9.888  0.088 0.0000000000
52783  -54.704  -10.665  -1.269 0.0000000000
52026  -55.409  -10.585  -1.611 0.0000000000
116273  -29.361  -36.477  24.745 0.0000000000
31403  -32.237  -35.755  18.951 0.0000000000
31402  -31.471  -35.872  19.205 0.0000000000
123312  -32.298  -35.476  18.295 0.0000000000
31430  -31.958  -35.420  17.698 0.0000000000
32251  -32.731  -35.056  17.790 0.0000000000
119358  -36.844  -34.233  20.311 0.0000000000
32236  -37.027  -33.723  19.629 0.0000000000
31478  -35.615  -34.822  14.368 0.0000000000
35611  -45.879  -30.456  20.905 0.0000000000
35593  -45.625  -30.694  21.895 0.0000000000
35594  -46.594  -30.806  21.747 0.0000000000
32259  -46.310  -33.253  18.743 0.0000000000
32258  -45.929  -33.900  18.569 0.0000000000
33140  -45.439  -33.354  18.461 0.0000000000
41960  -49.568  -23.148  8.366 0.0000000000
41106  -49.939  -23.938  8.084 0.0000000000
41961  -50.379  -23.493  8.592 0.0000000000
125615  -51.477  -22.338  10.344 0.0000000000
42773  -51.350  -22.785  9.769 0.0000000000
41947  -52.071  -23.508  9.806 0.0000000000
41934  -52.152  -22.881  10.361 0.0000000000
44465  -46.454  -20.634  16.431 0.0000000000
45386  -46.838  -19.904  16.241 0.0000000000
44515  -47.465  -20.739  12.878 0.0000000000
44501  -47.077  -20.782  13.843 0.0000000000
43590  -47.185  -21.137  12.213 0.0000000000
43603  -47.001  -21.597  11.564 0.0000000000
43615  -47.336  -21.483  10.924 0.0000000000
42771  -47.396  -21.702  10.217 0.0000000000
43616  -47.792  -21.213  10.590 0.0000000000
42786  -48.895  -21.769  9.228 0.0000000000
122349  -48.557  -22.222  8.672 0.0000000000
42804  -49.302  -22.446  8.738 0.0000000000
41976  -48.980  -23.534  7.786 0.0000000000
110174  -50.475  -19.816  -1.998 0.0000000000
105934  -53.111  -20.173  -2.017 0.0000000000
44680  -53.379  -20.293  -2.680 0.0000000000
122843  -37.856  -32.169  23.150 0.0000000000
33963  -38.633  -32.762  23.405 0.0000000000
33966  -42.159  -32.702  23.967 0.0000000000
33085  -42.014  -33.397  24.121 0.0000000000
37647  -43.927  -28.595  2.315 0.0000000000
35764  -50.751  -31.307  7.580 0.0000000000
35797  -49.947  -30.723  5.817 0.0000000000
35774  -50.580  -30.663  6.527 0.0000000000
37626  -51.231  -28.191  6.216 0.0000000000
37625  -50.781  -29.067  6.022 0.0000000000
38647  -50.503  -28.014  5.710 0.0000000000
38646  -49.722  -28.197  5.249 0.0000000000
39584  -50.074  -27.325  5.379 0.0000000000
39585  -50.652  -26.940  5.619 0.0000000000
39577  -52.290  -26.080  6.523 0.0000000000
110991  -51.524  -25.914  6.079 0.0000000000
40349  -52.718  -25.396  6.759 0.0000000000
108074  -51.931  -25.107  6.281 0.0000000000
41137  -53.125  -24.915  7.059 0.0000000000
39409  -46.620  -26.642  19.612 0.0000000000
126677  -50.198  -26.516  19.492 0.0000000000
39429  -49.343  -26.991  18.766 0.0000000000
111792  -50.792  -26.827  18.772 0.0000000000
122200  -50.779  -27.501  17.929 0.0000000000
38469  -51.526  -26.960  18.166 0.0000000000
39498  -45.822  -26.787  12.476 0.0000000000
38573  -46.422  -27.047  12.982 0.0000000000
37556  -42.968  -28.354  11.808 0.0000000000
37549  -44.212  -28.392  12.776 0.0000000000
37548  -43.518  -28.526  12.392 0.0000000000
36589  -43.966  -29.040  13.088 0.0000000000
36588  -43.301  -29.409  12.680 0.0000000000
36587  -42.680  -29.702  12.368 0.0000000000
36594  -42.079  -29.495  11.827 0.0000000000
104838  -41.718  -30.830  5.914 0.0000000000
108393  -40.865  -30.431  5.551 0.0000000000
35791  -41.195  -31.455  5.594 0.0000000000
111681  -60.107  -18.748  8.363 0.0000000000
120312  -60.085  -20.708  7.851 0.0000000000
45492  -61.398  -19.527  6.264 0.0000000000
106514  -60.926  -19.983  6.696 0.0000000000
109640  -61.062  -20.322  6.063 0.0000000000
121396  -60.639  -20.897  5.083 0.0000000000
44604  -61.346  -20.418  4.825 0.0000000000
48964  -56.268  -15.128  0.804 0.0000000000
108029  -56.334  -14.945  1.272 0.0000000000
48965  -56.893  -15.439  0.994 0.0000000000
48204  -57.536  -16.158  0.818 0.0000000000
47345  -55.413  -17.244  0.299 0.0000000000
46475  -55.902  -17.896  0.782 0.0000000000
45547  -55.626  -18.963  0.862 0.0000000000
113322  -55.337  -18.997  0.243 0.0000000000
44635  -55.992  -19.967  0.251 0.0000000000
46481  -55.056  -18.706  -0.435 0.0000000000
47358  -54.329  -17.657  -1.599 0.0000000000
46485  -55.116  -18.653  -1.374 0.0000000000
47360  -54.665  -17.701  -2.219 0.0000000000
46489  -55.358  -18.329  -2.258 0.0000000000
48221  -54.797  -17.087  -2.743 0.0000000000
52785  -57.311  -10.496  -1.159 0.0000000000
52039  -57.418  -11.859  -2.334 0.0000000000
30485  -31.795  -36.958  24.572 0.0000000000
30501  -31.531  -36.930  23.800 0.0000000000
124500  -32.189  -36.972  23.715 0.0000000000
30524  -33.330  -36.570  22.042 0.0000000000
31395  -32.698  -36.144  20.445 0.0000000000
124122  -33.410  -35.811  20.364 0.0000000000
33138  -38.526  -32.775  18.830 0.0000000000
33137  -37.789  -32.690  18.408 0.0000000000
106699  -38.790  -32.363  18.027 0.0000000000
34056  -38.643  -32.687  16.371 0.0000000000
113994  -38.130  -32.400  16.772 0.0000000000
34064  -37.998  -32.667  16.145 0.0000000000
34063  -37.350  -32.720  15.868 0.0000000000
33170  -37.904  -33.189  15.623 0.0000000000
32316  -37.709  -33.876  15.387 0.0000000000
32296  -38.372  -33.691  15.750 0.0000000000
32275  -40.018  -34.844  16.922 0.0000000000
31445  -39.276  -35.032  16.700 0.0000000000
34025  -49.294  -32.101  18.728 0.0000000000
34008  -48.384  -31.679  19.642 0.0000000000
34038  -49.096  -32.826  18.596 0.0000000000
31411  -48.471  -35.158  18.313 0.0000000000
32241  -48.468  -34.355  18.576 0.0000000000
31410  -48.124  -35.331  18.744 0.0000000000
35772  -44.141  -31.782  6.676 0.0000000000
34980  -44.549  -32.235  6.473 0.0000000000
36624  -47.415  -29.980  8.335 0.0000000000
36623  -46.939  -30.969  8.379 0.0000000000
35747  -47.487  -31.728  8.484 0.0000000000
34950  -47.442  -32.558  8.144 0.0000000000
35748  -48.195  -31.418  8.726 0.0000000000
39563  -50.209  -26.155  7.865 0.0000000000
39548  -49.965  -27.026  7.961 0.0000000000
36627  -50.717  -29.412  9.282 0.0000000000
120979  -50.048  -29.489  8.994 0.0000000000
36610  -50.358  -30.396  9.423 0.0000000000
34936  -49.495  -32.067  9.023 0.0000000000
34937  -50.410  -32.078  9.139 0.0000000000
34953  -50.702  -32.131  9.023 0.0000000000
34938  -51.222  -31.904  9.320 0.0000000000
36601  -53.415  -30.739  10.394 0.0000000000
35733  -52.586  -31.404  9.891 0.0000000000
35720  -53.717  -30.740  10.240 0.0000000000
36613  -54.091  -30.618  10.110 0.0000000000
35721  -54.339  -30.354  10.473 0.0000000000
41802  -49.379  -23.622  19.937 0.0000000000
41830  -47.637  -23.951  17.664 0.0000000000
104487  -47.961  -24.788  16.220 0.0000000000
41027  -47.247  -24.460  15.499 0.0000000000
43560  -46.245  -21.840  15.658 0.0000000000
42700  -46.259  -22.608  16.336 0.0000000000
41901  -46.675  -23.662  12.834 0.0000000000
41874  -46.851  -24.055  13.759 0.0000000000
41048  -47.135  -24.441  12.928 0.0000000000
41049  -47.539  -24.786  13.599 0.0000000000
40272  -46.986  -25.558  12.535 0.0000000000
40285  -46.671  -25.064  11.970 0.0000000000
40295  -44.707  -25.342  10.138 0.0000000000
39527  -44.994  -25.839  11.005 0.0000000000
124083  -44.358  -25.881  10.452 0.0000000000
39526  -43.809  -26.285  10.384 0.0000000000
39537  -43.267  -26.197  9.555 0.0000000000
104771  -42.672  -26.422  9.052 0.0000000000
40336  -44.121  -24.965  7.547 0.0000000000
40322  -43.523  -25.315  7.930 0.0000000000
40335  -43.483  -25.439  7.195 0.0000000000
40334  -42.840  -25.881  6.874 0.0000000000
40344  -43.483  -25.753  6.688 0.0000000000
41973  -46.191  -23.679  7.813 0.0000000000
41121  -46.529  -23.994  7.293 0.0000000000
40346  -45.505  -25.471  6.592 0.0000000000
116240  -44.504  -26.651  6.234 0.0000000000
39571  -43.536  -26.488  6.173 0.0000000000
38629  -44.021  -27.446  5.966 0.0000000000
37609  -43.572  -28.355  5.905 0.0000000000
117266  -44.273  -28.571  6.311 0.0000000000
36657  -45.147  -29.719  7.163 0.0000000000
36656  -44.445  -29.804  6.770 0.0000000000
35771  -43.287  -31.562  6.436 0.0000000000
52728  -56.395  -11.189  3.640 0.0000000000
52738  -56.478  -10.142  3.467 0.0000000000
111266  -55.691  -9.783  1.644 0.0000000000
53458  -56.591  -9.297  2.796 0.0000000000
54269  -57.036  -8.526  2.100 0.0000000000
54270  -57.835  -8.122  2.802 0.0000000000
54287  -57.300  -8.792  0.775 0.0000000000
54279  -57.768  -8.467  1.776 0.0000000000
30505  -35.884  -36.283  24.248 0.0000000000
105736  -38.050  -35.536  23.596 0.0000000000
31367  -37.135  -35.838  23.358 0.0000000000
112316  -37.825  -35.589  22.838 0.0000000000
31386  -37.979  -35.195  22.020 0.0000000000
33074  -39.907  -34.106  24.133 0.0000000000
32169  -39.650  -34.436  23.993 0.0000000000
31351  -40.138  -34.642  23.808 0.0000000000
32189  -39.698  -35.084  22.668 0.0000000000
32204  -39.623  -34.522  21.608 0.0000000000
32223  -39.510  -33.840  20.640 0.0000000000
33119  -38.822  -33.612  20.065 0.0000000000
119345  -40.092  -33.557  20.435 0.0000000000
34001  -41.631  -32.921  19.864 0.0000000000
34016  -41.131  -32.530  19.008 0.0000000000
34031  -40.732  -32.340  18.241 0.0000000000
34032  -41.619  -32.359  18.236 0.0000000000
36683  -47.103  -30.287  3.841 0.0000000000
36682  -46.272  -29.987  3.782 0.0000000000
36698  -46.567  -29.978  2.914 0.0000000000
35819  -48.895  -30.620  4.085 0.0000000000
36685  -48.843  -30.516  3.544 0.0000000000
38659  -48.450  -29.393  2.169 0.0000000000
40357  -49.742  -25.511  4.859 0.0000000000
41143  -49.128  -24.863  4.325 0.0000000000
106808  -49.178  -23.015  3.548 0.0000000000
106442  -49.530  -21.589  2.461 0.0000000000
120007  -51.132  -21.177  3.435 0.0000000000
43730  -50.686  -21.216  3.049 0.0000000000
43731  -51.409  -20.944  2.764 0.0000000000
43744  -51.035  -20.804  2.103 0.0000000000
43732  -52.382  -21.018  2.686 0.0000000000
36490  -40.723  -29.277  20.695 0.0000000000
108666  -41.719  -28.803  20.224 0.0000000000
36521  -43.519  -29.127  18.642 0.0000000000
36506  -42.738  -29.297  19.256 0.0000000000
35632  -44.985  -30.107  19.732 0.0000000000
36507  -44.363  -29.522  18.665 0.0000000000
38465  -46.488  -27.156  18.183 0.0000000000
38464  -45.753  -27.405  17.981 0.0000000000
38490  -46.500  -27.673  17.657 0.0000000000
36541  -47.396  -29.060  17.580 0.0000000000
36525  -47.910  -29.697  18.112 0.0000000000
35650  -47.324  -29.935  18.868 0.0000000000
35651  -48.372  -30.378  19.206 0.0000000000
35637  -49.151  -31.252  18.981 0.0000000000
35653  -49.821  -31.188  18.387 0.0000000000
34060  -51.013  -32.375  16.719 0.0000000000
34050  -50.949  -32.341  17.161 0.0000000000
33174  -50.481  -32.826  16.354 0.0000000000
33161  -50.031  -33.315  16.582 0.0000000000
121204  -49.966  -33.212  16.089 0.0000000000
40999  -50.628  -24.541  19.122 0.0000000000
40992  -51.110  -25.060  19.370 0.0000000000
41009  -50.627  -25.121  17.981 0.0000000000
39465  -50.761  -26.754  16.044 0.0000000000
39452  -51.249  -26.690  16.669 0.0000000000
39466  -51.395  -27.087  16.379 0.0000000000
38532  -51.643  -27.571  16.520 0.0000000000
38559  -46.852  -27.638  13.566 0.0000000000
37543  -47.394  -28.161  14.117 0.0000000000
36574  -48.196  -29.468  14.841 0.0000000000
37523  -50.270  -29.213  15.401 0.0000000000
35696  -49.732  -30.073  15.359 0.0000000000
35683  -50.204  -30.894  15.572 0.0000000000
34883  -48.545  -31.070  15.223 0.0000000000
34075  -46.951  -32.155  14.717 0.0000000000
124631  -47.719  -32.297  15.090 0.0000000000
33188  -47.363  -32.905  15.038 0.0000000000
116205  -46.477  -32.845  14.689 0.0000000000
38605  -40.621  -27.537  8.346 0.0000000000
38619  -40.441  -27.091  7.342 0.0000000000
30471  -31.153  -37.087  25.739 0.0000000000
125109  -34.915  -36.215  25.361 0.0000000000
110194  -36.889  -32.439  24.278 0.0000000000
37427  -40.715  -28.988  22.613 0.0000000000
37428  -41.696  -28.705  23.273 0.0000000000
38397  -43.899  -27.696  22.911 0.0000000000
39349  -44.804  -26.544  23.923 0.0000000000
38383  -45.236  -26.792  23.176 0.0000000000
38398  -44.694  -27.308  22.580 0.0000000000
39364  -45.877  -26.356  22.726 0.0000000000
117537  -46.091  -26.483  22.131 0.0000000000
40175  -46.816  -24.828  22.690 0.0000000000
40187  -47.731  -24.873  22.175 0.0000000000
126721  -48.415  -25.268  21.776 0.0000000000
40964  -48.333  -24.022  22.213 0.0000000000
41762  -48.664  -23.376  21.961 0.0000000000
42628  -48.664  -22.993  21.660 0.0000000000
42639  -49.094  -23.427  21.197 0.0000000000
44441  -47.594  -20.688  21.178 0.0000000000
44447  -47.183  -20.904  20.212 0.0000000000
46224  -48.758  -18.491  16.668 0.0000000000
117807  -51.137  -19.024  15.978 0.0000000000
44487  -51.265  -19.955  14.355 0.0000000000
45402  -51.450  -19.548  15.265 0.0000000000
115485  -53.285  -21.627  13.892 0.0000000000
43580  -52.847  -21.090  14.274 0.0000000000
42750  -53.269  -22.306  12.660 0.0000000000
105451  -52.978  -23.084  11.234 0.0000000000
41917  -53.563  -22.930  12.276 0.0000000000
42739  -55.585  -22.778  13.659 0.0000000000
43582  -55.267  -22.194  14.090 0.0000000000
41919  -55.042  -23.871  12.807 0.0000000000
41068  -54.651  -24.516  11.932 0.0000000000
40299  -54.865  -25.464  11.487 0.0000000000
39529  -54.992  -26.562  11.392 0.0000000000
40286  -55.715  -25.996  11.903 0.0000000000
39515  -56.392  -26.584  11.560 0.0000000000
106702  -56.120  -27.382  11.684 0.0000000000
38586  -56.207  -28.199  11.493 0.0000000000
37565  -56.131  -29.212  11.111 0.0000000000
38593  -56.518  -27.867  11.042 0.0000000000
112747  -57.148  -20.149  10.032 0.0000000000
43622  -56.260  -21.646  10.471 0.0000000000
124448  -56.883  -22.587  10.367 0.0000000000
40315  -58.034  -25.234  9.562 0.0000000000
40301  -58.260  -24.819  10.131 0.0000000000
39554  -57.500  -25.971  9.538 0.0000000000
38613  -56.619  -27.278  9.659 0.0000000000
39552  -56.106  -26.631  8.823 0.0000000000
40326  -55.838  -25.635  8.432 0.0000000000
41126  -55.556  -24.669  8.303 0.0000000000
41979  -55.341  -23.710  8.253 0.0000000000
111791  -54.025  -24.013  7.599 0.0000000000
110413  -55.218  -22.829  8.099 0.0000000000
43668  -59.496  -21.474  7.829 0.0000000000
42822  -59.122  -22.065  8.186 0.0000000000
43667  -58.554  -21.520  7.306 0.0000000000
43683  -56.549  -21.387  6.575 0.0000000000
43665  -55.965  -21.747  7.507 0.0000000000
43682  -55.490  -21.416  6.596 0.0000000000
42817  -54.017  -21.841  7.086 0.0000000000
43681  -54.552  -21.497  6.532 0.0000000000
43697  -53.582  -21.441  5.733 0.0000000000
43698  -54.270  -21.412  5.729 0.0000000000
43708  -53.944  -21.479  3.992 0.0000000000
43722  -54.674  -21.879  3.333 0.0000000000
43733  -53.346  -21.353  2.622 0.0000000000
43734  -54.414  -21.900  2.520 0.0000000000
46419  -61.196  -18.622  3.132 0.0000000000
46420  -61.721  -19.160  3.659 0.0000000000
45518  -61.411  -19.748  3.538 0.0000000000
109724  -61.349  -20.387  3.932 0.0000000000
44615  -60.850  -20.468  3.637 0.0000000000
46454  -58.608  -17.651  1.434 0.0000000000
46432  -59.178  -18.334  1.879 0.0000000000
45550  -58.024  -18.819  1.895 0.0000000000
43736  -58.073  -22.627  2.582 0.0000000000
44613  -58.471  -21.586  2.903 0.0000000000
43737  -58.614  -22.538  3.308 0.0000000000
42858  -57.895  -23.202  3.281 0.0000000000
124855  -57.549  -23.503  2.843 0.0000000000
42874  -56.002  -23.051  1.426 0.0000000000
42865  -56.236  -23.237  2.289 0.0000000000
42873  -55.087  -22.373  1.373 0.0000000000
43747  -54.444  -21.947  1.707 0.0000000000
123748  -54.418  -21.669  0.130 0.0000000000
42885  -55.025  -22.148  0.081 0.0000000000
105845  -55.196  -21.577  -1.967 0.0000000000
42909  -56.165  -22.404  -1.660 0.0000000000
43762  -58.068  -22.649  0.493 0.0000000000
43786  -58.365  -22.033  -0.255 0.0000000000
42045  -58.455  -23.641  -1.472 0.0000000000
121702  -58.358  -23.649  -0.942 0.0000000000
42924  -57.734  -23.383  -1.921 0.0000000000
42923  -56.777  -22.649  -2.186 0.0000000000
50489  -54.008  -12.840  -0.250 0.0000000000
51208  -53.928  -11.944  -0.451 0.0000000000
50519  -54.478  -13.793  -3.225 0.0000000000
50518  -53.770  -14.041  -2.955 0.0000000000
118445  -54.833  -15.096  -3.359 0.0000000000
47363  -55.720  -17.117  -3.203 0.0000000000
48227  -55.801  -16.192  -3.413 0.0000000000
50522  -57.279  -13.352  -3.313 0.0000000000
51241  -56.643  -12.767  -3.150 0.0000000000
122775  -57.537  -14.687  -3.550 0.0000000000
47366  -58.580  -17.075  -3.778 0.0000000000
46494  -58.620  -18.514  -3.524 0.0000000000
30513  -31.091  -36.540  22.086 0.0000000000
30512  -30.307  -36.211  21.765 0.0000000000
31401  -30.662  -35.788  19.499 0.0000000000
32250  -30.116  -35.235  18.100 0.0000000000
32291  -30.907  -35.040  16.286 0.0000000000
111787  -31.401  -34.779  15.492 0.0000000000
31365  -35.633  -36.105  22.561 0.0000000000
31364  -34.821  -36.254  22.355 0.0000000000
31383  -35.343  -35.692  21.768 0.0000000000
32234  -35.205  -34.396  19.552 0.0000000000
32218  -34.709  -35.012  20.134 0.0000000000
32233  -34.407  -34.700  19.355 0.0000000000
33136  -36.852  -32.857  18.207 0.0000000000
33124  -36.467  -33.474  18.956 0.0000000000
119407  -36.301  -32.836  17.644 0.0000000000
33155  -34.749  -33.179  16.215 0.0000000000
33145  -34.724  -33.389  17.307 0.0000000000
32274  -33.988  -33.961  17.501 0.0000000000
110199  -33.453  -33.843  16.240 0.0000000000
31443  -37.784  -35.468  16.162 0.0000000000
31442  -37.017  -35.679  15.823 0.0000000000
35591  -41.774  -30.634  20.953 0.0000000000
34806  -41.235  -31.182  21.756 0.0000000000
122433  -42.734  -30.902  21.561 0.0000000000
34786  -44.812  -31.575  23.040 0.0000000000
34785  -44.043  -31.680  23.319 0.0000000000
34766  -44.418  -32.053  23.564 0.0000000000
33968  -43.943  -32.504  23.650 0.0000000000
33984  -44.892  -32.523  22.960 0.0000000000
34005  -46.067  -32.445  21.083 0.0000000000
114237  -45.221  -32.655  20.606 0.0000000000
33990  -44.427  -33.069  21.390 0.0000000000
34004  -44.205  -32.665  20.099 0.0000000000
34019  -43.846  -32.439  19.074 0.0000000000
34049  -43.890  -32.773  17.997 0.0000000000
33149  -43.758  -33.147  17.781 0.0000000000
34047  -42.478  -32.792  17.621 0.0000000000
33148  -42.987  -33.293  17.581 0.0000000000
29665  -47.580  -37.132  18.617 0.0000000000
30542  -47.729  -36.752  18.962 0.0000000000
29650  -47.209  -37.393  19.388 0.0000000000
118096  -45.143  -36.018  19.978 0.0000000000
32237  -45.229  -35.228  19.208 0.0000000000
31407  -44.397  -35.644  19.464 0.0000000000
31421  -42.886  -35.665  18.935 0.0000000000
31422  -43.690  -35.241  18.846 0.0000000000
111287  -42.292  -35.360  18.450 0.0000000000
43633  -49.653  -21.599  9.899 0.0000000000
43619  -50.244  -21.422  10.564 0.0000000000
43607  -50.749  -21.198  11.244 0.0000000000
45373  -47.981  -19.031  16.124 0.0000000000
45387  -47.521  -19.722  15.656 0.0000000000
45400  -48.059  -19.906  15.014 0.0000000000
44502  -47.857  -20.391  13.579 0.0000000000
44529  -48.318  -20.631  11.612 0.0000000000
43605  -48.098  -20.876  10.969 0.0000000000
44542  -48.632  -20.832  10.965 0.0000000000
43618  -49.269  -21.084  10.573 0.0000000000
44620  -50.017  -20.558  0.624 0.0000000000
44646  -50.321  -20.194  -0.417 0.0000000000
122029  -50.641  -19.965  -1.116 0.0000000000
44663  -51.354  -19.899  -1.401 0.0000000000
44678  -51.524  -19.817  -2.297 0.0000000000
44664  -52.385  -20.005  -1.595 0.0000000000
44665  -53.311  -20.417  -1.340 0.0000000000
33981  -39.212  -32.104  22.836 0.0000000000
34782  -39.724  -31.473  22.201 0.0000000000
113380  -40.786  -31.708  22.554 0.0000000000
36645  -52.323  -30.204  7.814 0.0000000000
36659  -51.695  -29.901  7.087 0.0000000000
37613  -51.824  -28.341  6.628 0.0000000000
38634  -51.780  -27.385  6.434 0.0000000000
38635  -52.548  -27.275  6.873 0.0000000000
38636  -52.692  -26.675  6.852 0.0000000000
39578  -53.099  -26.166  7.078 0.0000000000
39394  -48.460  -26.035  21.186 0.0000000000
122486  -48.352  -26.314  20.417 0.0000000000
39395  -49.348  -26.061  20.680 0.0000000000
39396  -50.273  -26.082  20.143 0.0000000000
39412  -51.014  -26.133  19.572 0.0000000000
39511  -43.837  -26.908  11.127 0.0000000000
38582  -44.326  -27.327  11.942 0.0000000000
38581  -43.499  -27.758  11.692 0.0000000000
38580  -42.736  -27.974  11.231 0.0000000000
37555  -42.358  -28.642  11.536 0.0000000000
37554  -41.680  -28.953  11.193 0.0000000000
36599  -40.368  -29.497  10.304 0.0000000000
34999  -41.555  -31.781  5.454 0.0000000000
35014  -41.146  -31.898  4.984 0.0000000000
36694  -40.898  -30.651  3.620 0.0000000000
48974  -55.998  -15.646  0.451 0.0000000000
48214  -55.271  -16.383  0.051 0.0000000000
47356  -54.674  -17.202  -0.339 0.0000000000
46473  -54.669  -17.988  -0.357 0.0000000000
48213  -54.275  -16.626  -0.718 0.0000000000
48218  -53.788  -16.460  -1.585 0.0000000000
48995  -53.572  -15.679  -1.813 0.0000000000
30502  -32.820  -36.944  23.661 0.0000000000
30515  -33.451  -36.885  23.041 0.0000000000
31382  -34.055  -36.198  21.727 0.0000000000
34030  -39.824  -32.302  18.165 0.0000000000
34044  -39.553  -32.331  17.391 0.0000000000
34057  -39.385  -32.677  16.621 0.0000000000
109886  -40.261  -35.355  17.402 0.0000000000
32261  -49.375  -33.866  17.482 0.0000000000
33142  -49.479  -33.349  18.000 0.0000000000
31423  -48.563  -35.371  17.890 0.0000000000
37594  -45.933  -29.304  7.351 0.0000000000
36642  -45.623  -30.564  7.615 0.0000000000
37596  -47.285  -29.001  7.785 0.0000000000
37581  -48.142  -29.162  8.253 0.0000000000
39550  -51.465  -26.495  8.674 0.0000000000
38609  -50.495  -27.683  8.470 0.0000000000
38610  -51.331  -27.445  8.803 0.0000000000
37571  -51.536  -29.387  9.665 0.0000000000
112033  -52.059  -30.557  10.145 0.0000000000
37572  -52.337  -29.549  10.174 0.0000000000
38591  -52.988  -28.881  10.389 0.0000000000
116677  -53.884  -29.050  10.866 0.0000000000
42665  -47.754  -22.478  19.770 0.0000000000
42680  -48.372  -23.212  19.548 0.0000000000
42679  -47.351  -22.725  18.874 0.0000000000
42690  -46.956  -23.062  17.972 0.0000000000
41829  -46.609  -23.356  17.033 0.0000000000
42737  -46.363  -22.085  13.263 0.0000000000
42724  -46.211  -22.507  14.185 0.0000000000
42749  -46.433  -22.680  12.617 0.0000000000
112255  -46.565  -23.303  12.136 0.0000000000
107027  -46.788  -24.078  12.220 0.0000000000
40297  -46.209  -25.010  11.403 0.0000000000
40310  -44.397  -25.051  9.199 0.0000000000
40309  -43.697  -25.445  8.874 0.0000000000
41104  -44.853  -24.482  8.575 0.0000000000
116577  -44.640  -24.555  7.894 0.0000000000
117840  -47.252  -23.958  7.229 0.0000000000
40348  -46.821  -25.105  6.672 0.0000000000
39574  -46.066  -26.386  6.531 0.0000000000
38630  -44.880  -27.773  6.368 0.0000000000
38631  -45.935  -27.278  6.597 0.0000000000
37611  -46.168  -28.158  6.968 0.0000000000
114750  -36.645  -35.350  24.483 0.0000000000
31347  -36.607  -35.687  24.340 0.0000000000
31329  -37.434  -35.191  24.253 0.0000000000
112124  -38.158  -35.176  24.131 0.0000000000
31349  -38.877  -35.248  23.828 0.0000000000
32176  -41.062  -34.464  23.880 0.0000000000
32190  -40.446  -34.929  23.322 0.0000000000
115334  -41.161  -34.763  23.246 0.0000000000
33107  -41.065  -34.172  21.578 0.0000000000
33120  -40.642  -33.676  20.762 0.0000000000
104612  -41.329  -33.538  20.756 0.0000000000
35004  -46.090  -32.130  6.436 0.0000000000
111757  -45.900  -31.311  5.567 0.0000000000
35793  -46.932  -30.988  5.522 0.0000000000
36684  -48.327  -30.740  3.212 0.0000000000
37630  -49.053  -29.658  4.081 0.0000000000
37640  -48.974  -29.990  3.187 0.0000000000
38660  -48.430  -28.924  3.221 0.0000000000
41999  -50.325  -23.995  5.033 0.0000000000
121369  -49.889  -23.656  4.551 0.0000000000
41998  -49.776  -22.892  4.148 0.0000000000
42854  -49.604  -22.404  3.577 0.0000000000
43717  -49.948  -21.719  3.217 0.0000000000
43706  -50.923  -21.744  4.506 0.0000000000
114269  -51.324  -21.332  4.069 0.0000000000
37456  -42.164  -28.411  20.871 0.0000000000
37465  -42.348  -28.633  19.875 0.0000000000
37473  -43.069  -28.676  19.068 0.0000000000
37482  -43.872  -28.607  18.388 0.0000000000
38492  -48.624  -27.948  17.556 0.0000000000
37498  -47.930  -28.494  17.461 0.0000000000
37499  -48.919  -28.685  17.479 0.0000000000
123669  -49.187  -29.306  17.622 0.0000000000
36527  -49.755  -30.613  18.300 0.0000000000
35664  -50.535  -30.644  17.713 0.0000000000
34860  -51.375  -31.361  17.162 0.0000000000
34868  -51.249  -31.878  16.582 0.0000000000
123055  -49.489  -25.269  16.813 0.0000000000
40223  -50.338  -25.521  17.254 0.0000000000
40231  -49.661  -25.688  16.349 0.0000000000
39464  -49.905  -26.430  15.694 0.0000000000
39475  -50.260  -26.889  15.545 0.0000000000
36583  -45.853  -29.071  14.087 0.0000000000
37531  -47.011  -28.879  14.369 0.0000000000
36572  -46.429  -29.328  14.354 0.0000000000
113390  -46.446  -30.166  14.523 0.0000000000
35693  -47.114  -30.561  14.697 0.0000000000
34881  -46.477  -31.188  14.542 0.0000000000
39568  -40.778  -26.803  6.591 0.0000000000
37414  -42.013  -28.681  24.457 0.0000000000
39351  -46.170  -25.907  22.790 0.0000000000
40174  -46.034  -25.334  23.161 0.0000000000
109906  -47.735  -21.368  22.107 0.0000000000
46227  -52.195  -18.460  16.952 0.0000000000
45391  -52.010  -19.310  16.032 0.0000000000
45377  -52.473  -18.936  16.552 0.0000000000
44474  -53.225  -20.211  15.449 0.0000000000
106929  -53.743  -20.954  14.983 0.0000000000
43583  -55.590  -22.267  13.718 0.0000000000
41904  -55.838  -23.274  13.446 0.0000000000
40274  -56.022  -25.252  12.214 0.0000000000
41058  -56.030  -24.400  12.721 0.0000000000
124315  -56.277  -24.707  12.184 0.0000000000
40287  -56.582  -25.804  11.522 0.0000000000
45453  -57.923  -19.537  9.678 0.0000000000
44551  -58.091  -20.607  9.573 0.0000000000
42775  -58.082  -23.069  10.033 0.0000000000
42788  -58.873  -22.621  9.498 0.0000000000
41098  -58.566  -24.302  9.613 0.0000000000
41111  -57.894  -24.743  8.905 0.0000000000
107944  -56.560  -25.031  8.557 0.0000000000
41110  -57.328  -24.456  8.637 0.0000000000
41964  -57.041  -23.556  8.422 0.0000000000
125404  -56.671  -22.819  8.266 0.0000000000
115288  -58.657  -21.308  6.289 0.0000000000
115634  -56.123  -21.470  5.561 0.0000000000
122068  -55.687  -21.759  4.575 0.0000000000
47299  -60.153  -16.953  2.983 0.0000000000
47313  -60.336  -17.710  2.530 0.0000000000
46434  -60.456  -18.560  2.593 0.0000000000
45530  -56.715  -19.998  1.914 0.0000000000
45531  -57.398  -20.049  2.269 0.0000000000
44611  -56.982  -20.795  2.043 0.0000000000
42867  -57.549  -23.490  2.378 0.0000000000
120124  -57.214  -23.822  1.970 0.0000000000
42887  -56.870  -23.623  1.017 0.0000000000
42886  -56.100  -22.918  0.446 0.0000000000
42900  -56.943  -23.536  0.283 0.0000000000
42034  -57.355  -23.536  -0.404 0.0000000000
45574  -57.177  -20.220  -1.567 0.0000000000
43787  -58.908  -22.526  -0.816 0.0000000000
44668  -58.595  -21.525  -1.167 0.0000000000
42047  -58.808  -23.568  -1.313 0.0000000000
42058  -58.978  -23.638  -1.923 0.0000000000
52006  -53.761  -11.817  -1.375 0.0000000000
52007  -54.163  -11.147  -0.847 0.0000000000
52036  -54.498  -11.743  -2.292 0.0000000000
50520  -55.463  -13.615  -3.368 0.0000000000
49010  -58.567  -15.623  -3.605 0.0000000000
31346  -28.932  -36.001  22.997 0.0000000000
30529  -31.860  -36.283  20.581 0.0000000000
31380  -31.072  -36.193  20.757 0.0000000000
31394  -31.280  -36.062  19.995 0.0000000000
31417  -30.849  -35.615  18.688 0.0000000000
31429  -31.094  -35.440  17.864 0.0000000000
32201  -36.493  -35.118  21.478 0.0000000000
32200  -35.803  -35.161  21.233 0.0000000000
34054  -36.734  -32.581  16.390 0.0000000000
34042  -36.143  -32.679  16.934 0.0000000000
110461  -35.396  -32.930  15.856 0.0000000000
33154  -34.088  -33.481  15.508 0.0000000000
32333  -34.289  -34.162  13.930 0.0000000000
31477  -34.974  -34.973  13.883 0.0000000000
31463  -35.824  -35.517  14.857 0.0000000000
35609  -43.580  -30.453  20.581 0.0000000000
35592  -43.545  -30.816  21.614 0.0000000000
109961  -44.571  -30.711  21.757 0.0000000000
34809  -45.228  -31.015  22.523 0.0000000000
33985  -45.880  -31.599  22.431 0.0000000000
33129  -47.115  -32.824  19.256 0.0000000000
34022  -46.721  -32.415  20.099 0.0000000000
34037  -46.303  -32.699  19.151 0.0000000000
33139  -44.575  -33.091  18.150 0.0000000000
30532  -44.839  -37.282  20.797 0.0000000000
30539  -44.455  -36.478  20.310 0.0000000000
40338  -48.656  -25.518  7.170 0.0000000000
40339  -49.651  -25.315  7.599 0.0000000000
123721  -50.406  -25.476  7.946 0.0000000000
118219  -50.893  -25.147  8.275 0.0000000000
41946  -50.755  -22.999  9.152 0.0000000000
41962  -51.175  -23.852  8.850 0.0000000000
40325  -51.504  -25.601  8.643 0.0000000000
40312  -52.102  -25.201  9.116 0.0000000000
41097  -52.656  -24.830  9.698 0.0000000000
44462  -46.372  -20.392  17.811 0.0000000000
43547  -46.346  -21.602  17.440 0.0000000000
104714  -46.317  -20.889  17.245 0.0000000000
109628  -46.380  -21.070  15.867 0.0000000000
106759  -46.477  -21.068  15.157 0.0000000000
44483  -46.965  -20.639  14.751 0.0000000000
125775  -46.588  -21.054  14.455 0.0000000000
43577  -46.452  -21.496  13.906 0.0000000000
43589  -46.660  -21.797  12.386 0.0000000000
41945  -46.268  -23.299  9.064 0.0000000000
42801  -46.865  -22.660  9.178 0.0000000000
42802  -47.468  -22.469  8.637 0.0000000000
43631  -48.069  -21.447  9.717 0.0000000000
42803  -48.043  -22.472  8.352 0.0000000000
41958  -47.513  -22.912  7.989 0.0000000000
41975  -47.930  -23.594  7.473 0.0000000000
41123  -48.816  -24.452  7.370 0.0000000000
105538  -51.729  -19.934  -3.225 0.0000000000
33081  -38.484  -33.585  23.835 0.0000000000
33083  -40.460  -33.746  24.135 0.0000000000
33964  -39.947  -33.077  23.712 0.0000000000
33084  -41.209  -33.834  24.177 0.0000000000
32177  -41.757  -33.965  24.066 0.0000000000
32178  -42.590  -33.702  23.864 0.0000000000
33095  -43.208  -33.750  22.947 0.0000000000
34985  -49.261  -31.849  7.532 0.0000000000
124252  -48.911  -31.069  5.720 0.0000000000
35773  -49.419  -31.148  6.238 0.0000000000
36670  -49.694  -30.215  5.143 0.0000000000
36658  -51.065  -29.945  6.435 0.0000000000
37631  -49.465  -29.381  4.823 0.0000000000
38652  -49.113  -28.296  4.690 0.0000000000
39589  -48.729  -27.094  4.479 0.0000000000
115520  -48.170  -26.226  4.004 0.0000000000
117699  -49.405  -26.382  4.807 0.0000000000
124805  -50.260  -25.709  5.247 0.0000000000
39586  -51.278  -26.676  5.971 0.0000000000
40353  -50.791  -25.966  5.563 0.0000000000
40358  -50.428  -25.019  5.243 0.0000000000
41141  -51.445  -24.499  5.915 0.0000000000
41135  -51.921  -24.064  6.294 0.0000000000
41989  -52.541  -23.541  6.685 0.0000000000
118423  -45.196  -27.037  20.640 0.0000000000
38431  -45.101  -27.106  19.699 0.0000000000
39408  -45.766  -26.872  19.395 0.0000000000
39426  -46.085  -26.958  18.729 0.0000000000
39427  -47.003  -26.815  18.815 0.0000000000
39428  -48.078  -26.880  18.779 0.0000000000
38467  -48.330  -27.419  17.940 0.0000000000
37501  -51.701  -28.574  17.077 0.0000000000
118083  -47.614  -25.795  13.223 0.0000000000
39486  -48.303  -26.031  13.795 0.0000000000
38574  -47.174  -26.987  13.313 0.0000000000
38558  -46.007  -27.845  13.393 0.0000000000
37550  -44.759  -27.816  12.683 0.0000000000
37541  -45.312  -28.037  13.218 0.0000000000
116740  -45.585  -28.556  13.658 0.0000000000
36581  -44.520  -29.591  13.539 0.0000000000
119186  -43.167  -31.161  12.998 0.0000000000
35706  -43.075  -30.365  12.749 0.0000000000
35704  -41.870  -30.937  12.138 0.0000000000
35710  -40.840  -30.678  11.330 0.0000000000
35717  -41.011  -29.991  11.221 0.0000000000
108948  -40.615  -28.908  5.429 0.0000000000
35790  -40.324  -31.312  5.349 0.0000000000
35012  -40.069  -31.627  5.080 0.0000000000
35013  -40.412  -31.820  4.959 0.0000000000
35026  -39.965  -31.533  4.685 0.0000000000
45455  -59.523  -20.331  8.626 0.0000000000
104866  -59.730  -20.947  8.338 0.0000000000
43669  -60.004  -21.036  7.199 0.0000000000
45480  -61.014  -19.281  6.970 0.0000000000
44586  -60.581  -20.510  6.663 0.0000000000
119625  -60.312  -20.756  6.677 0.0000000000
43686  -59.927  -20.949  6.155 0.0000000000
43702  -60.207  -21.123  5.241 0.0000000000
43713  -59.850  -21.722  4.517 0.0000000000
48194  -58.007  -16.284  1.199 0.0000000000
47347  -58.189  -16.568  1.115 0.0000000000
47329  -58.124  -17.078  1.069 0.0000000000
46453  -57.320  -18.270  1.431 0.0000000000
47346  -56.726  -16.824  0.630 0.0000000000
47328  -57.088  -17.440  0.913 0.0000000000
45548  -56.351  -19.365  1.449 0.0000000000
44636  -56.597  -20.812  0.818 0.0000000000
121206  -56.627  -20.556  -0.147 0.0000000000
123951  -56.657  -20.319  -0.924 0.0000000000
46484  -54.542  -18.182  -1.047 0.0000000000
45572  -55.519  -19.311  -0.955 0.0000000000
45573  -56.306  -19.724  -1.363 0.0000000000
45576  -56.778  -19.458  -2.133 0.0000000000
46491  -57.315  -18.957  -2.791 0.0000000000
52784  -56.304  -10.445  -1.559 0.0000000000
52791  -55.968  -11.006  -2.160 0.0000000000
52027  -56.874  -11.102  -1.920 0.0000000000
51233  -57.428  -12.616  -2.901 0.0000000000
50511  -58.154  -13.152  -3.010 0.0000000000
121647  -30.632  -36.686  23.680 0.0000000000
30500  -30.863  -36.639  22.982 0.0000000000
107724  -31.924  -36.726  22.011 0.0000000000
30522  -31.548  -36.444  21.339 0.0000000000
126430  -37.365  -32.566  17.837 0.0000000000
109929  -38.860  -34.332  16.143 0.0000000000
31444  -38.535  -35.251  16.454 0.0000000000
35613  -47.620  -30.884  20.660 0.0000000000
35595  -47.107  -31.000  21.430 0.0000000000
34824  -47.621  -31.157  20.654 0.0000000000
34007  -47.850  -31.613  20.175 0.0000000000
33141  -48.882  -33.613  18.396 0.0000000000
33131  -48.461  -33.190  18.911 0.0000000000
33130  -47.925  -33.010  19.249 0.0000000000
108734  -47.697  -34.866  18.982 0.0000000000
112377  -47.036  -35.422  19.208 0.0000000000
35016  -43.204  -31.873  5.355 0.0000000000
35814  -43.691  -31.169  4.677 0.0000000000
126759  -43.545  -32.116  5.782 0.0000000000
35002  -44.232  -32.156  5.887 0.0000000000
35003  -45.098  -32.152  6.143 0.0000000000
35762  -45.489  -31.782  7.521 0.0000000000
34961  -45.701  -32.413  7.197 0.0000000000
113889  -46.242  -32.674  7.040 0.0000000000
34152  -46.758  -32.666  7.410 0.0000000000
34141  -47.347  -32.715  7.800 0.0000000000
34963  -48.192  -32.600  7.901 0.0000000000
38622  -49.156  -27.254  7.684 0.0000000000
37582  -48.783  -28.267  7.976 0.0000000000
124343  -48.775  -29.002  8.381 0.0000000000
112157  -50.240  -28.625  8.697 0.0000000000
37583  -49.407  -29.002  8.561 0.0000000000
35749  -48.947  -31.094  9.096 0.0000000000
123149  -48.800  -31.969  8.795 0.0000000000
117436  -48.979  -32.267  8.572 0.0000000000
34964  -49.064  -32.264  8.362 0.0000000000
34965  -50.114  -31.995  8.296 0.0000000000
34966  -51.042  -31.895  8.652 0.0000000000
35750  -51.742  -31.784  8.974 0.0000000000
35732  -51.901  -31.473  9.765 0.0000000000
34939  -51.841  -31.640  9.479 0.0000000000
35766  -52.138  -31.107  8.446 0.0000000000
36628  -52.859  -30.775  8.816 0.0000000000
36629  -53.694  -30.229  9.129 0.0000000000
36630  -54.178  -29.379  8.864 0.0000000000
41789  -49.968  -24.106  20.545 0.0000000000
41803  -49.982  -24.000  20.095 0.0000000000
41817  -49.990  -24.104  19.525 0.0000000000
40998  -49.669  -24.255  18.759 0.0000000000
125959  -48.622  -24.047  18.439 0.0000000000
41008  -48.955  -24.512  17.826 0.0000000000
41018  -48.860  -24.912  16.894 0.0000000000
40230  -48.821  -25.250  16.138 0.0000000000
41042  -48.220  -25.229  14.697 0.0000000000
105087  -46.445  -23.439  16.182 0.0000000000
106650  -46.391  -23.347  14.320 0.0000000000
41855  -46.610  -23.875  15.662 0.0000000000
41041  -47.544  -24.680  14.468 0.0000000000
40255  -48.025  -25.089  14.098 0.0000000000
40262  -47.918  -25.366  13.678 0.0000000000
39499  -46.394  -26.271  12.439 0.0000000000
113485  -45.600  -26.238  11.860 0.0000000000
125917  -45.741  -25.544  11.398 0.0000000000
111337  -44.702  -26.593  11.513 0.0000000000
39525  -43.186  -26.878  10.371 0.0000000000
38606  -41.369  -27.402  8.890 0.0000000000
38607  -42.112  -26.871  9.006 0.0000000000
39545  -41.747  -26.730  8.204 0.0000000000
105397  -42.125  -26.317  7.623 0.0000000000
40321  -42.805  -25.836  7.561 0.0000000000
39569  -41.542  -26.544  6.575 0.0000000000
39582  -41.711  -26.700  6.005 0.0000000000
38643  -41.873  -27.312  5.665 0.0000000000
41957  -46.020  -23.581  8.356 0.0000000000
41119  -44.868  -24.683  7.361 0.0000000000
41132  -45.503  -24.795  6.890 0.0000000000
111247  -44.830  -25.206  6.770 0.0000000000
38644  -42.521  -27.539  5.644 0.0000000000
37622  -42.102  -28.305  5.542 0.0000000000
36668  -42.446  -29.738  5.879 0.0000000000
36655  -43.158  -30.479  6.383 0.0000000000
36654  -42.482  -31.246  6.243 0.0000000000
34978  -42.670  -31.913  6.104 0.0000000000
35001  -42.884  -32.102  5.879 0.0000000000
50477  -54.760  -13.338  0.496 0.0000000000
122271  -55.248  -12.978  1.390 0.0000000000
51994  -54.951  -11.963  1.304 0.0000000000
110122  -55.767  -11.194  2.737 0.0000000000
52745  -54.928  -10.950  1.180 0.0000000000
52753  -54.836  -10.460  0.418 0.0000000000
52754  -55.262  -9.954  0.938 0.0000000000
53477  -55.809  -9.342  0.224 0.0000000000
124242  -57.432  -8.860  3.972 0.0000000000
54261  -57.257  -8.680  3.166 0.0000000000
124053  -56.305  -9.042  0.619 0.0000000000
54301  -57.051  -9.065  0.083 0.0000000000
53496  -57.340  -9.721  -0.376 0.0000000000
52764  -58.035  -10.412  -0.367 0.0000000000
53497  -58.378  -10.085  0.389 0.0000000000
107728  -35.101  -36.604  24.454 0.0000000000
106187  -34.690  -36.731  23.296 0.0000000000
109071  -35.243  -36.682  23.875 0.0000000000
30516  -35.823  -36.371  23.437 0.0000000000
31366  -36.392  -36.016  22.849 0.0000000000
30506  -36.697  -35.953  24.044 0.0000000000
32202  -37.182  -34.737  21.176 0.0000000000
31331  -38.842  -34.810  24.080 0.0000000000
32222  -38.256  -33.951  20.347 0.0000000000
33126  -38.828  -33.091  19.392 0.0000000000
110789  -41.230  -32.467  17.676 0.0000000000
34046  -41.695  -32.799  17.406 0.0000000000
32300  -47.664  -35.004  16.398 0.0000000000
35836  -44.136  -30.092  3.963 0.0000000000
35815  -45.975  -30.459  4.725 0.0000000000
113592  -45.334  -29.646  3.540 0.0000000000
37648  -45.198  -29.172  1.984 0.0000000000
35795  -48.705  -30.805  4.760 0.0000000000
35818  -48.636  -30.672  3.562 0.0000000000
36700  -48.606  -30.674  2.256 0.0000000000
36715  -48.473  -30.648  1.362 0.0000000000
43742  -49.918  -21.016  1.755 0.0000000000
44621  -50.656  -20.713  1.446 0.0000000000
44622  -51.535  -20.595  1.299 0.0000000000
120340  -52.375  -20.722  1.434 0.0000000000
36489  -40.151  -29.555  21.062 0.0000000000
35589  -40.025  -30.253  21.067 0.0000000000
35606  -40.650  -29.832  20.613 0.0000000000
35607  -41.298  -29.954  20.274 0.0000000000
35608  -41.963  -30.123  20.148 0.0000000000
37464  -41.833  -29.014  19.798 0.0000000000
36499  -41.948  -29.475  19.785 0.0000000000
35630  -42.646  -30.002  19.810 0.0000000000
38447  -44.272  -27.582  19.046 0.0000000000
38463  -44.281  -27.944  18.244 0.0000000000
36539  -44.995  -28.876  17.799 0.0000000000
37497  -46.962  -28.356  17.432 0.0000000000
36540  -45.833  -29.104  17.780 0.0000000000
36523  -45.100  -29.346  18.161 0.0000000000
36524  -46.188  -29.648  18.430 0.0000000000
35633  -46.670  -30.070  19.576 0.0000000000
35635  -48.334  -30.885  19.832 0.0000000000
34840  -48.848  -31.513  19.239 0.0000000000
34039  -49.859  -32.124  18.225 0.0000000000
34851  -50.140  -31.691  18.040 0.0000000000
34040  -50.480  -32.182  17.667 0.0000000000
106854  -50.036  -32.722  17.832 0.0000000000
33150  -49.983  -33.273  17.320 0.0000000000
33160  -49.358  -33.755  16.314 0.0000000000
40205  -50.892  -25.160  20.008 0.0000000000
40211  -51.206  -25.655  19.468 0.0000000000
40232  -51.032  -26.176  17.201 0.0000000000
40225  -51.555  -26.402  17.801 0.0000000000
39430  -51.579  -26.585  18.055 0.0000000000
38470  -51.702  -27.136  17.593 0.0000000000
38495  -51.817  -27.702  17.131 0.0000000000
115797  -51.677  -28.762  16.552 0.0000000000
38561  -48.493  -26.899  14.061 0.0000000000
38543  -49.217  -26.975  14.585 0.0000000000
38544  -49.960  -27.421  15.127 0.0000000000
37532  -48.559  -28.522  14.636 0.0000000000
37533  -49.654  -28.381  15.004 0.0000000000
37524  -50.763  -28.275  15.515 0.0000000000
36561  -51.357  -29.187  15.949 0.0000000000
36562  -51.586  -29.666  16.495 0.0000000000
35684  -51.115  -30.887  15.903 0.0000000000
34875  -50.621  -31.714  15.821 0.0000000000
34076  -48.448  -31.995  15.300 0.0000000000
34066  -49.163  -32.523  15.548 0.0000000000
104888  -49.363  -33.198  15.785 0.0000000000
33172  -47.801  -33.558  15.578 0.0000000000
32321  -47.230  -34.191  15.816 0.0000000000
37620  -39.842  -28.451  5.468 0.0000000000
124512  -49.856  -19.610  14.904 0.0000000000
113229  -50.239  -19.827  14.235 0.0000000000
45375  -50.196  -18.866  15.982 0.0000000000
45390  -50.473  -19.299  15.398 0.0000000000
46226  -50.853  -18.517  16.598 0.0000000000
106293  -30.392  -36.810  25.095 0.0000000000
30472  -31.474  -36.984  25.086 0.0000000000
29620  -32.276  -36.916  25.013 0.0000000000
29610  -31.986  -37.062  25.678 0.0000000000
29621  -32.845  -36.842  24.933 0.0000000000
29612  -33.199  -36.800  25.017 0.0000000000
30473  -33.673  -36.760  25.220 0.0000000000
30488  -34.464  -36.736  24.729 0.0000000000
31318  -35.330  -36.250  25.029 0.0000000000
31319  -35.867  -35.425  24.953 0.0000000000
32167  -36.508  -34.726  24.660 0.0000000000
33071  -36.837  -33.914  24.339 0.0000000000
33949  -36.566  -33.024  24.564 0.0000000000
33950  -36.994  -33.043  23.867 0.0000000000
34763  -37.823  -31.505  23.047 0.0000000000
35579  -38.352  -31.041  22.536 0.0000000000
36481  -39.285  -29.843  22.368 0.0000000000
36482  -39.896  -29.394  21.945 0.0000000000
37441  -40.465  -29.042  21.676 0.0000000000
37443  -42.306  -28.404  22.718 0.0000000000
112336  -41.983  -28.421  21.688 0.0000000000
38415  -44.753  -27.285  21.384 0.0000000000
38416  -45.703  -26.798  21.452 0.0000000000
39378  -46.601  -26.383  21.512 0.0000000000
39379  -47.601  -25.981  21.656 0.0000000000
39380  -48.479  -25.562  21.598 0.0000000000
40196  -49.094  -25.160  21.609 0.0000000000
40976  -49.356  -24.613  21.589 0.0000000000
40965  -49.183  -24.070  21.723 0.0000000000
41775  -49.597  -23.944  21.133 0.0000000000
42640  -49.478  -23.704  20.829 0.0000000000
42652  -48.967  -23.189  20.865 0.0000000000
43512  -48.431  -22.388  20.972 0.0000000000
43502  -48.012  -21.701  21.506 0.0000000000
43525  -48.042  -22.257  20.496 0.0000000000
43524  -47.371  -21.713  19.976 0.0000000000
44446  -46.706  -20.287  19.521 0.0000000000
117422  -46.889  -19.275  20.259 0.0000000000
45351  -46.647  -19.459  19.413 0.0000000000
44455  -46.459  -20.177  18.643 0.0000000000
45365  -46.471  -19.690  17.954 0.0000000000
45366  -46.839  -19.146  17.353 0.0000000000
46223  -47.682  -18.673  16.867 0.0000000000
45374  -49.160  -18.882  16.015 0.0000000000
44505  -50.649  -20.155  13.533 0.0000000000
44518  -51.158  -20.543  12.754 0.0000000000
43592  -52.025  -21.171  12.447 0.0000000000
123240  -52.181  -20.477  14.245 0.0000000000
43579  -52.322  -20.939  13.462 0.0000000000
41084  -53.158  -24.454  10.326 0.0000000000
40314  -53.380  -25.328  10.177 0.0000000000
44475  -54.015  -20.368  15.358 0.0000000000
123284  -54.286  -21.505  14.657 0.0000000000
43569  -54.936  -21.659  14.554 0.0000000000
42738  -54.931  -22.656  13.798 0.0000000000
42751  -54.216  -22.848  13.175 0.0000000000
41918  -53.958  -23.681  12.068 0.0000000000
41085  -53.981  -24.899  10.902 0.0000000000
39528  -54.123  -27.128  10.773 0.0000000000
119786  -54.448  -28.455  11.145 0.0000000000
39513  -55.821  -27.116  11.814 0.0000000000
38584  -55.404  -28.897  11.490 0.0000000000
36595  -55.571  -29.471  11.217 0.0000000000
36615  -55.320  -29.797  10.711 0.0000000000
37573  -55.247  -29.682  10.075 0.0000000000
37585  -54.780  -29.023  9.143 0.0000000000
42774  -55.867  -22.207  10.988 0.0000000000
41920  -56.686  -24.396  11.474 0.0000000000
40288  -57.169  -25.698  10.928 0.0000000000
41937  -58.368  -23.888  10.136 0.0000000000
117227  -57.625  -25.191  10.611 0.0000000000
39531  -57.239  -26.187  10.632 0.0000000000
38601  -56.654  -27.629  10.377 0.0000000000
38612  -55.815  -27.625  9.155 0.0000000000
38611  -54.919  -27.866  8.577 0.0000000000
39565  -54.608  -26.838  8.035 0.0000000000
39564  -53.840  -26.547  7.547 0.0000000000
40341  -53.689  -25.835  7.407 0.0000000000
119231  -54.904  -25.311  8.023 0.0000000000
111874  -53.918  -25.001  7.484 0.0000000000
41990  -53.247  -24.028  7.208 0.0000000000
125407  -52.608  -22.664  6.606 0.0000000000
42820  -56.899  -22.225  7.987 0.0000000000
43666  -57.222  -21.642  7.399 0.0000000000
108538  -55.252  -22.179  7.741 0.0000000000
42818  -54.447  -22.455  7.595 0.0000000000
126733  -53.677  -22.456  7.252 0.0000000000
42832  -52.415  -22.070  6.214 0.0000000000
42840  -52.351  -21.642  5.571 0.0000000000
43707  -52.569  -21.347  4.785 0.0000000000
104782  -52.147  -21.196  4.112 0.0000000000
116792  -53.976  -21.407  4.911 0.0000000000
120942  -53.080  -21.299  3.982 0.0000000000
43720  -52.738  -21.217  3.324 0.0000000000
43745  -52.959  -21.040  1.932 0.0000000000
43759  -53.016  -20.870  1.088 0.0000000000
44609  -61.368  -20.479  4.284 0.0000000000
44608  -60.804  -21.012  4.114 0.0000000000
43725  -60.095  -21.812  4.085 0.0000000000
46455  -59.291  -17.408  1.668 0.0000000000
45533  -59.806  -19.205  2.526 0.0000000000
123372  -58.121  -20.566  2.608 0.0000000000
106701  -59.062  -20.479  2.906 0.0000000000
44614  -60.109  -20.463  3.235 0.0000000000
43724  -59.441  -22.292  3.827 0.0000000000
42848  -58.462  -22.798  3.858 0.0000000000
42847  -57.558  -22.888  3.824 0.0000000000
42856  -56.409  -23.112  3.027 0.0000000000
42866  -57.071  -23.702  2.503 0.0000000000
42855  -55.459  -22.567  2.786 0.0000000000
43746  -53.701  -21.405  1.399 0.0000000000
43760  -53.605  -21.209  0.729 0.0000000000
105561  -53.899  -21.275  0.135 0.0000000000
43783  -53.593  -20.810  -0.565 0.0000000000
120912  -54.061  -20.978  -1.220 0.0000000000
125760  -55.076  -21.976  -0.634 0.0000000000
121358  -54.776  -21.547  -1.206 0.0000000000
43784  -54.445  -21.090  -1.783 0.0000000000
43798  -55.170  -21.189  -2.920 0.0000000000
42889  -57.980  -23.362  0.401 0.0000000000
42036  -57.999  -23.564  -0.022 0.0000000000
42035  -58.026  -23.663  -0.449 0.0000000000
42046  -58.388  -23.570  -0.693 0.0000000000
42910  -57.125  -23.242  -1.325 0.0000000000
125712  -54.198  -13.584  -0.247 0.0000000000
49752  -53.449  -14.927  -2.122 0.0000000000
51222  -53.539  -12.453  -1.807 0.0000000000
115368  -53.503  -14.302  -2.423 0.0000000000
48225  -54.271  -16.279  -2.774 0.0000000000
47361  -56.022  -17.957  -2.973 0.0000000000
114929  -55.770  -11.624  -2.494 0.0000000000
51240  -55.774  -12.838  -3.166 0.0000000000
49764  -56.137  -14.285  -3.535 0.0000000000
49009  -57.613  -15.481  -3.609 0.0000000000
124481  -57.329  -16.229  -3.603 0.0000000000
108255  -56.685  -15.756  -3.567 0.0000000000
126489  -57.435  -17.760  -3.411 0.0000000000
46493  -57.773  -18.386  -3.294 0.0000000000
45578  -58.839  -19.975  -2.702 0.0000000000
30499  -29.903  -36.320  23.178 0.0000000000
31363  -29.534  -36.022  22.242 0.0000000000
31379  -30.341  -36.042  21.066 0.0000000000
32270  -29.512  -34.786  17.171 0.0000000000
32271  -30.501  -35.154  17.135 0.0000000000
31397  -35.030  -35.317  20.983 0.0000000000
31396  -34.152  -35.644  20.822 0.0000000000
33135  -35.628  -33.799  18.924 0.0000000000
33146  -35.607  -33.053  17.508 0.0000000000
33134  -35.178  -33.554  18.180 0.0000000000
113096  -34.180  -34.479  18.709 0.0000000000
32252  -33.592  -34.598  18.142 0.0000000000
32293  -32.284  -34.487  15.721 0.0000000000
32294  -33.176  -33.918  15.466 0.0000000000
34783  -42.022  -31.891  23.190 0.0000000000
34807  -43.365  -31.250  22.463 0.0000000000
34784  -43.115  -31.771  23.302 0.0000000000
34764  -42.887  -32.304  23.788 0.0000000000
33086  -43.555  -33.173  23.722 0.0000000000
33992  -46.583  -31.546  21.755 0.0000000000
33991  -46.058  -32.145  21.987 0.0000000000
33097  -44.478  -33.124  22.536 0.0000000000
33110  -43.720  -33.516  22.076 0.0000000000
34002  -42.571  -32.777  19.823 0.0000000000
34018  -42.968  -32.402  18.962 0.0000000000
34033  -42.572  -32.408  18.115 0.0000000000
31450  -48.045  -35.732  16.954 0.0000000000
30565  -48.313  -36.120  17.928 0.0000000000
30564  -48.040  -36.641  17.966 0.0000000000
115924  -48.007  -36.205  18.709 0.0000000000
32238  -46.098  -34.764  18.950 0.0000000000
106656  -43.950  -34.385  18.287 0.0000000000
32279  -43.443  -33.885  17.782 0.0000000000
32278  -42.611  -34.057  17.596 0.0000000000
32277  -41.798  -34.109  17.370 0.0000000000
31434  -41.331  -34.845  17.608 0.0000000000
31433  -40.780  -35.448  17.771 0.0000000000
31350  -39.429  -34.815  23.888 0.0000000000
31435  -48.186  -36.121  17.550 0.0000000000
33087  -44.270  -32.850  23.406 0.0000000000
33157  -38.431  -33.061  15.893 0.0000000000
33162  -50.521  -32.921  16.912 0.0000000000
33969  -44.515  -32.333  23.422 0.0000000000
34024  -48.723  -32.218  19.146 0.0000000000
34034  -43.483  -32.501  18.338 0.0000000000
34051  -51.408  -31.782  16.990 0.0000000000
34068  -50.843  -32.202  16.206 0.0000000000
34127  -46.960  -32.695  7.714 0.0000000000
34129  -48.396  -32.483  8.200 0.0000000000
34810  -46.456  -31.117  22.044 0.0000000000
34852  -50.745  -31.341  17.634 0.0000000000
34861  -51.615  -31.019  16.918 0.0000000000
34869  -51.467  -31.383  16.687 0.0000000000
34876  -51.198  -31.490  16.237 0.0000000000
34951  -48.184  -32.335  8.392 0.0000000000
34962  -46.221  -32.322  7.618 0.0000000000
34981  -45.549  -32.466  6.807 0.0000000000
34983  -47.449  -32.427  7.376 0.0000000000
34998  -40.645  -31.725  5.171 0.0000000000
35000  -42.181  -31.995  5.786 0.0000000000
35612  -46.958  -30.516  20.805 0.0000000000
35636  -48.714  -31.142  19.444 0.0000000000
35652  -49.078  -30.872  19.032 0.0000000000
35682  -49.310  -30.777  15.378 0.0000000000
35695  -48.785  -30.175  15.133 0.0000000000
35699  -43.737  -30.777  13.326 0.0000000000
35705  -42.267  -30.331  12.253 0.0000000000
35718  -52.734  -31.217  10.173 0.0000000000
35719  -53.145  -31.205  10.125 0.0000000000
35730  -49.923  -31.338  9.336 0.0000000000
35731  -50.889  -31.507  9.484 0.0000000000
35746  -46.797  -32.101  8.191 0.0000000000
35751  -52.403  -31.450  9.427 0.0000000000
35763  -46.190  -31.365  7.994 0.0000000000
35765  -51.443  -31.242  8.081 0.0000000000
35812  -42.004  -31.719  4.805 0.0000000000
36508  -45.494  -29.844  18.996 0.0000000000
36552  -51.690  -29.247  16.760 0.0000000000
36573  -47.230  -29.651  14.644 0.0000000000
36593  -41.451  -29.620  11.363 0.0000000000
36596  -56.020  -29.212  11.319 0.0000000000
36603  -54.999  -29.981  10.798 0.0000000000
36604  -55.723  -29.555  11.029 0.0000000000
36614  -54.750  -30.164  10.437 0.0000000000
36644  -51.779  -30.594  7.662 0.0000000000
37483  -44.535  -28.444  17.931 0.0000000000
37496  -45.989  -28.393  17.541 0.0000000000
37502  -51.785  -28.444  16.830 0.0000000000
37513  -51.768  -28.085  16.648 0.0000000000
37558  -56.078  -28.798  11.506 0.0000000000
37562  -53.011  -29.967  10.548 0.0000000000
37563  -53.775  -29.982  10.760 0.0000000000
37564  -54.720  -29.680  11.088 0.0000000000
37566  -56.230  -28.787  11.276 0.0000000000
37574  -55.898  -29.252  10.594 0.0000000000
37575  -56.367  -28.635  10.828 0.0000000000
37586  -55.560  -28.681  9.551 0.0000000000
37595  -46.602  -28.862  7.466 0.0000000000
37623  -42.859  -28.360  5.687 0.0000000000
38446  -43.619  -27.917  19.436 0.0000000000
38466  -47.289  -27.224  18.011 0.0000000000
38488  -44.998  -27.802  17.835 0.0000000000
38489  -45.639  -27.845  17.670 0.0000000000
38515  -51.808  -27.645  16.904 0.0000000000
38585  -55.937  -28.269  11.720 0.0000000000
38594  -56.969  -26.855  10.481 0.0000000000
38624  -54.051  -27.455  7.872 0.0000000000
39440  -51.741  -27.045  17.370 0.0000000000
39485  -47.759  -26.532  13.486 0.0000000000
39530  -56.726  -26.882  11.057 0.0000000000
39540  -52.763  -26.640  9.619 0.0000000000
39542  -57.203  -26.734  9.981 0.0000000000
39546  -42.414  -26.321  8.324 0.0000000000
39553  -56.900  -26.514  9.394 0.0000000000
39570  -42.277  -26.350  6.481 0.0000000000
39573  -45.066  -25.998  6.431 0.0000000000
39575  -46.942  -25.947  6.654 0.0000000000
39583  -42.568  -26.769  5.914 0.0000000000
40218  -51.531  -26.075  18.398 0.0000000000
40224  -51.287  -25.690  18.109 0.0000000000
40233  -51.584  -26.720  17.210 0.0000000000
40244  -49.539  -26.002  15.816 0.0000000000
40275  -56.194  -25.840  11.879 0.0000000000
40300  -57.788  -25.478  10.310 0.0000000000
40316  -58.254  -25.033  9.885 0.0000000000
40324  -50.886  -25.945  8.249 0.0000000000
40340  -50.236  -24.774  7.948 0.0000000000
40966  -49.455  -23.996  21.432 0.0000000000
40977  -49.603  -24.263  21.361 0.0000000000
41000  -51.048  -25.052  18.669 0.0000000000
41057  -55.875  -23.781  13.201 0.0000000000
41059  -56.228  -25.181  12.046 0.0000000000
41067  -46.552  -24.385  11.612 0.0000000000
41070  -56.860  -25.148  11.339 0.0000000000
41082  -45.701  -24.379  9.996 0.0000000000
41086  -57.779  -24.572  10.559 0.0000000000
41108  -51.423  -24.722  8.714 0.0000000000
41112  -58.406  -24.560  9.489 0.0000000000
41133  -46.267  -24.570  6.890 0.0000000000
41134  -47.068  -24.529  6.883 0.0000000000
41886  -55.575  -22.987  13.610 0.0000000000
41903  -55.312  -23.238  13.394 0.0000000000
41905  -56.200  -24.126  12.661 0.0000000000
41935  -52.754  -23.664  10.420 0.0000000000
41959  -48.757  -22.757  8.270 0.0000000000
41965  -58.198  -23.932  8.726 0.0000000000
41978  -54.553  -23.420  7.872 0.0000000000
42753  -56.060  -23.478  13.145 0.0000000000
42776  -58.854  -23.491  9.591 0.0000000000
42783  -46.964  -22.383  10.034 0.0000000000
42785  -48.044  -21.921  8.888 0.0000000000
42805  -50.019  -22.832  8.808 0.0000000000
42806  -57.901  -22.995  8.386 0.0000000000
42808  -59.271  -23.336  8.957 0.0000000000
42819  -55.938  -22.426  8.094 0.0000000000
42844  -50.002  -22.127  3.877 0.0000000000
42849  -59.350  -22.458  3.983 0.0000000000
42912  -59.320  -23.306  -1.481 0.0000000000
43568  -53.574  -21.376  14.509 0.0000000000
43581  -54.371  -21.996  14.267 0.0000000000
43593  -52.867  -21.687  13.035 0.0000000000
43608  -51.815  -21.589  11.564 0.0000000000
43617  -48.414  -21.101  10.442 0.0000000000
43620  -51.189  -21.779  10.733 0.0000000000
43680  -53.731  -21.594  6.394 0.0000000000
43743  -50.332  -21.150  2.461 0.0000000000
44472  -47.357  -20.216  15.096 0.0000000000
44473  -52.419  -19.856  15.405 0.0000000000
44486  -49.307  -19.906  14.268 0.0000000000
44488  -52.076  -20.018  14.802 0.0000000000
44491  -55.108  -21.018  14.815 0.0000000000
44503  -48.741  -20.209  13.532 0.0000000000
44528  -47.710  -20.714  12.110 0.0000000000
44530  -49.217  -20.705  11.335 0.0000000000
44575  -60.218  -20.759  7.315 0.0000000000
44595  -61.036  -20.568  5.310 0.0000000000
44603  -60.934  -20.788  4.646 0.0000000000
45372  -47.109  -19.319  16.598 0.0000000000
45392  -52.817  -19.553  16.051 0.0000000000
45557  -55.638  -19.435  0.458 0.0000000000
45567  -55.518  -19.392  -0.139 0.0000000000
45582  -58.203  -19.158  -3.055 0.0000000000
46488  -54.713  -18.143  -1.703 0.0000000000
46492  -56.922  -18.221  -3.135 0.0000000000
47312  -59.688  -17.390  1.934 0.0000000000
48195  -58.543  -16.697  1.361 0.0000000000
48220  -54.083  -17.024  -2.167 0.0000000000
48226  -55.063  -16.534  -3.158 0.0000000000
48228  -56.640  -16.626  -3.472 0.0000000000
48229  -58.111  -16.302  -3.678 0.0000000000
49005  -53.737  -14.803  -2.785 0.0000000000
49007  -54.936  -15.813  -3.307 0.0000000000
49008  -55.784  -15.205  -3.509 0.0000000000
49732  -53.693  -13.369  -0.947 0.0000000000
49733  -53.946  -14.153  -0.765 0.0000000000
49762  -54.270  -14.592  -3.219 0.0000000000
50501  -53.468  -13.145  -1.684 0.0000000000
50509  -53.502  -13.611  -2.326 0.0000000000
50510  -53.932  -13.182  -2.749 0.0000000000
50521  -56.405  -13.486  -3.405 0.0000000000
51207  -53.607  -12.553  -1.094 0.0000000000
51230  -54.296  -12.401  -2.558 0.0000000000
51232  -56.121  -12.199  -2.828 0.0000000000
51239  -54.811  -12.970  -3.063 0.0000000000
52024  -53.856  -11.935  -2.086 0.0000000000
52025  -54.323  -11.269  -1.723 0.0000000000
52037  -55.116  -11.245  -2.169 0.0000000000
52038  -56.496  -11.655  -2.449 0.0000000000
52737  -55.976  -10.160  2.558 0.0000000000
52763  -55.222  -10.184  -1.061 0.0000000000
53478  -56.646  -8.989  0.324 0.0000000000
53494  -55.507  -9.786  -0.529 0.0000000000
53495  -56.367  -9.436  -0.419 0.0000000000
54277  -55.957  -9.248  1.033 0.0000000000
105117  -53.087  -21.420  5.332 0.0000000000
106166  -56.387  -27.437  11.406 0.0000000000
107611  -54.011  -17.142  -1.444 0.0000000000
108680  -50.324  -23.081  4.766 0.0000000000
108770  -57.964  -14.037  -3.388 0.0000000000
109290  -43.761  -29.566  6.376 0.0000000000
109399  -55.518  -25.087  12.087 0.0000000000
109718  -54.369  -25.960  7.721 0.0000000000
109752  -50.780  -20.335  0.179 0.0000000000
109803  -49.035  -27.636  14.557 0.0000000000
110131  -50.248  -24.694  18.355 0.0000000000
110167  -51.367  -30.120  16.122 0.0000000000
111153  -50.853  -20.972  2.597 0.0000000000
111684  -53.517  -12.968  -2.199 0.0000000000
112100  -57.036  -14.121  -3.535 0.0000000000
113152  -47.037  -31.499  6.147 0.0000000000
115056  -47.608  -30.823  8.583 0.0000000000
116848  -57.516  -25.283  8.994 0.0000000000
117757  -52.224  -26.776  6.569 0.0000000000
118415  -48.818  -29.753  8.690 0.0000000000
118499  -54.778  -21.485  4.978 0.0000000000
119142  -52.547  -21.787  12.262 0.0000000000
120617  -55.286  -17.663  -2.715 0.0000000000
120860  -53.747  -15.575  -2.476 0.0000000000
120986  -46.575  -28.916  17.586 0.0000000000
121114  -53.106  -22.958  7.084 0.0000000000
121299  -47.946  -28.308  14.401 0.0000000000
121796  -57.997  -22.273  9.794 0.0000000000
122351  -45.524  -32.208  22.641 0.0000000000
122838  -56.535  -23.151  -0.175 0.0000000000
122868  -44.855  -28.854  6.678 0.0000000000
122909  -53.180  -22.078  6.742 0.0000000000
122954  -51.480  -23.476  9.362 0.0000000000
123709  -45.572  -27.715  6.591 0.0000000000
123926  -50.698  -22.515  9.566 0.0000000000
124491  -45.437  -31.422  22.713 0.0000000000
124516  -55.962  -23.801  13.229 0.0000000000
124720  -50.077  -33.342  16.920 0.0000000000
124738  -45.466  -28.702  17.663 0.0000000000
125278  -50.601  -31.778  17.673 0.0000000000
125337  -54.860  -10.890  -1.733 0.0000000000
126582  -50.340  -25.890  16.776 0.0000000000
126590  -34.535  -34.692  13.788 0.0000000000
