#!ascii label  , from subject sub-v1s10x0051056_ses-1 vox2ras=TkReg
1039
42336  26.696  -26.161  12.304 0.0000000000
58287  40.054  -7.937  -0.831 0.0000000000
49873  31.355  -18.576  3.461 0.0000000000
112759  6.549  -28.265  21.673 0.0000000000
43179  20.374  -25.370  16.284 0.0000000000
126052  30.272  -12.338  4.594 0.0000000000
41345  13.166  -27.004  16.775 0.0000000000
39432  9.896  -29.423  19.199 0.0000000000
39475  16.553  -29.349  15.570 0.0000000000
57515  44.825  -9.352  -1.365 0.0000000000
46042  29.517  -23.114  12.556 0.0000000000
46089  28.920  -22.305  9.671 0.0000000000
127101  31.708  -26.527  12.100 0.0000000000
60962  42.923  -5.017  -1.468 0.0000000000
60121  46.432  -6.186  -3.750 0.0000000000
60083  35.717  -6.803  1.649 0.0000000000
110236  38.310  -11.684  1.531 0.0000000000
55910  33.977  -11.131  2.627 0.0000000000
51613  35.477  -16.256  3.462 0.0000000000
108234  24.077  -27.257  16.068 0.0000000000
35626  5.169  -33.235  22.652 0.0000000000
35596  1.895  -33.611  24.433 0.0000000000
35536  -0.471  -32.761  27.795 0.0000000000
45045  23.135  -22.883  13.835 0.0000000000
38475  21.173  -30.027  15.031 0.0000000000
49832  27.215  -18.376  7.251 0.0000000000
108797  32.913  -20.632  9.063 0.0000000000
62614  49.952  -2.963  -5.164 0.0000000000
57517  42.140  -9.181  -1.218 0.0000000000
56745  41.858  -10.878  0.044 0.0000000000
43203  28.245  -25.474  12.445 0.0000000000
43235  29.811  -25.692  11.066 0.0000000000
124279  28.957  -27.333  12.009 0.0000000000
60088  40.019  -5.863  -0.046 0.0000000000
109769  41.896  -5.175  0.497 0.0000000000
109089  41.934  -6.930  -1.655 0.0000000000
60112  43.580  -6.831  -2.493 0.0000000000
31778  -0.882  -37.512  25.947 0.0000000000
128475  34.583  -8.311  1.547 0.0000000000
58247  32.374  -8.363  3.543 0.0000000000
53249  30.788  -15.017  3.245 0.0000000000
54157  32.403  -13.879  2.786 0.0000000000
120823  33.147  -17.190  2.941 0.0000000000
119157  34.049  -19.451  5.175 0.0000000000
126011  7.840  -28.917  19.874 0.0000000000
38384  9.449  -30.650  21.313 0.0000000000
37487  7.150  -31.200  20.600 0.0000000000
36540  6.735  -32.572  23.137 0.0000000000
38388  5.131  -30.984  21.540 0.0000000000
38316  2.464  -30.683  25.023 0.0000000000
35568  0.980  -33.390  25.827 0.0000000000
45027  21.278  -22.981  15.170 0.0000000000
42319  21.274  -25.980  12.806 0.0000000000
42321  19.959  -26.887  13.299 0.0000000000
113450  15.342  -29.973  18.337 0.0000000000
38427  17.513  -30.797  18.437 0.0000000000
46060  32.412  -22.491  11.675 0.0000000000
48127  30.344  -20.585  10.003 0.0000000000
57429  31.729  -9.391  6.339 0.0000000000
119353  30.248  -14.098  5.453 0.0000000000
52391  29.781  -16.176  4.426 0.0000000000
39443  13.263  -29.330  18.364 0.0000000000
111198  12.112  -29.678  19.635 0.0000000000
40374  11.231  -28.533  18.168 0.0000000000
41293  9.808  -27.004  19.743 0.0000000000
123878  8.520  -26.443  21.579 0.0000000000
41402  18.410  -28.009  14.461 0.0000000000
41362  17.047  -26.871  15.803 0.0000000000
40409  14.527  -28.669  16.403 0.0000000000
47056  28.371  -21.289  13.272 0.0000000000
47086  26.482  -21.129  10.562 0.0000000000
46077  28.623  -23.097  10.235 0.0000000000
44163  31.498  -24.397  10.648 0.0000000000
62612  46.633  -3.553  -3.115 0.0000000000
60971  44.762  -4.719  -2.972 0.0000000000
112539  45.804  -7.763  -2.798 0.0000000000
59151  38.102  -7.222  0.090 0.0000000000
124359  38.698  -9.731  -0.049 0.0000000000
57490  36.947  -9.377  0.504 0.0000000000
55928  35.722  -11.094  1.817 0.0000000000
55014  35.928  -12.308  3.941 0.0000000000
56712  31.646  -10.658  3.721 0.0000000000
54135  34.182  -13.606  3.382 0.0000000000
42298  25.163  -26.448  14.122 0.0000000000
40442  27.881  -28.308  14.213 0.0000000000
60080  38.464  -6.045  1.556 0.0000000000
40299  4.984  -28.310  23.536 0.0000000000
114193  3.962  -30.266  22.959 0.0000000000
36542  3.132  -32.907  23.300 0.0000000000
33741  2.847  -35.351  24.344 0.0000000000
32788  1.646  -36.240  24.898 0.0000000000
114266  0.124  -34.739  26.181 0.0000000000
34600  -0.899  -34.736  26.962 0.0000000000
34587  -2.647  -34.506  27.372 0.0000000000
44132  24.962  -24.601  12.916 0.0000000000
109046  23.294  -25.694  13.437 0.0000000000
40424  22.860  -28.392  15.529 0.0000000000
38478  19.027  -30.066  14.881 0.0000000000
49050  29.264  -19.023  4.657 0.0000000000
48147  27.480  -19.930  8.834 0.0000000000
109425  29.889  -20.483  6.888 0.0000000000
48183  32.357  -20.263  5.892 0.0000000000
40439  30.528  -28.049  14.389 0.0000000000
61790  50.940  -3.895  -6.499 0.0000000000
61784  48.394  -4.589  -4.816 0.0000000000
60987  49.672  -5.759  -5.663 0.0000000000
58286  40.621  -8.589  -0.959 0.0000000000
114111  41.996  -9.802  -0.796 0.0000000000
57505  40.258  -9.321  -0.609 0.0000000000
43222  27.332  -25.815  12.259 0.0000000000
42334  28.747  -26.590  11.702 0.0000000000
41440  28.141  -27.265  12.149 0.0000000000
60099  39.690  -6.582  -0.366 0.0000000000
60098  40.466  -6.303  -0.585 0.0000000000
58309  40.808  -7.728  -1.162 0.0000000000
59177  42.161  -7.816  -1.691 0.0000000000
31779  -1.809  -37.298  25.927 0.0000000000
59131  33.299  -7.370  3.276 0.0000000000
59120  32.786  -7.667  4.746 0.0000000000
50676  30.834  -17.153  2.939 0.0000000000
51628  31.745  -16.278  2.571 0.0000000000
125600  31.942  -17.624  2.811 0.0000000000
49858  33.631  -18.723  4.088 0.0000000000
49859  32.806  -19.024  4.047 0.0000000000
40340  7.228  -28.706  20.490 0.0000000000
126126  7.266  -30.172  20.135 0.0000000000
39418  6.720  -30.018  20.444 0.0000000000
38386  6.392  -30.832  20.736 0.0000000000
39397  6.079  -29.857  20.948 0.0000000000
44094  20.995  -23.643  15.867 0.0000000000
44121  20.390  -24.706  14.174 0.0000000000
43187  20.157  -25.438  15.148 0.0000000000
39441  15.273  -30.017  19.201 0.0000000000
49801  26.097  -18.725  11.604 0.0000000000
117864  32.299  -21.379  12.153 0.0000000000
53204  30.152  -14.863  4.990 0.0000000000
52379  30.015  -15.936  4.942 0.0000000000
122149  13.012  -28.369  17.113 0.0000000000
118454  12.478  -29.153  18.071 0.0000000000
41347  11.826  -28.035  17.628 0.0000000000
42239  10.466  -26.629  19.446 0.0000000000
42223  10.257  -26.140  20.323 0.0000000000
41279  8.947  -26.637  20.900 0.0000000000
41361  18.184  -26.743  15.970 0.0000000000
42264  14.134  -25.832  17.032 0.0000000000
41365  14.612  -27.309  15.986 0.0000000000
41366  13.833  -27.261  16.392 0.0000000000
40390  13.780  -28.676  16.920 0.0000000000
46043  28.176  -22.428  11.605 0.0000000000
45081  28.965  -23.096  11.724 0.0000000000
42354  30.975  -26.574  11.431 0.0000000000
43252  30.221  -25.151  10.637 0.0000000000
108483  31.774  -25.938  11.548 0.0000000000
44149  32.123  -24.673  11.179 0.0000000000
42330  32.279  -26.302  12.606 0.0000000000
60956  42.680  -4.804  -0.598 0.0000000000
61777  45.242  -3.989  -2.744 0.0000000000
61770  44.000  -4.862  -2.506 0.0000000000
58306  43.684  -8.585  -1.956 0.0000000000
59188  44.306  -7.378  -2.609 0.0000000000
129887  44.928  -8.470  -2.199 0.0000000000
60092  36.783  -7.008  0.691 0.0000000000
58274  37.154  -8.378  0.293 0.0000000000
59154  35.738  -8.005  0.882 0.0000000000
57463  34.118  -9.710  1.872 0.0000000000
56734  34.926  -10.027  1.584 0.0000000000
55909  34.937  -11.230  2.446 0.0000000000
110192  35.724  -11.450  2.483 0.0000000000
55889  34.479  -11.716  3.185 0.0000000000
56684  30.639  -10.588  5.717 0.0000000000
56696  31.204  -10.276  4.416 0.0000000000
55868  31.015  -11.155  4.260 0.0000000000
128280  33.400  -15.024  2.692 0.0000000000
54156  33.286  -13.722  2.981 0.0000000000
53226  34.914  -14.922  3.274 0.0000000000
53225  35.633  -14.643  3.602 0.0000000000
42285  24.805  -26.646  15.252 0.0000000000
41397  26.412  -27.485  14.863 0.0000000000
60071  37.211  -6.201  2.836 0.0000000000
60081  37.076  -6.292  1.765 0.0000000000
60090  38.375  -6.427  0.554 0.0000000000
39414  11.493  -29.862  19.994 0.0000000000
39396  10.812  -30.074  20.449 0.0000000000
36541  5.996  -33.081  22.974 0.0000000000
36528  6.139  -33.101  25.140 0.0000000000
114603  5.600  -33.600  24.724 0.0000000000
116513  4.568  -34.185  23.847 0.0000000000
40285  4.307  -28.345  24.282 0.0000000000
39352  4.270  -29.219  23.468 0.0000000000
39330  3.781  -29.031  24.225 0.0000000000
37428  2.377  -31.762  24.660 0.0000000000
37427  2.860  -31.335  24.112 0.0000000000
122056  2.708  -33.102  23.714 0.0000000000
34658  3.204  -34.196  23.547 0.0000000000
34640  2.617  -34.711  23.967 0.0000000000
33722  2.434  -35.980  24.879 0.0000000000
126428  1.941  -34.484  24.264 0.0000000000
36501  0.068  -32.378  27.344 0.0000000000
35569  0.312  -33.813  26.388 0.0000000000
34584  -0.328  -34.205  26.925 0.0000000000
34599  -0.370  -34.925  26.522 0.0000000000
34585  -0.857  -34.069  27.366 0.0000000000
45025  25.453  -23.081  15.367 0.0000000000
45042  25.756  -23.578  13.943 0.0000000000
45065  24.478  -23.764  13.386 0.0000000000
43207  24.365  -24.952  13.156 0.0000000000
44134  23.094  -24.224  12.983 0.0000000000
41419  21.336  -27.879  12.998 0.0000000000
128171  22.438  -27.496  13.877 0.0000000000
39472  21.741  -29.553  15.094 0.0000000000
40425  17.094  -28.681  14.922 0.0000000000
39489  18.500  -29.481  14.617 0.0000000000
38462  17.919  -30.241  15.808 0.0000000000
38425  18.967  -30.915  17.672 0.0000000000
121951  38.854  -11.166  0.587 0.0000000000
55938  40.483  -11.399  0.546 0.0000000000
55925  39.940  -11.853  1.106 0.0000000000
50629  27.469  -17.809  6.818 0.0000000000
50643  28.313  -17.861  5.361 0.0000000000
49851  28.118  -18.479  5.679 0.0000000000
47094  27.478  -21.698  9.929 0.0000000000
47095  26.585  -20.700  9.833 0.0000000000
123967  28.304  -21.033  9.544 0.0000000000
124409  31.479  -20.461  9.436 0.0000000000
109400  29.819  -20.392  8.020 0.0000000000
48161  31.345  -20.605  7.369 0.0000000000
48176  30.752  -20.504  6.422 0.0000000000
129681  31.979  -20.611  7.061 0.0000000000
48173  33.576  -20.366  6.810 0.0000000000
40440  29.730  -28.319  14.522 0.0000000000
62620  50.380  -3.346  -5.931 0.0000000000
108393  46.542  -5.083  -3.907 0.0000000000
62611  47.226  -3.656  -3.510 0.0000000000
60984  47.519  -5.031  -4.427 0.0000000000
60130  48.998  -6.040  -5.192 0.0000000000
60128  50.134  -6.647  -5.637 0.0000000000
42251  13.008  -25.696  17.854 0.0000000000
42252  12.230  -26.095  18.130 0.0000000000
128248  43.325  -9.540  -1.250 0.0000000000
56756  44.873  -10.303  -0.310 0.0000000000
56758  43.180  -10.399  -0.455 0.0000000000
44129  29.555  -24.359  12.416 0.0000000000
44143  29.466  -24.581  11.357 0.0000000000
42357  29.291  -26.030  11.421 0.0000000000
42333  29.571  -27.037  11.630 0.0000000000
42332  30.334  -27.195  11.804 0.0000000000
113723  41.916  -5.393  1.235 0.0000000000
60950  41.252  -5.371  -0.154 0.0000000000
126266  41.650  -5.502  -0.764 0.0000000000
60963  42.432  -5.619  -1.600 0.0000000000
60974  42.915  -5.643  -2.070 0.0000000000
59190  42.770  -7.176  -2.112 0.0000000000
59176  42.898  -8.179  -1.929 0.0000000000
31766  -0.583  -38.037  26.161 0.0000000000
60073  35.461  -6.577  2.421 0.0000000000
59144  35.365  -7.406  1.397 0.0000000000
59136  34.267  -7.264  2.271 0.0000000000
58254  33.245  -8.365  2.433 0.0000000000
57465  32.739  -9.714  2.682 0.0000000000
54138  30.284  -13.727  4.038 0.0000000000
121199  30.846  -13.304  3.590 0.0000000000
53248  31.454  -14.806  2.786 0.0000000000
51627  32.581  -16.034  2.567 0.0000000000
51614  34.633  -16.653  3.303 0.0000000000
50648  34.910  -17.897  3.942 0.0000000000
49850  35.496  -19.091  5.417 0.0000000000
40405  23.865  -28.070  17.105 0.0000000000
39433  9.125  -29.537  19.431 0.0000000000
38402  9.315  -30.499  20.315 0.0000000000
38419  8.774  -30.099  19.715 0.0000000000
37486  7.981  -31.230  20.685 0.0000000000
37454  7.641  -31.810  21.993 0.0000000000
36555  6.120  -32.249  21.576 0.0000000000
36557  4.929  -31.693  21.721 0.0000000000
39331  3.277  -29.372  24.628 0.0000000000
108176  1.986  -30.582  25.878 0.0000000000
37410  1.653  -31.965  25.722 0.0000000000
36530  1.600  -32.898  25.190 0.0000000000
37396  1.235  -31.543  26.399 0.0000000000
36500  0.714  -31.990  26.880 0.0000000000
36482  -0.328  -31.912  28.053 0.0000000000
46016  22.693  -22.535  14.569 0.0000000000
44135  22.134  -24.296  12.922 0.0000000000
44120  20.883  -23.974  13.678 0.0000000000
42320  20.561  -26.294  13.025 0.0000000000
39505  20.107  -28.870  13.448 0.0000000000
39453  16.035  -30.153  17.032 0.0000000000
38453  16.808  -30.329  16.797 0.0000000000
38428  16.742  -30.576  18.336 0.0000000000
55907  38.077  -11.885  2.220 0.0000000000
49824  26.379  -18.501  8.769 0.0000000000
46075  31.290  -22.422  10.525 0.0000000000
46088  29.862  -21.135  9.951 0.0000000000
47083  31.055  -21.031  11.072 0.0000000000
48108  31.654  -20.279  10.979 0.0000000000
124247  49.499  -2.513  -3.749 0.0000000000
110682  -2.514  -36.185  25.373 0.0000000000
109796  31.282  -10.120  6.692 0.0000000000
55841  30.392  -11.043  6.353 0.0000000000
129576  29.990  -12.557  5.916 0.0000000000
53214  30.105  -14.590  4.312 0.0000000000
52390  30.046  -15.368  3.926 0.0000000000
50665  30.368  -17.522  3.305 0.0000000000
39428  14.443  -29.736  19.530 0.0000000000
39412  13.734  -29.605  20.182 0.0000000000
39429  13.491  -29.560  19.233 0.0000000000
39444  11.667  -29.224  18.383 0.0000000000
39445  10.762  -29.226  18.752 0.0000000000
42253  11.489  -26.548  18.407 0.0000000000
41312  10.222  -27.700  18.894 0.0000000000
40355  10.036  -28.736  18.852 0.0000000000
41314  8.964  -28.226  19.529 0.0000000000
123882  8.356  -27.167  20.775 0.0000000000
111437  7.141  -27.600  21.679 0.0000000000
42288  19.315  -26.662  15.380 0.0000000000
41360  18.919  -26.887  15.686 0.0000000000
41383  17.383  -27.528  15.063 0.0000000000
41384  16.542  -27.789  15.242 0.0000000000
42275  16.189  -26.473  16.070 0.0000000000
41385  15.829  -27.827  15.489 0.0000000000
39476  15.716  -29.147  15.911 0.0000000000
39455  14.686  -29.295  17.023 0.0000000000
109161  14.693  -29.616  17.966 0.0000000000
48080  26.911  -20.418  12.750 0.0000000000
48093  26.399  -20.314  11.895 0.0000000000
47065  27.057  -21.267  12.015 0.0000000000
46063  27.558  -22.236  10.824 0.0000000000
46090  28.614  -22.911  9.924 0.0000000000
45094  29.547  -24.181  10.508 0.0000000000
45106  29.556  -23.856  10.045 0.0000000000
45104  30.989  -23.625  10.138 0.0000000000
45093  31.666  -23.414  10.640 0.0000000000
45078  33.260  -24.174  12.550 0.0000000000
62608  45.730  -3.427  -2.371 0.0000000000
61781  45.667  -4.651  -3.377 0.0000000000
60980  45.840  -5.510  -3.597 0.0000000000
60111  44.298  -6.450  -2.848 0.0000000000
130897  44.881  -6.141  -3.166 0.0000000000
59167  38.709  -7.709  -0.297 0.0000000000
57506  39.427  -9.098  -0.434 0.0000000000
58289  38.645  -8.632  -0.262 0.0000000000
57489  37.758  -9.995  0.349 0.0000000000
56748  37.707  -10.706  0.688 0.0000000000
58262  35.250  -8.608  1.206 0.0000000000
57475  36.290  -9.970  0.917 0.0000000000
55927  37.587  -11.547  1.692 0.0000000000
112927  37.178  -11.809  2.628 0.0000000000
55029  36.833  -12.261  3.711 0.0000000000
58243  31.740  -8.717  4.823 0.0000000000
57456  31.666  -9.707  3.811 0.0000000000
55912  32.733  -10.463  2.813 0.0000000000
55033  32.170  -12.325  3.278 0.0000000000
55032  33.165  -12.348  3.303 0.0000000000
55890  33.598  -11.699  3.128 0.0000000000
54134  34.765  -13.069  3.877 0.0000000000
42314  26.337  -26.533  12.616 0.0000000000
41416  26.863  -27.317  12.839 0.0000000000
121631  26.639  -27.571  13.781 0.0000000000
41375  27.193  -27.960  15.399 0.0000000000
108175  39.070  -5.917  1.014 0.0000000000
60100  38.875  -6.861  -0.162 0.0000000000
40310  6.581  -27.505  22.540 0.0000000000
41254  6.337  -27.030  23.410 0.0000000000
40311  6.000  -28.341  22.328 0.0000000000
39375  5.200  -29.375  22.306 0.0000000000
38365  4.475  -30.826  22.137 0.0000000000
121993  4.094  -32.401  22.424 0.0000000000
38333  3.012  -30.294  24.308 0.0000000000
36551  3.629  -32.666  22.816 0.0000000000
35627  4.330  -33.127  22.604 0.0000000000
34657  3.919  -34.287  23.504 0.0000000000
34619  3.690  -35.135  24.701 0.0000000000
32770  1.276  -36.981  25.401 0.0000000000
34641  1.281  -34.963  24.738 0.0000000000
128645  0.791  -36.077  25.072 0.0000000000
32771  0.464  -37.018  25.448 0.0000000000
32772  -0.298  -37.018  25.629 0.0000000000
32773  -1.073  -36.805  25.782 0.0000000000
33704  -1.352  -35.358  26.468 0.0000000000
34572  -1.758  -33.871  28.119 0.0000000000
33684  -1.707  -34.709  27.135 0.0000000000
33705  -2.189  -35.105  26.496 0.0000000000
43204  27.359  -25.145  12.776 0.0000000000
44130  26.566  -24.608  13.111 0.0000000000
43223  25.617  -25.187  12.700 0.0000000000
43206  25.211  -25.364  12.837 0.0000000000
42299  24.235  -26.109  14.578 0.0000000000
42286  24.077  -26.724  15.372 0.0000000000
42318  22.266  -25.954  12.900 0.0000000000
41399  23.462  -26.907  14.869 0.0000000000
41379  23.502  -27.466  15.523 0.0000000000
41401  19.004  -27.805  13.975 0.0000000000
115126  19.528  -29.082  13.796 0.0000000000
38477  19.874  -30.074  14.605 0.0000000000
38451  18.535  -30.602  16.350 0.0000000000
38450  19.378  -30.659  16.097 0.0000000000
38449  20.196  -30.617  15.875 0.0000000000
115841  40.101  -10.746  0.081 0.0000000000
51595  29.394  -16.626  5.260 0.0000000000
50649  29.250  -17.366  4.316 0.0000000000
49860  30.368  -18.902  3.967 0.0000000000
113192  26.101  -20.228  10.286 0.0000000000
48148  26.751  -19.615  8.942 0.0000000000
48165  27.692  -19.619  7.901 0.0000000000
48128  29.011  -20.544  9.437 0.0000000000
48163  29.011  -20.216  7.424 0.0000000000
48178  28.540  -19.825  6.672 0.0000000000
48186  29.575  -20.033  5.605 0.0000000000
49037  30.801  -19.905  4.929 0.0000000000
49048  31.601  -19.662  4.628 0.0000000000
49035  33.101  -19.803  5.386 0.0000000000
40460  28.270  -28.211  13.575 0.0000000000
41413  29.789  -27.957  13.101 0.0000000000
41437  31.206  -27.391  13.168 0.0000000000
41374  31.805  -27.634  14.875 0.0000000000
42312  32.488  -26.637  13.532 0.0000000000
63449  52.243  -2.764  -6.739 0.0000000000
62610  48.830  -3.073  -3.953 0.0000000000
62615  49.281  -3.409  -4.837 0.0000000000
60983  48.335  -5.530  -4.850 0.0000000000
60988  48.977  -5.131  -5.313 0.0000000000
62621  49.696  -3.789  -5.549 0.0000000000
61786  50.203  -4.284  -6.154 0.0000000000
60991  51.403  -5.397  -6.840 0.0000000000
57504  41.228  -9.406  -0.853 0.0000000000
42335  27.562  -26.527  12.039 0.0000000000
41442  26.917  -26.751  12.318 0.0000000000
59165  40.241  -7.098  -0.817 0.0000000000
32774  -1.814  -36.507  25.710 0.0000000000
50664  31.196  -17.841  3.027 0.0000000000
50675  31.487  -17.094  2.717 0.0000000000
50663  32.030  -18.207  3.149 0.0000000000
49872  32.969  -18.352  3.519 0.0000000000
49059  32.123  -18.803  3.647 0.0000000000
40324  7.000  -28.274  21.060 0.0000000000
39417  7.221  -29.465  20.196 0.0000000000
40325  6.603  -29.061  20.818 0.0000000000
39374  6.032  -29.007  21.557 0.0000000000
43178  20.807  -24.492  16.602 0.0000000000
44108  20.559  -24.539  15.488 0.0000000000
39427  15.195  -30.070  20.088 0.0000000000
49797  26.481  -18.600  12.599 0.0000000000
41346  12.572  -27.613  17.172 0.0000000000
40391  13.362  -27.843  16.686 0.0000000000
45080  29.448  -23.821  11.988 0.0000000000
124581  31.149  -25.885  10.981 0.0000000000
130573  32.104  -26.130  12.070 0.0000000000
61764  43.263  -4.467  -0.892 0.0000000000
108092  43.738  -4.407  -1.641 0.0000000000
60973  43.374  -5.062  -2.120 0.0000000000
58305  44.481  -8.829  -1.884 0.0000000000
58304  45.273  -8.899  -1.785 0.0000000000
31765  0.592  -37.868  26.519 0.0000000000
60082  36.460  -6.655  1.324 0.0000000000
59153  36.546  -7.750  0.563 0.0000000000
59143  36.062  -7.252  0.991 0.0000000000
56721  33.469  -10.311  2.383 0.0000000000
56720  34.403  -10.563  2.049 0.0000000000
55869  30.374  -11.611  4.785 0.0000000000
56697  30.631  -10.779  4.972 0.0000000000
55893  30.782  -12.028  4.135 0.0000000000
52404  34.772  -15.810  3.180 0.0000000000
52405  34.113  -15.233  2.918 0.0000000000
41378  24.692  -26.951  16.045 0.0000000000
41377  25.599  -27.030  15.769 0.0000000000
116281  25.205  -27.089  16.599 0.0000000000
60072  36.313  -6.384  2.328 0.0000000000
112222  37.053  -6.549  0.984 0.0000000000
39415  10.562  -29.839  19.521 0.0000000000
36537  5.940  -33.307  24.035 0.0000000000
35608  5.396  -33.483  23.335 0.0000000000
35593  5.223  -33.815  23.961 0.0000000000
35609  4.608  -33.744  23.197 0.0000000000
36538  2.222  -32.800  24.359 0.0000000000
35595  2.499  -33.854  23.830 0.0000000000
35553  -0.064  -33.295  27.144 0.0000000000
35554  -0.622  -33.512  27.535 0.0000000000
46015  23.627  -22.558  14.636 0.0000000000
45998  24.864  -22.758  15.739 0.0000000000
45026  24.652  -22.802  14.745 0.0000000000
45043  24.960  -23.305  13.873 0.0000000000
45044  24.084  -23.046  13.876 0.0000000000
45066  23.578  -23.567  13.405 0.0000000000
39487  20.901  -29.243  13.698 0.0000000000
40443  21.596  -28.941  13.954 0.0000000000
39486  21.410  -29.501  14.437 0.0000000000
39463  21.668  -29.922  15.723 0.0000000000
39490  17.796  -29.364  14.853 0.0000000000
39474  17.396  -29.650  15.331 0.0000000000
55940  38.139  -11.282  0.962 0.0000000000
113433  38.994  -11.683  1.129 0.0000000000
50622  27.000  -17.685  7.703 0.0000000000
49842  27.639  -18.429  6.428 0.0000000000
47093  28.140  -22.029  9.757 0.0000000000
117900  27.790  -21.255  9.636 0.0000000000
47092  28.920  -21.117  9.655 0.0000000000
48143  32.176  -20.592  8.785 0.0000000000
108915  31.450  -20.562  8.493 0.0000000000
48160  32.232  -20.623  7.723 0.0000000000
109120  32.844  -20.611  8.250 0.0000000000
48159  33.150  -20.541  7.532 0.0000000000
63421  50.260  -2.219  -4.729 0.0000000000
63432  50.646  -2.481  -5.544 0.0000000000
60979  47.074  -5.789  -4.124 0.0000000000
43157  13.675  -25.191  18.544 0.0000000000
43158  12.754  -25.362  18.737 0.0000000000
43144  13.493  -24.893  19.372 0.0000000000
43169  13.880  -25.514  17.765 0.0000000000
111697  43.003  -9.047  -1.528 0.0000000000
57503  42.793  -9.771  -0.978 0.0000000000
56760  41.500  -10.262  -0.426 0.0000000000
56759  42.342  -10.354  -0.439 0.0000000000
120727  29.102  -24.845  13.017 0.0000000000
43202  29.240  -24.990  11.972 0.0000000000
43221  28.814  -25.642  11.749 0.0000000000
41439  29.648  -27.560  12.267 0.0000000000
60939  40.308  -5.581  0.786 0.0000000000
114813  40.627  -5.524  0.138 0.0000000000
60106  41.082  -6.766  -1.186 0.0000000000
60957  41.109  -5.905  -0.793 0.0000000000
60105  41.787  -5.995  -1.350 0.0000000000
110330  42.211  -5.304  -1.057 0.0000000000
60104  42.447  -6.261  -1.890 0.0000000000
58307  42.345  -8.541  -1.561 0.0000000000
60059  35.395  -6.473  3.368 0.0000000000
60074  34.674  -6.753  2.650 0.0000000000
60060  34.440  -6.725  3.480 0.0000000000
59132  32.725  -7.720  3.802 0.0000000000
59138  32.862  -7.902  3.028 0.0000000000
116537  32.784  -8.965  2.665 0.0000000000
58255  32.651  -8.494  2.949 0.0000000000
53228  30.973  -14.125  3.299 0.0000000000
50674  32.403  -16.970  2.663 0.0000000000
51626  33.243  -16.528  2.792 0.0000000000
51615  33.838  -16.962  3.121 0.0000000000
50661  34.368  -17.438  3.500 0.0000000000
125520  34.083  -19.024  4.554 0.0000000000
49857  34.478  -18.530  4.274 0.0000000000
49045  34.751  -19.034  4.902 0.0000000000
49034  34.804  -19.518  5.713 0.0000000000
130185  8.436  -29.502  19.583 0.0000000000
38404  7.601  -30.672  20.231 0.0000000000
37469  8.104  -31.437  21.473 0.0000000000
37470  7.408  -31.680  21.169 0.0000000000
37472  5.727  -31.507  21.294 0.0000000000
36556  5.433  -32.218  21.675 0.0000000000
38301  1.967  -29.979  26.420 0.0000000000
37409  2.040  -31.411  25.408 0.0000000000
117777  1.655  -31.212  26.002 0.0000000000
37382  0.275  -31.509  27.618 0.0000000000
45009  21.895  -22.839  16.799 0.0000000000
45980  22.314  -22.460  16.108 0.0000000000
46000  23.054  -22.304  15.435 0.0000000000
46017  21.869  -22.657  14.715 0.0000000000
45047  21.323  -23.144  14.189 0.0000000000
42301  19.959  -26.195  13.697 0.0000000000
43194  20.429  -25.450  13.403 0.0000000000
41420  20.469  -27.469  12.947 0.0000000000
40464  20.061  -28.185  13.166 0.0000000000
38441  15.985  -30.267  17.867 0.0000000000
38440  16.586  -30.409  17.494 0.0000000000
50614  26.290  -17.999  9.141 0.0000000000
49814  26.138  -18.540  9.557 0.0000000000
117363  31.752  -21.437  11.514 0.0000000000
47064  32.617  -20.934  12.550 0.0000000000
47071  32.013  -20.623  12.101 0.0000000000
48092  32.205  -20.278  11.613 0.0000000000
33727  -2.897  -35.693  25.068 0.0000000000
56675  30.851  -10.744  6.937 0.0000000000
54099  30.019  -13.202  5.562 0.0000000000
116962  30.080  -13.853  4.803 0.0000000000
112806  29.984  -15.316  4.484 0.0000000000
52407  29.925  -16.287  3.779 0.0000000000
50666  29.785  -17.068  3.698 0.0000000000
39442  14.096  -29.545  18.589 0.0000000000
40373  11.883  -28.762  17.866 0.0000000000
39431  11.476  -29.609  19.139 0.0000000000
42237  11.869  -25.682  18.974 0.0000000000
42238  11.135  -26.181  19.205 0.0000000000
41313  9.530  -27.994  19.277 0.0000000000
40356  9.342  -28.873  19.178 0.0000000000
41280  7.619  -27.882  20.726 0.0000000000
109666  7.808  -26.978  21.589 0.0000000000
42274  19.472  -26.682  16.339 0.0000000000
109707  19.144  -26.632  16.660 0.0000000000
41364  15.480  -27.194  15.708 0.0000000000
40408  15.103  -28.272  15.797 0.0000000000
127652  15.077  -29.056  16.290 0.0000000000
109094  13.930  -29.264  17.733 0.0000000000
48070  27.660  -20.708  13.351 0.0000000000
47057  27.563  -21.086  12.811 0.0000000000
46062  28.371  -22.855  10.741 0.0000000000
46078  27.961  -22.437  10.183 0.0000000000
43220  29.413  -25.404  11.405 0.0000000000
44150  29.783  -24.941  10.827 0.0000000000
43251  30.906  -25.264  10.646 0.0000000000
44165  29.940  -24.395  10.293 0.0000000000
44164  30.567  -24.464  10.318 0.0000000000
45105  30.061  -23.680  9.915 0.0000000000
43218  33.123  -25.103  12.628 0.0000000000
44142  32.680  -24.602  11.839 0.0000000000
60937  42.600  -5.228  1.196 0.0000000000
62600  46.022  -2.965  -1.618 0.0000000000
60981  45.154  -5.452  -3.313 0.0000000000
60113  43.032  -6.342  -2.284 0.0000000000
109714  43.614  -5.787  -2.544 0.0000000000
58322  45.001  -7.899  -2.571 0.0000000000
59187  45.107  -7.005  -2.993 0.0000000000
60122  45.560  -6.223  -3.392 0.0000000000
58273  37.935  -8.073  -0.051 0.0000000000
111888  37.842  -9.031  0.084 0.0000000000
56749  37.049  -10.359  0.768 0.0000000000
59145  34.676  -7.578  1.708 0.0000000000
121292  35.100  -7.944  1.319 0.0000000000
56733  35.672  -10.381  1.390 0.0000000000
56732  36.415  -10.785  1.282 0.0000000000
108721  36.558  -11.435  1.939 0.0000000000
55908  36.223  -11.769  3.126 0.0000000000
128882  36.475  -12.615  4.141 0.0000000000
58234  31.958  -8.686  5.629 0.0000000000
57436  31.436  -9.334  5.401 0.0000000000
56711  32.171  -10.123  3.173 0.0000000000
55891  32.297  -11.049  3.228 0.0000000000
54137  31.679  -13.328  3.123 0.0000000000
120011  33.632  -12.971  3.394 0.0000000000
54136  32.718  -13.066  3.096 0.0000000000
55031  34.030  -12.292  3.511 0.0000000000
42315  25.552  -26.137  12.998 0.0000000000
41417  26.070  -26.916  13.276 0.0000000000
41398  25.984  -27.116  14.113 0.0000000000
41376  26.478  -27.470  15.923 0.0000000000
60079  39.870  -5.758  1.644 0.0000000000
60091  37.514  -6.799  0.568 0.0000000000
39413  12.892  -29.566  19.878 0.0000000000
109498  13.144  -29.530  20.796 0.0000000000
111062  12.320  -29.643  20.462 0.0000000000
37426  6.954  -32.309  24.032 0.0000000000
41265  7.357  -26.878  22.410 0.0000000000
128854  5.344  -27.670  23.769 0.0000000000
41237  5.720  -27.091  23.983 0.0000000000
40298  5.769  -27.800  23.196 0.0000000000
40312  5.402  -28.619  22.742 0.0000000000
130561  5.642  -28.996  22.113 0.0000000000
39376  4.599  -29.792  22.591 0.0000000000
38366  3.901  -31.111  22.648 0.0000000000
37455  4.252  -31.744  22.216 0.0000000000
111122  2.763  -29.763  25.013 0.0000000000
37442  3.136  -31.998  23.273 0.0000000000
35610  3.698  -33.599  23.082 0.0000000000
34639  3.376  -34.788  23.908 0.0000000000
33721  3.231  -35.672  25.190 0.0000000000
32769  2.100  -36.576  25.466 0.0000000000
36514  1.152  -32.455  26.118 0.0000000000
35583  1.380  -33.951  24.945 0.0000000000
34621  0.596  -35.440  25.318 0.0000000000
112245  0.320  -36.368  25.432 0.0000000000
33702  -0.077  -35.530  25.984 0.0000000000
33703  -0.668  -35.440  26.297 0.0000000000
33725  -1.165  -36.079  26.018 0.0000000000
35538  -1.482  -33.388  28.386 0.0000000000
120047  -1.993  -34.287  27.708 0.0000000000
34601  -2.937  -34.756  26.547 0.0000000000
45064  25.307  -23.925  13.267 0.0000000000
45063  26.014  -24.065  13.373 0.0000000000
44131  25.733  -24.618  12.864 0.0000000000
43208  23.529  -24.876  13.159 0.0000000000
42317  23.864  -25.523  13.800 0.0000000000
42300  23.723  -26.230  14.448 0.0000000000
43210  21.649  -25.122  12.783 0.0000000000
41380  22.791  -27.728  14.615 0.0000000000
40423  23.550  -28.013  16.346 0.0000000000
40407  22.842  -28.891  16.320 0.0000000000
41381  18.840  -27.221  14.775 0.0000000000
40445  18.848  -28.776  14.111 0.0000000000
110150  19.289  -29.553  14.286 0.0000000000
38460  19.623  -30.424  15.330 0.0000000000
38439  17.419  -30.643  17.569 0.0000000000
38452  17.664  -30.499  16.598 0.0000000000
38438  18.340  -30.775  17.202 0.0000000000
37502  19.208  -31.060  18.389 0.0000000000
38437  19.161  -30.829  16.924 0.0000000000
38436  19.781  -30.939  17.657 0.0000000000
108086  19.957  -30.792  16.700 0.0000000000
56761  39.711  -9.973  -0.254 0.0000000000
51594  30.090  -16.482  5.645 0.0000000000
111013  28.795  -16.891  5.815 0.0000000000
49862  28.651  -18.437  4.975 0.0000000000
50650  28.760  -17.812  4.768 0.0000000000
115812  29.171  -18.210  4.344 0.0000000000
49875  29.731  -17.878  3.767 0.0000000000
49861  29.824  -18.603  4.074 0.0000000000
47074  26.486  -21.011  11.430 0.0000000000
48110  26.084  -20.392  11.085 0.0000000000
110296  26.883  -20.223  9.335 0.0000000000
49006  27.082  -19.431  8.333 0.0000000000
111806  29.631  -20.669  9.707 0.0000000000
48144  29.838  -20.396  9.291 0.0000000000
48164  28.289  -19.836  7.428 0.0000000000
49026  28.840  -19.718  5.838 0.0000000000
48177  29.289  -20.195  6.366 0.0000000000
48184  31.403  -20.236  5.527 0.0000000000
48185  30.392  -20.211  5.528 0.0000000000
49049  30.709  -19.372  4.308 0.0000000000
49047  32.538  -19.506  4.634 0.0000000000
49036  32.195  -19.932  5.189 0.0000000000
48172  34.385  -20.273  6.920 0.0000000000
121453  27.411  -27.966  13.569 0.0000000000
41415  27.774  -27.710  12.817 0.0000000000
40458  29.974  -28.137  13.851 0.0000000000
41395  30.560  -27.808  13.559 0.0000000000
41394  31.324  -27.587  14.158 0.0000000000
111114  32.180  -27.221  14.338 0.0000000000
62633  51.256  -2.882  -6.317 0.0000000000
125100  51.769  -2.333  -6.358 0.0000000000
112991  51.749  -3.634  -6.828 0.0000000000
109896  47.264  -3.057  -2.658 0.0000000000
109669  47.883  -3.885  -4.225 0.0000000000
62616  48.659  -3.815  -4.662 0.0000000000
61783  49.065  -4.222  -5.204 0.0000000000
61787  49.592  -4.718  -5.730 0.0000000000
60986  50.199  -5.254  -6.156 0.0000000000
58308  41.528  -8.421  -1.323 0.0000000000
115674  28.125  -25.991  11.953 0.0000000000
127065  41.496  -7.546  -1.439 0.0000000000
59130  33.774  -7.003  3.577 0.0000000000
59118  34.135  -6.959  4.340 0.0000000000
59119  33.312  -7.258  4.075 0.0000000000
51629  30.964  -16.452  2.846 0.0000000000
52422  31.196  -15.614  2.801 0.0000000000
50662  32.664  -17.703  3.019 0.0000000000
112762  33.507  -17.651  3.296 0.0000000000
49046  33.386  -19.275  4.603 0.0000000000
39416  7.877  -29.983  19.791 0.0000000000
38405  7.015  -30.601  20.380 0.0000000000
37471  6.597  -31.701  21.049 0.0000000000
38387  5.634  -30.539  21.239 0.0000000000
38289  1.156  -30.193  27.506 0.0000000000
44107  20.811  -23.734  14.727 0.0000000000
122201  20.073  -25.565  14.165 0.0000000000
38429  15.959  -30.334  18.774 0.0000000000
38417  15.893  -30.375  19.667 0.0000000000
49807  25.998  -18.554  10.488 0.0000000000
46041  32.892  -22.092  12.485 0.0000000000
39456  13.149  -28.936  17.623 0.0000000000
40392  12.468  -28.529  17.508 0.0000000000
42222  10.825  -25.933  19.918 0.0000000000
41294  9.048  -27.314  20.075 0.0000000000
42263  15.044  -25.651  17.023 0.0000000000
42276  15.339  -26.341  16.329 0.0000000000
42277  14.421  -26.436  16.477 0.0000000000
40410  14.116  -28.068  16.225 0.0000000000
109361  27.909  -21.709  12.358 0.0000000000
46031  28.923  -22.262  12.648 0.0000000000
45095  29.100  -23.684  10.836 0.0000000000
110051  30.408  -25.995  10.956 0.0000000000
43234  31.602  -25.277  11.020 0.0000000000
43233  32.196  -25.259  11.488 0.0000000000
43219  32.481  -25.631  12.138 0.0000000000
43201  32.891  -25.889  12.998 0.0000000000
60949  42.572  -4.854  0.273 0.0000000000
61759  43.332  -4.451  0.047 0.0000000000
61769  45.165  -3.458  -1.886 0.0000000000
122299  44.505  -4.120  -2.241 0.0000000000
59189  43.574  -7.750  -2.301 0.0000000000
58323  44.314  -8.184  -2.315 0.0000000000
116348  45.612  -8.418  -2.261 0.0000000000
59152  37.334  -7.529  0.320 0.0000000000
58275  36.384  -8.575  0.607 0.0000000000
58263  33.963  -8.786  1.855 0.0000000000
57477  34.725  -9.164  1.501 0.0000000000
56719  35.130  -10.708  1.816 0.0000000000
55888  35.351  -11.777  3.300 0.0000000000
56674  31.114  -9.973  5.930 0.0000000000
56683  31.036  -10.045  5.166 0.0000000000
55892  31.607  -11.649  3.649 0.0000000000
53246  32.961  -14.482  2.694 0.0000000000
53227  33.741  -14.421  2.911 0.0000000000
127009  34.414  -14.423  3.189 0.0000000000
124257  35.056  -13.877  3.650 0.0000000000
113940  25.562  -26.907  14.891 0.0000000000
60057  37.500  -6.540  3.895 0.0000000000
108734  37.865  -6.094  2.180 0.0000000000
108832  37.692  -6.299  1.195 0.0000000000
39395  11.694  -29.742  21.068 0.0000000000
114911  6.452  -32.838  23.742 0.0000000000
40284  4.951  -27.517  24.345 0.0000000000
39351  4.865  -29.036  22.927 0.0000000000
38332  3.614  -29.870  23.834 0.0000000000
36543  2.720  -32.308  23.895 0.0000000000
35611  3.064  -33.587  23.437 0.0000000000
33742  1.961  -35.398  24.441 0.0000000000
36515  0.519  -32.878  26.624 0.0000000000
34588  -3.662  -34.422  27.245 0.0000000000
44133  23.999  -24.338  13.278 0.0000000000
109904  21.193  -26.910  12.826 0.0000000000
126055  21.777  -26.553  12.903 0.0000000000
40461  22.010  -28.169  13.761 0.0000000000
39485  22.136  -28.855  14.692 0.0000000000
39471  22.275  -29.265  15.626 0.0000000000
41403  17.759  -28.097  14.702 0.0000000000
40446  18.023  -28.766  14.555 0.0000000000
39473  18.209  -29.926  15.145 0.0000000000
37503  17.898  -31.038  19.108 0.0000000000
38426  18.300  -30.913  18.187 0.0000000000
112094  18.685  -31.142  18.914 0.0000000000
120328  39.218  -10.629  0.174 0.0000000000
55939  39.593  -11.305  0.550 0.0000000000
51577  27.696  -17.149  7.173 0.0000000000
51587  27.845  -17.396  6.471 0.0000000000
50636  28.265  -17.343  5.878 0.0000000000
49852  27.810  -17.874  6.033 0.0000000000
49040  28.631  -19.114  5.365 0.0000000000
47085  27.174  -21.772  10.406 0.0000000000
130159  26.911  -21.339  9.997 0.0000000000
48130  27.290  -20.814  9.544 0.0000000000
48129  28.157  -20.426  9.146 0.0000000000
48126  31.105  -20.452  10.357 0.0000000000
110201  30.736  -20.442  9.466 0.0000000000
109118  30.631  -20.495  8.338 0.0000000000
48162  30.512  -20.555  7.360 0.0000000000
115815  29.966  -20.361  6.114 0.0000000000
48175  31.738  -20.506  6.477 0.0000000000
48174  32.596  -20.492  6.792 0.0000000000
40422  27.894  -28.372  15.016 0.0000000000
40441  28.726  -28.410  14.577 0.0000000000
40420  29.522  -28.468  15.404 0.0000000000
40419  30.375  -28.309  15.188 0.0000000000
61780  46.495  -4.170  -3.541 0.0000000000
61779  47.107  -4.374  -3.950 0.0000000000
60129  49.558  -6.505  -5.345 0.0000000000
130211  50.323  -6.090  -6.027 0.0000000000
42266  12.640  -26.585  17.363 0.0000000000
42250  14.638  -25.418  17.676 0.0000000000
42265  13.367  -26.154  17.166 0.0000000000
57516  43.903  -9.352  -1.464 0.0000000000
57501  44.422  -9.892  -0.922 0.0000000000
57502  43.608  -9.937  -0.956 0.0000000000
56757  44.021  -10.419  -0.432 0.0000000000
42356  29.677  -26.381  11.347 0.0000000000
42355  30.178  -26.682  11.355 0.0000000000
42331  31.121  -27.130  12.248 0.0000000000
60938  41.172  -5.414  0.837 0.0000000000
60958  40.674  -5.759  -0.307 0.0000000000
108398  42.010  -5.115  -0.326 0.0000000000
122599  0.069  -37.934  26.089 0.0000000000
60084  34.965  -6.972  1.934 0.0000000000
59146  33.969  -7.906  1.980 0.0000000000
60061  33.910  -6.997  2.898 0.0000000000
59137  33.548  -7.584  2.615 0.0000000000
57464  33.358  -9.302  2.269 0.0000000000
55015  30.471  -12.831  4.077 0.0000000000
54158  31.717  -14.138  2.817 0.0000000000
53247  32.189  -14.643  2.593 0.0000000000
52421  31.966  -15.419  2.510 0.0000000000
52420  32.743  -15.221  2.566 0.0000000000
115842  33.367  -15.717  2.703 0.0000000000
51625  34.022  -16.173  2.951 0.0000000000
49856  35.439  -18.435  4.602 0.0000000000
49871  33.997  -18.120  3.726 0.0000000000
124105  36.081  -18.674  5.228 0.0000000000
41359  24.398  -27.478  16.724 0.0000000000
40388  24.447  -27.851  17.537 0.0000000000
129086  35.889  -6.363  2.888 0.0000000000
38418  9.609  -30.016  19.620 0.0000000000
116170  8.738  -30.940  20.839 0.0000000000
38403  8.361  -30.625  20.162 0.0000000000
36548  6.429  -32.585  22.262 0.0000000000
36549  5.684  -32.746  22.138 0.0000000000
36550  4.826  -32.558  22.089 0.0000000000
36529  1.996  -32.159  25.092 0.0000000000
37381  0.838  -31.036  27.115 0.0000000000
45067  22.642  -23.503  13.296 0.0000000000
45046  22.181  -22.896  13.893 0.0000000000
45068  21.671  -23.630  13.400 0.0000000000
44136  21.215  -24.503  13.014 0.0000000000
44137  20.714  -24.751  13.285 0.0000000000
43211  20.890  -25.292  12.913 0.0000000000
40463  20.704  -28.427  13.105 0.0000000000
39465  16.262  -29.813  16.304 0.0000000000
39464  17.053  -30.070  16.002 0.0000000000
38416  16.573  -30.633  19.258 0.0000000000
38415  17.181  -30.805  18.967 0.0000000000
55926  38.721  -11.969  1.812 0.0000000000
50623  26.517  -17.905  8.469 0.0000000000
49833  26.656  -18.409  8.009 0.0000000000
45120  29.804  -22.584  9.743 0.0000000000
46076  30.600  -21.698  10.200 0.0000000000
47084  30.753  -20.765  10.536 0.0000000000
47072  31.593  -20.544  11.449 0.0000000000
48125  32.032  -20.380  9.954 0.0000000000
63422  49.630  -2.698  -4.388 0.0000000000
110205  46.881  -7.103  -3.527 0.0000000000
60120  47.281  -6.578  -3.954 0.0000000000
57428  32.349  -9.336  6.973 0.0000000000
126791  30.811  -10.482  6.326 0.0000000000
55853  30.241  -11.337  5.583 0.0000000000
54988  30.124  -11.960  6.282 0.0000000000
55000  30.031  -12.272  5.342 0.0000000000
54117  30.116  -13.010  4.686 0.0000000000
53229  30.357  -14.648  3.751 0.0000000000
130476  30.403  -15.190  3.576 0.0000000000
52406  30.477  -15.791  3.328 0.0000000000
51616  30.349  -16.714  3.266 0.0000000000
39411  14.491  -29.822  20.561 0.0000000000
39430  12.458  -29.525  18.897 0.0000000000
41327  11.912  -27.046  17.659 0.0000000000
41328  11.285  -27.530  18.063 0.0000000000
41311  10.840  -27.066  18.667 0.0000000000
41329  10.772  -27.886  18.371 0.0000000000
40375  10.581  -28.503  18.536 0.0000000000
40357  8.639  -28.862  19.492 0.0000000000
41295  8.364  -28.030  19.986 0.0000000000
42273  19.851  -26.202  16.030 0.0000000000
41382  18.204  -27.317  14.993 0.0000000000
41363  16.198  -27.171  15.596 0.0000000000
40426  16.096  -28.538  15.436 0.0000000000
39466  15.523  -29.590  16.652 0.0000000000
39454  15.371  -29.842  17.449 0.0000000000
126848  14.771  -29.765  18.738 0.0000000000
117305  26.355  -19.520  12.333 0.0000000000
47066  26.690  -20.760  12.052 0.0000000000
47073  26.894  -21.668  11.089 0.0000000000
46044  27.478  -21.901  11.533 0.0000000000
45107  29.092  -23.550  10.120 0.0000000000
123600  29.258  -23.285  9.840 0.0000000000
125435  30.577  -22.901  9.910 0.0000000000
46061  31.930  -22.732  11.068 0.0000000000
45092  32.286  -23.710  11.189 0.0000000000
45079  32.863  -23.400  12.041 0.0000000000
108260  46.791  -2.805  -1.935 0.0000000000
62607  46.391  -3.226  -2.476 0.0000000000
61776  45.977  -3.797  -3.036 0.0000000000
60972  44.415  -5.545  -2.961 0.0000000000
58288  39.367  -8.226  -0.529 0.0000000000
126951  39.943  -8.636  -0.682 0.0000000000
56747  38.387  -10.623  0.402 0.0000000000
58276  35.805  -8.773  0.878 0.0000000000
57476  35.549  -9.469  1.151 0.0000000000
56731  37.229  -11.102  1.156 0.0000000000
55028  37.810  -12.126  3.199 0.0000000000
58233  32.187  -8.198  5.057 0.0000000000
58242  32.214  -8.215  4.342 0.0000000000
57447  31.428  -9.441  4.594 0.0000000000
58248  31.805  -8.852  4.022 0.0000000000
57455  32.237  -9.140  3.222 0.0000000000
55911  33.109  -11.078  2.843 0.0000000000
55034  31.211  -12.575  3.602 0.0000000000
128556  32.204  -11.687  3.340 0.0000000000
116085  32.763  -11.703  3.206 0.0000000000
55030  34.913  -12.335  3.769 0.0000000000
54133  35.499  -12.902  4.091 0.0000000000
54116  36.360  -12.899  4.295 0.0000000000
41396  27.237  -28.040  14.440 0.0000000000
60089  39.649  -5.807  0.647 0.0000000000
112550  39.254  -6.241  0.200 0.0000000000
59166  39.473  -7.377  -0.529 0.0000000000
39394  12.540  -29.538  21.367 0.0000000000
38401  10.081  -30.255  20.066 0.0000000000
39398  5.583  -29.650  21.644 0.0000000000
38364  5.093  -30.191  21.879 0.0000000000
110437  3.393  -30.948  23.372 0.0000000000
37456  3.657  -31.811  22.716 0.0000000000
34638  4.177  -34.638  24.224 0.0000000000
34618  4.427  -34.698  25.282 0.0000000000
31764  1.285  -37.441  26.181 0.0000000000
31776  0.598  -37.516  25.805 0.0000000000
34620  0.746  -34.374  25.536 0.0000000000
33743  1.225  -35.814  24.850 0.0000000000
33723  0.972  -36.443  25.098 0.0000000000
31777  -0.115  -37.506  25.825 0.0000000000
33724  -0.480  -36.237  25.814 0.0000000000
35537  -0.984  -33.050  28.147 0.0000000000
35555  -1.163  -33.669  27.841 0.0000000000
34586  -1.379  -34.205  27.530 0.0000000000
33726  -2.036  -35.846  25.782 0.0000000000
48069  28.039  -20.714  13.874 0.0000000000
43205  26.377  -25.368  12.594 0.0000000000
42337  25.936  -25.818  12.596 0.0000000000
42316  24.619  -25.671  13.545 0.0000000000
43209  22.653  -24.986  12.855 0.0000000000
130450  22.272  -26.652  13.179 0.0000000000
41400  22.882  -26.731  13.839 0.0000000000
42287  19.739  -26.164  14.799 0.0000000000
42302  19.383  -26.897  14.145 0.0000000000
40444  19.507  -28.428  13.574 0.0000000000
39488  20.099  -29.550  13.982 0.0000000000
38476  20.680  -29.880  14.409 0.0000000000
38461  18.773  -30.364  15.577 0.0000000000
38459  20.444  -30.314  15.124 0.0000000000
108509  20.977  -30.393  15.740 0.0000000000
120575  40.625  -10.122  -0.371 0.0000000000
56746  40.987  -10.843  0.036 0.0000000000
55054  39.411  -12.134  1.767 0.0000000000
51604  29.322  -16.831  4.634 0.0000000000
51596  28.796  -17.238  5.123 0.0000000000
129324  29.530  -16.716  4.130 0.0000000000
49874  30.506  -18.356  3.556 0.0000000000
48978  26.102  -19.693  11.557 0.0000000000
121451  25.928  -19.512  10.807 0.0000000000
48987  26.032  -19.341  9.949 0.0000000000
48131  26.376  -19.901  9.576 0.0000000000
48997  26.315  -19.161  9.185 0.0000000000
49007  26.616  -19.020  8.440 0.0000000000
49018  27.162  -19.064  7.659 0.0000000000
48145  29.009  -20.230  8.730 0.0000000000
48146  28.283  -19.999  8.234 0.0000000000
49017  27.862  -19.440  7.081 0.0000000000
49028  27.537  -18.942  6.880 0.0000000000
49027  28.079  -19.198  6.197 0.0000000000
49039  29.213  -19.550  5.225 0.0000000000
49038  29.952  -19.683  4.875 0.0000000000
120759  29.997  -19.149  4.332 0.0000000000
49061  30.865  -18.908  3.784 0.0000000000
49060  31.458  -19.138  3.937 0.0000000000
123566  32.109  -19.258  4.128 0.0000000000
48182  33.135  -20.207  6.187 0.0000000000
49025  34.022  -19.942  6.110 0.0000000000
117251  34.913  -19.909  6.494 0.0000000000
41441  27.388  -27.156  12.346 0.0000000000
41414  28.806  -27.863  12.752 0.0000000000
40459  29.212  -28.244  13.708 0.0000000000
41438  30.467  -27.569  12.656 0.0000000000
109717  31.034  -28.340  15.734 0.0000000000
40438  31.140  -27.966  14.995 0.0000000000
41412  31.799  -27.122  13.638 0.0000000000
42313  31.782  -26.862  12.887 0.0000000000
63418  48.700  -2.740  -2.993 0.0000000000
60125  47.729  -6.062  -4.438 0.0000000000
60992  50.819  -4.862  -6.537 0.0000000000
40462  21.348  -28.596  13.423 0.0000000000
41418  22.008  -27.243  13.259 0.0000000000
41421  19.668  -27.632  13.383 0.0000000000
42278  13.724  -26.563  16.681 0.0000000000
45010  21.524  -22.920  16.096 0.0000000000
45981  21.819  -22.626  15.478 0.0000000000
48109  31.202  -20.488  10.984 0.0000000000
57491  36.190  -9.247  0.778 0.0000000000
121533  34.301  -12.844  3.690 0.0000000000
127203  22.336  -22.445  15.252 0.0000000000
