#!ascii label  , from subject sub-v1s10x0050977_ses-1 vox2ras=TkReg
1437
43155  -55.150  -42.949  39.183 0.0000000000
29956  -42.248  -55.257  47.867 0.0000000000
45347  -62.550  -40.400  34.439 0.0000000000
45372  -47.486  -40.200  32.772 0.0000000000
51209  -56.046  -34.795  36.991 0.0000000000
36711  -50.113  -48.726  42.539 0.0000000000
28939  -45.527  -56.982  34.821 0.0000000000
40119  -43.227  -46.020  36.354 0.0000000000
35607  -34.548  -49.661  46.508 0.0000000000
53384  -64.723  -31.519  29.638 0.0000000000
35708  -36.946  -48.917  37.087 0.0000000000
44288  -51.345  -41.943  35.986 0.0000000000
48289  -52.036  -37.593  34.845 0.0000000000
48231  -55.180  -37.790  38.987 0.0000000000
37876  -55.307  -48.354  41.030 0.0000000000
35676  -48.563  -49.622  40.208 0.0000000000
40112  -49.473  -45.577  37.730 0.0000000000
42146  -45.643  -43.307  34.799 0.0000000000
56122  -62.127  -29.713  25.258 0.0000000000
32265  -38.549  -52.564  48.085 0.0000000000
33487  -35.947  -51.300  42.688 0.0000000000
33478  -41.001  -51.694  43.223 0.0000000000
50222  -59.368  -35.754  34.804 0.0000000000
33454  -46.332  -51.401  45.465 0.0000000000
30009  -44.705  -54.988  41.887 0.0000000000
30022  -48.575  -55.593  41.147 0.0000000000
34672  -43.369  -50.613  36.583 0.0000000000
32264  -31.419  -52.267  48.112 0.0000000000
51131  -62.054  -34.247  41.121 0.0000000000
144127  -63.895  -34.336  36.651 0.0000000000
55173  -63.930  -29.679  33.643 0.0000000000
51267  -59.807  -33.912  33.210 0.0000000000
52367  -57.911  -33.117  29.035 0.0000000000
31174  -32.037  -52.925  43.889 0.0000000000
142841  -41.804  -52.171  37.237 0.0000000000
43187  -53.009  -42.195  37.592 0.0000000000
45311  -53.376  -39.922  37.346 0.0000000000
45300  -55.227  -40.580  38.874 0.0000000000
40093  -55.817  -45.900  40.262 0.0000000000
122655  -52.580  -47.200  39.451 0.0000000000
41125  -52.712  -44.697  38.416 0.0000000000
41150  -50.736  -44.093  36.804 0.0000000000
45376  -60.716  -40.842  33.151 0.0000000000
47307  -62.048  -38.158  32.040 0.0000000000
31137  -40.361  -54.432  47.608 0.0000000000
31153  -38.922  -53.169  45.018 0.0000000000
122298  -41.431  -53.689  45.123 0.0000000000
47301  -48.494  -38.588  32.159 0.0000000000
49225  -54.052  -36.264  36.300 0.0000000000
50218  -53.431  -35.735  34.573 0.0000000000
51250  -55.723  -34.611  34.586 0.0000000000
51266  -57.108  -34.692  34.106 0.0000000000
124361  -58.299  -34.539  35.982 0.0000000000
146775  -48.021  -49.935  43.483 0.0000000000
31187  -47.309  -53.448  42.616 0.0000000000
32331  -50.824  -53.461  42.335 0.0000000000
37890  -45.383  -47.744  38.333 0.0000000000
35690  -45.579  -49.729  39.348 0.0000000000
36748  -43.176  -48.226  37.305 0.0000000000
43231  -46.514  -42.059  34.036 0.0000000000
51174  -63.341  -34.753  39.236 0.0000000000
138123  -62.320  -32.217  33.400 0.0000000000
53361  -60.790  -32.382  31.013 0.0000000000
52348  -58.506  -33.626  31.433 0.0000000000
125657  -60.569  -32.514  28.868 0.0000000000
53427  -60.538  -32.855  25.223 0.0000000000
34553  -32.366  -50.365  46.749 0.0000000000
130374  -33.266  -52.595  46.204 0.0000000000
33448  -33.647  -51.219  44.893 0.0000000000
35672  -36.781  -49.601  40.254 0.0000000000
34612  -32.718  -50.374  40.501 0.0000000000
142751  -33.481  -49.283  37.377 0.0000000000
145978  -45.682  -57.207  37.724 0.0000000000
31221  -43.510  -53.794  38.954 0.0000000000
31270  -43.718  -55.004  35.931 0.0000000000
44294  -49.515  -41.728  34.681 0.0000000000
46324  -50.055  -39.251  33.868 0.0000000000
46299  -51.588  -39.657  35.435 0.0000000000
47222  -53.953  -37.805  37.391 0.0000000000
124739  -55.236  -36.093  38.526 0.0000000000
37874  -52.733  -48.226  41.688 0.0000000000
33510  -52.286  -51.529  41.695 0.0000000000
36722  -52.684  -49.674  40.500 0.0000000000
37882  -49.188  -47.465  39.173 0.0000000000
40108  -46.134  -45.758  37.158 0.0000000000
128328  -44.067  -44.515  35.488 0.0000000000
41148  -47.825  -44.528  36.422 0.0000000000
42149  -48.473  -42.981  35.171 0.0000000000
53419  -64.424  -31.816  27.522 0.0000000000
57021  -64.648  -27.787  26.035 0.0000000000
34531  -36.846  -50.922  47.645 0.0000000000
147524  -35.640  -50.815  44.291 0.0000000000
33450  -37.411  -52.193  44.895 0.0000000000
33490  -37.939  -51.510  42.876 0.0000000000
34629  -38.854  -49.945  39.905 0.0000000000
48304  -50.559  -37.488  33.191 0.0000000000
49265  -58.388  -36.593  33.416 0.0000000000
48291  -60.862  -38.133  34.958 0.0000000000
31148  -43.790  -53.288  46.974 0.0000000000
29981  -43.928  -55.429  44.956 0.0000000000
29991  -45.568  -55.077  43.931 0.0000000000
27845  -47.687  -57.594  40.574 0.0000000000
30059  -46.840  -57.088  37.223 0.0000000000
133490  -48.263  -52.018  40.490 0.0000000000
31222  -45.964  -52.643  39.243 0.0000000000
32423  -44.794  -53.089  35.166 0.0000000000
45245  -57.106  -40.375  41.552 0.0000000000
132174  -44.517  -54.892  50.845 0.0000000000
122276  -48.920  -51.837  47.333 0.0000000000
35638  -50.432  -49.620  45.778 0.0000000000
47161  -56.066  -38.059  41.344 0.0000000000
50122  -55.692  -35.547  40.729 0.0000000000
51128  -57.283  -34.070  40.145 0.0000000000
52175  -60.091  -33.522  42.433 0.0000000000
143531  -59.175  -34.414  39.095 0.0000000000
51194  -60.654  -35.366  37.592 0.0000000000
49208  -62.374  -37.177  37.152 0.0000000000
49255  -63.416  -37.662  35.282 0.0000000000
53295  -64.349  -30.866  35.048 0.0000000000
51254  -61.789  -34.249  34.783 0.0000000000
49268  -61.981  -36.737  33.532 0.0000000000
49276  -60.010  -36.324  32.157 0.0000000000
53416  -61.035  -32.847  26.325 0.0000000000
29953  -34.039  -54.496  47.544 0.0000000000
28846  -29.825  -55.161  43.855 0.0000000000
33485  -33.634  -51.303  42.628 0.0000000000
32336  -30.184  -52.280  41.279 0.0000000000
31198  -43.006  -52.904  42.152 0.0000000000
33531  -41.355  -51.495  39.452 0.0000000000
34653  -40.134  -50.576  37.252 0.0000000000
32420  -39.833  -52.223  35.128 0.0000000000
131975  -54.491  -42.345  38.664 0.0000000000
44249  -54.134  -41.479  38.244 0.0000000000
44232  -55.505  -41.314  39.193 0.0000000000
41105  -55.629  -44.433  39.644 0.0000000000
41104  -54.002  -44.961  39.196 0.0000000000
41127  -54.057  -44.000  38.852 0.0000000000
42111  -52.498  -43.438  37.603 0.0000000000
47291  -60.695  -39.634  34.138 0.0000000000
45356  -61.169  -40.636  33.654 0.0000000000
46342  -62.065  -39.844  32.633 0.0000000000
46343  -62.639  -40.082  33.450 0.0000000000
29955  -41.507  -55.253  48.115 0.0000000000
29962  -40.960  -54.515  46.340 0.0000000000
29963  -41.665  -54.988  46.630 0.0000000000
45371  -46.668  -40.189  32.495 0.0000000000
46338  -48.102  -39.534  32.578 0.0000000000
50173  -55.413  -35.147  36.556 0.0000000000
124512  -54.487  -35.393  35.433 0.0000000000
51226  -56.071  -34.684  36.145 0.0000000000
51227  -56.875  -34.536  35.793 0.0000000000
51191  -57.543  -34.418  37.014 0.0000000000
35660  -48.823  -49.604  42.756 0.0000000000
144598  -48.098  -50.850  42.484 0.0000000000
34596  -50.849  -51.430  42.332 0.0000000000
37895  -45.274  -47.007  37.778 0.0000000000
36740  -44.616  -48.195  38.216 0.0000000000
37900  -43.228  -47.398  37.041 0.0000000000
36753  -41.784  -48.138  36.388 0.0000000000
44306  -47.031  -41.383  33.577 0.0000000000
44323  -45.609  -40.992  33.037 0.0000000000
128185  -45.959  -40.464  32.592 0.0000000000
122456  -62.630  -31.991  31.654 0.0000000000
122745  -61.840  -32.294  30.574 0.0000000000
53382  -60.540  -32.454  30.026 0.0000000000
123367  -63.391  -32.201  29.343 0.0000000000
136063  -33.776  -49.729  46.594 0.0000000000
33438  -33.377  -50.921  45.772 0.0000000000
35631  -34.260  -49.892  45.837 0.0000000000
35700  -36.829  -48.903  38.696 0.0000000000
35698  -35.109  -48.874  38.727 0.0000000000
36751  -35.287  -49.007  36.859 0.0000000000
33577  -34.200  -51.171  36.672 0.0000000000
34666  -35.449  -50.361  36.443 0.0000000000
28925  -45.966  -57.334  36.166 0.0000000000
30067  -44.537  -56.105  36.283 0.0000000000
28938  -45.205  -57.069  34.813 0.0000000000
44287  -50.726  -41.883  35.483 0.0000000000
45345  -50.362  -40.612  34.646 0.0000000000
129460  -51.373  -41.280  35.766 0.0000000000
46261  -54.683  -39.172  38.332 0.0000000000
46273  -53.601  -39.171  37.396 0.0000000000
130644  -54.386  -37.895  37.886 0.0000000000
49191  -54.567  -36.729  37.643 0.0000000000
122351  -55.122  -36.849  38.757 0.0000000000
37875  -54.876  -48.768  41.102 0.0000000000
35666  -53.906  -49.823  40.988 0.0000000000
36733  -53.918  -49.087  40.595 0.0000000000
122632  -50.966  -45.939  38.351 0.0000000000
37883  -50.880  -47.265  39.193 0.0000000000
39001  -48.897  -46.137  38.109 0.0000000000
38989  -47.601  -46.649  38.291 0.0000000000
40110  -47.727  -45.625  37.433 0.0000000000
40124  -47.359  -45.115  36.854 0.0000000000
40125  -48.208  -45.029  36.996 0.0000000000
140308  -51.375  -43.041  36.471 0.0000000000
42133  -49.684  -43.283  35.779 0.0000000000
140487  -49.668  -42.650  35.369 0.0000000000
43205  -49.333  -42.335  34.950 0.0000000000
33418  -37.364  -51.474  48.159 0.0000000000
126723  -37.475  -51.769  45.943 0.0000000000
33440  -37.988  -52.283  46.452 0.0000000000
32318  -40.387  -52.108  43.982 0.0000000000
32317  -38.557  -52.522  43.968 0.0000000000
143921  -39.679  -51.301  43.088 0.0000000000
34603  -39.219  -50.582  41.954 0.0000000000
34604  -40.064  -50.627  41.443 0.0000000000
47269  -51.453  -38.276  34.669 0.0000000000
47287  -50.271  -38.316  33.564 0.0000000000
48288  -51.547  -37.395  34.228 0.0000000000
50231  -53.855  -34.971  33.060 0.0000000000
50243  -52.547  -35.612  32.672 0.0000000000
125829  -52.763  -35.486  31.970 0.0000000000
50221  -58.529  -35.282  34.507 0.0000000000
50236  -58.179  -35.696  33.796 0.0000000000
49250  -58.913  -36.135  34.121 0.0000000000
48290  -60.009  -37.523  34.369 0.0000000000
49252  -60.517  -37.140  35.089 0.0000000000
33441  -44.727  -52.097  45.755 0.0000000000
32303  -44.309  -52.735  45.614 0.0000000000
32312  -45.046  -52.566  44.136 0.0000000000
28858  -49.582  -55.372  42.130 0.0000000000
28856  -48.104  -55.965  42.572 0.0000000000
27847  -48.416  -57.021  41.064 0.0000000000
27865  -47.159  -57.569  38.866 0.0000000000
30031  -47.504  -56.038  39.258 0.0000000000
34623  -50.534  -51.009  40.521 0.0000000000
33521  -50.585  -52.085  40.843 0.0000000000
33519  -48.594  -51.208  40.423 0.0000000000
34643  -44.354  -50.114  38.480 0.0000000000
33532  -45.047  -51.357  38.923 0.0000000000
33564  -44.436  -51.570  37.481 0.0000000000
32392  -45.075  -52.677  37.021 0.0000000000
42127  -44.452  -43.958  35.185 0.0000000000
34575  -49.423  -50.509  46.045 0.0000000000
37848  -52.924  -46.879  43.836 0.0000000000
47162  -56.452  -38.644  41.794 0.0000000000
51103  -56.128  -34.972  42.285 0.0000000000
51115  -56.593  -34.345  42.205 0.0000000000
51126  -56.023  -34.936  40.543 0.0000000000
52172  -57.255  -33.751  42.143 0.0000000000
52191  -60.396  -34.043  41.676 0.0000000000
51129  -59.706  -34.157  40.740 0.0000000000
51130  -60.657  -34.455  40.859 0.0000000000
140172  -60.122  -34.666  39.099 0.0000000000
50144  -61.749  -35.432  39.527 0.0000000000
51195  -64.115  -34.614  37.584 0.0000000000
50159  -63.072  -36.459  38.128 0.0000000000
50176  -63.786  -36.145  37.018 0.0000000000
48258  -63.203  -37.750  36.604 0.0000000000
50198  -63.629  -36.428  36.281 0.0000000000
54271  -64.346  -30.163  34.520 0.0000000000
52316  -60.690  -33.388  33.601 0.0000000000
52295  -61.586  -33.137  34.248 0.0000000000
51268  -60.463  -34.282  33.699 0.0000000000
50239  -61.505  -35.823  33.887 0.0000000000
50238  -60.711  -35.308  33.509 0.0000000000
49277  -60.868  -36.711  32.483 0.0000000000
50249  -59.605  -35.402  32.471 0.0000000000
52362  -57.993  -33.209  29.920 0.0000000000
50258  -57.946  -34.759  31.093 0.0000000000
51288  -57.124  -34.376  30.037 0.0000000000
54387  -63.751  -31.052  26.529 0.0000000000
53417  -62.096  -32.523  26.869 0.0000000000
54386  -62.383  -31.954  26.491 0.0000000000
31163  -32.904  -52.646  44.982 0.0000000000
29969  -32.760  -54.244  45.652 0.0000000000
29979  -32.177  -53.854  45.007 0.0000000000
28841  -30.995  -55.005  44.969 0.0000000000
29988  -30.840  -53.983  43.940 0.0000000000
33472  -36.168  -51.505  43.243 0.0000000000
33460  -34.496  -50.937  43.589 0.0000000000
33486  -35.016  -50.995  42.549 0.0000000000
33516  -31.966  -50.854  40.942 0.0000000000
30037  -30.679  -54.185  38.581 0.0000000000
29997  -44.698  -55.126  43.053 0.0000000000
31177  -43.369  -54.132  43.675 0.0000000000
29996  -44.123  -54.276  42.319 0.0000000000
31256  -42.888  -53.312  37.670 0.0000000000
32364  -42.576  -52.621  39.215 0.0000000000
32374  -41.947  -52.085  38.871 0.0000000000
33530  -40.772  -50.978  38.877 0.0000000000
33562  -41.354  -51.644  37.289 0.0000000000
32419  -38.521  -52.190  35.532 0.0000000000
43186  -52.420  -42.284  37.086 0.0000000000
132008  -52.438  -41.077  36.769 0.0000000000
44267  -53.436  -41.474  37.711 0.0000000000
45299  -54.592  -40.067  38.359 0.0000000000
47210  -55.234  -38.812  38.892 0.0000000000
38978  -55.411  -47.489  40.661 0.0000000000
37885  -53.784  -48.080  40.125 0.0000000000
40091  -53.869  -45.860  39.436 0.0000000000
40104  -52.453  -45.584  38.656 0.0000000000
40114  -51.194  -45.153  37.838 0.0000000000
141792  -50.175  -44.402  36.879 0.0000000000
41138  -51.446  -44.370  37.398 0.0000000000
42123  -52.015  -43.083  36.983 0.0000000000
48332  -61.384  -37.734  31.324 0.0000000000
31119  -39.792  -53.746  48.106 0.0000000000
32294  -39.065  -53.395  46.431 0.0000000000
31145  -39.575  -53.722  46.111 0.0000000000
31165  -40.353  -53.437  45.176 0.0000000000
125908  -41.259  -52.369  44.037 0.0000000000
127829  -52.974  -36.975  35.561 0.0000000000
126604  -52.068  -36.977  34.451 0.0000000000
50191  -53.833  -35.914  35.457 0.0000000000
125951  -54.096  -35.401  34.812 0.0000000000
51249  -55.403  -34.666  33.768 0.0000000000
50233  -55.900  -34.784  33.177 0.0000000000
134861  -56.466  -34.557  34.557 0.0000000000
51252  -57.783  -34.740  34.702 0.0000000000
51230  -59.104  -34.838  35.793 0.0000000000
34581  -46.989  -50.642  44.214 0.0000000000
33479  -45.834  -51.891  42.918 0.0000000000
133963  -47.358  -51.174  42.533 0.0000000000
130714  -49.831  -53.723  42.547 0.0000000000
31200  -50.198  -54.778  41.929 0.0000000000
126480  -47.264  -48.827  39.638 0.0000000000
35691  -46.880  -49.633  39.869 0.0000000000
36726  -45.711  -49.062  39.206 0.0000000000
34642  -43.975  -49.414  38.202 0.0000000000
35722  -43.074  -49.811  37.018 0.0000000000
35740  -42.162  -49.811  35.886 0.0000000000
35721  -41.854  -48.990  36.295 0.0000000000
43216  -46.050  -42.684  34.416 0.0000000000
43229  -44.755  -42.249  33.809 0.0000000000
53215  -62.396  -32.839  40.677 0.0000000000
51154  -62.861  -34.515  40.077 0.0000000000
53230  -62.762  -32.591  39.786 0.0000000000
53243  -63.925  -32.712  38.236 0.0000000000
142942  -64.510  -32.760  37.012 0.0000000000
141279  -64.277  -29.829  32.814 0.0000000000
54286  -64.334  -30.140  33.829 0.0000000000
54316  -64.293  -30.205  33.032 0.0000000000
124505  -61.852  -32.251  32.796 0.0000000000
53324  -60.231  -32.806  32.357 0.0000000000
52335  -58.804  -33.804  31.983 0.0000000000
53340  -59.904  -32.661  31.419 0.0000000000
53359  -58.790  -32.851  30.243 0.0000000000
136995  -59.462  -32.603  28.903 0.0000000000
147295  -61.608  -29.241  24.885 0.0000000000
55276  -61.514  -30.945  25.497 0.0000000000
55285  -60.152  -30.433  24.367 0.0000000000
33436  -31.895  -51.087  46.879 0.0000000000
32281  -32.915  -52.498  47.269 0.0000000000
33437  -32.765  -51.177  46.454 0.0000000000
32300  -33.258  -51.942  45.434 0.0000000000
32306  -33.178  -51.890  44.545 0.0000000000
138645  -35.836  -50.597  41.517 0.0000000000
34601  -35.031  -50.593  41.457 0.0000000000
35671  -35.051  -49.615  40.157 0.0000000000
35681  -32.905  -49.457  38.821 0.0000000000
34649  -31.770  -50.533  37.714 0.0000000000
31248  -31.753  -52.875  37.751 0.0000000000
33559  -32.983  -51.563  37.054 0.0000000000
28890  -44.814  -55.566  39.632 0.0000000000
30018  -44.122  -54.356  40.172 0.0000000000
30046  -44.147  -54.781  38.404 0.0000000000
31239  -43.578  -54.096  38.028 0.0000000000
31269  -42.962  -53.651  36.583 0.0000000000
45354  -48.430  -40.778  33.588 0.0000000000
46322  -48.675  -39.994  33.243 0.0000000000
46311  -49.853  -40.154  34.143 0.0000000000
46312  -50.520  -39.718  34.456 0.0000000000
47251  -51.797  -38.887  35.301 0.0000000000
45323  -52.642  -40.150  36.686 0.0000000000
143254  -52.879  -38.738  36.504 0.0000000000
47236  -53.012  -38.064  36.312 0.0000000000
49205  -53.645  -36.935  36.433 0.0000000000
50172  -54.534  -36.175  37.002 0.0000000000
50156  -55.499  -35.346  37.359 0.0000000000
36712  -51.022  -48.585  42.146 0.0000000000
34605  -51.888  -50.615  42.163 0.0000000000
137913  -52.809  -50.652  41.375 0.0000000000
35679  -52.289  -50.347  40.630 0.0000000000
36720  -50.120  -49.080  40.097 0.0000000000
37884  -51.805  -47.714  39.557 0.0000000000
137888  -50.399  -48.458  39.801 0.0000000000
36729  -48.630  -48.198  39.523 0.0000000000
125310  -47.439  -47.370  38.760 0.0000000000
37896  -46.012  -46.916  38.017 0.0000000000
39008  -45.099  -45.919  36.955 0.0000000000
40120  -43.995  -45.527  36.279 0.0000000000
40122  -45.643  -45.390  36.636 0.0000000000
41158  -45.684  -44.332  35.677 0.0000000000
42129  -46.085  -43.766  35.297 0.0000000000
42119  -49.182  -43.922  36.147 0.0000000000
42131  -47.861  -43.417  35.387 0.0000000000
143676  -47.216  -43.144  34.963 0.0000000000
42148  -47.864  -42.701  34.758 0.0000000000
44307  -47.990  -41.451  33.847 0.0000000000
53396  -64.174  -32.132  28.554 0.0000000000
55270  -65.460  -30.612  27.458 0.0000000000
55278  -64.754  -28.952  25.968 0.0000000000
142405  -63.670  -29.176  25.526 0.0000000000
57034  -62.798  -27.625  25.174 0.0000000000
58090  -60.887  -27.141  24.721 0.0000000000
35579  -35.661  -50.014  47.446 0.0000000000
35633  -35.747  -50.074  45.882 0.0000000000
34555  -36.358  -50.511  46.138 0.0000000000
33462  -36.818  -51.869  44.373 0.0000000000
33473  -36.825  -51.982  43.615 0.0000000000
32302  -38.491  -52.999  45.056 0.0000000000
32307  -37.921  -52.575  44.053 0.0000000000
33489  -37.141  -51.558  42.754 0.0000000000
34617  -37.533  -50.328  41.388 0.0000000000
35674  -38.152  -49.672  39.929 0.0000000000
35687  -38.398  -49.534  39.139 0.0000000000
46339  -48.904  -39.136  32.876 0.0000000000
47303  -49.870  -37.850  32.864 0.0000000000
49248  -51.830  -36.698  33.845 0.0000000000
47271  -60.328  -38.532  34.245 0.0000000000
47273  -62.096  -39.744  35.254 0.0000000000
31138  -43.412  -54.139  47.523 0.0000000000
123262  -42.838  -54.893  46.207 0.0000000000
31157  -43.475  -54.821  45.852 0.0000000000
29982  -44.487  -55.223  44.691 0.0000000000
28847  -45.243  -55.374  43.538 0.0000000000
31179  -46.506  -53.822  43.194 0.0000000000
28866  -46.950  -56.457  42.298 0.0000000000
28873  -46.123  -56.807  40.896 0.0000000000
125159  -46.320  -57.391  39.866 0.0000000000
27874  -46.499  -57.560  37.372 0.0000000000
30069  -46.218  -56.556  35.610 0.0000000000
32333  -51.878  -52.594  42.049 0.0000000000
32340  -51.156  -53.568  41.965 0.0000000000
125771  -48.875  -53.626  40.904 0.0000000000
33518  -46.797  -51.400  40.180 0.0000000000
32365  -46.430  -52.139  39.925 0.0000000000
31223  -46.596  -53.344  39.587 0.0000000000
129481  -46.192  -54.070  37.633 0.0000000000
31272  -45.745  -54.241  36.100 0.0000000000
142773  -42.614  -44.889  35.442 0.0000000000
42077  -56.661  -43.432  39.974 0.0000000000
44218  -56.934  -41.822  40.360 0.0000000000
34529  -31.645  -50.363  47.174 0.0000000000
35557  -35.042  -50.083  48.869 0.0000000000
34510  -36.054  -50.439  48.374 0.0000000000
34511  -36.591  -51.085  48.888 0.0000000000
31103  -39.668  -53.721  49.453 0.0000000000
29934  -40.921  -55.024  49.530 0.0000000000
28812  -42.028  -55.521  49.789 0.0000000000
29949  -43.365  -55.124  49.377 0.0000000000
31122  -44.489  -54.006  48.878 0.0000000000
32286  -45.780  -52.799  47.749 0.0000000000
32298  -46.575  -52.335  47.098 0.0000000000
32287  -47.635  -52.671  47.739 0.0000000000
33455  -47.472  -51.423  45.997 0.0000000000
34574  -48.660  -50.634  45.698 0.0000000000
35637  -49.097  -49.930  45.164 0.0000000000
36694  -49.722  -48.945  43.943 0.0000000000
36705  -50.890  -48.106  43.647 0.0000000000
125874  -52.167  -47.393  42.361 0.0000000000
37867  -53.490  -46.797  41.997 0.0000000000
41088  -56.994  -44.769  40.714 0.0000000000
46251  -56.315  -40.071  39.985 0.0000000000
46231  -56.091  -39.144  40.243 0.0000000000
48217  -55.473  -37.590  39.896 0.0000000000
142227  -56.123  -36.483  42.788 0.0000000000
123696  -55.696  -36.600  41.398 0.0000000000
125678  -55.423  -36.711  40.076 0.0000000000
50132  -55.665  -35.497  39.916 0.0000000000
51147  -56.072  -34.893  39.615 0.0000000000
51169  -56.783  -34.510  38.364 0.0000000000
141160  -58.681  -33.685  41.403 0.0000000000
51149  -58.102  -34.019  39.943 0.0000000000
125039  -57.589  -34.389  37.841 0.0000000000
51192  -58.509  -34.436  37.428 0.0000000000
51193  -59.657  -34.726  37.423 0.0000000000
51212  -60.013  -35.157  36.529 0.0000000000
50145  -62.275  -35.843  39.049 0.0000000000
123675  -61.446  -35.953  37.796 0.0000000000
49207  -61.431  -36.655  36.715 0.0000000000
49228  -61.943  -37.543  36.556 0.0000000000
47253  -62.632  -39.198  35.648 0.0000000000
47274  -63.066  -39.617  35.278 0.0000000000
53271  -64.197  -31.071  36.454 0.0000000000
51213  -64.061  -33.000  36.352 0.0000000000
53294  -63.242  -32.120  34.596 0.0000000000
51231  -62.761  -33.757  35.445 0.0000000000
51232  -63.394  -34.507  36.026 0.0000000000
50224  -62.834  -36.038  35.014 0.0000000000
128863  -63.280  -37.740  34.475 0.0000000000
47292  -63.192  -39.208  33.701 0.0000000000
48320  -62.141  -37.717  32.576 0.0000000000
48319  -61.482  -37.437  32.139 0.0000000000
140839  -59.643  -36.704  31.375 0.0000000000
50248  -58.976  -34.925  32.085 0.0000000000
49288  -58.908  -36.025  31.297 0.0000000000
49298  -58.852  -36.535  30.778 0.0000000000
125891  -62.780  -32.544  28.239 0.0000000000
144867  -60.682  -32.670  27.789 0.0000000000
136811  -58.991  -32.838  27.593 0.0000000000
126672  -60.698  -32.936  25.731 0.0000000000
53403  -59.135  -33.044  26.621 0.0000000000
52372  -58.119  -33.175  27.142 0.0000000000
31143  -33.439  -53.477  46.457 0.0000000000
34569  -34.633  -50.333  45.134 0.0000000000
33459  -33.678  -51.294  44.071 0.0000000000
32315  -32.471  -52.291  43.464 0.0000000000
33501  -33.677  -51.018  41.854 0.0000000000
33483  -31.816  -51.714  42.061 0.0000000000
31184  -30.879  -52.967  42.861 0.0000000000
31183  -30.051  -53.346  42.417 0.0000000000
31166  -42.424  -54.327  44.941 0.0000000000
31176  -42.672  -53.653  44.051 0.0000000000
125364  -41.737  -52.150  43.152 0.0000000000
146729  -43.196  -53.140  40.469 0.0000000000
32351  -42.286  -52.244  40.773 0.0000000000
33508  -41.320  -51.417  41.558 0.0000000000
34631  -40.428  -50.799  39.601 0.0000000000
34640  -39.579  -50.165  38.694 0.0000000000
34652  -38.513  -49.593  37.191 0.0000000000
31298  -42.656  -54.352  34.583 0.0000000000
31280  -41.987  -53.433  35.016 0.0000000000
145443  -40.482  -52.067  35.394 0.0000000000
33596  -40.053  -51.528  35.593 0.0000000000
34687  -38.668  -50.536  36.027 0.0000000000
34668  -37.368  -50.020  36.268 0.0000000000
43171  -55.361  -42.075  39.152 0.0000000000
42076  -55.796  -43.592  39.584 0.0000000000
42075  -54.946  -43.796  39.266 0.0000000000
133434  -54.482  -43.226  38.869 0.0000000000
45357  -61.897  -40.582  34.183 0.0000000000
46326  -61.048  -40.537  33.902 0.0000000000
45378  -62.433  -40.518  34.057 0.0000000000
124217  -41.700  -55.184  47.288 0.0000000000
29964  -42.270  -55.097  46.851 0.0000000000
46337  -47.270  -39.564  32.178 0.0000000000
51210  -56.789  -34.541  36.600 0.0000000000
51190  -56.772  -34.545  37.426 0.0000000000
35657  -49.337  -49.043  43.037 0.0000000000
34595  -49.475  -50.159  42.342 0.0000000000
35661  -49.740  -49.378  42.463 0.0000000000
38995  -43.923  -47.007  37.271 0.0000000000
45352  -47.063  -40.723  33.070 0.0000000000
44324  -46.405  -40.888  33.087 0.0000000000
54340  -64.849  -31.005  30.414 0.0000000000
53362  -63.658  -31.628  31.154 0.0000000000
53363  -64.317  -31.573  30.446 0.0000000000
53383  -62.708  -32.260  30.042 0.0000000000
36747  -36.998  -48.766  37.837 0.0000000000
36738  -36.350  -48.674  38.121 0.0000000000
36752  -36.136  -48.950  36.888 0.0000000000
35718  -35.857  -49.501  36.582 0.0000000000
35719  -36.777  -49.406  36.614 0.0000000000
28926  -45.724  -57.213  35.274 0.0000000000
30068  -45.394  -57.176  35.568 0.0000000000
47209  -54.751  -38.285  38.336 0.0000000000
47223  -54.130  -38.627  37.760 0.0000000000
48230  -54.742  -37.366  38.204 0.0000000000
36724  -54.560  -49.536  41.012 0.0000000000
37886  -54.734  -48.859  40.817 0.0000000000
40102  -50.032  -46.026  38.236 0.0000000000
145011  -49.454  -46.080  38.171 0.0000000000
40111  -48.570  -45.585  37.562 0.0000000000
40126  -49.064  -44.973  37.132 0.0000000000
43198  -51.043  -42.581  35.995 0.0000000000
43206  -50.294  -42.666  35.640 0.0000000000
44286  -49.948  -42.113  35.170 0.0000000000
33419  -37.967  -52.079  47.543 0.0000000000
32283  -38.541  -52.741  46.964 0.0000000000
33477  -40.011  -51.674  43.555 0.0000000000
33491  -40.421  -51.231  42.784 0.0000000000
33506  -39.874  -50.836  42.400 0.0000000000
33507  -40.660  -50.986  41.922 0.0000000000
47288  -50.937  -37.871  33.916 0.0000000000
50244  -53.226  -35.265  32.543 0.0000000000
49251  -59.692  -36.604  34.555 0.0000000000
49226  -60.153  -36.247  35.286 0.0000000000
33453  -45.125  -51.701  45.041 0.0000000000
33452  -44.647  -52.172  45.064 0.0000000000
33464  -44.955  -51.959  44.416 0.0000000000
30010  -49.555  -55.372  41.849 0.0000000000
27820  -48.549  -56.353  41.688 0.0000000000
28874  -48.369  -56.853  40.671 0.0000000000
28893  -47.829  -57.247  39.643 0.0000000000
30021  -47.952  -55.790  40.248 0.0000000000
35677  -49.678  -49.832  40.282 0.0000000000
34622  -49.097  -50.508  40.366 0.0000000000
34654  -43.998  -50.722  37.849 0.0000000000
130743  -44.523  -51.066  38.350 0.0000000000
33563  -43.867  -51.101  37.013 0.0000000000
33584  -44.407  -51.906  36.519 0.0000000000
126045  -43.780  -51.359  36.149 0.0000000000
42128  -45.251  -43.852  35.250 0.0000000000
42145  -44.792  -43.391  34.755 0.0000000000
52193  -62.004  -33.278  41.454 0.0000000000
52177  -61.468  -33.261  42.081 0.0000000000
52192  -61.361  -34.107  41.665 0.0000000000
137035  -61.450  -34.607  40.858 0.0000000000
51152  -61.025  -34.881  40.019 0.0000000000
51153  -62.074  -34.947  40.396 0.0000000000
51214  -64.047  -35.057  37.097 0.0000000000
50160  -63.676  -35.781  37.817 0.0000000000
51233  -63.692  -35.388  36.486 0.0000000000
145814  -63.062  -29.547  33.294 0.0000000000
55172  -62.370  -29.804  33.580 0.0000000000
55161  -63.322  -29.759  34.259 0.0000000000
55162  -64.272  -29.803  34.304 0.0000000000
52315  -60.063  -33.237  32.997 0.0000000000
50237  -59.946  -34.842  33.137 0.0000000000
52358  -57.562  -33.820  30.359 0.0000000000
52361  -57.272  -33.707  29.555 0.0000000000
52360  -57.028  -33.642  28.575 0.0000000000
145987  -62.738  -30.166  25.622 0.0000000000
54393  -62.552  -31.006  26.066 0.0000000000
31116  -32.067  -52.751  48.306 0.0000000000
31162  -32.374  -53.151  44.626 0.0000000000
31161  -31.660  -53.577  44.298 0.0000000000
31173  -31.269  -53.302  43.573 0.0000000000
33471  -35.263  -51.110  43.027 0.0000000000
30036  -29.885  -54.024  38.911 0.0000000000
30008  -44.144  -54.194  41.266 0.0000000000
147978  -42.362  -52.689  37.779 0.0000000000
32375  -42.435  -52.651  38.355 0.0000000000
32390  -41.926  -52.196  37.884 0.0000000000
44266  -52.769  -41.581  37.246 0.0000000000
132686  -54.533  -40.839  38.412 0.0000000000
46262  -55.237  -39.674  38.832 0.0000000000
38986  -55.410  -46.575  40.284 0.0000000000
38985  -54.668  -46.745  39.960 0.0000000000
40092  -54.853  -45.675  39.699 0.0000000000
41126  -53.403  -44.528  38.719 0.0000000000
40105  -53.225  -45.248  38.931 0.0000000000
40103  -51.690  -45.570  38.334 0.0000000000
41124  -51.960  -44.931  38.051 0.0000000000
41139  -52.278  -44.191  37.801 0.0000000000
42112  -53.114  -42.909  37.907 0.0000000000
133299  -52.605  -42.771  37.438 0.0000000000
46325  -60.385  -40.801  33.257 0.0000000000
31136  -39.707  -53.857  46.977 0.0000000000
29971  -41.076  -54.108  45.676 0.0000000000
31155  -40.210  -53.934  45.887 0.0000000000
32310  -41.058  -52.970  44.750 0.0000000000
46357  -47.761  -38.855  31.793 0.0000000000
49224  -53.495  -36.635  35.837 0.0000000000
49223  -53.127  -36.393  35.151 0.0000000000
50193  -55.308  -34.909  35.561 0.0000000000
50219  -54.776  -34.902  34.527 0.0000000000
51211  -57.544  -34.468  36.242 0.0000000000
51228  -57.661  -34.546  35.476 0.0000000000
51229  -58.427  -34.750  35.229 0.0000000000
34586  -46.546  -50.816  43.436 0.0000000000
34587  -47.360  -50.364  43.313 0.0000000000
33493  -49.339  -51.260  42.366 0.0000000000
127748  -48.373  -51.740  42.398 0.0000000000
132565  -49.808  -52.676  42.485 0.0000000000
31190  -50.347  -54.387  42.199 0.0000000000
31201  -50.573  -54.296  41.990 0.0000000000
36743  -46.844  -48.158  39.193 0.0000000000
36727  -46.439  -48.895  39.434 0.0000000000
36742  -45.959  -48.338  38.953 0.0000000000
37894  -43.956  -48.213  37.834 0.0000000000
36739  -44.278  -48.777  38.276 0.0000000000
36749  -43.597  -48.852  37.813 0.0000000000
35712  -43.468  -49.521  37.668 0.0000000000
35711  -42.990  -49.048  37.275 0.0000000000
136354  -42.512  -49.383  36.643 0.0000000000
36754  -42.440  -48.601  36.804 0.0000000000
43230  -45.619  -42.163  33.906 0.0000000000
53229  -62.134  -32.089  40.186 0.0000000000
53256  -63.019  -31.708  38.231 0.0000000000
53242  -63.250  -32.305  38.726 0.0000000000
53257  -63.902  -31.834  37.777 0.0000000000
53258  -64.403  -32.195  37.376 0.0000000000
54235  -64.319  -31.484  37.100 0.0000000000
55199  -64.268  -30.259  31.285 0.0000000000
55198  -63.700  -29.700  31.405 0.0000000000
54317  -64.118  -30.124  32.031 0.0000000000
54325  -64.173  -30.577  32.153 0.0000000000
53342  -63.425  -31.501  32.526 0.0000000000
53341  -61.277  -32.315  31.965 0.0000000000
53360  -59.673  -32.608  30.573 0.0000000000
53381  -59.573  -32.572  29.658 0.0000000000
56134  -60.535  -29.288  24.547 0.0000000000
56121  -60.882  -30.182  25.000 0.0000000000
34568  -33.978  -50.500  45.355 0.0000000000
34616  -36.264  -50.041  40.894 0.0000000000
34615  -35.446  -50.074  40.864 0.0000000000
131485  -35.919  -49.588  40.217 0.0000000000
145495  -34.146  -48.824  37.549 0.0000000000
134008  -34.348  -48.979  38.719 0.0000000000
35696  -32.724  -49.386  38.018 0.0000000000
139548  -32.129  -49.902  37.905 0.0000000000
34650  -32.426  -50.339  37.399 0.0000000000
139031  -32.085  -51.220  37.338 0.0000000000
33575  -32.949  -50.778  36.984 0.0000000000
32401  -34.638  -51.902  36.796 0.0000000000
33560  -33.814  -51.788  36.909 0.0000000000
28908  -45.289  -56.507  38.492 0.0000000000
30030  -44.557  -55.279  38.875 0.0000000000
30047  -44.965  -56.423  37.797 0.0000000000
30057  -44.345  -55.462  37.375 0.0000000000
31257  -43.642  -54.526  37.021 0.0000000000
44308  -48.882  -41.379  34.197 0.0000000000
45355  -49.179  -40.540  33.830 0.0000000000
45344  -49.684  -41.006  34.377 0.0000000000
45346  -50.992  -40.146  35.003 0.0000000000
46313  -51.178  -39.262  34.838 0.0000000000
142595  -52.100  -39.294  35.753 0.0000000000
45310  -53.058  -40.786  37.302 0.0000000000
47237  -53.453  -38.464  37.017 0.0000000000
46286  -53.068  -39.286  36.895 0.0000000000
48255  -53.226  -37.322  36.077 0.0000000000
48256  -53.547  -37.586  36.730 0.0000000000
49182  -54.926  -36.606  38.149 0.0000000000
49192  -55.023  -36.002  37.682 0.0000000000
50143  -55.584  -35.510  38.174 0.0000000000
36715  -52.452  -49.201  41.641 0.0000000000
35665  -53.240  -50.249  41.229 0.0000000000
36723  -53.732  -49.937  40.939 0.0000000000
138933  -53.150  -50.466  40.951 0.0000000000
35678  -50.965  -50.066  40.364 0.0000000000
36721  -51.312  -49.139  40.180 0.0000000000
37892  -50.025  -47.150  39.014 0.0000000000
122618  -50.142  -47.762  39.441 0.0000000000
36730  -49.558  -48.294  39.654 0.0000000000
37881  -48.253  -47.574  39.138 0.0000000000
36728  -47.731  -48.139  39.380 0.0000000000
38999  -47.277  -46.208  37.807 0.0000000000
38988  -46.871  -46.802  38.195 0.0000000000
38998  -46.484  -46.285  37.648 0.0000000000
38997  -45.638  -46.319  37.424 0.0000000000
139756  -45.626  -45.813  37.051 0.0000000000
40121  -44.760  -45.458  36.435 0.0000000000
41147  -46.954  -44.633  36.304 0.0000000000
41146  -46.089  -44.748  36.211 0.0000000000
41159  -46.532  -44.217  35.756 0.0000000000
41149  -49.517  -44.422  36.711 0.0000000000
42120  -50.004  -43.920  36.408 0.0000000000
42132  -48.787  -43.423  35.599 0.0000000000
131608  -46.923  -42.637  34.537 0.0000000000
44293  -48.324  -42.031  34.395 0.0000000000
56112  -65.008  -28.937  26.579 0.0000000000
56123  -64.477  -28.192  25.761 0.0000000000
58091  -62.207  -27.089  25.200 0.0000000000
57033  -61.115  -28.028  24.620 0.0000000000
34530  -36.349  -50.426  47.091 0.0000000000
35609  -35.941  -50.092  46.579 0.0000000000
33449  -36.777  -51.289  45.440 0.0000000000
33463  -37.388  -52.425  44.064 0.0000000000
31144  -38.990  -53.328  45.580 0.0000000000
32293  -38.529  -52.940  45.918 0.0000000000
33475  -38.219  -52.075  43.539 0.0000000000
33474  -37.374  -52.068  43.501 0.0000000000
34590  -37.747  -50.866  42.250 0.0000000000
34619  -39.303  -50.321  40.815 0.0000000000
34618  -38.353  -50.022  40.664 0.0000000000
35688  -39.113  -49.919  39.233 0.0000000000
46323  -49.385  -39.668  33.537 0.0000000000
47286  -49.595  -38.740  33.219 0.0000000000
49249  -52.591  -36.297  34.302 0.0000000000
49263  -52.252  -36.063  33.380 0.0000000000
50242  -52.084  -35.774  31.855 0.0000000000
50234  -56.724  -34.999  33.352 0.0000000000
48306  -58.821  -37.524  33.279 0.0000000000
47272  -61.226  -39.151  34.774 0.0000000000
31147  -43.301  -54.220  46.765 0.0000000000
32295  -43.771  -53.430  46.277 0.0000000000
31169  -45.252  -54.233  44.391 0.0000000000
31168  -44.634  -54.954  44.968 0.0000000000
133502  -44.975  -55.151  44.500 0.0000000000
29983  -45.024  -55.234  44.233 0.0000000000
28848  -45.555  -55.304  43.584 0.0000000000
32328  -46.402  -52.510  42.724 0.0000000000
141884  -47.255  -54.486  42.957 0.0000000000
27828  -47.764  -57.074  41.651 0.0000000000
28855  -47.053  -55.871  42.971 0.0000000000
28865  -46.099  -56.231  41.951 0.0000000000
27827  -46.933  -57.111  41.330 0.0000000000
143140  -46.851  -57.531  40.431 0.0000000000
28910  -46.902  -57.480  37.938 0.0000000000
27875  -46.687  -57.530  38.010 0.0000000000
28917  -46.358  -57.516  36.845 0.0000000000
136947  -46.500  -56.966  36.454 0.0000000000
34606  -52.362  -51.261  41.633 0.0000000000
34597  -52.002  -51.633  42.155 0.0000000000
33509  -52.010  -52.414  41.991 0.0000000000
33520  -49.454  -52.106  40.603 0.0000000000
32355  -50.455  -52.964  41.297 0.0000000000
32354  -49.240  -52.955  40.795 0.0000000000
31212  -50.207  -53.980  41.563 0.0000000000
32353  -48.002  -52.855  40.531 0.0000000000
34634  -46.145  -50.151  39.726 0.0000000000
34621  -46.859  -50.607  40.140 0.0000000000
33548  -45.428  -52.247  38.728 0.0000000000
33533  -45.699  -51.652  39.422 0.0000000000
32352  -47.140  -53.023  40.184 0.0000000000
31240  -46.306  -53.753  38.677 0.0000000000
131371  -45.838  -53.057  38.435 0.0000000000
32408  -44.936  -52.898  35.981 0.0000000000
32393  -45.797  -53.679  37.026 0.0000000000
31271  -45.404  -53.892  35.418 0.0000000000
40136  -44.406  -44.982  35.931 0.0000000000
40135  -43.470  -45.144  35.784 0.0000000000
41156  -43.319  -44.453  35.312 0.0000000000
139636  -31.303  -50.983  47.292 0.0000000000
147198  -35.375  -50.520  49.405 0.0000000000
32246  -38.916  -53.177  50.174 0.0000000000
29936  -43.692  -55.219  50.432 0.0000000000
31121  -43.738  -54.388  48.573 0.0000000000
29950  -44.334  -54.676  49.845 0.0000000000
32268  -46.894  -53.004  48.102 0.0000000000
127824  -48.873  -52.312  47.885 0.0000000000
32288  -48.354  -52.680  48.237 0.0000000000
33420  -48.331  -52.296  47.449 0.0000000000
127231  -47.591  -52.103  46.868 0.0000000000
33443  -48.287  -51.714  46.712 0.0000000000
33456  -48.261  -51.174  46.056 0.0000000000
34576  -50.127  -50.284  46.293 0.0000000000
130676  -49.812  -49.942  45.665 0.0000000000
35649  -49.889  -49.320  44.943 0.0000000000
131420  -50.972  -48.454  44.660 0.0000000000
37824  -51.725  -47.673  44.006 0.0000000000
37846  -51.480  -47.563  42.969 0.0000000000
134359  -52.202  -47.231  43.416 0.0000000000
37847  -52.719  -46.829  42.687 0.0000000000
38930  -53.435  -46.420  43.146 0.0000000000
130894  -57.071  -43.966  40.396 0.0000000000
138079  -57.079  -41.261  40.687 0.0000000000
45283  -56.588  -41.015  40.146 0.0000000000
45262  -56.881  -40.588  40.745 0.0000000000
47182  -56.358  -38.885  41.077 0.0000000000
47181  -55.826  -38.251  40.505 0.0000000000
50111  -55.725  -35.743  41.606 0.0000000000
49160  -55.554  -36.283  40.789 0.0000000000
131199  -55.467  -36.014  40.178 0.0000000000
51127  -56.564  -34.429  40.369 0.0000000000
51148  -56.673  -34.418  39.678 0.0000000000
143451  -56.506  -34.593  39.103 0.0000000000
52157  -60.392  -32.713  42.880 0.0000000000
52174  -59.180  -33.446  42.291 0.0000000000
51150  -58.998  -34.167  39.886 0.0000000000
122633  -58.262  -34.245  39.159 0.0000000000
51170  -57.644  -34.323  38.571 0.0000000000
51171  -58.417  -34.374  38.371 0.0000000000
122572  -60.355  -34.933  38.326 0.0000000000
51173  -62.566  -35.395  39.614 0.0000000000
49193  -62.713  -36.821  37.693 0.0000000000
50158  -62.333  -36.287  38.322 0.0000000000
50175  -61.875  -36.566  37.535 0.0000000000
49230  -63.501  -37.332  36.103 0.0000000000
48274  -62.894  -38.411  36.170 0.0000000000
48275  -63.294  -38.213  35.881 0.0000000000
47254  -63.108  -38.973  35.686 0.0000000000
135930  -64.326  -30.252  35.025 0.0000000000
54256  -64.301  -30.594  35.642 0.0000000000
53282  -64.293  -31.427  35.928 0.0000000000
52297  -63.619  -32.433  35.427 0.0000000000
53310  -63.687  -31.363  33.928 0.0000000000
52296  -62.142  -33.360  34.797 0.0000000000
51255  -62.579  -34.898  35.302 0.0000000000
49253  -62.352  -36.368  34.265 0.0000000000
49269  -62.766  -37.251  33.948 0.0000000000
48309  -63.148  -38.086  33.763 0.0000000000
48308  -62.448  -37.504  33.204 0.0000000000
48321  -62.677  -38.232  32.919 0.0000000000
48331  -60.631  -37.086  31.751 0.0000000000
51276  -58.912  -34.201  32.216 0.0000000000
51281  -58.453  -34.366  31.670 0.0000000000
50267  -57.450  -35.164  30.396 0.0000000000
50268  -58.265  -35.692  30.914 0.0000000000
53407  -63.472  -32.303  27.642 0.0000000000
53406  -62.246  -32.595  27.456 0.0000000000
53405  -61.373  -32.767  27.105 0.0000000000
53394  -59.774  -32.659  28.107 0.0000000000
53404  -60.216  -32.867  27.024 0.0000000000
54391  -60.985  -32.148  25.401 0.0000000000
53428  -61.281  -32.666  26.014 0.0000000000
53415  -60.184  -33.086  26.065 0.0000000000
32282  -33.323  -52.965  46.904 0.0000000000
29960  -33.266  -54.622  46.301 0.0000000000
28836  -31.488  -55.321  45.645 0.0000000000
29977  -30.480  -54.694  44.277 0.0000000000
28840  -30.284  -55.430  44.547 0.0000000000
28839  -29.798  -55.908  44.162 0.0000000000
28845  -29.457  -55.742  43.390 0.0000000000
34570  -35.492  -50.454  45.110 0.0000000000
34579  -35.003  -50.564  44.295 0.0000000000
127272  -34.370  -51.131  42.931 0.0000000000
33470  -33.668  -51.362  43.324 0.0000000000
32316  -33.074  -51.823  43.769 0.0000000000
33469  -32.985  -51.718  43.025 0.0000000000
34613  -33.705  -50.172  40.605 0.0000000000
34600  -34.172  -50.597  41.314 0.0000000000
34599  -33.406  -50.624  41.146 0.0000000000
33498  -30.634  -51.623  40.927 0.0000000000
137899  -32.165  -51.282  41.598 0.0000000000
32337  -30.956  -51.947  41.749 0.0000000000
32324  -31.357  -52.312  42.488 0.0000000000
32323  -30.495  -52.618  42.097 0.0000000000
31233  -32.157  -53.694  38.110 0.0000000000
29974  -43.409  -55.127  45.487 0.0000000000
29973  -42.609  -54.938  45.701 0.0000000000
29980  -43.183  -55.159  45.239 0.0000000000
31186  -43.484  -53.718  42.703 0.0000000000
31185  -42.881  -53.178  43.124 0.0000000000
32319  -42.160  -52.756  43.581 0.0000000000
32327  -42.361  -52.457  42.638 0.0000000000
139912  -43.984  -54.338  39.314 0.0000000000
135567  -43.552  -53.555  40.763 0.0000000000
31209  -43.442  -53.538  39.892 0.0000000000
32363  -42.097  -52.112  39.847 0.0000000000
32338  -41.880  -51.857  41.354 0.0000000000
32350  -41.531  -51.606  40.579 0.0000000000
127830  -40.815  -51.033  40.996 0.0000000000
33517  -40.875  -51.129  40.102 0.0000000000
34641  -40.225  -50.561  38.274 0.0000000000
125790  -39.710  -50.223  37.876 0.0000000000
35710  -39.125  -49.820  37.947 0.0000000000
125818  -39.346  -50.086  37.197 0.0000000000
32436  -40.442  -52.750  34.847 0.0000000000
33583  -40.860  -51.650  36.171 0.0000000000
32418  -37.877  -51.952  35.687 0.0000000000
140581  -39.072  -50.991  35.753 0.0000000000
33594  -38.376  -51.315  35.662 0.0000000000
34686  -37.869  -50.623  35.897 0.0000000000
33593  -37.518  -51.353  35.784 0.0000000000
43170  -53.668  -42.232  38.086 0.0000000000
44250  -54.883  -41.439  38.734 0.0000000000
123715  -55.482  -45.158  39.763 0.0000000000
135303  -54.791  -44.647  39.401 0.0000000000
42093  -53.106  -43.818  38.254 0.0000000000
133230  -53.809  -43.068  38.448 0.0000000000
45377  -61.750  -40.579  33.547 0.0000000000
47308  -62.589  -38.995  32.685 0.0000000000
29946  -40.914  -55.064  48.357 0.0000000000
29954  -40.997  -54.944  47.244 0.0000000000
29972  -41.766  -54.712  46.008 0.0000000000
50192  -54.702  -35.594  36.258 0.0000000000
147718  -54.270  -35.792  35.874 0.0000000000
124177  -56.226  -34.586  35.281 0.0000000000
35656  -48.595  -49.571  43.295 0.0000000000
35655  -48.063  -49.913  42.953 0.0000000000
34594  -48.424  -50.203  42.620 0.0000000000
33494  -50.920  -52.523  42.440 0.0000000000
122669  -44.511  -47.516  37.757 0.0000000000
148325  -43.722  -47.672  37.481 0.0000000000
37899  -42.534  -47.776  36.739 0.0000000000
37898  -41.948  -47.257  36.311 0.0000000000
44305  -46.064  -41.536  33.512 0.0000000000
54326  -64.456  -30.665  31.193 0.0000000000
147195  -61.423  -32.418  29.658 0.0000000000
123021  -61.959  -32.437  28.990 0.0000000000
35606  -32.935  -49.826  46.874 0.0000000000
143843  -33.021  -50.420  46.392 0.0000000000
34554  -33.588  -50.109  46.113 0.0000000000
35685  -36.423  -49.209  39.499 0.0000000000
35684  -35.531  -49.222  39.476 0.0000000000
35699  -35.976  -48.867  38.747 0.0000000000
145217  -34.902  -48.727  37.358 0.0000000000
35707  -34.416  -49.091  36.965 0.0000000000
34664  -33.702  -50.511  36.768 0.0000000000
35717  -34.901  -49.584  36.662 0.0000000000
33579  -35.899  -51.243  36.365 0.0000000000
28916  -46.009  -57.520  37.140 0.0000000000
30058  -45.388  -57.017  36.604 0.0000000000
127207  -44.606  -56.629  35.242 0.0000000000
44295  -50.194  -41.416  34.893 0.0000000000
45334  -50.863  -41.005  35.181 0.0000000000
45335  -51.475  -40.454  35.600 0.0000000000
46274  -54.043  -39.590  37.847 0.0000000000
48243  -54.324  -37.346  37.655 0.0000000000
127739  -54.063  -48.763  41.342 0.0000000000
36716  -53.788  -49.598  41.197 0.0000000000
35667  -54.528  -49.382  40.959 0.0000000000
140690  -53.056  -49.126  40.393 0.0000000000
38992  -51.888  -46.327  38.783 0.0000000000
38982  -51.649  -46.995  39.149 0.0000000000
38991  -50.427  -46.605  38.678 0.0000000000
124012  -49.486  -46.628  38.568 0.0000000000
38990  -48.404  -46.840  38.588 0.0000000000
39000  -48.069  -46.167  37.980 0.0000000000
40109  -46.913  -45.689  37.296 0.0000000000
40123  -46.520  -45.224  36.724 0.0000000000
42121  -50.652  -43.349  36.243 0.0000000000
43204  -49.114  -42.869  35.275 0.0000000000
43218  -48.700  -42.510  34.827 0.0000000000
34556  -36.913  -51.057  46.529 0.0000000000
33439  -37.475  -51.546  47.027 0.0000000000
33451  -37.971  -52.554  45.412 0.0000000000
31164  -39.392  -53.071  44.784 0.0000000000
32308  -38.583  -52.818  44.515 0.0000000000
134703  -39.389  -52.504  44.129 0.0000000000
33476  -39.089  -51.924  43.567 0.0000000000
123593  -38.920  -51.240  42.873 0.0000000000
34591  -38.467  -50.859  42.343 0.0000000000
47268  -50.729  -38.776  34.223 0.0000000000
48305  -51.211  -37.111  33.509 0.0000000000
50217  -53.091  -35.502  33.536 0.0000000000
50220  -57.827  -35.103  34.113 0.0000000000
50235  -57.484  -35.323  33.570 0.0000000000
49266  -59.234  -37.021  33.869 0.0000000000
32296  -44.272  -52.671  46.378 0.0000000000
32311  -44.513  -52.960  44.894 0.0000000000
126131  -49.116  -54.873  42.658 0.0000000000
29998  -47.669  -55.327  42.870 0.0000000000
28857  -48.983  -55.763  42.216 0.0000000000
27819  -48.265  -56.556  41.995 0.0000000000
27829  -48.265  -57.195  41.180 0.0000000000
27866  -47.622  -57.622  39.769 0.0000000000
28892  -47.327  -57.216  38.699 0.0000000000
30049  -47.197  -56.454  38.208 0.0000000000
34624  -52.004  -51.141  40.887 0.0000000000
33522  -51.630  -51.927  41.336 0.0000000000
138471  -49.622  -51.357  40.483 0.0000000000
35689  -44.975  -49.914  39.020 0.0000000000
34633  -45.453  -50.595  39.373 0.0000000000
34632  -44.831  -50.562  38.901 0.0000000000
33547  -44.912  -51.976  38.120 0.0000000000
32376  -45.509  -52.899  37.830 0.0000000000
41157  -44.860  -44.432  35.591 0.0000000000
29937  -45.352  -54.523  50.497 0.0000000000
33444  -49.459  -51.475  47.248 0.0000000000
34557  -48.987  -51.227  46.547 0.0000000000
34558  -49.748  -50.915  46.813 0.0000000000
146556  -52.505  -47.430  44.424 0.0000000000
46204  -57.064  -39.584  42.791 0.0000000000
46215  -56.782  -39.504  41.883 0.0000000000
47148  -56.671  -38.800  42.559 0.0000000000
48193  -56.314  -37.999  42.182 0.0000000000
51104  -56.647  -34.518  42.929 0.0000000000
51114  -56.042  -34.943  41.425 0.0000000000
128007  -56.539  -34.379  41.269 0.0000000000
52188  -57.249  -33.922  41.061 0.0000000000
53201  -60.986  -32.527  42.339 0.0000000000
52176  -60.811  -33.561  42.329 0.0000000000
124701  -59.463  -33.809  41.525 0.0000000000
51151  -59.944  -34.445  39.929 0.0000000000
51172  -60.949  -35.118  39.130 0.0000000000
51175  -63.791  -34.802  38.330 0.0000000000
50146  -63.071  -35.852  38.809 0.0000000000
49194  -63.366  -36.711  37.513 0.0000000000
49209  -63.029  -37.319  37.186 0.0000000000
49210  -63.496  -37.016  36.829 0.0000000000
54270  -64.014  -29.867  34.751 0.0000000000
53325  -60.912  -32.727  33.156 0.0000000000
53309  -61.867  -32.577  33.829 0.0000000000
51253  -61.135  -33.825  34.266 0.0000000000
51269  -61.142  -34.743  34.184 0.0000000000
50223  -61.938  -35.314  34.601 0.0000000000
49267  -61.155  -36.302  33.201 0.0000000000
49278  -61.684  -37.088  32.841 0.0000000000
50250  -60.383  -35.831  32.811 0.0000000000
52359  -58.218  -33.393  30.711 0.0000000000
51280  -57.876  -34.006  31.077 0.0000000000
51284  -57.541  -34.403  30.627 0.0000000000
53418  -63.483  -31.954  27.081 0.0000000000
31118  -33.660  -53.707  47.987 0.0000000000
31152  -33.187  -53.015  45.735 0.0000000000
31151  -32.801  -53.477  45.340 0.0000000000
29968  -31.863  -54.577  45.362 0.0000000000
29978  -31.331  -54.276  44.656 0.0000000000
29987  -30.051  -54.416  43.529 0.0000000000
34585  -35.473  -50.971  43.577 0.0000000000
141653  -34.281  -51.070  42.395 0.0000000000
34611  -31.708  -50.501  40.015 0.0000000000
33514  -30.421  -51.399  40.034 0.0000000000
31197  -29.763  -53.023  41.569 0.0000000000
130361  -29.171  -54.701  40.331 0.0000000000
30028  -29.468  -54.572  39.567 0.0000000000
143952  -30.681  -55.395  39.162 0.0000000000
28882  -31.500  -55.584  39.183 0.0000000000
144098  -43.886  -55.015  44.251 0.0000000000
29989  -44.023  -54.647  43.396 0.0000000000
31199  -43.541  -53.524  41.701 0.0000000000
31238  -43.007  -53.220  38.615 0.0000000000
31220  -43.077  -53.134  39.373 0.0000000000
33546  -41.380  -51.538  38.381 0.0000000000
33545  -40.808  -51.025  37.847 0.0000000000
33561  -40.713  -51.139  36.966 0.0000000000
130701  -39.273  -52.546  35.215 0.0000000000
43199  -51.769  -42.326  36.507 0.0000000000
44279  -51.863  -41.514  36.342 0.0000000000
44280  -52.284  -41.757  36.774 0.0000000000
45312  -53.876  -40.590  37.883 0.0000000000
37877  -55.584  -47.739  41.041 0.0000000000
37879  -55.263  -48.403  40.944 0.0000000000
37887  -54.648  -47.816  40.370 0.0000000000
38984  -53.599  -46.857  39.615 0.0000000000
38983  -52.685  -46.361  39.132 0.0000000000
40090  -53.118  -45.962  39.157 0.0000000000
40113  -50.381  -45.381  37.756 0.0000000000
41137  -49.886  -44.892  37.246 0.0000000000
129499  -50.647  -44.708  37.309 0.0000000000
42110  -51.920  -43.771  37.301 0.0000000000
42122  -51.362  -43.650  36.835 0.0000000000
45397  -61.212  -40.565  32.637 0.0000000000
32284  -39.155  -53.252  47.481 0.0000000000
31154  -39.504  -53.430  45.420 0.0000000000
31146  -40.269  -54.258  46.656 0.0000000000
32309  -40.241  -52.753  44.517 0.0000000000
124233  -52.510  -36.961  35.004 0.0000000000
123816  -53.981  -35.191  33.992 0.0000000000
50232  -54.617  -34.832  33.490 0.0000000000
51275  -55.195  -34.786  33.083 0.0000000000
51265  -56.229  -34.595  33.882 0.0000000000
51251  -57.025  -34.557  34.982 0.0000000000
50194  -59.060  -35.138  35.124 0.0000000000
50195  -59.713  -35.474  35.569 0.0000000000
33466  -45.904  -51.235  44.196 0.0000000000
33480  -46.007  -51.294  43.101 0.0000000000
33492  -46.501  -51.568  42.673 0.0000000000
32329  -47.464  -52.297  42.432 0.0000000000
32330  -48.733  -52.746  42.439 0.0000000000
124182  -48.492  -53.562  42.523 0.0000000000
31189  -49.464  -54.559  42.558 0.0000000000
30001  -50.015  -55.022  42.026 0.0000000000
35692  -48.133  -48.836  39.808 0.0000000000
35675  -47.718  -49.428  40.031 0.0000000000
136235  -46.134  -49.476  39.526 0.0000000000
35705  -45.197  -49.342  38.994 0.0000000000
36741  -45.102  -48.683  38.682 0.0000000000
35704  -44.640  -49.359  38.628 0.0000000000
143416  -43.771  -49.989  38.026 0.0000000000
134346  -43.536  -50.267  37.414 0.0000000000
34671  -42.797  -50.194  36.231 0.0000000000
35739  -41.502  -49.432  35.545 0.0000000000
43215  -45.185  -42.757  34.349 0.0000000000
43214  -44.319  -42.841  34.290 0.0000000000
43228  -43.887  -42.298  33.744 0.0000000000
44304  -45.194  -41.621  33.419 0.0000000000
44303  -44.321  -41.640  33.322 0.0000000000
53214  -61.859  -32.268  41.017 0.0000000000
143119  -62.410  -33.643  40.916 0.0000000000
51132  -62.489  -34.249  40.647 0.0000000000
52194  -62.793  -33.523  40.324 0.0000000000
52208  -63.317  -33.401  39.325 0.0000000000
52223  -63.778  -33.810  38.567 0.0000000000
52241  -64.293  -33.472  37.705 0.0000000000
126123  -64.312  -33.841  37.042 0.0000000000
54303  -64.399  -29.753  33.268 0.0000000000
53326  -63.857  -31.176  33.266 0.0000000000
52336  -59.383  -33.592  32.498 0.0000000000
52349  -59.232  -33.200  31.783 0.0000000000
53339  -58.977  -32.973  31.044 0.0000000000
53380  -58.718  -32.787  29.392 0.0000000000
53393  -58.793  -32.765  28.528 0.0000000000
132372  -60.598  -31.290  24.931 0.0000000000
32280  -32.232  -52.372  47.721 0.0000000000
33417  -32.496  -51.889  47.091 0.0000000000
135288  -33.079  -52.194  46.662 0.0000000000
146382  -33.204  -51.741  46.072 0.0000000000
32305  -32.667  -52.467  44.205 0.0000000000
33504  -36.218  -50.995  42.127 0.0000000000
33503  -35.467  -50.961  42.063 0.0000000000
34614  -34.589  -50.106  40.760 0.0000000000
35670  -34.162  -49.643  40.022 0.0000000000
35683  -34.671  -49.262  39.400 0.0000000000
35682  -33.804  -49.301  39.176 0.0000000000
34628  -33.243  -49.767  39.784 0.0000000000
34627  -32.315  -49.990  39.438 0.0000000000
32384  -31.431  -51.998  37.653 0.0000000000
32385  -32.361  -52.186  37.388 0.0000000000
33576  -33.509  -51.147  36.805 0.0000000000
32386  -33.360  -52.373  37.328 0.0000000000
30019  -44.705  -55.141  40.780 0.0000000000
145412  -44.326  -54.788  39.513 0.0000000000
32391  -42.289  -52.676  37.125 0.0000000000
45373  -48.082  -40.277  33.078 0.0000000000
47270  -52.069  -38.223  35.231 0.0000000000
45322  -51.975  -40.727  36.201 0.0000000000
45336  -52.057  -39.933  35.993 0.0000000000
46285  -52.514  -39.334  36.287 0.0000000000
47252  -52.430  -38.613  35.837 0.0000000000
48271  -52.588  -37.679  35.558 0.0000000000
49206  -54.034  -36.947  37.066 0.0000000000
147267  -55.018  -35.653  36.967 0.0000000000
51189  -56.077  -34.935  37.819 0.0000000000
35662  -50.794  -49.335  42.040 0.0000000000
36714  -51.802  -49.558  41.779 0.0000000000
35664  -52.686  -50.150  41.727 0.0000000000
34607  -52.617  -50.927  41.411 0.0000000000
134724  -52.639  -51.163  40.913 0.0000000000
129553  -52.850  -48.279  39.999 0.0000000000
36732  -52.079  -48.626  40.047 0.0000000000
36731  -51.056  -48.129  39.693 0.0000000000
35693  -49.093  -48.966  39.972 0.0000000000
37891  -46.418  -47.537  38.578 0.0000000000
38996  -44.765  -46.626  37.352 0.0000000000
39007  -44.172  -46.163  36.776 0.0000000000
41145  -45.240  -44.871  36.079 0.0000000000
127319  -48.696  -44.465  36.550 0.0000000000
41161  -48.302  -43.960  35.992 0.0000000000
41160  -47.407  -44.070  35.856 0.0000000000
42130  -46.932  -43.647  35.355 0.0000000000
42147  -46.477  -43.227  34.867 0.0000000000
43217  -47.445  -42.038  34.202 0.0000000000
45353  -47.684  -40.826  33.332 0.0000000000
144630  -65.182  -31.364  28.709 0.0000000000
53397  -65.502  -31.274  28.103 0.0000000000
54374  -65.302  -31.324  27.689 0.0000000000
54388  -64.873  -31.172  27.101 0.0000000000
55269  -65.160  -29.988  26.622 0.0000000000
55277  -63.944  -29.982  25.991 0.0000000000
57020  -64.062  -27.578  25.695 0.0000000000
133784  -63.079  -28.465  25.180 0.0000000000
56135  -61.818  -28.520  24.794 0.0000000000
129462  -59.944  -27.882  24.339 0.0000000000
58089  -59.604  -27.195  24.202 0.0000000000
35608  -35.336  -49.773  46.547 0.0000000000
34571  -36.155  -50.614  45.465 0.0000000000
34580  -36.215  -51.046  44.748 0.0000000000
33461  -36.258  -51.451  43.870 0.0000000000
33488  -36.685  -51.750  43.065 0.0000000000
32301  -37.964  -52.691  44.537 0.0000000000
146128  -36.569  -51.372  42.602 0.0000000000
33505  -36.952  -50.923  42.164 0.0000000000
124864  -36.623  -50.500  41.527 0.0000000000
127994  -36.973  -50.022  40.886 0.0000000000
34602  -38.454  -50.407  41.603 0.0000000000
35673  -37.569  -49.784  40.425 0.0000000000
35686  -37.431  -49.324  39.502 0.0000000000
35701  -37.663  -49.084  38.481 0.0000000000
35709  -37.714  -49.098  37.528 0.0000000000
28957  -45.020  -56.874  34.200 0.0000000000
47302  -49.213  -38.251  32.485 0.0000000000
47319  -48.921  -37.811  31.667 0.0000000000
49262  -51.562  -36.460  33.094 0.0000000000
48315  -50.941  -36.806  32.738 0.0000000000
50247  -57.155  -35.684  32.948 0.0000000000
48307  -59.533  -37.984  33.741 0.0000000000
47290  -59.888  -39.053  33.650 0.0000000000
46314  -61.590  -40.130  34.548 0.0000000000
46315  -62.330  -40.249  34.808 0.0000000000
29957  -43.008  -55.030  48.204 0.0000000000
29965  -42.748  -54.858  47.168 0.0000000000
29975  -44.007  -55.293  45.220 0.0000000000
31158  -44.059  -54.150  45.584 0.0000000000
29990  -44.550  -55.237  44.200 0.0000000000
28853  -45.369  -55.562  42.518 0.0000000000
33465  -45.446  -51.860  43.527 0.0000000000
32320  -45.682  -52.891  43.465 0.0000000000
31178  -45.931  -54.356  43.780 0.0000000000
29992  -46.583  -55.037  43.395 0.0000000000
28849  -46.145  -55.402  43.366 0.0000000000
28854  -46.092  -55.769  42.982 0.0000000000
28864  -45.372  -55.750  41.397 0.0000000000
28872  -45.469  -56.260  40.299 0.0000000000
28891  -45.770  -56.897  39.149 0.0000000000
27864  -46.618  -57.532  38.826 0.0000000000
28909  -46.145  -57.484  37.913 0.0000000000
30081  -45.947  -56.720  34.956 0.0000000000
133552  -50.835  -50.354  42.147 0.0000000000
33495  -51.792  -52.395  42.203 0.0000000000
32332  -51.512  -52.962  42.164 0.0000000000
32356  -51.424  -52.768  41.721 0.0000000000
32341  -51.588  -52.941  42.066 0.0000000000
31191  -51.119  -53.602  42.021 0.0000000000
31211  -49.136  -54.587  41.324 0.0000000000
140936  -47.854  -50.282  40.304 0.0000000000
138621  -47.558  -51.218  40.344 0.0000000000
33534  -46.195  -51.081  39.838 0.0000000000
126758  -47.276  -52.056  40.315 0.0000000000
31210  -47.957  -53.805  40.580 0.0000000000
30020  -47.308  -54.380  40.016 0.0000000000
31241  -46.909  -54.762  38.988 0.0000000000
30048  -46.729  -55.226  37.932 0.0000000000
141522  -46.624  -55.705  37.087 0.0000000000
31258  -46.297  -55.150  36.597 0.0000000000
31283  -45.996  -55.424  35.064 0.0000000000
31300  -45.652  -56.057  34.357 0.0000000000
43156  -55.975  -42.717  39.590 0.0000000000
43157  -56.780  -42.595  40.094 0.0000000000
44219  -57.435  -41.840  40.978 0.0000000000
45263  -57.347  -41.122  41.279 0.0000000000
33416  -31.576  -51.699  47.546 0.0000000000
35605  -32.149  -49.843  47.291 0.0000000000
136884  -33.279  -49.608  47.447 0.0000000000
35577  -34.004  -49.585  47.494 0.0000000000
35578  -34.854  -49.673  47.537 0.0000000000
33399  -37.861  -52.039  48.709 0.0000000000
129633  -38.399  -52.582  49.354 0.0000000000
32266  -39.098  -53.133  48.722 0.0000000000
31120  -40.342  -54.425  48.796 0.0000000000
28821  -42.037  -55.522  48.903 0.0000000000
29948  -42.681  -55.416  48.960 0.0000000000
31139  -44.080  -53.563  47.889 0.0000000000
31105  -45.295  -54.129  49.576 0.0000000000
31140  -45.196  -53.438  48.460 0.0000000000
32285  -44.559  -52.860  47.327 0.0000000000
32297  -45.193  -52.278  46.761 0.0000000000
33442  -45.680  -51.782  46.066 0.0000000000
127080  -46.798  -51.768  46.338 0.0000000000
34572  -46.894  -51.005  45.070 0.0000000000
34573  -47.777  -50.720  45.238 0.0000000000
34582  -47.827  -50.253  44.278 0.0000000000
35636  -48.372  -50.255  44.981 0.0000000000
35647  -48.492  -49.839  44.256 0.0000000000
35648  -49.166  -49.399  44.138 0.0000000000
36704  -50.080  -48.563  43.274 0.0000000000
36675  -50.707  -48.931  45.216 0.0000000000
36695  -50.355  -48.686  44.320 0.0000000000
131654  -50.491  -48.278  42.797 0.0000000000
37845  -50.990  -47.969  42.657 0.0000000000
37865  -51.653  -47.984  42.080 0.0000000000
37866  -53.012  -47.385  41.857 0.0000000000
141126  -54.001  -47.722  41.545 0.0000000000
38966  -54.819  -47.492  41.427 0.0000000000
38949  -55.043  -46.422  41.780 0.0000000000
38967  -55.672  -47.464  41.086 0.0000000000
38968  -55.957  -47.096  41.019 0.0000000000
38979  -56.002  -46.839  40.857 0.0000000000
41087  -56.287  -45.117  40.168 0.0000000000
41106  -56.543  -44.275  40.014 0.0000000000
44233  -56.197  -41.732  39.683 0.0000000000
45282  -55.938  -40.774  39.518 0.0000000000
46232  -56.629  -39.758  40.894 0.0000000000
137494  -55.700  -40.081  39.315 0.0000000000
46250  -55.693  -39.380  39.478 0.0000000000
47198  -55.569  -38.509  39.654 0.0000000000
125785  -56.372  -36.924  43.377 0.0000000000
48176  -56.213  -37.205  42.546 0.0000000000
50101  -55.981  -35.749  42.551 0.0000000000
49138  -55.859  -36.500  42.101 0.0000000000
48192  -55.936  -37.276  41.727 0.0000000000
48205  -55.660  -37.249  40.816 0.0000000000
147957  -55.290  -37.021  39.411 0.0000000000
49172  -55.360  -36.210  39.406 0.0000000000
133493  -55.623  -35.512  39.051 0.0000000000
51168  -56.037  -34.975  38.683 0.0000000000
52173  -58.161  -33.515  41.943 0.0000000000
52189  -58.027  -33.800  40.805 0.0000000000
52190  -58.820  -33.920  40.671 0.0000000000
124139  -57.283  -34.247  39.247 0.0000000000
141583  -58.154  -34.433  36.638 0.0000000000
123162  -59.361  -34.558  38.262 0.0000000000
124112  -58.950  -34.593  36.606 0.0000000000
50157  -61.418  -35.613  38.562 0.0000000000
50174  -60.994  -35.922  37.026 0.0000000000
50196  -60.533  -36.023  36.145 0.0000000000
49227  -60.992  -36.876  35.909 0.0000000000
48272  -61.445  -37.795  35.711 0.0000000000
48257  -62.714  -37.749  36.696 0.0000000000
48273  -62.371  -38.341  36.167 0.0000000000
48292  -61.832  -38.854  35.568 0.0000000000
46300  -62.631  -39.867  35.195 0.0000000000
46316  -62.880  -40.175  34.835 0.0000000000
53272  -64.451  -31.828  36.716 0.0000000000
53311  -64.307  -30.689  34.406 0.0000000000
50197  -63.347  -35.726  35.754 0.0000000000
49229  -63.421  -36.738  35.516 0.0000000000
49254  -63.154  -36.982  34.700 0.0000000000
48293  -63.359  -38.717  34.871 0.0000000000
146721  -63.195  -39.739  34.621 0.0000000000
46327  -63.001  -40.279  34.211 0.0000000000
127071  -60.520  -37.426  30.979 0.0000000000
51277  -59.357  -34.490  32.645 0.0000000000
50260  -59.277  -35.797  31.811 0.0000000000
50259  -58.586  -35.261  31.519 0.0000000000
53395  -61.568  -32.635  28.009 0.0000000000
54392  -61.666  -31.875  25.971 0.0000000000
52366  -57.978  -33.088  28.101 0.0000000000
31134  -33.013  -53.009  47.721 0.0000000000
31135  -33.679  -53.669  47.187 0.0000000000
29961  -33.696  -54.224  46.737 0.0000000000
29970  -33.297  -53.906  45.987 0.0000000000
27808  -30.504  -56.558  45.273 0.0000000000
28835  -30.712  -55.741  45.216 0.0000000000
146840  -30.207  -56.052  44.761 0.0000000000
35632  -35.015  -49.804  45.739 0.0000000000
34578  -34.261  -50.772  44.505 0.0000000000
33502  -34.632  -50.937  41.935 0.0000000000
33500  -32.778  -50.928  41.394 0.0000000000
33484  -32.768  -51.441  42.199 0.0000000000
32325  -32.207  -52.021  42.763 0.0000000000
32314  -31.722  -52.641  43.192 0.0000000000
31172  -30.412  -53.667  43.209 0.0000000000
29995  -29.713  -54.136  42.720 0.0000000000
29994  -29.350  -54.715  42.149 0.0000000000
29986  -29.511  -54.928  43.062 0.0000000000
31232  -31.206  -53.530  38.200 0.0000000000
123260  -42.313  -54.988  46.274 0.0000000000
31156  -41.870  -54.404  45.492 0.0000000000
31167  -43.262  -54.711  44.557 0.0000000000
31175  -41.831  -53.234  44.431 0.0000000000
140606  -42.987  -52.871  41.092 0.0000000000
133610  -42.811  -52.773  40.107 0.0000000000
32339  -42.398  -52.324  41.692 0.0000000000
32326  -41.739  -51.820  42.272 0.0000000000
131266  -41.080  -51.371  42.347 0.0000000000
34620  -40.219  -50.685  40.437 0.0000000000
147343  -40.868  -51.086  39.507 0.0000000000
138727  -40.148  -50.564  39.034 0.0000000000
34630  -39.673  -50.336  39.677 0.0000000000
35703  -38.954  -49.737  38.656 0.0000000000
35702  -38.431  -49.398  38.158 0.0000000000
35720  -37.613  -49.395  36.805 0.0000000000
30080  -44.619  -56.813  34.469 0.0000000000
30079  -43.653  -55.507  34.746 0.0000000000
31281  -42.902  -53.995  35.498 0.0000000000
32407  -42.218  -52.972  36.041 0.0000000000
32437  -41.159  -53.252  34.664 0.0000000000
32421  -41.254  -52.517  35.461 0.0000000000
32406  -41.661  -52.204  36.553 0.0000000000
33582  -40.198  -51.018  36.314 0.0000000000
33595  -39.231  -51.668  35.481 0.0000000000
33581  -39.634  -51.089  35.819 0.0000000000
34670  -39.469  -50.565  36.384 0.0000000000
127890  -38.874  -50.091  36.630 0.0000000000
34669  -38.180  -49.976  36.419 0.0000000000
34667  -36.464  -50.343  36.259 0.0000000000
27846  -48.082  -57.408  40.444 0.0000000000
28822  -42.462  -55.501  49.580 0.0000000000
28867  -49.297  -55.669  41.949 0.0000000000
28875  -48.641  -56.129  41.553 0.0000000000
28898  -31.106  -54.931  38.771 0.0000000000
29999  -48.741  -55.335  42.585 0.0000000000
30000  -49.598  -55.107  42.356 0.0000000000
30029  -30.221  -54.788  38.984 0.0000000000
31188  -48.295  -54.559  42.674 0.0000000000
33496  -52.161  -52.134  41.986 0.0000000000
33499  -31.448  -51.403  41.324 0.0000000000
33515  -31.154  -51.059  40.499 0.0000000000
33578  -35.029  -51.199  36.536 0.0000000000
34592  -46.781  -50.830  42.866 0.0000000000
34593  -47.605  -50.470  42.771 0.0000000000
34608  -53.114  -50.403  41.204 0.0000000000
34639  -32.102  -49.854  38.494 0.0000000000
34651  -33.182  -50.043  37.046 0.0000000000
34665  -34.534  -50.400  36.591 0.0000000000
35697  -33.633  -48.965  38.223 0.0000000000
35716  -33.997  -49.731  36.811 0.0000000000
36717  -54.843  -48.948  41.026 0.0000000000
36736  -34.574  -48.679  38.072 0.0000000000
36737  -35.547  -48.606  37.938 0.0000000000
36745  -35.634  -48.739  37.215 0.0000000000
36746  -36.288  -48.711  37.465 0.0000000000
38981  -51.171  -46.620  38.811 0.0000000000
43219  -48.970  -42.019  34.588 0.0000000000
53408  -64.925  -31.867  28.001 0.0000000000
124655  -47.121  -57.687  39.655 0.0000000000
135539  -48.067  -54.731  40.670 0.0000000000
138300  -37.177  -50.722  35.945 0.0000000000
140261  -32.728  -49.725  37.552 0.0000000000
141685  -47.677  -56.424  42.363 0.0000000000
