#!ascii label  , from subject sub-v1s10x0050990_ses-1 vox2ras=TkReg
1742
45210  5.989  -43.256  72.784 0.0000000000
71467  41.594  -19.671  53.244 0.0000000000
159628  26.027  -42.859  64.833 0.0000000000
47569  35.291  -41.228  68.690 0.0000000000
52054  17.244  -36.386  65.424 0.0000000000
49625  13.500  -38.504  73.126 0.0000000000
82142  51.003  -9.673  49.645 0.0000000000
74613  50.339  -16.299  59.085 0.0000000000
59913  35.424  -29.616  60.437 0.0000000000
167470  56.819  -5.108  45.379 0.0000000000
44171  24.321  -43.798  69.641 0.0000000000
47494  8.939  -41.026  72.859 0.0000000000
78926  50.805  -12.599  55.443 0.0000000000
76721  46.057  -13.957  52.136 0.0000000000
68028  41.594  -22.807  58.220 0.0000000000
145222  45.626  -20.309  61.125 0.0000000000
66834  36.557  -23.365  55.479 0.0000000000
49804  32.532  -38.502  61.502 0.0000000000
44226  31.602  -43.342  65.259 0.0000000000
141301  19.801  -39.957  69.334 0.0000000000
141282  17.975  -39.839  74.062 0.0000000000
50822  15.134  -36.966  69.012 0.0000000000
48662  11.191  -39.281  68.565 0.0000000000
48734  21.340  -39.637  64.920 0.0000000000
82126  56.796  -9.062  51.714 0.0000000000
79980  56.484  -11.126  57.585 0.0000000000
72529  46.241  -18.065  56.596 0.0000000000
65490  36.594  -24.789  62.290 0.0000000000
53224  36.938  -35.756  64.575 0.0000000000
82216  53.796  -9.125  45.768 0.0000000000
157639  59.530  -9.182  47.230 0.0000000000
83120  62.216  -8.412  42.892 0.0000000000
42954  24.424  -43.724  73.205 0.0000000000
45223  7.289  -42.440  72.556 0.0000000000
157848  8.097  -41.941  75.300 0.0000000000
154611  6.613  -42.894  75.346 0.0000000000
79010  45.910  -11.954  49.893 0.0000000000
66709  41.273  -23.492  61.638 0.0000000000
67943  43.411  -22.708  62.805 0.0000000000
41739  0.286  -45.422  75.571 0.0000000000
68098  37.431  -22.465  53.494 0.0000000000
45392  26.760  -42.153  61.784 0.0000000000
46544  29.416  -41.602  62.430 0.0000000000
43089  29.333  -44.450  64.823 0.0000000000
150043  19.084  -38.560  67.383 0.0000000000
49678  18.194  -38.512  69.237 0.0000000000
52020  16.187  -36.421  67.159 0.0000000000
49770  20.097  -37.881  65.080 0.0000000000
47591  20.751  -40.263  67.308 0.0000000000
49623  15.558  -38.133  73.508 0.0000000000
82129  53.945  -9.655  50.993 0.0000000000
81087  56.546  -10.583  54.055 0.0000000000
80038  53.764  -11.250  52.841 0.0000000000
76650  50.764  -14.619  57.415 0.0000000000
77754  53.550  -13.522  59.301 0.0000000000
74689  41.429  -16.907  51.049 0.0000000000
147162  43.784  -16.411  52.177 0.0000000000
72541  43.909  -18.759  54.901 0.0000000000
140091  33.668  -27.201  58.040 0.0000000000
65534  34.890  -24.612  58.417 0.0000000000
62108  35.445  -27.676  61.285 0.0000000000
47628  34.200  -39.974  65.063 0.0000000000
50909  35.002  -37.780  63.083 0.0000000000
49722  37.054  -38.861  66.046 0.0000000000
82199  49.904  -9.626  46.278 0.0000000000
149509  51.909  -8.209  45.339 0.0000000000
141989  52.362  -9.427  47.578 0.0000000000
83068  54.412  -8.613  48.482 0.0000000000
84952  60.873  -6.209  43.051 0.0000000000
84002  59.307  -7.617  43.900 0.0000000000
82209  61.235  -9.420  45.199 0.0000000000
83109  57.822  -8.625  44.585 0.0000000000
44197  25.379  -43.499  67.353 0.0000000000
43062  28.390  -44.442  66.957 0.0000000000
43001  27.825  -44.301  70.482 0.0000000000
143217  11.203  -39.505  73.080 0.0000000000
48529  11.902  -39.589  76.505 0.0000000000
47444  9.853  -40.703  75.836 0.0000000000
81154  48.955  -10.000  48.702 0.0000000000
80040  51.290  -11.212  52.162 0.0000000000
80075  48.317  -10.974  50.819 0.0000000000
152170  48.009  -13.007  53.278 0.0000000000
75650  48.370  -15.407  55.611 0.0000000000
69262  41.633  -21.927  55.377 0.0000000000
70376  43.821  -19.981  56.942 0.0000000000
158863  43.701  -21.601  60.349 0.0000000000
57778  34.542  -31.314  59.274 0.0000000000
48615  37.862  -39.976  70.871 0.0000000000
42974  3.595  -44.364  72.495 0.0000000000
44083  4.737  -44.263  75.836 0.0000000000
42937  2.439  -45.098  75.384 0.0000000000
70446  39.276  -19.963  52.208 0.0000000000
69276  39.768  -21.919  54.208 0.0000000000
66832  39.204  -23.300  55.992 0.0000000000
145086  38.346  -22.989  60.117 0.0000000000
48761  30.789  -39.547  60.943 0.0000000000
47631  31.923  -40.944  64.174 0.0000000000
45305  33.704  -41.910  66.901 0.0000000000
161559  31.206  -45.593  67.544 0.0000000000
41840  34.186  -45.498  67.777 0.0000000000
45216  21.649  -42.639  72.559 0.0000000000
45194  20.958  -42.264  75.151 0.0000000000
47525  18.964  -40.097  71.383 0.0000000000
49665  16.490  -38.143  70.873 0.0000000000
50790  14.711  -37.680  70.424 0.0000000000
163025  14.108  -37.142  66.908 0.0000000000
50807  13.448  -37.885  68.867 0.0000000000
140783  12.583  -38.744  70.824 0.0000000000
157454  10.127  -39.999  70.564 0.0000000000
46446  8.279  -41.430  70.579 0.0000000000
45262  6.195  -42.562  70.497 0.0000000000
149003  24.817  -41.411  61.682 0.0000000000
48762  22.511  -39.631  62.149 0.0000000000
45353  23.941  -42.023  64.829 0.0000000000
45325  22.907  -42.153  67.006 0.0000000000
45274  22.499  -42.778  70.107 0.0000000000
78922  58.511  -11.568  56.352 0.0000000000
159487  53.225  -11.677  56.011 0.0000000000
76724  43.541  -14.625  50.769 0.0000000000
74668  45.988  -15.969  53.995 0.0000000000
73612  48.384  -17.206  57.821 0.0000000000
71378  45.919  -19.721  58.428 0.0000000000
71376  47.431  -19.051  59.198 0.0000000000
159281  33.922  -23.820  55.744 0.0000000000
158443  36.053  -23.555  59.443 0.0000000000
66675  37.896  -23.663  63.419 0.0000000000
54445  34.818  -34.042  60.807 0.0000000000
56747  36.283  -32.357  62.375 0.0000000000
50834  39.012  -37.143  67.734 0.0000000000
55580  38.111  -33.561  66.580 0.0000000000
58769  36.772  -30.385  63.730 0.0000000000
60943  37.083  -28.173  65.585 0.0000000000
163287  37.224  -25.500  66.655 0.0000000000
83987  55.201  -7.874  45.210 0.0000000000
150900  55.979  -9.731  46.476 0.0000000000
83065  57.208  -7.512  48.785 0.0000000000
44084  25.124  -44.054  75.057 0.0000000000
148025  6.774  -42.864  73.055 0.0000000000
45209  6.863  -42.878  73.840 0.0000000000
44116  6.284  -43.243  74.174 0.0000000000
163252  40.694  -23.490  62.986 0.0000000000
66656  41.855  -23.365  63.941 0.0000000000
41755  -1.213  -45.502  74.196 0.0000000000
142082  26.448  -42.576  63.099 0.0000000000
45361  27.587  -42.672  63.044 0.0000000000
44240  27.448  -43.347  64.356 0.0000000000
50856  18.397  -37.467  66.596 0.0000000000
141288  17.741  -37.263  67.049 0.0000000000
52036  16.801  -36.330  66.008 0.0000000000
50916  19.366  -36.659  63.969 0.0000000000
50877  18.804  -37.013  65.399 0.0000000000
147959  19.521  -38.253  66.344 0.0000000000
49638  14.358  -38.064  72.777 0.0000000000
49611  13.547  -38.736  74.438 0.0000000000
82140  52.396  -9.631  50.282 0.0000000000
81108  53.795  -10.638  52.231 0.0000000000
81125  52.587  -10.624  51.707 0.0000000000
162327  50.520  -15.753  58.513 0.0000000000
75614  51.628  -15.425  59.452 0.0000000000
72577  41.580  -18.628  52.382 0.0000000000
72575  42.747  -18.002  52.707 0.0000000000
71465  43.082  -18.992  53.848 0.0000000000
59952  34.236  -29.311  58.193 0.0000000000
62152  34.521  -28.060  58.936 0.0000000000
62123  34.658  -27.427  59.664 0.0000000000
165344  35.320  -28.350  61.009 0.0000000000
47600  35.049  -40.295  66.857 0.0000000000
48712  35.661  -39.382  65.438 0.0000000000
166242  36.165  -40.161  67.844 0.0000000000
82163  50.309  -9.636  48.148 0.0000000000
149513  51.679  -9.610  46.827 0.0000000000
82162  51.610  -9.421  47.989 0.0000000000
82160  53.069  -8.853  48.978 0.0000000000
149484  58.628  -5.985  44.670 0.0000000000
84948  57.844  -5.973  44.990 0.0000000000
84003  58.472  -7.839  44.301 0.0000000000
84949  57.279  -6.739  44.888 0.0000000000
44183  24.743  -43.779  68.958 0.0000000000
43034  26.630  -44.084  68.602 0.0000000000
43002  26.493  -44.273  70.424 0.0000000000
47508  9.967  -40.293  72.851 0.0000000000
48565  10.752  -39.933  74.621 0.0000000000
47475  9.589  -40.672  74.005 0.0000000000
45172  7.442  -42.326  77.446 0.0000000000
46358  8.676  -41.445  78.017 0.0000000000
81156  47.321  -10.436  48.422 0.0000000000
81139  48.792  -10.485  50.290 0.0000000000
81148  47.663  -10.590  49.254 0.0000000000
78999  45.822  -12.497  50.376 0.0000000000
78985  47.381  -12.187  51.540 0.0000000000
77821  47.434  -13.097  52.778 0.0000000000
76684  48.328  -14.356  54.633 0.0000000000
76696  47.352  -14.315  53.694 0.0000000000
68049  42.047  -22.316  56.954 0.0000000000
69237  42.622  -21.745  57.409 0.0000000000
68027  42.192  -22.322  58.689 0.0000000000
82165  48.592  -10.000  47.627 0.0000000000
139867  2.921  -44.849  73.722 0.0000000000
41767  2.185  -45.088  73.804 0.0000000000
166547  37.993  -20.398  51.702 0.0000000000
70418  39.702  -20.802  53.180 0.0000000000
69308  38.212  -21.387  52.557 0.0000000000
68082  36.904  -22.769  54.102 0.0000000000
66851  38.052  -23.104  55.018 0.0000000000
142865  38.347  -23.369  55.794 0.0000000000
144931  38.638  -23.480  57.807 0.0000000000
66795  37.598  -23.502  57.438 0.0000000000
48779  29.239  -39.809  60.271 0.0000000000
45358  30.302  -42.114  63.992 0.0000000000
47641  31.040  -40.957  63.031 0.0000000000
46517  31.451  -41.623  64.580 0.0000000000
46502  32.462  -41.332  65.459 0.0000000000
45322  32.822  -42.837  65.847 0.0000000000
43031  29.688  -44.921  68.605 0.0000000000
165107  29.750  -45.348  67.193 0.0000000000
139671  30.995  -45.133  69.049 0.0000000000
41815  33.988  -45.869  69.280 0.0000000000
41839  35.264  -45.500  68.144 0.0000000000
46430  20.560  -41.364  70.997 0.0000000000
46417  19.886  -41.234  72.180 0.0000000000
47544  19.566  -40.445  70.937 0.0000000000
50821  16.148  -37.030  68.843 0.0000000000
49680  16.672  -37.968  70.031 0.0000000000
144311  15.929  -37.450  69.693 0.0000000000
50789  15.203  -37.659  70.833 0.0000000000
142556  15.231  -37.426  69.861 0.0000000000
52038  15.006  -36.506  65.910 0.0000000000
49712  11.883  -38.580  67.344 0.0000000000
49711  12.553  -38.199  67.320 0.0000000000
49696  11.927  -38.771  68.365 0.0000000000
49666  12.608  -38.581  70.010 0.0000000000
49682  11.881  -38.859  69.348 0.0000000000
48622  11.232  -39.395  70.544 0.0000000000
163937  10.677  -39.655  69.087 0.0000000000
155894  7.558  -41.920  70.987 0.0000000000
47684  25.242  -40.696  60.416 0.0000000000
47686  24.088  -40.132  60.659 0.0000000000
48745  21.028  -38.753  63.962 0.0000000000
47644  22.070  -40.055  63.661 0.0000000000
47643  22.675  -40.467  63.328 0.0000000000
47620  22.235  -40.771  64.919 0.0000000000
45339  23.001  -42.049  66.038 0.0000000000
151904  22.352  -41.501  66.013 0.0000000000
47575  20.296  -40.278  68.719 0.0000000000
46467  21.566  -41.552  68.641 0.0000000000
46444  21.412  -41.802  70.158 0.0000000000
45233  22.022  -42.714  71.661 0.0000000000
47490  19.191  -40.826  74.145 0.0000000000
150006  4.095  -44.414  77.180 0.0000000000
44072  4.785  -43.965  77.072 0.0000000000
82116  57.590  -9.495  52.852 0.0000000000
80001  56.381  -10.848  55.682 0.0000000000
81072  58.518  -10.374  56.038 0.0000000000
78923  57.997  -11.492  57.151 0.0000000000
77761  57.197  -12.371  58.052 0.0000000000
146048  50.740  -11.991  53.627 0.0000000000
159559  52.225  -11.953  54.323 0.0000000000
78924  52.228  -11.885  55.950 0.0000000000
77753  54.657  -13.392  59.618 0.0000000000
73646  45.156  -17.461  54.757 0.0000000000
74669  45.354  -16.294  53.627 0.0000000000
73645  45.923  -17.053  55.082 0.0000000000
74649  47.358  -16.424  55.659 0.0000000000
73625  47.353  -17.264  56.721 0.0000000000
70313  44.909  -20.628  59.518 0.0000000000
70347  45.031  -19.993  58.187 0.0000000000
143012  45.610  -20.441  59.825 0.0000000000
66818  33.050  -24.363  55.709 0.0000000000
146231  35.694  -24.644  59.952 0.0000000000
65542  35.301  -24.163  58.807 0.0000000000
66740  36.157  -24.069  60.112 0.0000000000
67965  37.103  -23.412  61.443 0.0000000000
66692  37.196  -23.890  62.166 0.0000000000
50951  31.788  -37.519  60.268 0.0000000000
50949  32.886  -37.082  61.002 0.0000000000
50907  36.190  -36.819  63.783 0.0000000000
52100  35.341  -36.072  62.312 0.0000000000
53247  35.958  -35.137  63.014 0.0000000000
55646  35.764  -33.498  61.887 0.0000000000
162268  36.769  -33.850  63.793 0.0000000000
144405  38.464  -38.562  69.685 0.0000000000
56698  37.836  -32.167  66.670 0.0000000000
57721  37.308  -31.754  64.785 0.0000000000
58760  37.483  -30.828  65.802 0.0000000000
60959  36.783  -28.958  64.363 0.0000000000
59816  37.492  -29.502  66.390 0.0000000000
83095  52.434  -8.625  45.522 0.0000000000
83093  54.413  -8.518  45.438 0.0000000000
83092  55.338  -8.811  45.280 0.0000000000
82195  55.181  -9.611  46.303 0.0000000000
83046  55.670  -8.280  50.105 0.0000000000
83066  56.372  -7.784  48.770 0.0000000000
83045  56.651  -8.055  50.326 0.0000000000
83043  59.151  -7.589  50.906 0.0000000000
84007  61.269  -7.284  42.820 0.0000000000
82191  60.564  -9.501  45.972 0.0000000000
82170  61.466  -7.810  47.449 0.0000000000
83978  60.756  -7.216  48.670 0.0000000000
44136  24.209  -43.995  71.375 0.0000000000
42986  25.834  -44.270  71.717 0.0000000000
144342  26.104  -43.904  73.534 0.0000000000
46421  8.403  -41.507  72.455 0.0000000000
150755  8.496  -41.539  74.123 0.0000000000
46408  7.919  -41.969  73.772 0.0000000000
45190  7.393  -42.463  75.324 0.0000000000
45182  6.715  -42.709  77.050 0.0000000000
79011  45.204  -12.260  49.734 0.0000000000
79000  44.937  -13.016  50.291 0.0000000000
66757  41.060  -23.344  59.362 0.0000000000
66735  42.404  -22.699  60.542 0.0000000000
66686  42.034  -23.416  62.328 0.0000000000
67909  43.381  -22.867  64.614 0.0000000000
41754  0.973  -45.421  74.281 0.0000000000
150694  -0.037  -45.492  73.981 0.0000000000
148014  -0.599  -45.472  75.038 0.0000000000
69309  37.433  -21.647  52.342 0.0000000000
66873  36.052  -22.735  53.937 0.0000000000
47664  28.874  -40.933  61.194 0.0000000000
45374  28.479  -42.170  62.437 0.0000000000
44250  29.003  -43.012  63.659 0.0000000000
43072  30.251  -44.455  65.070 0.0000000000
47576  19.711  -39.622  68.567 0.0000000000
48641  18.787  -39.033  69.351 0.0000000000
49710  18.254  -38.159  68.089 0.0000000000
139519  16.923  -37.265  68.327 0.0000000000
52004  16.219  -36.681  68.048 0.0000000000
48663  10.390  -39.718  68.272 0.0000000000
141749  10.009  -39.656  67.380 0.0000000000
50898  20.413  -37.623  63.881 0.0000000000
167007  20.873  -39.265  65.321 0.0000000000
47607  21.417  -40.489  66.054 0.0000000000
48720  20.026  -38.735  66.167 0.0000000000
48681  20.017  -39.346  67.285 0.0000000000
48578  16.782  -38.841  73.996 0.0000000000
82128  54.778  -9.533  51.261 0.0000000000
82117  56.319  -9.825  52.371 0.0000000000
81122  55.203  -10.002  52.102 0.0000000000
81088  55.453  -10.894  53.538 0.0000000000
79988  55.351  -11.254  55.748 0.0000000000
77774  50.663  -13.402  56.306 0.0000000000
78909  52.357  -12.476  57.393 0.0000000000
76648  52.476  -13.851  58.631 0.0000000000
75598  53.127  -15.601  60.949 0.0000000000
75699  42.879  -15.745  51.153 0.0000000000
73680  43.058  -16.867  51.973 0.0000000000
72564  44.004  -17.919  53.891 0.0000000000
72539  45.040  -18.172  55.561 0.0000000000
70298  46.446  -19.715  61.419 0.0000000000
64400  33.033  -25.746  57.034 0.0000000000
65553  33.789  -24.954  57.065 0.0000000000
64393  33.984  -25.581  58.295 0.0000000000
64384  34.644  -25.570  59.496 0.0000000000
149780  35.923  -26.064  62.102 0.0000000000
48742  33.649  -39.464  63.552 0.0000000000
50923  33.827  -37.777  62.150 0.0000000000
49761  35.068  -38.796  64.118 0.0000000000
49759  36.304  -38.286  64.724 0.0000000000
50871  37.181  -37.807  65.318 0.0000000000
82220  49.642  -9.224  45.718 0.0000000000
83992  50.495  -7.843  45.111 0.0000000000
165894  51.027  -9.131  45.637 0.0000000000
82197  52.202  -9.445  46.108 0.0000000000
149514  53.061  -9.455  46.244 0.0000000000
82196  53.895  -9.527  46.556 0.0000000000
140006  53.577  -8.906  48.267 0.0000000000
82148  54.189  -8.593  49.711 0.0000000000
146556  59.060  -5.246  44.579 0.0000000000
84946  59.461  -6.749  43.887 0.0000000000
83121  60.749  -8.203  43.314 0.0000000000
82225  62.015  -9.119  44.549 0.0000000000
82227  59.910  -9.196  44.184 0.0000000000
82228  59.062  -9.424  44.669 0.0000000000
81178  58.582  -9.907  46.074 0.0000000000
44229  25.900  -42.875  65.734 0.0000000000
43076  27.185  -43.633  65.874 0.0000000000
43047  26.884  -43.942  67.749 0.0000000000
141175  28.069  -44.524  68.937 0.0000000000
42999  29.370  -44.454  70.554 0.0000000000
49627  11.920  -39.023  72.752 0.0000000000
143283  12.806  -38.937  74.366 0.0000000000
48564  11.486  -39.568  74.578 0.0000000000
48530  11.107  -39.826  76.164 0.0000000000
46377  9.141  -41.161  75.326 0.0000000000
47434  9.321  -40.969  77.890 0.0000000000
82153  49.803  -9.748  48.911 0.0000000000
81127  50.939  -10.494  51.081 0.0000000000
81138  49.628  -10.313  50.457 0.0000000000
80059  49.578  -11.243  51.812 0.0000000000
80042  49.551  -11.687  52.541 0.0000000000
168051  46.992  -11.519  50.221 0.0000000000
78984  48.014  -11.836  52.002 0.0000000000
78933  49.613  -12.835  54.394 0.0000000000
77784  49.586  -13.591  55.304 0.0000000000
76662  49.710  -14.640  56.271 0.0000000000
75628  49.655  -15.664  57.341 0.0000000000
147844  41.668  -20.732  54.338 0.0000000000
70389  43.203  -20.007  55.448 0.0000000000
70378  42.878  -20.938  56.239 0.0000000000
70349  43.797  -20.640  58.159 0.0000000000
69175  44.267  -21.025  59.966 0.0000000000
165586  43.472  -22.158  61.347 0.0000000000
69147  44.556  -21.399  62.406 0.0000000000
69146  45.097  -20.801  62.185 0.0000000000
58841  35.113  -30.778  59.694 0.0000000000
47535  36.792  -41.197  70.094 0.0000000000
82221  48.674  -8.918  45.566 0.0000000000
82200  49.060  -9.515  46.104 0.0000000000
82164  49.502  -9.827  47.907 0.0000000000
87707  57.633  -3.453  45.476 0.0000000000
87708  56.763  -3.786  45.540 0.0000000000
42973  4.510  -43.912  72.346 0.0000000000
44107  5.009  -43.903  73.876 0.0000000000
42946  4.245  -44.391  74.129 0.0000000000
143719  3.831  -44.681  75.826 0.0000000000
42924  3.445  -44.758  76.667 0.0000000000
41738  1.729  -45.311  75.332 0.0000000000
72578  40.945  -18.785  52.173 0.0000000000
71504  39.405  -19.305  51.807 0.0000000000
71486  40.574  -19.453  52.441 0.0000000000
70417  40.500  -20.573  53.377 0.0000000000
69275  40.549  -21.754  54.422 0.0000000000
68063  40.466  -22.737  55.560 0.0000000000
68097  38.227  -22.339  53.709 0.0000000000
68064  39.677  -22.865  55.394 0.0000000000
66811  40.314  -23.276  56.732 0.0000000000
148128  39.994  -23.566  58.295 0.0000000000
141296  39.799  -23.231  60.686 0.0000000000
66689  39.387  -23.052  62.340 0.0000000000
49805  31.882  -38.785  61.170 0.0000000000
146651  30.124  -40.553  61.565 0.0000000000
47661  31.356  -40.143  61.930 0.0000000000
48752  32.646  -39.498  62.501 0.0000000000
47629  33.455  -40.314  64.814 0.0000000000
47602  33.712  -40.860  66.459 0.0000000000
46466  34.857  -41.558  68.150 0.0000000000
141517  28.309  -44.593  66.087 0.0000000000
41859  30.371  -45.469  66.294 0.0000000000
43061  31.592  -45.006  65.958 0.0000000000
140112  32.264  -45.607  68.728 0.0000000000
41842  32.326  -45.572  67.289 0.0000000000
43059  33.303  -44.736  66.655 0.0000000000
43058  34.069  -44.456  66.823 0.0000000000
44195  35.317  -43.543  67.271 0.0000000000
45289  36.519  -42.694  68.599 0.0000000000
45192  22.318  -42.995  74.447 0.0000000000
45203  21.008  -42.171  74.125 0.0000000000
46402  19.779  -41.315  73.831 0.0000000000
47491  18.601  -40.354  73.543 0.0000000000
48621  18.166  -39.059  70.520 0.0000000000
48607  17.849  -39.080  71.200 0.0000000000
49634  16.887  -38.568  72.128 0.0000000000
50757  15.686  -37.889  71.985 0.0000000000
50759  14.909  -37.920  72.100 0.0000000000
50760  14.356  -38.034  71.918 0.0000000000
52037  16.057  -36.195  66.204 0.0000000000
163371  15.559  -36.429  66.824 0.0000000000
52022  15.050  -36.757  68.206 0.0000000000
50859  13.402  -37.420  66.272 0.0000000000
50842  13.673  -37.503  67.308 0.0000000000
50823  14.614  -37.072  68.695 0.0000000000
50806  14.133  -37.674  69.701 0.0000000000
50776  13.354  -38.311  70.631 0.0000000000
49639  12.672  -38.797  72.104 0.0000000000
142725  11.796  -39.016  71.867 0.0000000000
48609  10.646  -39.776  71.578 0.0000000000
47526  9.601  -40.631  71.598 0.0000000000
146141  9.969  -40.058  69.062 0.0000000000
47546  9.577  -40.523  70.609 0.0000000000
47510  8.958  -41.054  72.018 0.0000000000
46433  7.738  -41.900  72.045 0.0000000000
45242  7.088  -42.366  71.691 0.0000000000
45225  5.877  -43.105  71.849 0.0000000000
44143  5.278  -43.311  71.471 0.0000000000
44131  3.880  -43.921  71.615 0.0000000000
46575  26.353  -41.007  60.636 0.0000000000
45393  25.990  -42.108  61.824 0.0000000000
45378  25.159  -42.067  62.820 0.0000000000
47654  23.564  -40.605  62.195 0.0000000000
46533  24.483  -41.733  63.142 0.0000000000
45352  24.706  -42.263  64.563 0.0000000000
45337  24.449  -42.645  66.335 0.0000000000
45323  24.020  -42.834  67.002 0.0000000000
44184  23.681  -43.365  68.661 0.0000000000
46478  21.733  -41.370  67.241 0.0000000000
145367  22.506  -42.416  68.441 0.0000000000
44173  23.117  -43.212  69.807 0.0000000000
44138  22.711  -43.151  71.520 0.0000000000
157126  22.968  -43.362  73.135 0.0000000000
44095  5.505  -43.714  75.363 0.0000000000
44081  6.057  -43.055  76.733 0.0000000000
81086  58.051  -10.005  54.995 0.0000000000
81110  52.254  -11.066  52.233 0.0000000000
79989  53.619  -11.708  55.043 0.0000000000
168276  55.407  -11.448  57.483 0.0000000000
78908  53.324  -12.149  57.896 0.0000000000
78900  55.178  -12.462  59.154 0.0000000000
161227  56.759  -11.768  58.821 0.0000000000
77863  44.037  -13.243  49.952 0.0000000000
76737  45.073  -13.807  51.022 0.0000000000
75698  43.630  -15.357  51.300 0.0000000000
75696  45.188  -14.942  52.042 0.0000000000
75686  46.040  -14.909  53.088 0.0000000000
75664  47.333  -15.360  54.627 0.0000000000
74636  48.358  -16.369  56.655 0.0000000000
74615  49.069  -16.856  58.273 0.0000000000
71434  43.693  -19.297  55.373 0.0000000000
71414  45.128  -19.101  56.885 0.0000000000
72520  45.856  -18.745  57.143 0.0000000000
71336  46.945  -19.579  60.511 0.0000000000
71377  46.652  -19.412  58.742 0.0000000000
72519  46.608  -18.447  57.454 0.0000000000
73603  48.109  -17.810  58.287 0.0000000000
73602  48.900  -17.441  58.836 0.0000000000
66855  34.649  -22.946  54.411 0.0000000000
66835  35.629  -23.528  55.819 0.0000000000
66799  33.981  -24.454  57.002 0.0000000000
66798  35.092  -23.796  57.617 0.0000000000
142519  36.634  -23.508  57.593 0.0000000000
143790  37.090  -23.242  59.131 0.0000000000
67963  37.995  -22.864  61.781 0.0000000000
67914  38.413  -23.029  64.483 0.0000000000
52113  34.232  -36.184  61.395 0.0000000000
56783  34.390  -32.740  59.747 0.0000000000
56773  35.288  -31.998  60.344 0.0000000000
58805  35.667  -30.411  61.016 0.0000000000
165953  37.685  -39.394  68.503 0.0000000000
49703  38.547  -38.393  67.570 0.0000000000
52049  38.173  -36.658  65.989 0.0000000000
53191  38.717  -35.343  66.916 0.0000000000
156468  37.639  -34.889  65.351 0.0000000000
55613  37.073  -33.260  64.191 0.0000000000
162590  36.628  -31.282  62.959 0.0000000000
59897  36.124  -30.038  61.729 0.0000000000
141727  36.503  -29.042  62.687 0.0000000000
62081  36.575  -27.404  63.480 0.0000000000
141728  36.652  -26.527  63.818 0.0000000000
148044  37.641  -28.154  67.136 0.0000000000
63164  37.033  -26.582  65.709 0.0000000000
65473  36.953  -24.964  64.304 0.0000000000
65472  37.244  -24.354  64.786 0.0000000000
85888  56.132  -5.450  45.395 0.0000000000
84931  56.033  -6.310  45.258 0.0000000000
83111  55.995  -8.251  44.942 0.0000000000
82213  56.842  -9.432  45.228 0.0000000000
82173  57.833  -9.426  47.241 0.0000000000
82175  55.500  -9.483  47.199 0.0000000000
83078  56.735  -8.146  48.254 0.0000000000
83064  58.608  -7.468  48.545 0.0000000000
83965  59.072  -7.052  49.475 0.0000000000
44086  23.870  -43.913  75.059 0.0000000000
44085  24.504  -44.049  75.138 0.0000000000
147979  6.356  -43.172  73.502 0.0000000000
44117  5.769  -43.519  73.633 0.0000000000
163647  40.514  -23.336  63.615 0.0000000000
66657  41.038  -23.276  64.143 0.0000000000
45350  26.225  -42.685  63.997 0.0000000000
44253  26.946  -42.878  63.841 0.0000000000
44241  26.755  -43.094  64.573 0.0000000000
50878  18.074  -36.683  65.466 0.0000000000
50857  17.613  -36.725  66.285 0.0000000000
142385  18.438  -37.035  65.983 0.0000000000
142171  13.981  -38.372  73.673 0.0000000000
82141  51.647  -9.593  49.940 0.0000000000
81135  52.507  -10.214  51.034 0.0000000000
81136  51.724  -10.128  50.681 0.0000000000
75615  51.035  -16.039  59.577 0.0000000000
71484  41.881  -19.006  52.923 0.0000000000
72566  42.546  -18.673  53.192 0.0000000000
71466  42.325  -19.359  53.527 0.0000000000
61026  35.072  -29.206  59.582 0.0000000000
61027  34.652  -28.859  58.876 0.0000000000
154632  34.870  -28.383  59.621 0.0000000000
159578  35.226  -28.737  60.360 0.0000000000
47585  34.615  -41.022  67.882 0.0000000000
47584  35.463  -40.559  67.831 0.0000000000
47568  36.016  -40.628  68.573 0.0000000000
82152  50.632  -9.590  49.014 0.0000000000
143708  50.985  -9.501  48.355 0.0000000000
82151  51.498  -9.411  49.024 0.0000000000
82150  52.326  -9.263  49.454 0.0000000000
84930  56.892  -5.926  45.211 0.0000000000
144286  25.672  -43.980  68.953 0.0000000000
166804  25.269  -44.151  70.181 0.0000000000
47509  9.554  -40.662  72.447 0.0000000000
47492  10.087  -40.241  73.522 0.0000000000
47493  9.516  -40.657  73.224 0.0000000000
81149  46.863  -10.804  49.094 0.0000000000
77835  46.320  -13.333  51.683 0.0000000000
77834  47.024  -12.873  51.940 0.0000000000
77822  46.688  -13.560  52.442 0.0000000000
76708  47.005  -13.889  53.126 0.0000000000
76709  46.349  -14.229  52.813 0.0000000000
68039  41.524  -22.780  57.382 0.0000000000
68038  42.138  -22.321  57.816 0.0000000000
42961  2.429  -44.863  73.083 0.0000000000
71506  37.694  -19.928  51.252 0.0000000000
70432  38.573  -20.605  52.197 0.0000000000
69335  37.769  -21.001  51.999 0.0000000000
66852  37.198  -23.109  54.853 0.0000000000
66833  37.504  -23.384  55.579 0.0000000000
66814  37.691  -23.528  56.380 0.0000000000
66815  37.017  -23.546  56.080 0.0000000000
44237  30.923  -43.065  64.850 0.0000000000
45348  30.832  -42.260  64.518 0.0000000000
45347  31.477  -42.432  64.997 0.0000000000
45335  32.109  -42.656  65.463 0.0000000000
44225  32.295  -43.607  65.695 0.0000000000
43013  30.327  -44.887  69.254 0.0000000000
41802  31.014  -44.892  69.911 0.0000000000
47543  20.156  -40.820  70.546 0.0000000000
46431  19.991  -41.023  71.344 0.0000000000
143098  19.741  -40.198  70.136 0.0000000000
141132  15.563  -37.102  69.169 0.0000000000
48683  11.381  -39.023  67.753 0.0000000000
48643  11.239  -39.329  69.644 0.0000000000
48744  21.477  -39.452  64.003 0.0000000000
47633  21.823  -40.181  64.457 0.0000000000
47632  22.427  -40.649  64.109 0.0000000000
46504  22.626  -41.381  65.386 0.0000000000
46505  21.983  -40.981  65.658 0.0000000000
47561  20.379  -40.674  69.649 0.0000000000
163044  20.994  -41.261  69.658 0.0000000000
46445  20.758  -41.249  70.290 0.0000000000
45254  21.073  -41.684  70.763 0.0000000000
47473  18.564  -40.355  74.540 0.0000000000
42909  3.566  -44.587  77.720 0.0000000000
42908  4.346  -44.144  77.975 0.0000000000
82125  58.153  -8.843  52.272 0.0000000000
156810  56.658  -10.925  56.817 0.0000000000
79987  57.915  -10.709  56.692 0.0000000000
79979  57.378  -11.040  57.502 0.0000000000
78914  57.396  -11.495  57.772 0.0000000000
78946  50.925  -12.238  54.238 0.0000000000
164342  51.548  -12.130  54.446 0.0000000000
78925  51.429  -12.280  55.701 0.0000000000
73635  45.614  -17.618  55.449 0.0000000000
145525  46.291  -17.458  55.837 0.0000000000
153564  46.777  -17.535  56.446 0.0000000000
70312  45.115  -20.676  60.451 0.0000000000
65505  36.077  -24.587  60.840 0.0000000000
166346  36.178  -24.375  60.371 0.0000000000
155388  36.512  -24.401  61.532 0.0000000000
66693  36.870  -23.944  61.551 0.0000000000
159279  36.826  -24.187  62.020 0.0000000000
49817  32.138  -38.093  60.897 0.0000000000
50950  32.380  -37.486  60.758 0.0000000000
50938  32.724  -37.796  61.258 0.0000000000
52068  36.641  -36.223  64.170 0.0000000000
52082  36.217  -35.854  63.470 0.0000000000
53235  36.393  -35.086  63.549 0.0000000000
54419  36.320  -34.391  63.228 0.0000000000
54408  36.738  -34.651  63.991 0.0000000000
55546  38.734  -32.863  68.091 0.0000000000
57707  37.655  -31.541  66.280 0.0000000000
143215  37.669  -30.986  66.592 0.0000000000
58749  37.604  -30.241  66.579 0.0000000000
58738  37.850  -30.128  67.304 0.0000000000
83094  53.138  -8.468  45.502 0.0000000000
166243  53.751  -8.580  45.516 0.0000000000
159290  53.726  -7.919  45.395 0.0000000000
82215  54.824  -9.220  45.710 0.0000000000
157245  54.477  -9.508  46.137 0.0000000000
82136  56.042  -8.610  50.946 0.0000000000
164769  56.654  -8.479  51.083 0.0000000000
83036  57.422  -8.372  51.250 0.0000000000
157493  61.487  -8.162  42.944 0.0000000000
83127  62.102  -7.676  42.527 0.0000000000
83119  63.209  -8.470  42.960 0.0000000000
156551  59.529  -9.615  46.431 0.0000000000
82171  60.483  -9.025  46.948 0.0000000000
83075  60.355  -7.952  47.814 0.0000000000
44123  23.892  -43.809  72.265 0.0000000000
42969  24.715  -44.006  72.354 0.0000000000
42953  25.259  -43.810  73.371 0.0000000000
46422  7.872  -41.962  72.923 0.0000000000
45199  6.789  -42.864  74.646 0.0000000000
45191  6.697  -42.780  76.090 0.0000000000
45181  7.350  -42.390  76.421 0.0000000000
149418  44.368  -12.607  49.565 0.0000000000
149135  41.014  -23.401  60.163 0.0000000000
66736  41.572  -23.270  60.772 0.0000000000
141281  0.032  -45.410  72.932 0.0000000000
149541  -1.763  -45.486  75.137 0.0000000000
46555  27.160  -41.688  61.321 0.0000000000
46554  27.982  -41.279  61.063 0.0000000000
45391  27.699  -42.082  61.843 0.0000000000
44251  28.401  -43.238  63.776 0.0000000000
45360  28.283  -42.730  63.159 0.0000000000
153932  28.988  -43.721  64.217 0.0000000000
44238  29.816  -43.785  64.519 0.0000000000
49709  18.795  -38.631  67.965 0.0000000000
48661  19.100  -39.095  68.568 0.0000000000
50840  16.969  -36.874  67.413 0.0000000000
50839  17.695  -37.586  67.821 0.0000000000
50899  19.942  -37.311  64.471 0.0000000000
49769  20.547  -38.178  64.430 0.0000000000
49749  20.425  -38.621  65.354 0.0000000000
48719  20.536  -39.309  65.934 0.0000000000
49750  19.788  -38.068  65.728 0.0000000000
49730  19.026  -38.125  66.784 0.0000000000
49729  19.652  -38.778  66.934 0.0000000000
48682  19.497  -39.146  67.793 0.0000000000
49622  16.253  -38.345  73.327 0.0000000000
49608  16.121  -38.499  74.176 0.0000000000
81123  54.262  -10.146  51.800 0.0000000000
162585  54.675  -10.724  52.739 0.0000000000
80017  54.609  -11.351  53.662 0.0000000000
80002  55.071  -11.358  54.699 0.0000000000
76660  51.176  -13.681  57.058 0.0000000000
76649  51.555  -14.233  57.967 0.0000000000
75613  52.319  -15.228  59.966 0.0000000000
162805  41.953  -16.493  51.053 0.0000000000
73681  42.140  -17.144  51.542 0.0000000000
72565  43.290  -18.285  53.523 0.0000000000
73658  43.601  -17.655  53.132 0.0000000000
72552  44.388  -18.157  54.727 0.0000000000
63277  32.944  -26.543  57.169 0.0000000000
63276  33.477  -26.290  57.746 0.0000000000
64399  33.659  -25.487  57.573 0.0000000000
63263  34.007  -26.610  58.570 0.0000000000
165990  34.821  -27.167  60.312 0.0000000000
63239  34.759  -26.373  60.115 0.0000000000
63238  35.108  -26.843  60.899 0.0000000000
63229  35.111  -25.918  60.729 0.0000000000
144152  35.644  -26.852  61.697 0.0000000000
48728  33.956  -39.744  64.263 0.0000000000
48741  34.357  -39.128  63.834 0.0000000000
48727  34.667  -39.393  64.527 0.0000000000
48711  36.362  -39.154  65.688 0.0000000000
49743  36.060  -38.826  65.029 0.0000000000
49742  36.746  -38.429  65.317 0.0000000000
50891  36.702  -37.772  64.840 0.0000000000
49741  37.450  -38.192  65.774 0.0000000000
82219  50.506  -9.398  45.849 0.0000000000
82178  52.511  -9.565  46.743 0.0000000000
82177  53.211  -9.467  47.268 0.0000000000
159203  52.894  -9.145  48.154 0.0000000000
82149  53.044  -9.191  49.859 0.0000000000
167066  53.588  -8.778  49.524 0.0000000000
162719  53.723  -9.128  50.220 0.0000000000
82138  54.456  -9.040  50.490 0.0000000000
84947  58.873  -6.786  44.301 0.0000000000
85902  59.233  -6.009  44.202 0.0000000000
84008  60.195  -7.267  43.475 0.0000000000
157263  59.940  -8.403  43.724 0.0000000000
82240  60.521  -8.861  43.753 0.0000000000
83108  58.498  -8.837  44.393 0.0000000000
82229  58.136  -9.272  44.798 0.0000000000
82211  58.430  -9.707  45.285 0.0000000000
82230  57.448  -9.169  44.851 0.0000000000
44214  25.670  -43.202  66.540 0.0000000000
44196  26.333  -43.678  67.061 0.0000000000
142953  27.274  -44.341  69.168 0.0000000000
43016  27.923  -44.383  69.771 0.0000000000
43015  28.698  -44.514  69.659 0.0000000000
43000  28.473  -44.366  70.450 0.0000000000
48579  11.715  -39.372  73.655 0.0000000000
47457  10.353  -40.310  75.114 0.0000000000
153659  10.545  -40.195  75.815 0.0000000000
47432  10.788  -40.254  77.667 0.0000000000
47443  10.455  -40.307  76.736 0.0000000000
46392  8.571  -41.581  74.921 0.0000000000
46391  9.071  -41.110  74.477 0.0000000000
46378  8.547  -41.596  75.699 0.0000000000
81146  49.295  -10.046  49.645 0.0000000000
80074  49.126  -10.743  51.073 0.0000000000
80060  48.616  -11.346  51.547 0.0000000000
80090  46.455  -11.423  49.659 0.0000000000
78965  47.605  -12.440  52.220 0.0000000000
78964  48.213  -12.393  52.732 0.0000000000
78963  49.071  -12.100  53.035 0.0000000000
77805  48.942  -13.067  54.079 0.0000000000
77793  49.759  -13.049  55.002 0.0000000000
77794  49.230  -13.361  54.699 0.0000000000
76673  48.671  -14.685  55.288 0.0000000000
76672  49.346  -14.314  55.603 0.0000000000
75649  49.057  -15.058  55.922 0.0000000000
75638  49.371  -15.371  56.614 0.0000000000
69273  42.068  -21.185  55.022 0.0000000000
70390  42.736  -20.718  55.516 0.0000000000
69261  42.316  -21.504  55.769 0.0000000000
69222  42.738  -21.774  58.271 0.0000000000
69236  43.220  -21.184  57.828 0.0000000000
69221  43.385  -21.263  58.665 0.0000000000
69160  44.399  -21.284  60.919 0.0000000000
67944  42.796  -22.994  62.140 0.0000000000
67962  42.921  -22.633  61.357 0.0000000000
67961  43.446  -22.414  61.976 0.0000000000
69133  44.526  -21.728  63.200 0.0000000000
69132  45.160  -21.157  62.979 0.0000000000
70276  45.867  -20.808  63.607 0.0000000000
144555  34.172  -30.837  58.686 0.0000000000
148529  34.619  -30.453  59.052 0.0000000000
82201  48.219  -9.422  46.075 0.0000000000
42959  4.383  -44.184  73.221 0.0000000000
42960  3.621  -44.581  73.497 0.0000000000
42948  2.698  -44.988  74.507 0.0000000000
42947  3.485  -44.745  74.344 0.0000000000
42936  3.284  -44.856  75.156 0.0000000000
148652  3.091  -44.877  75.871 0.0000000000
151849  1.108  -45.418  75.053 0.0000000000
72590  40.607  -18.195  51.582 0.0000000000
73683  39.816  -17.787  51.082 0.0000000000
168103  38.550  -19.779  51.633 0.0000000000
72592  38.850  -18.960  51.329 0.0000000000
159959  39.916  -19.549  52.245 0.0000000000
70430  40.028  -20.094  52.730 0.0000000000
69289  39.390  -21.516  53.520 0.0000000000
69288  40.140  -21.252  53.795 0.0000000000
69263  40.920  -22.221  55.071 0.0000000000
68078  40.144  -22.378  54.858 0.0000000000
68119  37.074  -22.213  52.729 0.0000000000
68118  37.857  -22.025  52.952 0.0000000000
68065  38.873  -23.005  55.210 0.0000000000
66831  40.009  -23.147  56.116 0.0000000000
66812  39.585  -23.434  56.846 0.0000000000
66793  40.273  -23.417  57.495 0.0000000000
66794  39.486  -23.520  57.684 0.0000000000
159273  38.569  -23.352  58.653 0.0000000000
66759  39.809  -23.318  59.874 0.0000000000
66760  39.165  -23.050  60.228 0.0000000000
140736  39.689  -23.124  61.497 0.0000000000
139920  39.107  -22.898  60.924 0.0000000000
49819  30.703  -38.873  60.299 0.0000000000
49818  31.481  -38.377  60.556 0.0000000000
48777  31.301  -39.031  60.858 0.0000000000
47663  29.453  -41.006  61.648 0.0000000000
47653  29.999  -41.028  62.098 0.0000000000
46530  31.249  -41.202  63.836 0.0000000000
47640  31.760  -40.654  63.362 0.0000000000
48753  31.981  -39.837  62.159 0.0000000000
47650  32.271  -40.126  62.885 0.0000000000
48743  32.936  -39.782  63.241 0.0000000000
47630  32.627  -40.719  64.636 0.0000000000
155740  33.044  -42.100  66.320 0.0000000000
46490  33.098  -41.384  66.260 0.0000000000
46476  34.205  -41.476  67.516 0.0000000000
45304  34.515  -42.034  67.623 0.0000000000
43063  27.689  -44.014  66.506 0.0000000000
41844  30.360  -45.519  67.154 0.0000000000
41860  29.692  -45.379  66.632 0.0000000000
41858  31.067  -45.366  66.056 0.0000000000
41843  31.121  -45.579  66.735 0.0000000000
41828  33.636  -45.743  68.272 0.0000000000
41841  33.209  -45.454  67.446 0.0000000000
41856  32.605  -45.283  66.820 0.0000000000
43043  33.869  -45.080  67.188 0.0000000000
43041  35.712  -44.490  67.714 0.0000000000
44181  36.150  -43.332  67.843 0.0000000000
45201  22.306  -43.024  73.368 0.0000000000
45202  21.622  -42.645  73.716 0.0000000000
156786  20.960  -42.218  73.111 0.0000000000
47524  19.431  -40.685  71.783 0.0000000000
153074  19.802  -41.354  72.987 0.0000000000
162863  19.425  -40.915  72.537 0.0000000000
47506  19.245  -40.884  73.239 0.0000000000
47507  18.816  -40.361  72.455 0.0000000000
48620  18.714  -39.294  70.167 0.0000000000
48642  18.168  -38.793  69.884 0.0000000000
49664  17.433  -38.565  70.496 0.0000000000
49649  17.099  -38.601  71.412 0.0000000000
48590  17.544  -39.064  72.073 0.0000000000
49650  16.344  -38.151  71.691 0.0000000000
50773  15.254  -37.809  71.597 0.0000000000
50774  14.834  -37.827  71.353 0.0000000000
50775  14.104  -38.019  71.160 0.0000000000
52039  14.148  -36.931  66.130 0.0000000000
143551  14.855  -36.702  67.094 0.0000000000
50879  12.880  -37.303  65.400 0.0000000000
50860  12.564  -37.726  66.021 0.0000000000
50825  13.180  -37.887  67.782 0.0000000000
50824  13.953  -37.428  68.296 0.0000000000
146750  14.212  -37.418  69.045 0.0000000000
49652  13.312  -38.510  71.470 0.0000000000
160603  12.441  -38.851  71.481 0.0000000000
142874  11.844  -39.073  71.066 0.0000000000
48623  10.649  -39.743  70.891 0.0000000000
48608  11.215  -39.436  71.369 0.0000000000
48593  10.200  -40.102  72.131 0.0000000000
48624  10.117  -40.096  71.239 0.0000000000
48664  9.616  -40.054  68.057 0.0000000000
47547  8.822  -40.942  70.167 0.0000000000
47527  8.922  -41.002  71.111 0.0000000000
46432  8.344  -41.507  71.549 0.0000000000
45261  6.840  -42.360  70.908 0.0000000000
45243  6.390  -42.718  71.366 0.0000000000
44161  4.835  -43.186  70.802 0.0000000000
44144  4.671  -43.609  71.558 0.0000000000
163336  4.168  -43.563  71.022 0.0000000000
46577  25.045  -41.130  60.984 0.0000000000
46557  25.519  -41.596  61.415 0.0000000000
46546  25.305  -41.978  62.040 0.0000000000
46547  24.731  -41.673  62.358 0.0000000000
48780  22.540  -39.428  61.285 0.0000000000
47667  23.097  -40.006  61.759 0.0000000000
144985  23.497  -41.561  64.296 0.0000000000
46534  23.740  -41.411  63.459 0.0000000000
45364  24.214  -41.875  63.987 0.0000000000
142909  24.426  -42.394  65.518 0.0000000000
45324  23.440  -42.404  66.745 0.0000000000
45306  23.339  -42.653  67.450 0.0000000000
44199  23.774  -43.221  67.861 0.0000000000
45292  23.101  -42.923  68.328 0.0000000000
47608  20.799  -39.941  66.512 0.0000000000
47590  21.248  -40.698  66.823 0.0000000000
148953  21.154  -40.821  67.492 0.0000000000
45275  21.998  -42.252  69.674 0.0000000000
45294  22.015  -42.112  68.880 0.0000000000
45293  22.625  -42.744  69.181 0.0000000000
44156  22.944  -43.251  70.676 0.0000000000
45253  22.284  -42.781  70.886 0.0000000000
155724  21.449  -42.325  71.743 0.0000000000
44125  22.463  -43.055  72.374 0.0000000000
44111  22.929  -43.357  74.086 0.0000000000
45184  21.615  -42.870  75.711 0.0000000000
150588  12.263  -39.212  74.949 0.0000000000
49612  13.028  -38.997  75.137 0.0000000000
48548  12.498  -39.334  75.800 0.0000000000
44096  4.869  -44.075  74.777 0.0000000000
44106  5.619  -43.630  74.460 0.0000000000
139575  5.098  -43.756  78.065 0.0000000000
44071  5.575  -43.422  77.395 0.0000000000
164427  6.080  -42.928  77.619 0.0000000000
45173  5.902  -43.174  78.285 0.0000000000
81106  57.065  -10.060  53.497 0.0000000000
166544  51.143  -10.834  51.612 0.0000000000
81126  51.782  -10.672  51.493 0.0000000000
79990  52.683  -11.857  55.093 0.0000000000
80004  53.115  -11.829  54.229 0.0000000000
141638  54.311  -11.510  55.885 0.0000000000
79982  54.189  -11.584  56.956 0.0000000000
77764  52.878  -12.905  58.277 0.0000000000
77752  55.544  -13.323  59.572 0.0000000000
78906  55.653  -11.803  58.786 0.0000000000
77751  56.163  -13.362  59.287 0.0000000000
77762  56.682  -13.270  58.389 0.0000000000
77852  43.604  -13.908  50.285 0.0000000000
77864  43.297  -13.403  49.712 0.0000000000
77851  44.378  -13.630  50.459 0.0000000000
76738  44.271  -14.216  50.860 0.0000000000
74687  43.340  -16.127  51.613 0.0000000000
74686  44.122  -15.840  51.942 0.0000000000
74676  45.103  -15.937  52.967 0.0000000000
75677  45.715  -15.598  53.349 0.0000000000
75687  45.442  -15.246  52.724 0.0000000000
75676  46.348  -15.287  53.679 0.0000000000
75675  47.000  -14.980  53.994 0.0000000000
75665  46.651  -15.665  54.318 0.0000000000
73624  47.998  -16.933  57.054 0.0000000000
74637  47.682  -16.693  56.352 0.0000000000
161484  48.666  -16.602  57.399 0.0000000000
145422  43.203  -20.351  56.003 0.0000000000
70400  43.177  -19.679  54.870 0.0000000000
71416  43.667  -19.760  56.193 0.0000000000
71396  44.830  -19.594  57.397 0.0000000000
71395  45.525  -19.404  57.632 0.0000000000
71394  46.278  -19.128  57.912 0.0000000000
71354  47.946  -19.140  59.989 0.0000000000
71355  47.018  -19.592  59.611 0.0000000000
72511  46.994  -18.789  58.291 0.0000000000
72518  47.341  -18.146  57.844 0.0000000000
72510  47.806  -18.446  58.761 0.0000000000
148329  34.156  -23.398  54.924 0.0000000000
66836  34.924  -23.340  55.249 0.0000000000
143630  34.219  -24.960  57.830 0.0000000000
163584  34.329  -24.615  57.482 0.0000000000
66763  35.684  -23.700  58.942 0.0000000000
66781  35.065  -23.944  58.335 0.0000000000
66797  35.967  -23.619  57.221 0.0000000000
66780  35.853  -23.563  58.223 0.0000000000
66779  36.827  -23.368  58.335 0.0000000000
147644  36.193  -23.349  59.057 0.0000000000
66691  37.603  -23.626  62.454 0.0000000000
67964  37.474  -23.042  61.323 0.0000000000
67931  38.030  -23.392  62.918 0.0000000000
66690  38.366  -23.018  62.507 0.0000000000
160048  38.137  -23.344  63.791 0.0000000000
50922  34.526  -37.388  62.436 0.0000000000
50936  34.050  -37.008  61.772 0.0000000000
52101  34.728  -36.587  62.060 0.0000000000
53262  35.181  -35.503  61.790 0.0000000000
53263  34.682  -35.455  61.332 0.0000000000
54446  34.468  -34.804  60.805 0.0000000000
142370  34.207  -34.121  60.292 0.0000000000
55677  34.567  -33.390  60.258 0.0000000000
55661  35.922  -32.627  61.840 0.0000000000
163430  35.307  -32.652  60.704 0.0000000000
56763  35.650  -32.130  61.140 0.0000000000
57762  35.751  -31.299  61.174 0.0000000000
150172  36.093  -31.720  61.909 0.0000000000
47534  37.229  -40.813  70.618 0.0000000000
47554  36.891  -40.593  69.758 0.0000000000
48633  37.470  -39.933  70.061 0.0000000000
50800  38.805  -37.843  69.057 0.0000000000
49687  38.497  -38.506  68.560 0.0000000000
50816  38.935  -37.861  68.013 0.0000000000
50849  38.327  -37.413  66.336 0.0000000000
52015  38.948  -36.645  67.257 0.0000000000
154525  38.503  -33.932  67.182 0.0000000000
54364  38.785  -34.569  67.385 0.0000000000
54375  38.383  -34.477  66.705 0.0000000000
155819  38.229  -35.139  66.160 0.0000000000
54385  37.956  -34.266  65.972 0.0000000000
54386  37.582  -34.026  65.297 0.0000000000
55598  37.418  -33.328  64.912 0.0000000000
58779  37.093  -30.984  64.342 0.0000000000
57735  37.073  -31.775  64.029 0.0000000000
58780  36.814  -31.133  63.550 0.0000000000
150452  36.349  -30.457  62.229 0.0000000000
59878  36.426  -29.817  62.415 0.0000000000
60999  36.137  -29.166  61.837 0.0000000000
59859  36.643  -29.730  63.190 0.0000000000
60944  36.853  -28.175  64.764 0.0000000000
144475  36.707  -28.199  63.908 0.0000000000
62066  36.772  -27.320  64.320 0.0000000000
63219  36.325  -26.682  63.081 0.0000000000
60914  37.849  -28.910  67.410 0.0000000000
60902  37.978  -28.186  67.953 0.0000000000
63142  37.415  -26.517  66.960 0.0000000000
63143  37.177  -25.990  66.352 0.0000000000
64305  36.992  -25.740  65.507 0.0000000000
65465  37.006  -24.941  65.227 0.0000000000
65464  37.298  -24.324  65.735 0.0000000000
87709  55.385  -4.140  45.521 0.0000000000
83096  51.143  -8.499  45.355 0.0000000000
83991  51.317  -7.607  45.104 0.0000000000
84932  55.266  -6.803  45.299 0.0000000000
85889  55.364  -5.860  45.372 0.0000000000
159470  55.953  -7.224  45.109 0.0000000000
82214  55.691  -9.449  45.637 0.0000000000
167885  56.237  -9.439  45.427 0.0000000000
82194  56.433  -9.739  45.816 0.0000000000
82193  57.507  -9.819  46.548 0.0000000000
166270  57.165  -9.577  47.096 0.0000000000
82176  54.106  -9.254  47.550 0.0000000000
143620  54.687  -9.573  46.931 0.0000000000
83080  54.935  -8.920  47.830 0.0000000000
83053  57.220  -7.481  49.339 0.0000000000
147910  57.640  -7.709  48.410 0.0000000000
83973  58.143  -7.079  48.986 0.0000000000
83972  59.230  -7.032  49.129 0.0000000000
85907  59.731  -5.239  43.828 0.0000000000
86823  60.462  -4.442  43.518 0.0000000000
85906  60.710  -5.241  43.275 0.0000000000
44097  24.424  -43.792  74.902 0.0000000000
45208  7.402  -42.482  73.399 0.0000000000
44105  6.148  -43.243  74.954 0.0000000000
66687  41.274  -23.550  62.617 0.0000000000
66672  41.233  -23.493  63.400 0.0000000000
45376  26.400  -42.373  62.313 0.0000000000
45375  27.103  -42.502  62.522 0.0000000000
149846  27.146  -42.709  63.249 0.0000000000
44252  27.693  -43.034  63.669 0.0000000000
43090  28.498  -44.175  64.787 0.0000000000
50838  18.435  -37.991  67.380 0.0000000000
162375  17.270  -36.805  66.848 0.0000000000
50858  16.786  -36.503  66.653 0.0000000000
50900  19.103  -36.878  64.699 0.0000000000
50876  19.497  -37.430  65.248 0.0000000000
49751  19.091  -37.599  66.032 0.0000000000
49637  15.097  -37.900  72.804 0.0000000000
49624  14.793  -38.154  73.589 0.0000000000
49610  14.374  -38.571  74.417 0.0000000000
49598  13.873  -38.880  75.233 0.0000000000
82139  53.162  -9.705  50.651 0.0000000000
81124  53.333  -10.293  51.505 0.0000000000
81109  53.086  -10.872  52.238 0.0000000000
75626  51.118  -15.186  58.412 0.0000000000
73668  41.961  -17.956  52.103 0.0000000000
72576  42.127  -18.466  52.625 0.0000000000
61040  34.180  -28.491  58.284 0.0000000000
62153  34.074  -27.665  58.447 0.0000000000
63262  34.356  -27.316  58.966 0.0000000000
62122  34.994  -27.837  60.481 0.0000000000
47615  34.427  -40.293  66.005 0.0000000000
48713  34.936  -39.626  65.274 0.0000000000
47614  35.189  -39.831  65.929 0.0000000000
146223  35.919  -39.904  67.102 0.0000000000
48673  36.732  -39.741  67.396 0.0000000000
82179  50.113  -9.763  47.149 0.0000000000
150268  50.750  -9.655  46.516 0.0000000000
145523  50.904  -9.618  47.477 0.0000000000
82161  52.297  -9.226  48.567 0.0000000000
145187  58.153  -6.788  44.645 0.0000000000
84004  57.547  -7.673  44.645 0.0000000000
44182  25.089  -43.660  68.190 0.0000000000
43048  26.007  -43.770  67.992 0.0000000000
43017  26.494  -44.247  69.488 0.0000000000
140675  27.224  -44.314  70.049 0.0000000000
48592  10.537  -39.884  72.938 0.0000000000
48580  10.837  -39.807  73.813 0.0000000000
47474  10.213  -40.278  74.316 0.0000000000
47458  9.712  -40.728  74.840 0.0000000000
168624  7.839  -41.965  76.735 0.0000000000
155983  8.417  -41.633  76.511 0.0000000000
81155  48.127  -10.284  48.532 0.0000000000
81147  48.460  -10.325  49.443 0.0000000000
81140  47.989  -10.705  50.071 0.0000000000
80077  46.485  -11.970  50.342 0.0000000000
78986  46.585  -12.576  51.068 0.0000000000
77806  48.312  -13.367  53.765 0.0000000000
77807  47.674  -13.619  53.454 0.0000000000
76695  48.005  -14.024  54.012 0.0000000000
75663  48.013  -15.039  54.946 0.0000000000
69249  41.877  -22.189  56.138 0.0000000000
69248  42.489  -21.678  56.567 0.0000000000
69197  42.841  -21.826  59.133 0.0000000000
67927  43.970  -22.339  63.419 0.0000000000
81168  47.782  -10.175  47.793 0.0000000000
161170  3.062  -44.694  73.037 0.0000000000
70431  39.280  -20.505  52.623 0.0000000000
69307  38.964  -21.118  52.839 0.0000000000
69290  38.630  -21.780  53.236 0.0000000000
68081  37.738  -22.749  54.282 0.0000000000
159623  39.091  -23.513  57.262 0.0000000000
66813  38.612  -23.506  56.765 0.0000000000
66778  37.797  -23.343  58.433 0.0000000000
48778  30.072  -39.660  60.555 0.0000000000
46532  29.902  -41.923  63.260 0.0000000000
46543  30.284  -41.307  62.737 0.0000000000
46518  30.822  -41.709  64.159 0.0000000000
46516  32.055  -41.272  64.846 0.0000000000
46503  31.971  -41.856  65.247 0.0000000000
46491  32.498  -41.978  65.873 0.0000000000
45321  33.507  -42.847  66.245 0.0000000000
43044  29.148  -44.921  68.087 0.0000000000
41845  29.144  -44.983  67.273 0.0000000000
41832  29.767  -45.221  67.764 0.0000000000
41831  30.535  -45.301  68.245 0.0000000000
41830  31.448  -45.503  68.424 0.0000000000
41827  34.550  -45.779  68.636 0.0000000000
45217  20.970  -42.079  72.174 0.0000000000
46416  20.450  -41.562  71.762 0.0000000000
50804  16.808  -37.616  69.191 0.0000000000
49679  17.536  -38.247  69.576 0.0000000000
148075  15.950  -37.757  70.449 0.0000000000
50788  15.659  -37.819  71.148 0.0000000000
142238  15.493  -37.642  70.424 0.0000000000
49731  12.198  -38.156  66.609 0.0000000000
49695  12.612  -38.345  68.115 0.0000000000
49681  12.631  -38.434  69.111 0.0000000000
49667  11.858  -38.953  70.252 0.0000000000
48644  10.547  -39.762  69.984 0.0000000000
46457  8.161  -41.223  69.546 0.0000000000
150854  7.650  -41.697  70.044 0.0000000000
46447  6.872  -42.098  70.002 0.0000000000
47685  24.718  -40.633  60.659 0.0000000000
47665  24.456  -40.793  61.208 0.0000000000
151671  21.852  -39.506  63.257 0.0000000000
48754  22.355  -39.843  62.923 0.0000000000
47655  22.916  -40.236  62.539 0.0000000000
46520  22.849  -41.201  64.600 0.0000000000
45338  23.673  -42.153  65.528 0.0000000000
46492  22.358  -41.724  66.656 0.0000000000
46479  20.777  -40.561  68.050 0.0000000000
46468  20.955  -41.027  68.868 0.0000000000
46456  21.482  -41.659  69.316 0.0000000000
45234  21.598  -42.241  70.995 0.0000000000
45235  21.023  -41.863  71.394 0.0000000000
42923  4.217  -44.474  76.492 0.0000000000
80000  57.339  -10.474  55.472 0.0000000000
77771  57.641  -12.546  57.248 0.0000000000
140780  50.963  -11.624  53.006 0.0000000000
139718  51.945  -11.570  52.874 0.0000000000
80020  51.568  -11.907  53.706 0.0000000000
78916  52.881  -11.820  56.940 0.0000000000
76638  54.315  -14.216  60.414 0.0000000000
74670  44.702  -16.627  53.206 0.0000000000
73656  44.941  -16.963  53.950 0.0000000000
74660  45.603  -16.676  54.347 0.0000000000
74659  46.301  -16.370  54.671 0.0000000000
74658  47.011  -16.080  54.967 0.0000000000
74650  46.644  -16.746  55.384 0.0000000000
73613  47.670  -17.520  57.439 0.0000000000
70348  44.361  -20.395  58.335 0.0000000000
70363  44.205  -20.036  57.607 0.0000000000
140250  44.796  -20.433  58.821 0.0000000000
70326  45.580  -20.227  59.081 0.0000000000
72493  48.496  -18.622  59.742 0.0000000000
66837  33.371  -23.740  54.992 0.0000000000
146995  35.009  -24.875  59.489 0.0000000000
66741  35.704  -24.230  59.400 0.0000000000
153253  35.892  -23.864  59.415 0.0000000000
66739  36.337  -23.662  60.037 0.0000000000
66712  36.805  -23.784  60.915 0.0000000000
67946  37.136  -23.593  61.789 0.0000000000
146286  37.611  -24.100  62.986 0.0000000000
50908  35.619  -37.345  63.437 0.0000000000
50921  35.183  -36.944  62.724 0.0000000000
52083  35.706  -36.463  63.093 0.0000000000
53248  35.586  -35.193  62.236 0.0000000000
54432  35.336  -33.848  61.330 0.0000000000
54420  35.640  -34.334  61.972 0.0000000000
152734  36.030  -33.922  62.535 0.0000000000
55631  36.448  -33.508  63.108 0.0000000000
48632  38.060  -39.228  70.385 0.0000000000
49660  38.435  -39.156  71.111 0.0000000000
49673  38.917  -37.988  70.184 0.0000000000
50799  39.126  -37.207  69.598 0.0000000000
145885  38.072  -32.789  66.866 0.0000000000
56712  37.526  -32.503  65.361 0.0000000000
56699  37.652  -32.119  66.018 0.0000000000
144905  37.323  -31.132  65.075 0.0000000000
58768  37.167  -30.452  65.002 0.0000000000
59848  36.739  -29.666  63.999 0.0000000000
59847  36.922  -29.690  64.782 0.0000000000
60958  36.973  -28.976  65.202 0.0000000000
156767  37.297  -28.933  65.980 0.0000000000
164722  52.535  -8.029  45.357 0.0000000000
83988  54.459  -7.390  45.349 0.0000000000
83055  55.321  -8.151  49.427 0.0000000000
83067  55.360  -8.199  48.738 0.0000000000
83054  56.060  -7.836  49.328 0.0000000000
83959  58.497  -7.273  49.797 0.0000000000
83044  57.884  -7.739  50.492 0.0000000000
84013  62.259  -6.640  42.303 0.0000000000
149810  61.381  -8.650  46.657 0.0000000000
83074  62.275  -7.358  47.956 0.0000000000
43004  24.731  -44.030  70.483 0.0000000000
43003  25.660  -44.180  70.779 0.0000000000
158497  25.096  -44.176  71.524 0.0000000000
42968  25.573  -44.103  72.466 0.0000000000
42940  25.698  -43.895  74.377 0.0000000000
47476  8.976  -41.042  73.664 0.0000000000
46407  8.441  -41.508  73.298 0.0000000000
46393  7.982  -41.998  74.615 0.0000000000
45198  7.422  -42.483  74.263 0.0000000000
46379  7.934  -41.986  75.981 0.0000000000
45164  7.263  -42.556  77.722 0.0000000000
80091  45.577  -11.616  49.319 0.0000000000
77850  45.770  -13.179  50.958 0.0000000000
66775  41.067  -23.257  58.577 0.0000000000
68010  41.625  -22.881  59.061 0.0000000000
67985  41.642  -23.016  59.922 0.0000000000
66708  42.177  -23.151  61.457 0.0000000000
145001  42.712  -23.234  62.971 0.0000000000
67929  42.614  -23.277  63.749 0.0000000000
165234  43.026  -23.132  64.156 0.0000000000
67928  43.346  -22.949  63.709 0.0000000000
41768  1.614  -45.088  73.039 0.0000000000
145866  0.839  -45.362  73.436 0.0000000000
153522  0.381  -45.475  74.780 0.0000000000
167935  -0.516  -45.398  75.714 0.0000000000
68099  36.609  -22.532  53.295 0.0000000000
66853  36.321  -22.979  54.685 0.0000000000
46545  28.667  -41.518  61.746 0.0000000000
151847  27.809  -42.479  62.560 0.0000000000
45373  29.135  -42.359  63.085 0.0000000000
45359  29.673  -42.573  63.773 0.0000000000
159711  30.458  -43.653  64.765 0.0000000000
155803  31.006  -43.961  65.144 0.0000000000
47562  19.278  -39.609  69.782 0.0000000000
48640  19.343  -39.457  69.121 0.0000000000
49693  18.506  -38.567  68.653 0.0000000000
49694  17.739  -37.980  68.699 0.0000000000
52005  15.604  -36.799  68.528 0.0000000000
49732  11.422  -38.426  66.404 0.0000000000
49713  11.086  -38.953  66.991 0.0000000000
48684  10.764  -39.360  67.609 0.0000000000
49787  20.836  -38.153  63.554 0.0000000000
48735  20.958  -38.982  64.676 0.0000000000
47622  21.095  -39.814  65.674 0.0000000000
48680  20.402  -39.731  67.126 0.0000000000
48701  20.247  -39.298  66.669 0.0000000000
47592  20.207  -39.842  67.841 0.0000000000
82127  55.678  -9.325  51.510 0.0000000000
81107  55.860  -10.496  52.987 0.0000000000
80016  55.842  -10.966  54.441 0.0000000000
77782  50.993  -12.716  56.044 0.0000000000
78917  51.787  -12.316  56.528 0.0000000000
77765  51.659  -12.901  57.054 0.0000000000
148263  51.973  -13.320  57.699 0.0000000000
76640  51.986  -14.712  58.982 0.0000000000
76639  53.112  -14.492  59.965 0.0000000000
74699  42.200  -15.792  50.777 0.0000000000
74688  42.581  -16.385  51.333 0.0000000000
146623  42.597  -17.491  52.128 0.0000000000
73667  43.169  -17.405  52.505 0.0000000000
73666  43.928  -16.980  52.682 0.0000000000
148705  44.567  -17.550  54.176 0.0000000000
73626  45.719  -17.955  55.963 0.0000000000
70299  45.677  -20.242  61.872 0.0000000000
65554  33.008  -25.257  56.508 0.0000000000
153995  33.596  -25.269  57.166 0.0000000000
64385  34.599  -24.999  58.772 0.0000000000
63250  34.425  -26.514  59.301 0.0000000000
63251  34.248  -25.750  58.950 0.0000000000
64376  35.031  -25.310  60.148 0.0000000000
64365  35.572  -25.208  60.783 0.0000000000
64364  36.036  -25.163  61.663 0.0000000000
48751  33.311  -39.169  62.840 0.0000000000
49803  33.183  -38.183  61.819 0.0000000000
49779  33.992  -38.822  63.170 0.0000000000
49778  34.702  -38.484  63.453 0.0000000000
49777  35.419  -38.144  63.757 0.0000000000
48726  35.390  -39.098  64.771 0.0000000000
49760  35.756  -38.504  64.408 0.0000000000
50892  36.135  -37.755  64.167 0.0000000000
148886  36.652  -37.049  64.472 0.0000000000
52067  37.014  -36.395  64.831 0.0000000000
83097  50.266  -8.764  45.437 0.0000000000
82198  51.345  -9.485  45.993 0.0000000000
82218  51.832  -9.028  45.636 0.0000000000
82217  52.737  -9.088  45.763 0.0000000000
82159  53.914  -8.552  48.995 0.0000000000
83056  54.678  -8.338  49.183 0.0000000000
83047  54.897  -8.450  49.946 0.0000000000
82137  55.225  -8.864  50.732 0.0000000000
86818  59.558  -4.370  44.243 0.0000000000
84953  59.986  -6.126  43.633 0.0000000000
157222  61.441  -8.818  43.558 0.0000000000
82239  62.555  -8.807  43.668 0.0000000000
82226  60.864  -9.347  44.345 0.0000000000
148762  60.171  -9.669  44.957 0.0000000000
83107  59.161  -8.615  44.095 0.0000000000
82210  59.375  -9.796  45.541 0.0000000000
168548  58.879  -9.644  46.728 0.0000000000
44228  26.607  -43.223  65.376 0.0000000000
44213  26.464  -43.335  66.206 0.0000000000
43064  26.970  -43.702  66.557 0.0000000000
43046  27.688  -44.131  67.427 0.0000000000
43033  27.473  -44.265  68.308 0.0000000000
43045  28.361  -44.604  67.970 0.0000000000
43032  28.880  -44.709  68.797 0.0000000000
43014  29.528  -44.668  69.511 0.0000000000
42984  27.312  -44.234  71.073 0.0000000000
161739  28.188  -44.223  71.196 0.0000000000
143037  12.884  -38.762  72.746 0.0000000000
165712  13.290  -38.683  73.836 0.0000000000
49626  12.609  -38.924  73.533 0.0000000000
48563  12.181  -39.218  74.218 0.0000000000
48549  11.690  -39.540  75.536 0.0000000000
48508  11.269  -39.888  77.157 0.0000000000
46367  8.854  -41.233  77.183 0.0000000000
47445  9.599  -40.813  76.921 0.0000000000
81137  50.988  -9.990  50.305 0.0000000000
81145  50.229  -9.870  49.826 0.0000000000
158883  50.361  -10.249  50.581 0.0000000000
81128  50.010  -10.627  51.148 0.0000000000
80058  50.551  -10.980  51.700 0.0000000000
80041  50.331  -11.467  52.374 0.0000000000
80021  50.011  -11.900  53.202 0.0000000000
78947  50.185  -12.392  53.961 0.0000000000
80089  47.262  -11.042  49.809 0.0000000000
80076  47.598  -11.283  50.489 0.0000000000
78998  47.156  -11.864  50.800 0.0000000000
80061  47.838  -11.558  51.220 0.0000000000
80043  48.814  -11.743  52.296 0.0000000000
78948  49.398  -12.519  53.694 0.0000000000
78932  50.339  -12.616  54.825 0.0000000000
77783  50.278  -13.089  55.570 0.0000000000
76661  50.403  -14.211  56.633 0.0000000000
76683  48.962  -13.995  54.978 0.0000000000
75637  50.044  -14.993  56.971 0.0000000000
75627  50.340  -15.377  57.732 0.0000000000
74625  49.972  -15.990  58.113 0.0000000000
70415  42.055  -20.047  53.897 0.0000000000
70401  42.569  -20.303  54.736 0.0000000000
70377  43.400  -20.421  56.628 0.0000000000
69247  43.039  -21.051  57.012 0.0000000000
161876  43.591  -20.520  57.379 0.0000000000
69220  44.106  -20.772  59.008 0.0000000000
68009  42.267  -22.434  59.566 0.0000000000
67984  43.218  -22.166  60.752 0.0000000000
69161  43.757  -21.777  61.005 0.0000000000
67942  43.971  -22.009  62.599 0.0000000000
67960  44.006  -21.693  61.724 0.0000000000
150661  44.601  -21.129  61.737 0.0000000000
69159  45.045  -20.694  61.399 0.0000000000
70286  45.845  -20.586  62.686 0.0000000000
58859  34.163  -30.156  58.262 0.0000000000
59926  34.661  -29.670  58.888 0.0000000000
59925  35.144  -30.004  59.590 0.0000000000
46455  35.962  -41.555  69.176 0.0000000000
47555  36.192  -41.096  69.446 0.0000000000
46443  37.053  -41.399  70.405 0.0000000000
83098  49.396  -8.648  45.411 0.0000000000
153683  48.596  -9.707  46.695 0.0000000000
82180  49.297  -9.778  46.910 0.0000000000
86803  57.289  -4.401  45.426 0.0000000000
44118  5.180  -43.747  73.001 0.0000000000
42935  4.093  -44.568  75.014 0.0000000000
145205  1.515  -45.284  73.835 0.0000000000
41753  1.836  -45.276  74.600 0.0000000000
42925  2.432  -45.025  76.388 0.0000000000
150063  2.695  -44.896  77.374 0.0000000000
42910  2.871  -44.763  78.409 0.0000000000
73682  41.368  -17.651  51.504 0.0000000000
72589  41.307  -18.255  51.931 0.0000000000
71485  41.262  -19.268  52.650 0.0000000000
71503  40.193  -18.957  51.995 0.0000000000
71468  40.881  -19.906  52.991 0.0000000000
70416  41.268  -20.347  53.613 0.0000000000
70402  40.879  -21.002  54.064 0.0000000000
69274  41.312  -21.541  54.671 0.0000000000
68062  41.209  -22.546  55.788 0.0000000000
68051  40.726  -22.961  56.281 0.0000000000
68096  39.020  -22.181  53.929 0.0000000000
68080  38.552  -22.663  54.468 0.0000000000
68079  39.351  -22.526  54.665 0.0000000000
66792  41.001  -23.183  57.799 0.0000000000
156280  40.564  -23.408  58.198 0.0000000000
66776  40.497  -23.490  58.852 0.0000000000
66758  40.443  -23.435  59.619 0.0000000000
141425  39.280  -23.471  58.468 0.0000000000
66710  40.443  -23.431  61.215 0.0000000000
66688  40.406  -23.387  62.197 0.0000000000
146083  39.924  -23.128  63.102 0.0000000000
166047  39.979  -23.165  63.734 0.0000000000
47680  29.541  -40.381  60.968 0.0000000000
47679  30.267  -40.074  61.085 0.0000000000
47652  30.725  -40.651  62.188 0.0000000000
47662  30.796  -40.116  61.498 0.0000000000
48760  31.514  -39.534  61.454 0.0000000000
48759  32.294  -39.200  61.788 0.0000000000
49793  32.952  -38.869  62.138 0.0000000000
47638  33.228  -40.114  63.984 0.0000000000
47617  32.964  -40.815  65.435 0.0000000000
47616  33.618  -40.559  65.684 0.0000000000
47601  34.152  -40.865  67.044 0.0000000000
46465  35.376  -41.629  68.640 0.0000000000
44227  27.296  -43.568  65.057 0.0000000000
43075  27.948  -44.088  65.496 0.0000000000
43074  28.808  -44.882  65.485 0.0000000000
41861  28.918  -45.124  66.279 0.0000000000
41874  29.563  -45.320  65.889 0.0000000000
43073  29.634  -44.969  65.351 0.0000000000
41873  30.320  -45.191  65.661 0.0000000000
41872  31.006  -44.827  65.533 0.0000000000
43071  31.671  -44.278  65.586 0.0000000000
140134  31.958  -45.665  67.804 0.0000000000
41829  32.750  -45.706  68.038 0.0000000000
165694  31.707  -45.641  67.143 0.0000000000
41857  31.832  -45.390  66.572 0.0000000000
43060  32.360  -44.640  66.170 0.0000000000
44212  33.086  -43.783  66.052 0.0000000000
44211  33.841  -43.749  66.446 0.0000000000
45320  34.270  -42.840  66.673 0.0000000000
43042  34.694  -44.733  67.323 0.0000000000
44210  34.574  -43.701  66.815 0.0000000000
154027  34.935  -42.857  67.022 0.0000000000
45303  35.313  -42.452  67.692 0.0000000000
45290  35.614  -42.119  68.398 0.0000000000
45273  35.896  -41.891  68.950 0.0000000000
44099  22.956  -43.537  74.985 0.0000000000
45193  21.642  -42.668  74.789 0.0000000000
46401  20.370  -41.738  72.622 0.0000000000
142859  20.359  -41.773  73.515 0.0000000000
46385  20.358  -41.758  74.457 0.0000000000
147449  17.914  -39.702  72.931 0.0000000000
47545  19.143  -39.854  70.544 0.0000000000
48606  18.523  -39.528  70.915 0.0000000000
48589  18.275  -39.668  71.801 0.0000000000
154350  17.022  -38.865  72.959 0.0000000000
49635  16.310  -38.229  72.483 0.0000000000
49636  15.651  -37.965  72.713 0.0000000000
50758  15.281  -37.896  72.215 0.0000000000
49651  13.637  -38.411  72.260 0.0000000000
52055  16.407  -36.208  65.359 0.0000000000
52021  15.586  -36.557  67.700 0.0000000000
50843  12.916  -37.845  66.864 0.0000000000
50841  14.402  -37.009  67.815 0.0000000000
50805  14.726  -37.337  69.476 0.0000000000
50791  13.976  -37.938  70.373 0.0000000000
50792  13.365  -38.128  69.810 0.0000000000
164640  13.886  -38.215  71.723 0.0000000000
48591  11.067  -39.523  72.247 0.0000000000
48645  9.892  -40.141  69.972 0.0000000000
47563  9.282  -40.544  69.519 0.0000000000
45224  6.589  -42.808  72.224 0.0000000000
45244  5.657  -42.932  71.034 0.0000000000
44130  5.278  -43.539  72.159 0.0000000000
144186  2.700  -44.607  72.357 0.0000000000
46574  27.058  -41.138  60.769 0.0000000000
46556  26.351  -41.581  61.210 0.0000000000
46576  25.711  -41.142  60.804 0.0000000000
45377  25.804  -42.307  62.531 0.0000000000
45362  25.670  -42.402  63.368 0.0000000000
47666  23.770  -40.391  61.444 0.0000000000
46558  24.212  -40.950  61.877 0.0000000000
47642  23.326  -40.841  62.988 0.0000000000
46548  24.071  -41.244  62.577 0.0000000000
45363  24.956  -42.134  63.682 0.0000000000
45351  25.478  -42.483  64.260 0.0000000000
45336  25.276  -42.588  65.159 0.0000000000
44230  25.129  -42.676  66.065 0.0000000000
44215  24.841  -43.054  66.820 0.0000000000
142103  23.823  -42.416  66.193 0.0000000000
44198  24.524  -43.353  67.581 0.0000000000
152988  24.292  -43.539  68.357 0.0000000000
46493  21.817  -41.176  66.388 0.0000000000
46477  22.361  -41.891  67.338 0.0000000000
145459  21.378  -41.170  68.066 0.0000000000
45308  22.055  -41.818  68.060 0.0000000000
45307  22.726  -42.321  67.768 0.0000000000
44185  23.229  -43.187  69.071 0.0000000000
44172  23.697  -43.477  69.427 0.0000000000
149041  23.736  -43.697  70.386 0.0000000000
44137  23.398  -43.645  71.389 0.0000000000
44124  23.156  -43.454  72.254 0.0000000000
154203  23.655  -43.579  73.085 0.0000000000
44110  23.447  -43.525  73.788 0.0000000000
44094  6.096  -43.238  75.790 0.0000000000
44082  5.488  -43.675  76.346 0.0000000000
44070  6.635  -42.777  78.003 0.0000000000
81105  58.388  -9.589  54.110 0.0000000000
80039  52.887  -11.516  52.800 0.0000000000
80019  52.561  -11.796  53.513 0.0000000000
80018  53.514  -11.654  53.480 0.0000000000
80003  54.062  -11.650  54.270 0.0000000000
140381  54.462  -11.555  55.037 0.0000000000
79981  55.373  -11.336  56.700 0.0000000000
78915  53.853  -11.810  57.636 0.0000000000
77763  53.958  -12.631  58.813 0.0000000000
78907  54.446  -12.022  58.410 0.0000000000
79970  54.915  -11.671  57.976 0.0000000000
79969  56.200  -11.465  58.265 0.0000000000
79958  56.786  -11.536  58.523 0.0000000000
78904  57.015  -11.595  58.479 0.0000000000
143594  43.676  -12.900  49.471 0.0000000000
77836  45.749  -13.725  51.521 0.0000000000
76723  44.150  -14.779  51.218 0.0000000000
74677  44.429  -16.232  52.570 0.0000000000
75697  44.507  -15.202  51.703 0.0000000000
148068  44.811  -14.549  51.446 0.0000000000
76710  45.762  -14.590  52.449 0.0000000000
76697  46.673  -14.594  53.407 0.0000000000
74648  48.046  -16.096  55.959 0.0000000000
75639  48.698  -15.731  56.295 0.0000000000
74635  49.011  -16.018  56.988 0.0000000000
74626  49.353  -16.301  57.734 0.0000000000
74614  49.737  -16.555  58.693 0.0000000000
71450  42.796  -19.601  54.235 0.0000000000
71449  43.442  -19.163  54.574 0.0000000000
71415  44.336  -19.478  56.740 0.0000000000
71433  44.118  -19.175  56.010 0.0000000000
72540  44.296  -18.711  55.475 0.0000000000
72531  44.701  -18.827  56.178 0.0000000000
72530  45.446  -18.477  56.375 0.0000000000
70311  45.995  -20.170  60.477 0.0000000000
70325  46.263  -20.054  59.746 0.0000000000
71356  46.289  -19.836  59.114 0.0000000000
161424  47.548  -19.398  60.139 0.0000000000
73614  46.982  -17.816  57.071 0.0000000000
72509  48.804  -17.999  59.379 0.0000000000
73601  49.747  -17.199  59.420 0.0000000000
66854  35.487  -22.916  54.550 0.0000000000
163103  35.796  -23.179  55.160 0.0000000000
143478  33.359  -24.800  56.401 0.0000000000
66817  33.633  -24.349  56.317 0.0000000000
157097  34.037  -23.980  56.550 0.0000000000
66782  34.500  -24.199  57.699 0.0000000000
158765  34.497  -23.937  57.042 0.0000000000
142216  34.702  -23.741  56.194 0.0000000000
66816  35.330  -23.694  56.707 0.0000000000
140644  36.260  -23.581  56.313 0.0000000000
66796  36.887  -23.575  56.804 0.0000000000
141264  38.049  -23.208  59.256 0.0000000000
67987  36.950  -23.347  60.616 0.0000000000
66738  37.648  -23.015  60.604 0.0000000000
67986  38.291  -22.852  61.001 0.0000000000
66711  38.795  -22.890  61.681 0.0000000000
66673  39.060  -23.065  63.064 0.0000000000
50937  33.361  -37.411  61.532 0.0000000000
52114  33.514  -36.672  61.227 0.0000000000
52112  34.890  -35.966  61.753 0.0000000000
53276  34.020  -35.517  60.835 0.0000000000
56782  34.768  -32.069  59.749 0.0000000000
55676  35.094  -33.294  60.738 0.0000000000
56774  34.916  -32.701  60.235 0.0000000000
57777  35.073  -31.482  59.839 0.0000000000
58824  35.409  -30.380  60.191 0.0000000000
47567  36.576  -40.442  69.038 0.0000000000
48654  36.671  -40.003  68.309 0.0000000000
48672  37.446  -39.482  67.881 0.0000000000
48652  37.908  -39.198  69.197 0.0000000000
48671  38.062  -39.011  68.109 0.0000000000
49721  37.736  -38.587  66.440 0.0000000000
50850  37.938  -37.939  66.170 0.0000000000
50870  37.735  -37.398  65.689 0.0000000000
52050  37.605  -36.540  65.386 0.0000000000
51998  39.228  -36.404  69.018 0.0000000000
54363  39.163  -34.657  68.075 0.0000000000
53180  39.225  -35.556  68.370 0.0000000000
52014  39.140  -36.459  68.013 0.0000000000
157172  38.851  -36.127  66.863 0.0000000000
53212  37.952  -35.832  65.719 0.0000000000
54397  37.082  -35.087  64.633 0.0000000000
153948  37.199  -34.154  64.598 0.0000000000
55630  36.758  -33.153  63.592 0.0000000000
150112  36.577  -32.597  63.034 0.0000000000
56721  37.251  -32.512  64.491 0.0000000000
57736  36.759  -31.841  63.330 0.0000000000
57750  36.488  -31.806  62.656 0.0000000000
58788  36.397  -31.100  62.393 0.0000000000
59898  35.737  -29.640  61.254 0.0000000000
61013  35.545  -28.990  61.116 0.0000000000
139794  35.801  -28.368  61.568 0.0000000000
60986  36.264  -28.344  62.272 0.0000000000
148079  36.662  -28.979  63.521 0.0000000000
60971  36.560  -28.262  63.062 0.0000000000
62096  35.953  -27.627  61.964 0.0000000000
63220  36.006  -26.808  62.414 0.0000000000
166748  36.166  -26.165  62.729 0.0000000000
63204  36.454  -25.885  63.260 0.0000000000
59800  38.015  -29.601  67.675 0.0000000000
60928  37.568  -28.883  66.709 0.0000000000
152863  37.384  -28.155  66.358 0.0000000000
62022  37.710  -27.547  67.496 0.0000000000
62035  37.461  -27.339  66.817 0.0000000000
62052  36.923  -27.322  65.207 0.0000000000
63183  36.859  -26.372  64.766 0.0000000000
64314  36.770  -25.703  64.030 0.0000000000
64327  36.776  -25.129  63.262 0.0000000000
66676  37.258  -24.541  63.705 0.0000000000
66659  37.593  -23.941  64.129 0.0000000000
66644  37.637  -23.656  65.253 0.0000000000
67915  37.921  -23.395  64.454 0.0000000000
86804  56.254  -4.513  45.494 0.0000000000
166937  56.564  -6.718  45.063 0.0000000000
84005  56.691  -7.520  44.860 0.0000000000
83110  56.895  -8.596  44.791 0.0000000000
81184  57.937  -9.877  45.724 0.0000000000
81179  57.881  -9.954  46.131 0.0000000000
82172  58.646  -9.287  47.306 0.0000000000
83079  55.821  -8.563  48.049 0.0000000000
82174  56.442  -9.339  47.373 0.0000000000
162004  57.298  -8.788  47.718 0.0000000000
83077  58.171  -8.415  47.858 0.0000000000
83076  59.144  -8.220  47.880 0.0000000000
83063  59.696  -7.381  48.579 0.0000000000
83971  60.270  -6.988  49.299 0.0000000000
83958  59.585  -7.141  50.271 0.0000000000
42929  24.714  -44.350  75.099 0.0000000000
43018  25.748  -44.212  69.888 0.0000000000
43019  25.053  -44.035  69.664 0.0000000000
43091  27.861  -43.795  64.766 0.0000000000
44239  28.146  -43.595  64.237 0.0000000000
45291  35.002  -41.913  68.283 0.0000000000
45349  30.219  -42.925  64.375 0.0000000000
46366  9.055  -41.166  76.237 0.0000000000
46489  33.713  -41.302  66.903 0.0000000000
46519  23.285  -41.710  65.123 0.0000000000
46531  30.577  -41.534  63.540 0.0000000000
46535  23.048  -41.063  63.783 0.0000000000
47621  21.634  -40.313  65.277 0.0000000000
47639  32.488  -40.410  63.682 0.0000000000
47651  31.547  -40.400  62.570 0.0000000000
48550  10.965  -39.840  75.303 0.0000000000
48653  37.205  -39.825  68.983 0.0000000000
48692  37.344  -39.256  66.865 0.0000000000
48693  36.583  -39.483  66.474 0.0000000000
48694  35.826  -39.693  66.190 0.0000000000
49704  37.969  -38.854  67.239 0.0000000000
49720  38.341  -38.169  66.733 0.0000000000
49791  34.298  -38.154  62.793 0.0000000000
49792  33.607  -38.509  62.492 0.0000000000
50815  39.076  -37.154  68.514 0.0000000000
50890  37.143  -37.166  65.099 0.0000000000
52031  38.655  -36.733  66.603 0.0000000000
52099  35.741  -35.746  62.824 0.0000000000
53190  39.033  -35.885  67.470 0.0000000000
53202  38.498  -35.985  66.343 0.0000000000
53213  37.370  -35.739  65.090 0.0000000000
53225  36.679  -35.431  64.057 0.0000000000
54433  35.148  -34.762  61.436 0.0000000000
55597  37.706  -33.429  65.708 0.0000000000
55645  36.188  -33.101  62.456 0.0000000000
55662  35.521  -33.032  61.245 0.0000000000
56711  37.786  -32.764  66.217 0.0000000000
56733  36.926  -32.509  63.778 0.0000000000
56789  34.170  -32.095  59.255 0.0000000000
57713  37.502  -31.641  65.536 0.0000000000
57771  35.448  -31.137  60.400 0.0000000000
58748  37.860  -30.777  67.221 0.0000000000
58804  36.095  -30.827  61.734 0.0000000000
59801  37.695  -29.566  67.024 0.0000000000
59834  37.286  -29.812  65.671 0.0000000000
60913  38.123  -29.006  67.996 0.0000000000
62051  37.182  -27.372  66.006 0.0000000000
62095  36.311  -27.542  62.689 0.0000000000
63163  37.259  -26.748  66.362 0.0000000000
63228  35.493  -25.983  61.368 0.0000000000
64304  37.148  -25.117  66.178 0.0000000000
64347  36.328  -25.500  62.579 0.0000000000
65489  37.090  -24.429  62.654 0.0000000000
65533  35.222  -24.541  59.093 0.0000000000
65543  34.766  -24.434  58.036 0.0000000000
66671  41.964  -23.494  63.161 0.0000000000
66674  38.459  -23.161  63.474 0.0000000000
66713  36.507  -24.181  60.856 0.0000000000
66737  40.422  -23.398  60.407 0.0000000000
66761  37.403  -23.131  59.914 0.0000000000
66762  36.534  -23.336  59.728 0.0000000000
66777  39.854  -23.534  59.069 0.0000000000
66810  40.900  -23.139  57.015 0.0000000000
67945  37.494  -23.162  62.108 0.0000000000
68008  42.967  -21.969  59.986 0.0000000000
68050  41.402  -22.714  56.568 0.0000000000
69196  43.552  -21.399  59.520 0.0000000000
72553  43.701  -18.540  54.259 0.0000000000
73634  47.040  -17.061  56.040 0.0000000000
73657  44.329  -17.304  53.486 0.0000000000
75651  47.679  -15.731  55.298 0.0000000000
75688  44.810  -15.557  52.354 0.0000000000
76671  49.994  -13.864  55.948 0.0000000000
76685  47.665  -14.672  54.311 0.0000000000
76722  45.482  -14.298  51.748 0.0000000000
77743  55.033  -14.168  60.394 0.0000000000
77750  56.864  -12.245  58.965 0.0000000000
77773  51.240  -12.984  56.589 0.0000000000
77795  48.620  -13.693  54.362 0.0000000000
77820  48.635  -12.713  53.437 0.0000000000
78899  56.262  -12.240  59.150 0.0000000000
78905  56.477  -11.702  58.799 0.0000000000
78931  51.130  -12.343  54.962 0.0000000000
79968  57.024  -11.187  58.165 0.0000000000
79991  51.860  -12.102  55.070 0.0000000000
81180  57.266  -9.880  45.830 0.0000000000
82192  58.209  -9.759  46.651 0.0000000000
82212  57.658  -9.581  45.252 0.0000000000
140754  -0.441  -45.275  76.302 0.0000000000
143706  27.122  -43.870  67.067 0.0000000000
144476  36.606  -30.549  62.910 0.0000000000
144707  24.042  -44.199  75.101 0.0000000000
147296  38.772  -37.518  67.115 0.0000000000
148066  21.963  -42.380  70.373 0.0000000000
149701  23.200  -43.910  75.178 0.0000000000
151398  38.483  -38.614  70.709 0.0000000000
152337  56.109  -9.075  45.100 0.0000000000
157212  39.012  -35.194  67.622 0.0000000000
158086  56.784  -9.783  46.510 0.0000000000
159056  39.030  -23.247  59.358 0.0000000000
160034  40.944  -23.500  60.851 0.0000000000
160074  36.906  -25.518  64.762 0.0000000000
161680  24.474  -41.350  62.106 0.0000000000
163900  29.548  -43.198  64.119 0.0000000000
166023  35.881  -34.606  62.591 0.0000000000
166092  35.553  -31.633  60.763 0.0000000000
166447  24.133  -43.596  69.005 0.0000000000
167287  38.747  -22.889  60.553 0.0000000000
167369  36.902  -30.240  64.376 0.0000000000
