#!ascii label  , from subject sub-v1s10x0051154_ses-1 vox2ras=TkReg
1120
47669  30.552  -31.988  13.725 0.0000000000
131238  42.299  -14.661  2.230 0.0000000000
56997  32.348  -21.635  8.226 0.0000000000
42078  12.291  -37.317  26.341 0.0000000000
117551  24.423  -29.230  18.538 0.0000000000
60632  34.522  -17.817  8.777 0.0000000000
45849  18.772  -33.846  21.964 0.0000000000
41161  16.415  -38.793  25.168 0.0000000000
46705  22.307  -32.748  20.959 0.0000000000
61809  47.820  -16.152  1.516 0.0000000000
52300  30.199  -26.683  14.227 0.0000000000
54973  30.663  -23.808  13.013 0.0000000000
50473  34.862  -28.399  15.518 0.0000000000
66348  45.454  -11.211  0.372 0.0000000000
117131  48.731  -13.359  -1.637 0.0000000000
63677  39.061  -14.098  5.161 0.0000000000
59718  42.422  -18.394  5.446 0.0000000000
58827  38.206  -19.133  5.537 0.0000000000
56977  38.616  -22.288  8.769 0.0000000000
45068  29.779  -34.905  19.146 0.0000000000
40216  9.660  -39.739  29.855 0.0000000000
42002  6.445  -37.685  30.922 0.0000000000
44873  5.669  -34.060  34.874 0.0000000000
47648  25.884  -31.317  14.816 0.0000000000
45072  25.439  -34.511  19.557 0.0000000000
59619  27.932  -18.935  11.985 0.0000000000
58712  33.336  -19.985  13.469 0.0000000000
67909  51.425  -9.434  -3.340 0.0000000000
62849  45.069  -15.471  1.588 0.0000000000
60712  44.803  -17.357  3.269 0.0000000000
50525  29.661  -28.879  12.151 0.0000000000
50522  32.256  -27.817  12.303 0.0000000000
48568  33.120  -30.129  14.539 0.0000000000
64597  41.879  -12.584  3.199 0.0000000000
128602  44.236  -11.538  2.838 0.0000000000
64625  43.752  -12.901  0.872 0.0000000000
118380  45.900  -14.499  0.448 0.0000000000
42952  2.889  -36.594  35.317 0.0000000000
60697  37.803  -16.237  4.855 0.0000000000
61739  36.766  -15.945  7.033 0.0000000000
58799  33.686  -19.622  7.708 0.0000000000
57895  35.753  -20.840  6.717 0.0000000000
56071  35.287  -22.812  8.638 0.0000000000
56964  35.355  -22.230  10.683 0.0000000000
41162  14.642  -38.414  25.438 0.0000000000
115967  15.917  -39.652  27.551 0.0000000000
123808  12.931  -39.567  27.784 0.0000000000
116026  11.716  -39.950  30.025 0.0000000000
41121  10.713  -38.961  28.030 0.0000000000
43056  8.304  -36.286  30.406 0.0000000000
44023  6.086  -35.668  32.496 0.0000000000
48535  24.711  -30.766  16.532 0.0000000000
133902  25.552  -33.817  16.923 0.0000000000
46757  23.781  -32.621  18.093 0.0000000000
45002  22.169  -35.016  23.178 0.0000000000
45832  23.832  -33.888  23.244 0.0000000000
53960  34.291  -24.383  15.082 0.0000000000
56921  31.309  -21.627  13.444 0.0000000000
60629  36.699  -16.652  9.081 0.0000000000
60596  34.039  -17.117  10.117 0.0000000000
131927  31.433  -17.875  9.267 0.0000000000
44152  19.974  -36.061  22.664 0.0000000000
41159  19.115  -38.198  25.867 0.0000000000
43180  17.533  -36.455  22.981 0.0000000000
43159  15.419  -36.066  24.214 0.0000000000
44126  14.646  -35.380  25.391 0.0000000000
47569  22.735  -30.843  19.602 0.0000000000
48471  21.606  -30.026  21.000 0.0000000000
45871  20.013  -33.214  21.169 0.0000000000
54946  30.265  -24.041  15.448 0.0000000000
55958  27.826  -22.983  14.204 0.0000000000
53147  29.981  -25.617  12.628 0.0000000000
127366  33.193  -26.134  13.660 0.0000000000
67150  48.666  -10.516  -1.359 0.0000000000
65540  46.978  -12.106  -1.260 0.0000000000
62881  48.350  -14.726  0.011 0.0000000000
64599  40.499  -13.648  3.629 0.0000000000
61775  42.412  -16.640  3.459 0.0000000000
127965  40.161  -16.476  3.980 0.0000000000
127315  39.994  -18.371  5.184 0.0000000000
57909  40.161  -20.056  6.786 0.0000000000
127888  36.000  -18.285  5.995 0.0000000000
57894  38.231  -21.322  6.807 0.0000000000
45945  30.186  -33.610  16.459 0.0000000000
46781  33.235  -32.339  16.654 0.0000000000
64573  41.581  -12.570  5.803 0.0000000000
44096  10.877  -35.703  27.828 0.0000000000
41123  8.797  -37.689  28.716 0.0000000000
40218  7.321  -39.142  30.284 0.0000000000
40190  6.276  -39.905  32.054 0.0000000000
129933  4.601  -38.263  32.522 0.0000000000
43017  3.996  -35.599  32.777 0.0000000000
44882  3.286  -33.844  34.098 0.0000000000
45680  2.377  -32.443  35.231 0.0000000000
46818  28.182  -32.665  13.730 0.0000000000
45948  27.484  -33.916  16.186 0.0000000000
44225  27.568  -35.124  19.458 0.0000000000
45886  24.043  -33.084  20.993 0.0000000000
58760  29.416  -19.289  9.175 0.0000000000
56002  27.464  -22.128  12.429 0.0000000000
114408  29.051  -21.250  10.497 0.0000000000
56949  32.313  -21.044  10.803 0.0000000000
47603  35.252  -31.103  17.736 0.0000000000
67165  52.307  -10.533  -5.101 0.0000000000
66365  49.553  -11.332  -2.373 0.0000000000
116998  51.758  -12.055  -3.230 0.0000000000
62833  44.122  -15.750  2.217 0.0000000000
132419  45.198  -16.837  2.754 0.0000000000
132730  43.889  -16.357  2.812 0.0000000000
48617  29.906  -30.165  12.138 0.0000000000
49511  31.575  -29.662  12.527 0.0000000000
48570  31.766  -30.958  13.648 0.0000000000
124999  42.060  -13.853  2.147 0.0000000000
65504  42.833  -12.601  1.918 0.0000000000
63710  43.244  -13.952  1.451 0.0000000000
119743  43.940  -14.322  1.267 0.0000000000
42953  2.097  -36.222  35.707 0.0000000000
62801  37.598  -15.293  7.205 0.0000000000
61738  37.467  -15.667  8.143 0.0000000000
57898  33.168  -20.551  7.608 0.0000000000
57009  34.453  -21.456  7.501 0.0000000000
56996  33.157  -21.914  8.080 0.0000000000
56061  34.722  -22.853  9.305 0.0000000000
56062  33.358  -22.388  9.282 0.0000000000
42092  13.446  -37.739  25.697 0.0000000000
40269  13.665  -39.184  26.732 0.0000000000
41153  12.856  -38.760  26.591 0.0000000000
40258  12.187  -39.343  27.639 0.0000000000
41137  11.553  -38.382  27.016 0.0000000000
48517  24.712  -29.958  17.316 0.0000000000
123953  24.114  -30.931  17.116 0.0000000000
47609  23.604  -31.025  17.701 0.0000000000
44150  21.418  -35.681  23.974 0.0000000000
57780  28.642  -20.658  16.698 0.0000000000
54943  35.071  -23.771  15.900 0.0000000000
60597  33.081  -16.926  10.082 0.0000000000
135357  32.075  -16.381  10.846 0.0000000000
44170  19.201  -35.853  22.284 0.0000000000
43178  19.209  -36.538  22.927 0.0000000000
44171  18.417  -35.435  22.274 0.0000000000
44992  16.314  -34.387  23.861 0.0000000000
44139  15.717  -34.863  24.255 0.0000000000
43139  14.910  -36.001  24.712 0.0000000000
49400  21.935  -29.020  21.284 0.0000000000
46688  19.047  -32.053  22.168 0.0000000000
46708  19.681  -32.310  21.437 0.0000000000
45039  19.657  -33.981  21.485 0.0000000000
45015  20.400  -34.740  21.688 0.0000000000
53962  29.579  -24.469  14.854 0.0000000000
53116  29.692  -25.982  13.810 0.0000000000
51423  33.468  -27.845  13.909 0.0000000000
52317  32.970  -26.652  13.216 0.0000000000
51422  33.947  -27.190  14.272 0.0000000000
52298  34.797  -26.270  14.964 0.0000000000
51391  35.167  -27.692  15.582 0.0000000000
66321  44.733  -11.227  2.083 0.0000000000
66351  46.771  -10.940  -0.475 0.0000000000
66352  46.116  -11.369  -0.415 0.0000000000
62864  46.318  -15.067  0.855 0.0000000000
63720  46.633  -14.530  0.225 0.0000000000
62848  47.635  -15.571  1.113 0.0000000000
63681  39.819  -14.029  4.044 0.0000000000
125847  40.625  -15.538  3.360 0.0000000000
62819  39.144  -15.220  4.213 0.0000000000
60680  37.923  -17.237  4.827 0.0000000000
60679  39.510  -17.798  4.751 0.0000000000
59721  39.157  -18.477  5.152 0.0000000000
58814  40.622  -19.352  6.319 0.0000000000
115954  39.641  -19.586  6.151 0.0000000000
60631  35.183  -17.503  8.315 0.0000000000
60645  35.603  -17.184  7.385 0.0000000000
60646  35.052  -17.870  7.251 0.0000000000
57007  36.436  -21.740  7.226 0.0000000000
57913  36.695  -20.903  6.557 0.0000000000
114446  38.054  -21.853  7.459 0.0000000000
56990  39.471  -21.480  7.737 0.0000000000
45099  30.029  -34.308  17.820 0.0000000000
45913  31.727  -33.993  18.164 0.0000000000
64561  39.809  -13.484  6.370 0.0000000000
64574  40.632  -13.006  5.540 0.0000000000
115533  40.818  -13.029  3.932 0.0000000000
41171  17.956  -38.451  24.844 0.0000000000
40252  17.721  -39.255  26.876 0.0000000000
40215  10.718  -39.910  30.166 0.0000000000
39310  11.522  -40.157  30.856 0.0000000000
40200  10.754  -40.141  31.211 0.0000000000
128440  9.393  -40.155  31.256 0.0000000000
44077  10.555  -35.393  28.607 0.0000000000
43107  9.891  -36.807  27.979 0.0000000000
43073  9.049  -36.046  29.179 0.0000000000
43037  6.894  -36.819  30.945 0.0000000000
42034  7.825  -37.731  29.669 0.0000000000
41097  6.867  -38.395  30.516 0.0000000000
40189  6.688  -39.696  31.379 0.0000000000
41085  6.157  -38.458  31.096 0.0000000000
40191  5.490  -39.438  32.181 0.0000000000
42003  5.650  -37.765  31.397 0.0000000000
43999  5.992  -34.795  33.615 0.0000000000
44025  4.475  -35.377  32.639 0.0000000000
44026  4.083  -34.673  32.861 0.0000000000
44012  3.573  -34.991  33.309 0.0000000000
45701  3.914  -33.582  33.915 0.0000000000
48551  26.851  -30.150  15.155 0.0000000000
48571  27.047  -30.291  14.063 0.0000000000
47671  26.493  -31.848  14.256 0.0000000000
45979  28.093  -33.235  14.384 0.0000000000
45965  27.072  -33.646  15.515 0.0000000000
45899  25.472  -34.367  18.686 0.0000000000
125081  27.015  -34.497  17.838 0.0000000000
44226  26.861  -35.145  19.714 0.0000000000
47551  22.377  -31.362  20.281 0.0000000000
47550  23.148  -31.826  19.772 0.0000000000
46704  23.268  -32.836  21.054 0.0000000000
45000  24.578  -34.098  23.260 0.0000000000
60676  42.504  -17.994  4.747 0.0000000000
60692  43.303  -18.022  4.363 0.0000000000
59717  43.199  -18.409  5.221 0.0000000000
60564  29.464  -17.577  12.543 0.0000000000
60600  29.595  -17.673  10.441 0.0000000000
59649  28.527  -18.758  10.318 0.0000000000
54967  28.180  -23.665  13.541 0.0000000000
55980  27.363  -22.498  13.147 0.0000000000
134442  28.931  -23.057  12.635 0.0000000000
57805  32.006  -20.718  13.929 0.0000000000
57830  30.733  -21.234  12.123 0.0000000000
57829  31.517  -20.755  12.699 0.0000000000
119437  30.467  -21.203  10.403 0.0000000000
57838  32.848  -20.495  11.708 0.0000000000
57837  33.729  -20.662  11.537 0.0000000000
47605  33.952  -31.967  16.979 0.0000000000
67923  51.568  -9.906  -4.017 0.0000000000
137114  48.281  -11.811  -1.739 0.0000000000
123486  49.229  -10.703  -1.957 0.0000000000
64658  49.345  -12.243  -2.193 0.0000000000
65547  51.233  -12.566  -2.726 0.0000000000
64656  52.509  -13.557  -2.515 0.0000000000
46689  18.465  -32.782  22.573 0.0000000000
45018  17.540  -34.249  22.659 0.0000000000
61811  45.893  -16.035  1.874 0.0000000000
60724  47.720  -17.351  2.471 0.0000000000
61792  45.882  -16.779  2.441 0.0000000000
130168  29.716  -27.745  12.881 0.0000000000
52338  30.580  -26.826  11.964 0.0000000000
50523  31.272  -28.217  11.795 0.0000000000
49509  32.796  -29.066  13.562 0.0000000000
49478  33.735  -29.717  14.983 0.0000000000
64583  45.010  -12.123  4.582 0.0000000000
119666  43.451  -11.757  3.077 0.0000000000
65511  43.851  -11.724  1.571 0.0000000000
65521  44.150  -12.023  0.918 0.0000000000
64624  45.264  -13.047  -0.152 0.0000000000
63721  45.116  -13.995  0.418 0.0000000000
62865  45.504  -14.880  0.943 0.0000000000
41947  3.541  -37.143  34.805 0.0000000000
62807  38.722  -14.232  6.822 0.0000000000
63683  38.597  -14.785  4.830 0.0000000000
62808  37.909  -14.794  6.431 0.0000000000
135594  37.277  -15.881  5.493 0.0000000000
60681  37.252  -17.556  5.232 0.0000000000
59677  34.092  -18.266  8.364 0.0000000000
59690  34.703  -18.768  7.124 0.0000000000
58798  34.444  -19.725  7.199 0.0000000000
57008  35.360  -21.571  7.342 0.0000000000
56069  37.178  -22.837  9.027 0.0000000000
56059  36.586  -22.933  9.810 0.0000000000
56044  36.580  -22.732  10.680 0.0000000000
44207  30.293  -35.554  20.477 0.0000000000
125226  15.871  -39.034  25.624 0.0000000000
40254  16.407  -39.469  26.794 0.0000000000
114313  14.929  -39.332  26.600 0.0000000000
40243  14.362  -39.734  27.991 0.0000000000
122544  14.140  -39.943  28.812 0.0000000000
40246  11.517  -39.523  28.336 0.0000000000
126691  9.890  -38.972  28.477 0.0000000000
44047  9.444  -35.509  30.586 0.0000000000
43012  8.148  -35.567  32.405 0.0000000000
43013  7.141  -36.077  31.942 0.0000000000
43014  6.371  -36.106  32.000 0.0000000000
42993  7.178  -35.631  32.859 0.0000000000
43998  6.959  -34.877  34.107 0.0000000000
43990  6.661  -34.503  34.863 0.0000000000
48534  25.384  -30.700  15.806 0.0000000000
46804  25.422  -32.579  15.530 0.0000000000
46785  24.975  -32.713  16.167 0.0000000000
46772  24.317  -32.936  17.384 0.0000000000
45900  24.697  -33.909  19.072 0.0000000000
45848  22.208  -34.116  21.792 0.0000000000
45868  22.850  -33.409  21.639 0.0000000000
45001  22.920  -34.616  23.543 0.0000000000
59702  42.293  -18.803  6.178 0.0000000000
58713  27.898  -19.214  13.790 0.0000000000
54964  32.380  -23.957  13.868 0.0000000000
54966  31.193  -22.700  13.349 0.0000000000
54955  32.778  -23.376  14.373 0.0000000000
56901  32.929  -21.668  14.932 0.0000000000
67901  51.142  -8.972  -1.695 0.0000000000
43983  0.694  -35.864  35.957 0.0000000000
134865  36.510  -16.938  9.870 0.0000000000
115565  35.102  -17.480  9.389 0.0000000000
60613  34.324  -17.578  9.521 0.0000000000
60614  33.450  -17.556  9.517 0.0000000000
59679  32.334  -19.007  8.262 0.0000000000
59680  31.423  -19.111  8.323 0.0000000000
43156  20.367  -36.657  24.445 0.0000000000
42076  20.203  -37.278  26.120 0.0000000000
43157  19.666  -37.157  24.290 0.0000000000
42115  18.389  -37.585  23.829 0.0000000000
42104  17.704  -38.003  24.139 0.0000000000
44153  17.156  -35.562  22.845 0.0000000000
42117  16.746  -36.909  23.423 0.0000000000
41173  16.191  -38.173  24.472 0.0000000000
42090  14.831  -37.702  24.875 0.0000000000
43140  14.418  -36.602  25.058 0.0000000000
43124  13.220  -36.044  26.047 0.0000000000
48484  23.214  -30.222  18.941 0.0000000000
49426  22.738  -29.025  20.026 0.0000000000
48470  22.169  -30.426  20.304 0.0000000000
46728  21.852  -31.975  20.654 0.0000000000
48447  20.451  -29.718  22.276 0.0000000000
47534  20.958  -31.756  20.879 0.0000000000
46706  21.333  -32.663  20.818 0.0000000000
45037  21.238  -34.130  21.407 0.0000000000
44151  20.701  -35.940  23.245 0.0000000000
118355  29.925  -22.378  16.327 0.0000000000
56884  29.201  -22.127  15.959 0.0000000000
54947  29.303  -23.601  15.084 0.0000000000
53975  28.455  -24.141  13.935 0.0000000000
54000  30.221  -24.766  12.809 0.0000000000
52336  31.422  -26.521  12.018 0.0000000000
53145  31.803  -25.835  12.538 0.0000000000
53985  32.061  -24.555  13.395 0.0000000000
53114  33.876  -25.263  14.462 0.0000000000
53100  35.586  -25.604  15.762 0.0000000000
67144  48.375  -10.300  -0.371 0.0000000000
66358  47.323  -11.242  -1.113 0.0000000000
64646  48.021  -13.151  -1.458 0.0000000000
64638  46.085  -13.063  -0.659 0.0000000000
119192  46.983  -13.901  -0.615 0.0000000000
63698  41.644  -14.420  2.498 0.0000000000
61795  42.719  -15.946  2.885 0.0000000000
62825  41.184  -15.162  2.882 0.0000000000
61766  40.975  -16.721  4.003 0.0000000000
60694  41.282  -17.399  4.454 0.0000000000
61767  39.324  -16.159  4.161 0.0000000000
60678  40.613  -17.856  4.876 0.0000000000
132841  41.172  -18.221  5.300 0.0000000000
59703  41.466  -18.977  6.261 0.0000000000
133026  41.673  -19.818  7.123 0.0000000000
61723  36.265  -16.598  7.733 0.0000000000
61740  36.094  -16.767  6.517 0.0000000000
136999  36.714  -18.596  5.676 0.0000000000
58818  36.120  -19.616  6.239 0.0000000000
58817  36.888  -19.997  6.143 0.0000000000
58816  37.882  -19.946  6.010 0.0000000000
57910  39.323  -20.322  6.562 0.0000000000
46801  30.412  -32.886  15.046 0.0000000000
47647  31.770  -32.029  14.864 0.0000000000
46783  31.638  -32.947  16.109 0.0000000000
45911  33.272  -33.380  18.680 0.0000000000
65478  41.487  -12.601  3.942 0.0000000000
64598  41.249  -13.182  3.183 0.0000000000
44114  12.866  -35.577  26.707 0.0000000000
44095  11.701  -35.514  27.612 0.0000000000
43126  11.784  -36.724  26.708 0.0000000000
42062  10.321  -37.482  27.583 0.0000000000
42063  9.844  -37.568  28.025 0.0000000000
40247  9.008  -38.590  28.765 0.0000000000
43074  8.481  -36.550  29.554 0.0000000000
41108  8.256  -38.257  29.251 0.0000000000
116444  8.743  -39.449  29.669 0.0000000000
115348  7.677  -39.806  30.821 0.0000000000
39283  7.154  -40.299  32.024 0.0000000000
41071  4.565  -38.705  33.629 0.0000000000
42004  5.126  -37.078  31.770 0.0000000000
41982  4.535  -37.272  32.273 0.0000000000
41962  3.748  -36.951  33.768 0.0000000000
42970  3.243  -36.331  34.375 0.0000000000
42971  2.621  -35.743  34.924 0.0000000000
43992  1.780  -35.210  35.333 0.0000000000
45685  4.203  -32.978  35.713 0.0000000000
45687  2.336  -33.003  34.953 0.0000000000
44876  1.330  -34.491  35.240 0.0000000000
48618  29.192  -30.258  12.273 0.0000000000
48594  28.115  -30.242  12.847 0.0000000000
46835  29.636  -32.198  13.472 0.0000000000
46802  29.635  -33.064  14.745 0.0000000000
45946  29.264  -33.737  16.337 0.0000000000
45100  29.165  -34.354  17.704 0.0000000000
45949  26.467  -33.826  16.305 0.0000000000
132173  27.633  -34.375  17.503 0.0000000000
45069  28.914  -34.924  19.030 0.0000000000
47568  23.222  -31.349  18.947 0.0000000000
46743  23.967  -33.068  18.936 0.0000000000
45073  24.887  -34.133  20.021 0.0000000000
45867  23.735  -33.329  21.747 0.0000000000
45036  25.067  -34.177  21.328 0.0000000000
119951  25.650  -34.691  20.907 0.0000000000
61774  43.974  -16.942  3.244 0.0000000000
60581  30.805  -16.851  11.225 0.0000000000
60617  30.674  -17.853  9.443 0.0000000000
57881  30.494  -20.040  8.488 0.0000000000
121912  27.603  -21.204  14.735 0.0000000000
57807  27.286  -20.682  13.919 0.0000000000
58722  27.272  -20.137  12.520 0.0000000000
120110  29.072  -22.068  11.855 0.0000000000
56952  27.905  -21.301  11.381 0.0000000000
58730  27.752  -19.547  11.364 0.0000000000
133438  29.199  -20.095  9.483 0.0000000000
57864  30.733  -21.173  9.606 0.0000000000
56978  32.559  -22.029  9.353 0.0000000000
113459  33.935  -21.775  10.445 0.0000000000
47645  33.264  -31.325  15.552 0.0000000000
48528  33.932  -30.912  15.910 0.0000000000
48526  35.191  -29.860  16.639 0.0000000000
48492  36.276  -30.107  18.707 0.0000000000
120586  35.546  -29.049  16.632 0.0000000000
67921  52.774  -9.095  -5.145 0.0000000000
134024  50.066  -9.822  -1.897 0.0000000000
67154  50.519  -10.311  -2.949 0.0000000000
64657  50.613  -13.171  -2.320 0.0000000000
65557  50.954  -11.667  -3.065 0.0000000000
67156  51.062  -10.126  -3.467 0.0000000000
66388  51.762  -11.119  -4.144 0.0000000000
133023  53.048  -11.562  -4.666 0.0000000000
62834  43.022  -15.272  2.331 0.0000000000
61794  43.428  -15.989  2.685 0.0000000000
48593  30.471  -30.772  12.586 0.0000000000
48592  31.307  -30.509  12.864 0.0000000000
47689  30.975  -31.292  13.264 0.0000000000
63711  42.618  -13.419  1.795 0.0000000000
63697  42.757  -14.356  1.867 0.0000000000
62850  43.563  -14.822  1.761 0.0000000000
57879  32.029  -20.635  7.835 0.0000000000
133539  32.839  -21.292  7.771 0.0000000000
56073  33.598  -22.390  8.591 0.0000000000
56063  32.767  -22.178  8.716 0.0000000000
126702  12.795  -37.976  26.098 0.0000000000
41154  12.203  -38.206  26.574 0.0000000000
42079  11.740  -37.608  26.678 0.0000000000
49439  24.928  -29.303  18.030 0.0000000000
48518  23.999  -30.290  17.576 0.0000000000
48500  24.214  -29.567  17.944 0.0000000000
43137  21.226  -36.178  25.475 0.0000000000
44975  21.841  -35.627  25.029 0.0000000000
57765  29.118  -20.822  17.346 0.0000000000
45016  19.214  -34.895  21.857 0.0000000000
45017  18.245  -34.544  22.204 0.0000000000
125708  19.224  -33.045  21.679 0.0000000000
52301  29.683  -26.559  13.172 0.0000000000
50488  34.241  -28.464  14.913 0.0000000000
51407  33.997  -27.929  14.468 0.0000000000
51406  34.562  -27.634  14.981 0.0000000000
66335  45.121  -11.038  1.341 0.0000000000
66320  45.649  -11.192  2.043 0.0000000000
66334  46.112  -10.836  1.220 0.0000000000
61810  46.821  -15.807  1.457 0.0000000000
61808  48.662  -16.351  1.563 0.0000000000
41064  4.529  -38.604  34.796 0.0000000000
64587  39.566  -13.840  4.694 0.0000000000
63689  39.629  -14.756  3.908 0.0000000000
63682  39.264  -14.424  4.463 0.0000000000
59722  38.188  -18.253  5.090 0.0000000000
116278  38.692  -17.773  4.777 0.0000000000
135626  38.676  -18.764  5.341 0.0000000000
58826  39.072  -19.139  5.611 0.0000000000
59676  34.520  -18.067  7.932 0.0000000000
56991  37.853  -22.380  8.254 0.0000000000
56992  37.316  -22.048  7.536 0.0000000000
45084  30.343  -34.560  18.562 0.0000000000
45083  31.199  -34.464  18.708 0.0000000000
45067  30.647  -34.883  19.265 0.0000000000
64560  40.312  -13.204  6.193 0.0000000000
64575  39.750  -13.495  5.473 0.0000000000
64586  40.228  -13.346  4.529 0.0000000000
40276  17.324  -38.935  25.514 0.0000000000
41151  17.770  -39.025  26.240 0.0000000000
40232  10.210  -39.598  29.183 0.0000000000
40201  9.971  -39.985  30.758 0.0000000000
125153  9.067  -39.874  30.436 0.0000000000
44078  9.737  -35.630  28.844 0.0000000000
42001  7.250  -37.560  30.271 0.0000000000
40205  5.498  -38.592  31.600 0.0000000000
44880  5.326  -34.241  33.869 0.0000000000
44887  5.185  -34.593  33.291 0.0000000000
44888  4.435  -34.091  33.352 0.0000000000
44881  4.635  -33.694  34.229 0.0000000000
48552  26.031  -30.569  15.262 0.0000000000
48572  26.380  -30.773  14.507 0.0000000000
46820  26.624  -32.774  14.589 0.0000000000
46803  25.927  -32.332  14.845 0.0000000000
45071  26.169  -34.788  19.200 0.0000000000
44211  26.844  -35.331  20.464 0.0000000000
129286  26.118  -34.954  20.185 0.0000000000
46727  22.786  -32.157  20.553 0.0000000000
128477  28.289  -18.595  12.771 0.0000000000
59609  28.875  -18.047  12.943 0.0000000000
59618  28.690  -18.186  11.929 0.0000000000
59632  28.219  -18.767  11.110 0.0000000000
54975  28.718  -23.759  12.982 0.0000000000
54976  28.161  -23.267  12.882 0.0000000000
54974  29.914  -23.106  12.742 0.0000000000
57816  32.290  -20.390  13.270 0.0000000000
57828  32.128  -20.450  12.326 0.0000000000
123245  32.910  -20.108  12.687 0.0000000000
136763  33.491  -19.979  12.853 0.0000000000
68774  51.911  -8.732  -2.943 0.0000000000
67908  52.004  -9.085  -3.798 0.0000000000
65538  48.587  -12.469  -1.814 0.0000000000
64645  49.287  -13.145  -1.926 0.0000000000
46673  18.667  -31.758  23.173 0.0000000000
46674  18.099  -32.306  23.657 0.0000000000
46660  18.501  -31.618  24.245 0.0000000000
131177  46.525  -16.483  2.056 0.0000000000
60726  45.638  -17.345  2.962 0.0000000000
51440  29.888  -28.077  12.240 0.0000000000
51439  30.502  -27.672  11.848 0.0000000000
50524  30.390  -28.558  11.841 0.0000000000
48591  32.040  -30.147  13.321 0.0000000000
49510  32.279  -29.324  13.068 0.0000000000
49494  32.686  -29.748  13.811 0.0000000000
49493  33.290  -29.242  14.252 0.0000000000
65477  42.455  -12.151  4.075 0.0000000000
122654  43.338  -11.876  3.875 0.0000000000
65489  42.633  -12.185  2.841 0.0000000000
64613  43.184  -13.085  1.345 0.0000000000
64626  43.483  -12.321  1.415 0.0000000000
113485  44.477  -12.951  0.395 0.0000000000
63709  44.227  -13.745  0.785 0.0000000000
117974  44.284  -15.035  1.571 0.0000000000
63708  44.694  -14.606  1.083 0.0000000000
124056  45.923  -15.466  1.343 0.0000000000
63678  38.435  -14.404  5.728 0.0000000000
62809  37.201  -15.466  6.132 0.0000000000
61753  36.674  -16.144  5.929 0.0000000000
113765  37.179  -16.622  5.291 0.0000000000
133471  33.801  -18.806  8.119 0.0000000000
59691  34.175  -18.864  7.731 0.0000000000
56994  34.893  -22.208  7.969 0.0000000000
56993  35.837  -22.392  7.988 0.0000000000
56070  36.226  -22.965  8.797 0.0000000000
56046  35.034  -22.648  10.086 0.0000000000
56045  35.852  -22.724  10.316 0.0000000000
56023  35.977  -22.187  11.015 0.0000000000
63672  39.575  -13.780  7.059 0.0000000000
40277  15.172  -38.969  25.839 0.0000000000
40256  14.311  -39.481  27.128 0.0000000000
40257  13.594  -39.536  27.504 0.0000000000
40244  13.459  -39.773  28.266 0.0000000000
40229  13.208  -39.976  29.205 0.0000000000
41120  11.400  -38.984  27.587 0.0000000000
115864  10.673  -39.427  28.607 0.0000000000
132873  7.573  -36.207  31.439 0.0000000000
116255  7.843  -35.460  32.925 0.0000000000
113982  25.620  -30.136  16.876 0.0000000000
47624  24.798  -31.795  15.978 0.0000000000
47608  23.851  -31.965  17.323 0.0000000000
45914  24.424  -33.377  18.194 0.0000000000
45013  22.571  -34.465  22.624 0.0000000000
59600  28.339  -18.766  14.444 0.0000000000
58703  27.971  -19.529  14.738 0.0000000000
54963  32.977  -24.159  14.252 0.0000000000
54954  33.625  -23.866  14.799 0.0000000000
55936  34.604  -22.800  15.964 0.0000000000
54945  33.875  -22.896  15.379 0.0000000000
55937  34.032  -21.910  15.726 0.0000000000
118386  0.480  -35.220  35.528 0.0000000000
60594  35.904  -17.038  10.111 0.0000000000
59661  33.856  -17.982  8.969 0.0000000000
60615  32.335  -17.528  9.485 0.0000000000
59663  31.896  -18.370  8.830 0.0000000000
43177  19.983  -36.591  23.556 0.0000000000
43179  18.394  -36.964  23.186 0.0000000000
42116  17.582  -37.355  23.504 0.0000000000
45835  17.234  -33.523  23.355 0.0000000000
45003  16.902  -34.526  23.081 0.0000000000
43158  16.051  -36.136  23.619 0.0000000000
44138  16.245  -35.331  23.556 0.0000000000
125768  15.895  -37.218  23.924 0.0000000000
135631  15.488  -37.754  24.521 0.0000000000
42106  15.116  -36.941  24.471 0.0000000000
43141  13.642  -36.772  25.539 0.0000000000
43123  13.976  -35.750  25.712 0.0000000000
50433  23.780  -28.475  19.830 0.0000000000
49413  23.244  -28.563  20.153 0.0000000000
115990  22.257  -29.480  20.489 0.0000000000
47552  21.582  -31.065  20.736 0.0000000000
47535  20.130  -31.552  21.363 0.0000000000
46707  20.448  -32.496  20.986 0.0000000000
45870  20.854  -33.359  20.983 0.0000000000
45038  20.425  -33.918  21.250 0.0000000000
115257  19.913  -35.489  22.069 0.0000000000
44169  20.689  -35.482  22.424 0.0000000000
125820  20.702  -36.213  23.967 0.0000000000
54937  29.942  -22.970  15.722 0.0000000000
113588  29.260  -25.207  13.630 0.0000000000
53974  28.975  -24.653  14.143 0.0000000000
53987  29.363  -25.079  13.055 0.0000000000
53988  28.752  -24.467  13.491 0.0000000000
51438  31.435  -27.288  11.851 0.0000000000
124367  32.648  -26.022  13.132 0.0000000000
53129  31.732  -25.107  12.979 0.0000000000
53128  32.378  -25.285  13.277 0.0000000000
53127  33.122  -25.457  13.864 0.0000000000
53126  33.728  -25.924  14.162 0.0000000000
123980  35.584  -26.656  15.785 0.0000000000
52285  35.363  -26.187  15.470 0.0000000000
65487  45.145  -12.015  3.829 0.0000000000
132930  48.524  -10.340  0.486 0.0000000000
67139  47.842  -10.458  0.274 0.0000000000
65541  46.664  -11.515  -0.878 0.0000000000
65539  47.760  -12.097  -1.564 0.0000000000
64647  47.374  -12.754  -1.345 0.0000000000
64623  45.975  -13.881  -0.104 0.0000000000
63719  47.496  -14.634  0.085 0.0000000000
116633  47.861  -14.344  -0.511 0.0000000000
64636  47.879  -13.905  -1.049 0.0000000000
63687  40.938  -14.034  2.907 0.0000000000
62826  39.915  -15.551  3.729 0.0000000000
61777  40.574  -16.093  3.655 0.0000000000
135370  40.594  -17.137  4.359 0.0000000000
61768  38.483  -15.722  4.548 0.0000000000
59720  40.770  -18.600  5.616 0.0000000000
58797  41.022  -19.933  6.981 0.0000000000
61722  36.868  -16.136  8.223 0.0000000000
60662  35.591  -17.613  6.542 0.0000000000
128469  36.051  -17.424  5.985 0.0000000000
60682  36.590  -17.842  5.603 0.0000000000
57914  35.364  -19.694  6.600 0.0000000000
57912  37.605  -20.746  6.434 0.0000000000
57911  38.482  -20.560  6.432 0.0000000000
57893  39.044  -21.095  6.913 0.0000000000
46784  30.741  -33.175  15.858 0.0000000000
46800  31.288  -32.632  15.343 0.0000000000
45082  32.017  -34.274  18.904 0.0000000000
45912  32.516  -33.721  18.402 0.0000000000
65469  42.883  -12.052  5.157 0.0000000000
65470  42.009  -12.375  4.960 0.0000000000
64607  41.526  -13.636  2.597 0.0000000000
42088  19.577  -37.721  25.570 0.0000000000
42077  19.665  -37.891  26.428 0.0000000000
39309  12.177  -40.209  30.595 0.0000000000
44076  11.432  -35.286  28.430 0.0000000000
44075  12.259  -35.293  28.273 0.0000000000
43104  12.072  -35.825  26.908 0.0000000000
43105  11.283  -36.200  27.206 0.0000000000
42061  11.036  -37.321  27.013 0.0000000000
43106  10.544  -36.543  27.569 0.0000000000
42048  9.333  -37.184  28.337 0.0000000000
41122  9.482  -38.072  28.315 0.0000000000
43055  8.935  -35.936  30.087 0.0000000000
41109  7.552  -38.364  29.881 0.0000000000
40234  7.990  -39.014  29.626 0.0000000000
40217  8.153  -39.621  30.216 0.0000000000
132869  7.295  -39.938  31.318 0.0000000000
135823  5.031  -38.697  32.102 0.0000000000
122922  5.368  -39.801  32.939 0.0000000000
41078  4.961  -39.150  32.791 0.0000000000
43015  5.475  -36.260  31.935 0.0000000000
43016  4.622  -36.245  32.301 0.0000000000
42994  4.090  -36.601  32.873 0.0000000000
41961  4.212  -37.631  33.177 0.0000000000
42995  3.579  -35.997  33.463 0.0000000000
44013  3.169  -34.530  33.947 0.0000000000
44000  3.106  -35.400  34.073 0.0000000000
44001  2.541  -34.848  34.598 0.0000000000
44883  2.719  -34.178  34.430 0.0000000000
122324  2.958  -32.464  35.433 0.0000000000
44875  1.986  -34.102  34.825 0.0000000000
45688  1.554  -33.516  34.885 0.0000000000
47693  27.286  -31.007  13.483 0.0000000000
48595  27.631  -30.236  13.376 0.0000000000
47692  27.923  -30.952  13.004 0.0000000000
127373  28.439  -31.538  12.938 0.0000000000
46836  28.710  -32.207  13.307 0.0000000000
45978  29.041  -32.849  14.060 0.0000000000
45964  27.970  -33.697  15.294 0.0000000000
117694  28.835  -33.616  15.653 0.0000000000
45947  28.375  -33.861  16.223 0.0000000000
45930  28.793  -34.057  16.991 0.0000000000
45966  25.569  -33.287  16.122 0.0000000000
113582  27.076  -34.821  18.803 0.0000000000
45087  27.785  -34.588  18.172 0.0000000000
45086  28.626  -34.625  18.314 0.0000000000
45070  28.044  -34.873  18.917 0.0000000000
44223  29.229  -35.299  19.678 0.0000000000
44224  28.338  -35.241  19.607 0.0000000000
46726  23.545  -32.591  20.368 0.0000000000
130814  23.666  -32.590  19.603 0.0000000000
46725  24.215  -33.295  19.979 0.0000000000
45847  23.483  -33.690  22.458 0.0000000000
45846  24.147  -33.648  22.483 0.0000000000
121499  25.429  -34.494  22.786 0.0000000000
45012  24.883  -34.017  22.256 0.0000000000
117699  43.289  -16.532  3.129 0.0000000000
60713  43.226  -17.266  3.645 0.0000000000
61663  31.603  -16.283  11.477 0.0000000000
59648  29.151  -18.410  9.750 0.0000000000
59647  29.921  -17.886  9.703 0.0000000000
59665  30.032  -18.606  9.038 0.0000000000
58781  30.632  -19.272  8.510 0.0000000000
58759  30.036  -19.464  8.738 0.0000000000
55940  28.196  -22.645  14.779 0.0000000000
56885  28.254  -21.926  15.352 0.0000000000
56904  27.679  -22.208  14.428 0.0000000000
56922  27.146  -21.612  12.746 0.0000000000
56905  27.189  -21.715  13.680 0.0000000000
58714  27.364  -20.004  13.361 0.0000000000
57831  27.184  -20.862  12.252 0.0000000000
55978  30.547  -21.980  12.946 0.0000000000
56950  29.486  -21.596  11.351 0.0000000000
57841  28.415  -21.141  10.834 0.0000000000
57842  27.855  -20.437  11.015 0.0000000000
57853  28.530  -20.373  10.187 0.0000000000
57852  29.382  -20.973  9.968 0.0000000000
57851  31.431  -21.075  10.693 0.0000000000
127853  29.859  -20.736  9.400 0.0000000000
56980  31.181  -21.394  8.880 0.0000000000
56967  31.718  -21.525  9.693 0.0000000000
56966  33.298  -21.966  9.942 0.0000000000
124407  32.602  -21.586  10.134 0.0000000000
56934  34.573  -20.564  11.924 0.0000000000
46799  32.141  -32.376  15.615 0.0000000000
47646  32.537  -31.686  15.213 0.0000000000
47623  32.933  -32.070  15.900 0.0000000000
47604  34.609  -31.537  17.348 0.0000000000
47621  34.292  -31.240  16.613 0.0000000000
48510  34.935  -30.774  16.995 0.0000000000
48527  34.552  -30.459  16.286 0.0000000000
49435  36.075  -29.819  17.946 0.0000000000
50448  36.040  -28.639  17.016 0.0000000000
67922  52.137  -9.663  -4.683 0.0000000000
68783  52.627  -8.653  -4.262 0.0000000000
67936  52.526  -9.909  -5.392 0.0000000000
67143  49.225  -9.916  -0.636 0.0000000000
67148  49.889  -10.384  -2.334 0.0000000000
67906  50.540  -9.640  -2.304 0.0000000000
66364  50.243  -11.109  -2.866 0.0000000000
65546  52.108  -12.843  -2.877 0.0000000000
66373  50.871  -10.853  -3.363 0.0000000000
66372  51.459  -11.343  -3.594 0.0000000000
67155  51.406  -10.642  -3.871 0.0000000000
66371  52.108  -11.642  -3.827 0.0000000000
62832  45.116  -16.242  2.281 0.0000000000
61793  44.528  -16.573  2.763 0.0000000000
49526  30.181  -29.383  11.940 0.0000000000
49525  31.025  -29.121  11.848 0.0000000000
48616  30.760  -29.966  12.187 0.0000000000
48569  32.462  -30.555  14.104 0.0000000000
64606  42.028  -13.006  2.444 0.0000000000
64612  43.638  -13.609  1.091 0.0000000000
118394  38.400  -14.799  7.544 0.0000000000
62793  38.116  -15.273  8.121 0.0000000000
58779  32.706  -19.729  7.805 0.0000000000
57897  34.042  -20.595  7.383 0.0000000000
56995  34.000  -22.061  7.994 0.0000000000
56072  34.414  -22.583  8.575 0.0000000000
132888  33.997  -22.703  9.146 0.0000000000
56047  34.120  -22.432  9.852 0.0000000000
41163  13.976  -38.325  25.673 0.0000000000
40268  14.306  -38.926  26.125 0.0000000000
41152  13.485  -38.560  26.109 0.0000000000
40270  12.900  -39.265  27.205 0.0000000000
41136  12.230  -38.879  27.040 0.0000000000
134231  11.828  -38.950  27.308 0.0000000000
41138  10.789  -38.294  27.433 0.0000000000
42992  7.973  -35.017  33.533 0.0000000000
47625  24.343  -31.616  16.701 0.0000000000
135187  21.835  -35.312  23.618 0.0000000000
44990  22.320  -35.145  24.146 0.0000000000
58681  28.398  -19.836  16.319 0.0000000000
53959  34.861  -24.440  15.460 0.0000000000
54944  34.397  -23.730  15.425 0.0000000000
61685  32.795  -16.356  10.694 0.0000000000
117409  32.169  -16.806  10.222 0.0000000000
43197  18.403  -36.216  22.616 0.0000000000
43198  17.824  -35.794  22.580 0.0000000000
119337  16.698  -33.777  23.865 0.0000000000
49401  21.179  -29.472  21.696 0.0000000000
47515  19.171  -31.179  22.703 0.0000000000
132275  19.490  -31.509  21.884 0.0000000000
53102  29.844  -25.356  14.538 0.0000000000
53130  29.577  -25.812  13.095 0.0000000000
51424  32.935  -27.856  13.151 0.0000000000
128036  32.764  -27.256  12.873 0.0000000000
126470  33.272  -27.216  13.527 0.0000000000
52316  33.529  -26.575  13.894 0.0000000000
52299  34.183  -26.407  14.436 0.0000000000
125655  34.550  -26.863  14.774 0.0000000000
51405  35.123  -26.922  15.319 0.0000000000
51382  35.976  -27.463  16.402 0.0000000000
67140  47.069  -10.565  0.182 0.0000000000
65532  46.303  -12.162  -0.892 0.0000000000
62863  47.149  -15.130  0.734 0.0000000000
118344  47.978  -15.167  0.614 0.0000000000
62862  48.814  -15.263  0.550 0.0000000000
62847  48.375  -15.694  1.112 0.0000000000
63688  40.302  -14.636  3.424 0.0000000000
60696  38.740  -16.882  4.486 0.0000000000
58825  39.888  -18.946  5.647 0.0000000000
60630  35.882  -17.019  8.328 0.0000000000
60663  35.369  -18.537  6.574 0.0000000000
57006  37.402  -21.542  6.867 0.0000000000
57005  38.731  -21.601  7.375 0.0000000000
45944  31.097  -33.439  16.658 0.0000000000
45098  30.890  -34.178  17.977 0.0000000000
63671  40.544  -13.423  7.077 0.0000000000
64559  41.110  -12.958  6.494 0.0000000000
64585  41.083  -12.778  4.757 0.0000000000
42089  18.846  -38.075  25.060 0.0000000000
41160  18.358  -38.645  25.794 0.0000000000
41150  18.332  -38.909  26.684 0.0000000000
137255  10.117  -40.194  31.491 0.0000000000
39298  8.852  -40.355  31.807 0.0000000000
44062  11.185  -35.142  29.378 0.0000000000
43090  10.103  -35.968  28.132 0.0000000000
43091  9.441  -36.347  28.492 0.0000000000
43092  8.798  -36.792  28.827 0.0000000000
43057  7.617  -36.634  30.631 0.0000000000
43075  7.914  -37.031  29.902 0.0000000000
40219  6.615  -39.088  30.851 0.0000000000
40204  6.037  -39.224  31.440 0.0000000000
41981  4.970  -37.930  31.797 0.0000000000
44011  5.630  -35.101  32.943 0.0000000000
44024  5.139  -35.559  32.445 0.0000000000
44897  4.767  -34.852  32.882 0.0000000000
44889  3.732  -34.106  33.416 0.0000000000
47670  26.731  -31.070  13.905 0.0000000000
46838  27.095  -31.717  13.746 0.0000000000
46819  27.339  -32.599  14.043 0.0000000000
45980  27.208  -33.326  14.778 0.0000000000
45932  25.552  -34.121  17.815 0.0000000000
45931  26.303  -34.237  17.331 0.0000000000
45088  26.252  -34.495  18.280 0.0000000000
44210  27.633  -35.401  20.205 0.0000000000
45817  24.066  -34.179  23.949 0.0000000000
44987  24.658  -34.425  24.168 0.0000000000
60693  42.501  -17.483  4.068 0.0000000000
59735  43.931  -18.482  5.057 0.0000000000
60545  30.053  -17.068  13.111 0.0000000000
60563  30.245  -17.060  12.019 0.0000000000
119364  30.113  -17.258  11.067 0.0000000000
60582  29.469  -17.606  11.445 0.0000000000
59631  28.833  -18.126  10.763 0.0000000000
54958  27.717  -23.124  13.642 0.0000000000
55959  27.455  -22.567  13.807 0.0000000000
55979  27.767  -23.104  13.172 0.0000000000
56001  27.785  -22.694  12.604 0.0000000000
56903  31.726  -21.239  13.922 0.0000000000
56935  30.956  -21.219  12.909 0.0000000000
57817  31.607  -20.880  13.376 0.0000000000
57840  30.151  -21.331  11.018 0.0000000000
57839  31.299  -20.931  11.670 0.0000000000
131407  32.028  -20.729  11.509 0.0000000000
56948  33.288  -21.222  10.800 0.0000000000
46770  33.503  -32.581  17.425 0.0000000000
46769  34.226  -32.225  17.734 0.0000000000
47581  34.872  -31.812  18.100 0.0000000000
47580  35.429  -31.350  18.528 0.0000000000
67166  51.816  -10.549  -4.489 0.0000000000
66357  48.086  -11.266  -1.519 0.0000000000
66356  48.769  -11.459  -1.928 0.0000000000
65556  52.509  -12.333  -3.480 0.0000000000
64667  52.898  -13.033  -3.143 0.0000000000
45850  17.975  -33.645  22.584 0.0000000000
45834  17.840  -32.989  23.217 0.0000000000
47501  19.439  -30.397  23.300 0.0000000000
61791  47.291  -16.631  2.000 0.0000000000
60725  46.731  -17.200  2.518 0.0000000000
136470  46.135  -17.291  2.744 0.0000000000
51409  29.912  -27.286  13.540 0.0000000000
51425  29.950  -27.213  12.475 0.0000000000
49524  31.879  -28.786  12.285 0.0000000000
50505  32.574  -28.553  12.966 0.0000000000
50504  33.109  -28.497  13.697 0.0000000000
50489  33.659  -28.500  14.344 0.0000000000
49477  34.405  -29.240  15.398 0.0000000000
65488  44.200  -11.842  3.836 0.0000000000
65503  43.370  -11.820  2.116 0.0000000000
66322  44.030  -11.367  1.983 0.0000000000
66336  44.409  -11.408  1.454 0.0000000000
66349  44.739  -11.447  0.830 0.0000000000
65520  44.842  -12.047  0.219 0.0000000000
41934  4.056  -37.829  35.460 0.0000000000
122681  39.149  -13.847  6.080 0.0000000000
62813  37.849  -15.251  5.352 0.0000000000
57896  34.858  -20.679  7.000 0.0000000000
128321  36.820  -22.508  8.091 0.0000000000
56068  37.975  -22.662  9.136 0.0000000000
56058  37.648  -22.869  10.079 0.0000000000
134512  37.037  -22.885  10.402 0.0000000000
56060  35.613  -22.968  9.492 0.0000000000
56043  37.349  -22.845  11.055 0.0000000000
44222  30.080  -35.272  19.782 0.0000000000
44221  30.950  -35.274  19.947 0.0000000000
44206  31.244  -35.618  20.787 0.0000000000
40266  16.488  -39.211  25.921 0.0000000000
40267  15.747  -39.311  26.255 0.0000000000
135424  15.611  -39.502  26.906 0.0000000000
129816  14.303  -39.254  26.645 0.0000000000
40255  15.069  -39.604  27.403 0.0000000000
40230  12.129  -39.846  29.189 0.0000000000
40245  12.564  -39.724  28.379 0.0000000000
40231  11.153  -39.746  29.235 0.0000000000
43036  8.232  -35.945  31.376 0.0000000000
43038  6.036  -36.848  31.407 0.0000000000
44009  7.476  -35.127  33.606 0.0000000000
44010  6.633  -35.243  33.261 0.0000000000
43991  6.144  -34.536  34.277 0.0000000000
48533  26.260  -30.229  16.062 0.0000000000
135009  25.615  -30.989  15.241 0.0000000000
45950  24.903  -33.217  16.753 0.0000000000
46786  24.488  -32.416  16.690 0.0000000000
45933  24.897  -33.646  17.511 0.0000000000
132673  24.974  -33.938  18.243 0.0000000000
45869  21.808  -33.420  21.218 0.0000000000
137005  22.936  -33.962  22.291 0.0000000000
45833  23.286  -34.106  23.027 0.0000000000
44989  23.200  -34.704  24.430 0.0000000000
45818  23.598  -34.337  23.803 0.0000000000
119054  43.142  -18.722  5.989 0.0000000000
59610  28.536  -18.413  13.680 0.0000000000
134374  28.077  -18.846  13.272 0.0000000000
54965  31.635  -23.758  13.433 0.0000000000
55977  32.029  -23.012  13.918 0.0000000000
55957  31.719  -21.973  14.040 0.0000000000
55955  33.192  -22.733  14.891 0.0000000000
56902  32.245  -21.260  14.424 0.0000000000
122871  32.962  -20.870  14.815 0.0000000000
67905  51.282  -9.157  -2.579 0.0000000000
63749  49.256  -14.002  -1.518 0.0000000000
43993  1.043  -35.165  35.616 0.0000000000
60611  37.236  -16.735  10.208 0.0000000000
60612  35.852  -17.168  9.204 0.0000000000
60595  34.932  -17.203  10.108 0.0000000000
59678  33.634  -18.443  8.552 0.0000000000
58778  33.246  -18.967  8.221 0.0000000000
59662  32.989  -18.271  8.877 0.0000000000
129590  31.863  -19.671  7.914 0.0000000000
127362  20.699  -36.572  25.113 0.0000000000
42087  20.062  -37.056  25.193 0.0000000000
121350  19.444  -37.582  24.851 0.0000000000
125828  19.146  -37.168  23.623 0.0000000000
42102  19.011  -37.661  24.287 0.0000000000
42103  18.381  -37.981  24.409 0.0000000000
41172  17.071  -38.480  24.580 0.0000000000
44172  17.627  -35.059  22.486 0.0000000000
132366  16.619  -35.180  23.251 0.0000000000
43181  16.693  -35.996  23.175 0.0000000000
42105  16.846  -37.801  23.901 0.0000000000
125575  15.509  -38.477  25.093 0.0000000000
42091  14.124  -37.631  25.300 0.0000000000
128484  12.911  -37.010  25.905 0.0000000000
49440  23.815  -29.393  18.635 0.0000000000
49424  24.166  -28.831  19.261 0.0000000000
49425  23.334  -29.034  19.432 0.0000000000
48485  22.656  -29.790  19.742 0.0000000000
49414  22.639  -28.778  20.644 0.0000000000
48461  20.748  -30.613  21.386 0.0000000000
45014  21.581  -34.849  22.205 0.0000000000
44168  21.425  -35.415  23.090 0.0000000000
44137  21.009  -36.112  24.684 0.0000000000
56865  29.305  -21.707  16.776 0.0000000000
55939  28.872  -22.759  15.296 0.0000000000
54948  28.474  -23.291  14.629 0.0000000000
54956  28.733  -24.016  14.434 0.0000000000
54957  28.107  -23.631  14.040 0.0000000000
54001  29.489  -24.216  12.949 0.0000000000
52319  29.924  -26.377  12.520 0.0000000000
52337  30.748  -26.064  12.227 0.0000000000
52318  32.266  -26.753  12.424 0.0000000000
53146  30.984  -25.286  12.595 0.0000000000
53986  31.251  -24.531  13.044 0.0000000000
53984  32.717  -24.711  13.846 0.0000000000
53973  33.391  -24.708  14.327 0.0000000000
53972  33.969  -24.671  14.728 0.0000000000
53113  34.394  -25.742  14.680 0.0000000000
53112  35.011  -25.639  15.218 0.0000000000
53971  34.556  -25.034  14.996 0.0000000000
67145  47.503  -10.661  -0.476 0.0000000000
67151  47.940  -10.720  -1.031 0.0000000000
65533  45.576  -12.103  -0.390 0.0000000000
65531  46.797  -12.945  -1.101 0.0000000000
64637  47.390  -13.383  -1.162 0.0000000000
63750  48.504  -13.829  -1.331 0.0000000000
62835  42.127  -15.245  2.607 0.0000000000
62824  41.968  -15.863  3.042 0.0000000000
61776  41.360  -16.182  3.460 0.0000000000
61765  41.764  -17.018  3.996 0.0000000000
123472  41.950  -17.584  4.456 0.0000000000
60677  41.668  -17.981  4.997 0.0000000000
60695  39.823  -17.091  4.396 0.0000000000
58813  42.119  -19.355  6.842 0.0000000000
115911  41.381  -19.490  6.720 0.0000000000
61754  36.524  -16.961  5.700 0.0000000000
59723  37.384  -18.470  5.402 0.0000000000
59704  35.839  -19.046  6.253 0.0000000000
133279  36.140  -20.222  6.399 0.0000000000
59724  36.445  -19.143  5.942 0.0000000000
58828  37.279  -19.251  5.725 0.0000000000
58815  38.778  -19.806  6.008 0.0000000000
57892  39.820  -20.801  7.177 0.0000000000
57891  40.610  -20.605  7.385 0.0000000000
46816  30.942  -32.337  14.532 0.0000000000
46782  32.461  -32.660  16.372 0.0000000000
45927  31.417  -33.696  17.430 0.0000000000
45943  31.945  -33.200  16.888 0.0000000000
46771  32.742  -32.911  17.143 0.0000000000
41149  19.031  -38.482  26.573 0.0000000000
40265  17.140  -39.278  26.375 0.0000000000
43125  12.509  -36.354  26.411 0.0000000000
44094  12.514  -35.381  27.437 0.0000000000
41139  10.164  -38.254  27.955 0.0000000000
40233  9.310  -39.278  29.116 0.0000000000
44064  9.542  -35.557  29.766 0.0000000000
42033  8.290  -37.332  29.263 0.0000000000
127764  8.614  -38.955  29.219 0.0000000000
40202  8.519  -40.041  31.004 0.0000000000
39299  7.938  -40.258  31.544 0.0000000000
39282  8.204  -40.571  32.488 0.0000000000
118629  4.087  -37.829  34.247 0.0000000000
44874  4.838  -33.466  35.270 0.0000000000
45692  4.000  -33.265  34.727 0.0000000000
45693  3.471  -33.420  34.504 0.0000000000
45686  3.283  -32.903  35.154 0.0000000000
45694  2.741  -33.530  34.653 0.0000000000
54936  30.958  -23.546  15.821 0.0000000000
49527  29.396  -29.623  12.186 0.0000000000
47690  30.108  -31.540  12.973 0.0000000000
47707  28.678  -30.790  12.587 0.0000000000
47691  29.200  -31.614  12.843 0.0000000000
46817  30.062  -32.603  14.239 0.0000000000
45962  29.719  -33.386  15.558 0.0000000000
45963  28.878  -33.380  14.908 0.0000000000
45929  29.669  -33.985  17.100 0.0000000000
45085  29.480  -34.618  18.434 0.0000000000
130142  26.274  -33.235  15.286 0.0000000000
45111  27.124  -34.257  16.979 0.0000000000
45110  27.950  -34.134  16.916 0.0000000000
45101  28.331  -34.366  17.601 0.0000000000
48501  23.620  -30.180  18.108 0.0000000000
47588  23.368  -30.935  18.336 0.0000000000
46758  23.431  -31.749  18.157 0.0000000000
46744  23.478  -32.236  18.869 0.0000000000
45866  24.423  -33.589  21.640 0.0000000000
45885  24.641  -33.751  20.775 0.0000000000
45054  25.138  -34.303  20.629 0.0000000000
45053  25.443  -34.557  20.242 0.0000000000
45035  26.496  -35.267  21.348 0.0000000000
114220  43.993  -17.721  3.764 0.0000000000
59716  43.936  -18.704  5.838 0.0000000000
61646  32.166  -15.665  12.068 0.0000000000
60598  31.419  -16.797  10.637 0.0000000000
60616  31.402  -17.290  9.846 0.0000000000
60599  30.530  -17.317  10.298 0.0000000000
59664  30.953  -18.473  8.804 0.0000000000
58780  31.212  -19.905  8.146 0.0000000000
56998  31.659  -21.359  8.402 0.0000000000
56866  28.612  -21.328  16.130 0.0000000000
126529  28.066  -21.045  15.571 0.0000000000
57795  27.912  -20.332  15.240 0.0000000000
57806  27.636  -20.337  14.559 0.0000000000
58704  27.579  -19.941  14.091 0.0000000000
58721  27.696  -19.297  12.811 0.0000000000
127974  27.535  -19.607  12.058 0.0000000000
132540  28.515  -22.661  12.334 0.0000000000
56937  27.990  -22.104  11.843 0.0000000000
56936  30.212  -21.691  12.309 0.0000000000
56951  28.481  -21.631  11.357 0.0000000000
56938  27.447  -21.505  11.979 0.0000000000
57843  27.501  -20.876  11.632 0.0000000000
58731  27.434  -20.239  11.771 0.0000000000
58744  28.172  -19.495  10.571 0.0000000000
58743  28.695  -19.340  9.793 0.0000000000
57865  29.857  -20.075  8.919 0.0000000000
113817  30.463  -20.733  8.838 0.0000000000
56979  31.940  -21.879  8.839 0.0000000000
56965  34.664  -21.977  10.580 0.0000000000
56947  34.264  -21.226  11.068 0.0000000000
121664  35.248  -21.477  11.259 0.0000000000
47668  31.394  -31.687  14.062 0.0000000000
47667  32.158  -31.325  14.454 0.0000000000
48549  32.863  -30.932  14.857 0.0000000000
47622  33.624  -31.664  16.255 0.0000000000
48548  33.528  -30.534  15.246 0.0000000000
48547  34.164  -30.117  15.623 0.0000000000
49461  34.706  -29.771  15.985 0.0000000000
49460  35.113  -29.114  16.020 0.0000000000
48493  35.770  -30.594  18.217 0.0000000000
48509  35.517  -30.282  17.453 0.0000000000
49448  35.775  -29.439  17.245 0.0000000000
50458  35.577  -28.192  16.244 0.0000000000
50457  36.253  -27.853  16.850 0.0000000000
67149  49.579  -9.993  -1.501 0.0000000000
67902  50.361  -9.409  -1.365 0.0000000000
67910  50.905  -9.716  -2.987 0.0000000000
118189  49.973  -13.678  -1.978 0.0000000000
136231  49.881  -12.896  -2.205 0.0000000000
65548  50.227  -12.139  -2.573 0.0000000000
66387  52.299  -11.234  -4.584 0.0000000000
40203  7.080  -39.522  30.891 0.0000000000
45925  33.030  -33.185  17.892 0.0000000000
45926  32.248  -33.479  17.640 0.0000000000
45928  30.553  -33.864  17.248 0.0000000000
46756  33.754  -32.810  18.195 0.0000000000
46837  27.804  -31.888  13.341 0.0000000000
47649  25.415  -31.626  15.287 0.0000000000
47706  29.592  -30.897  12.484 0.0000000000
49492  33.877  -29.038  14.779 0.0000000000
51390  35.576  -27.291  15.930 0.0000000000
55938  33.490  -22.055  15.307 0.0000000000
55956  32.444  -22.332  14.472 0.0000000000
56000  29.582  -22.393  12.446 0.0000000000
57010  33.607  -21.389  7.647 0.0000000000
57781  28.216  -20.448  16.011 0.0000000000
57818  27.072  -20.845  13.062 0.0000000000
57878  40.223  -21.150  7.713 0.0000000000
57880  31.115  -20.720  8.347 0.0000000000
59719  41.644  -18.480  5.645 0.0000000000
61664  30.964  -16.553  11.961 0.0000000000
123644  35.255  -25.053  15.516 0.0000000000
