#!ascii label  , from subject sub-v1s10x0051115_ses-1 vox2ras=TkReg
579
132656  -29.836  -62.278  -8.737 0.6999999881
23587  -28.549  -61.047  -9.903 0.6000000238
23599  -28.471  -61.180  -10.788 0.6000000238
128019  -29.960  -61.821  -11.655 0.4000000060
24399  -34.047  -60.137  -1.998 0.6999999881
25331  -34.359  -59.501  -2.373 0.6999999881
24408  -33.963  -60.117  -2.887 0.6999999881
25343  -34.337  -59.397  -3.299 0.6000000238
24416  -33.134  -60.669  -3.358 0.6999999881
25366  -34.064  -58.923  -5.002 0.6000000238
24429  -33.105  -60.309  -4.334 0.6000000238
25351  -33.690  -59.615  -4.717 0.6000000238
24442  -32.190  -60.465  -5.457 0.6000000238
24443  -32.978  -60.049  -5.137 0.6000000238
25380  -32.785  -59.408  -6.555 0.5000000000
25379  -31.960  -59.801  -7.113 0.5000000000
136916  -32.397  -59.060  -7.374 0.5000000000
25392  -30.531  -59.563  -8.236 0.6000000238
24481  -29.643  -60.513  -8.566 0.6000000238
25403  -29.310  -59.452  -8.865 0.6000000238
24480  -28.713  -60.338  -9.257 0.6000000238
24479  -28.050  -60.126  -9.822 0.6000000238
26256  -34.466  -58.765  -1.627 0.6000000238
132918  -34.475  -58.113  -3.043 0.6000000238
27298  -34.184  -57.807  -4.378 0.6000000238
27316  -34.064  -58.157  -5.013 0.6000000238
27315  -33.587  -57.722  -5.550 0.6000000238
26298  -33.707  -58.544  -5.672 0.6000000238
25381  -33.351  -58.843  -6.278 0.6000000238
27329  -31.907  -57.243  -7.149 0.6000000238
27342  -31.528  -57.828  -7.748 0.6000000238
25393  -31.601  -59.294  -7.782 0.6000000238
27341  -30.547  -57.676  -8.107 0.6999999881
25391  -29.987  -58.537  -8.491 0.6000000238
26329  -28.665  -58.384  -8.987 0.6000000238
24488  -27.985  -60.329  -10.458 0.5000000000
25416  -28.234  -59.786  -11.154 0.5000000000
26244  -34.180  -58.728  -0.811 0.6000000238
27278  -34.477  -57.995  -2.222 0.6000000238
137200  -33.673  -56.663  -3.118 0.6000000238
27285  -33.864  -57.151  -3.862 0.6000000238
27297  -33.736  -57.398  -4.760 0.6000000238
127114  -32.679  -56.239  -4.845 0.6000000238
28298  -32.450  -56.504  -5.589 0.6000000238
28310  -32.205  -56.827  -6.366 0.6000000238
27331  -33.325  -58.119  -6.263 0.6000000238
28309  -31.391  -56.440  -6.675 0.6000000238
27328  -30.947  -56.897  -7.479 0.6999999881
26332  -27.469  -58.762  -9.999 0.6000000238
25417  -29.191  -59.920  -11.371 0.4000000060
27253  -33.964  -57.265  -0.961 0.6000000238
27267  -34.140  -57.266  -1.809 0.6000000238
28285  -32.847  -56.054  -4.202 0.6000000238
29355  -32.320  -55.558  -4.455 0.5000000000
29362  -32.029  -55.794  -5.215 0.6000000238
29370  -31.055  -55.753  -6.323 0.6999999881
28318  -29.856  -56.725  -7.902 0.6000000238
27340  -29.302  -57.574  -8.485 0.6000000238
27345  -28.153  -57.383  -9.098 0.6000000238
134753  -27.407  -57.955  -10.099 0.6000000238
128923  -27.540  -59.113  -10.282 0.6000000238
26347  -28.713  -59.042  -11.058 0.4000000060
26346  -27.987  -58.910  -10.757 0.5000000000
28241  -33.428  -56.559  -0.582 0.5000000000
28252  -33.439  -55.993  -1.339 0.6000000238
28262  -33.710  -56.491  -2.219 0.6000000238
29344  -33.236  -55.991  -2.933 0.6000000238
29343  -32.672  -55.541  -3.595 0.5000000000
30348  -32.071  -54.726  -4.026 0.5000000000
29354  -31.715  -55.070  -4.907 0.6000000238
31358  -31.135  -53.983  -5.480 0.6000000238
139386  -31.413  -55.409  -5.647 0.6999999881
29369  -30.341  -55.536  -6.730 0.6999999881
128493  -30.644  -56.133  -6.932 0.6999999881
30361  -28.740  -53.994  -7.665 0.6000000238
146907  -30.336  -56.398  -7.359 0.6999999881
28307  -29.068  -56.020  -7.923 0.6000000238
29374  -28.604  -55.432  -8.046 0.6000000238
28317  -28.653  -56.708  -8.516 0.6000000238
28321  -28.004  -56.655  -9.173 0.6000000238
27344  -27.675  -57.111  -9.788 0.6000000238
27354  -28.385  -57.523  -10.371 0.5000000000
26336  -29.283  -58.290  -10.699 0.4000000060
29303  -32.993  -55.662  -0.589 0.6000000238
29316  -32.853  -55.227  -1.410 0.6000000238
29333  -33.137  -55.639  -2.152 0.5000000000
125274  -32.414  -54.812  -3.099 0.6000000238
30335  -31.803  -53.911  -4.044 0.5000000000
31349  -32.000  -53.156  -4.207 0.5000000000
30347  -31.565  -54.327  -4.779 0.6000000238
31348  -31.560  -53.597  -4.839 0.5000000000
132084  -31.270  -53.181  -5.611 0.5000000000
31357  -30.626  -53.565  -6.213 0.5000000000
30354  -30.698  -54.403  -6.075 0.6000000238
32354  -30.523  -51.914  -7.036 0.5000000000
134807  -30.003  -53.476  -6.771 0.5000000000
31369  -30.067  -54.131  -6.591 0.6000000238
33330  -29.702  -52.142  -7.597 0.4000000060
30362  -29.444  -54.511  -7.138 0.6999999881
33345  -29.367  -51.693  -8.479 0.4000000060
31375  -28.381  -53.507  -8.351 0.5000000000
30366  -28.290  -54.236  -8.430 0.6000000238
31386  -28.112  -53.752  -8.906 0.5000000000
30371  -28.027  -54.354  -8.974 0.6000000238
123269  -29.096  -52.816  -9.412 0.5000000000
29376  -28.032  -55.678  -9.328 0.6000000238
28336  -29.154  -56.896  -10.145 0.5000000000
135682  -28.074  -54.818  -9.101 0.6000000238
29385  -28.103  -55.961  -9.475 0.6000000238
28326  -28.798  -56.131  -9.705 0.6000000238
30313  -32.549  -54.366  -1.590 0.5000000000
30326  -32.399  -54.257  -2.558 0.5000000000
31334  -32.217  -53.428  -3.460 0.5000000000
32328  -32.397  -52.398  -4.432 0.4000000060
32327  -31.837  -52.782  -4.995 0.4000000060
32340  -31.585  -52.245  -5.854 0.5000000000
32339  -30.905  -52.674  -6.330 0.5000000000
33332  -31.372  -51.417  -6.613 0.5000000000
35391  -30.748  -49.621  -8.781 0.4000000060
135038  -30.137  -50.736  -8.355 0.4000000060
34337  -30.196  -50.302  -8.869 0.4000000060
33361  -29.884  -50.736  -8.983 0.5000000000
32377  -28.821  -52.206  -8.837 0.5000000000
33360  -29.468  -51.495  -8.965 0.5000000000
32390  -28.875  -52.293  -9.130 0.5000000000
32391  -29.726  -51.944  -9.361 0.5000000000
29377  -30.398  -55.076  -8.950 0.5000000000
29387  -29.658  -55.597  -9.419 0.5000000000
30383  -28.611  -54.304  -9.421 0.6000000238
33317  -32.151  -51.461  -5.875 0.4000000060
34325  -32.038  -50.840  -6.422 0.5000000000
34324  -31.442  -50.403  -7.237 0.5000000000
35375  -31.244  -49.651  -8.002 0.5000000000
35398  -30.659  -49.729  -9.060 0.4000000060
33372  -30.811  -50.546  -9.430 0.5000000000
31388  -30.940  -53.587  -8.779 0.5000000000
30373  -31.119  -54.540  -8.592 0.3000000119
34358  -31.447  -49.956  -9.527 0.5000000000
30372  -30.131  -54.083  -9.078 0.5000000000
35376  -31.898  -49.592  -7.331 0.4000000060
34323  -30.651  -50.254  -8.202 0.4000000060
36391  -32.092  -48.145  -8.093 0.4000000060
37308  -31.959  -47.748  -9.301 0.4000000060
36400  -31.576  -48.196  -8.966 0.4000000060
36410  -32.008  -48.637  -9.625 0.4000000060
37315  -32.565  -47.599  -9.795 0.4000000060
35407  -32.001  -49.349  -9.627 0.5000000000
31389  -31.816  -53.299  -8.282 0.4000000060
132712  -31.704  -54.101  -8.210 0.4000000060
146404  -31.225  -51.053  -9.467 0.5000000000
32379  -32.131  -52.428  -8.429 0.5000000000
34359  -32.103  -50.000  -9.585 0.5000000000
33362  -31.573  -51.577  -9.161 0.5000000000
32378  -30.958  -52.436  -9.142 0.5000000000
39121  -33.250  -45.790  -9.830 0.4000000060
37316  -33.374  -47.343  -9.946 0.4000000060
34352  -33.383  -50.733  -8.148 0.4000000060
32380  -32.608  -51.443  -8.480 0.5000000000
36401  -33.392  -48.422  -9.634 0.5000000000
34351  -32.655  -50.387  -9.080 0.5000000000
38221  -33.406  -46.583  -9.991 0.4000000060
35393  -34.513  -49.559  -7.657 0.3000000119
38222  -34.017  -46.962  -9.771 0.5000000000
35400  -33.352  -49.081  -9.349 0.5000000000
135895  -33.313  -49.852  -8.792 0.5000000000
41036  -33.929  -44.330  -9.551 0.4000000060
36392  -34.370  -48.768  -8.273 0.3000000119
39122  -33.987  -46.132  -9.813 0.4000000060
140485  -34.301  -48.136  -8.910 0.5000000000
38214  -34.460  -46.434  -9.319 0.4000000060
36412  -33.848  -47.843  -9.624 0.5000000000
37310  -34.521  -47.351  -8.952 0.5000000000
42016  -34.391  -42.771  -9.088 0.4000000060
37301  -35.232  -47.414  -7.779 0.3000000119
37302  -36.028  -47.483  -6.951 0.3000000119
40059  -33.901  -45.269  -9.679 0.4000000060
38215  -34.988  -46.607  -8.425 0.4000000060
40049  -34.480  -44.809  -9.245 0.4000000060
129369  -34.795  -45.950  -8.804 0.4000000060
43006  -34.304  -41.837  -9.037 0.5000000000
38205  -35.422  -45.852  -7.876 0.3000000119
146194  -35.947  -46.295  -7.268 0.4000000060
40027  -36.713  -44.504  -6.604 0.4000000060
38206  -36.422  -46.749  -6.758 0.4000000060
41026  -34.556  -43.795  -9.056 0.4000000060
142951  -35.382  -44.291  -7.845 0.5000000000
136218  -34.831  -42.996  -8.453 0.5000000000
40050  -34.968  -44.477  -8.597 0.5000000000
41027  -35.123  -43.724  -8.185 0.5000000000
41018  -35.691  -43.732  -7.314 0.4000000060
42007  -36.134  -43.058  -6.828 0.4000000060
41019  -36.424  -43.814  -6.724 0.4000000060
39098  -37.050  -45.298  -6.397 0.3000000119
42017  -34.704  -42.175  -8.524 0.5000000000
43981  -36.752  -40.955  -6.692 0.4000000060
43990  -37.547  -40.715  -6.903 0.3000000119
44990  -33.765  -39.147  -8.966 0.5000000000
43989  -36.039  -40.482  -6.958 0.4000000060
127716  -35.805  -42.224  -7.039 0.4000000060
41996  -36.795  -42.405  -6.603 0.4000000060
42999  -37.439  -41.646  -6.724 0.4000000060
41997  -37.758  -42.716  -6.726 0.3000000119
137425  -34.155  -40.808  -8.929 0.5000000000
140421  -35.135  -42.422  -7.802 0.5000000000
43007  -34.688  -41.302  -8.392 0.5000000000
44969  -36.555  -39.222  -7.046 0.4000000060
44970  -37.266  -39.339  -7.129 0.4000000060
46008  -33.470  -37.693  -8.872 0.5000000000
44978  -34.433  -38.923  -8.483 0.5000000000
44979  -34.949  -39.491  -7.987 0.5000000000
127926  -35.458  -40.047  -7.474 0.5000000000
43988  -35.284  -40.874  -7.556 0.5000000000
46000  -37.126  -38.411  -7.301 0.4000000060
46975  -32.978  -37.056  -8.921 0.5000000000
124610  -34.794  -36.819  -8.262 0.5000000000
46957  -37.606  -37.634  -7.877 0.3000000119
126291  -37.721  -39.944  -7.256 0.3000000119
47802  -33.833  -36.718  -8.666 0.5000000000
46965  -34.240  -37.579  -8.544 0.5000000000
132392  -34.544  -38.208  -8.361 0.5000000000
135009  -29.248  -61.326  -9.020 0.6000000238
140696  -29.265  -61.559  -11.335 0.5000000000
25364  -32.705  -59.902  -5.824 0.6000000238
28297  -31.707  -56.122  -5.914 0.6999999881
26328  -27.707  -58.115  -9.677 0.6000000238
29361  -30.819  -55.097  -6.126 0.6999999881
27353  -27.670  -57.220  -10.042 0.6000000238
29368  -29.453  -55.344  -7.311 0.6999999881
31367  -28.834  -53.202  -7.777 0.5000000000
28316  -28.191  -55.949  -8.783 0.6000000238
146989  -31.117  -52.095  -6.461 0.5000000000
126416  -30.615  -50.985  -7.580 0.5000000000
32352  -29.542  -52.964  -7.324 0.4000000060
31400  -29.263  -53.680  -9.434 0.5000000000
30384  -29.371  -54.625  -9.385 0.5000000000
36409  -31.640  -48.463  -9.276 0.4000000060
34357  -30.791  -49.878  -9.313 0.5000000000
35392  -31.415  -48.929  -8.484 0.4000000060
39105  -35.919  -45.254  -7.339 0.4000000060
128758  -36.992  -43.920  -6.462 0.3000000119
46009  -33.920  -38.347  -8.780 0.5000000000
46966  -35.060  -37.631  -7.994 0.5000000000
15641  -34.311  -68.992  -1.568 0.5000000000
123852  -34.771  -69.605  -3.258 0.5000000000
15659  -34.565  -69.417  -2.399 0.5000000000
146918  -36.232  -67.394  -4.556 0.5000000000
15698  -35.448  -69.128  -4.483 0.5000000000
15678  -35.421  -69.036  -3.653 0.4000000060
146495  -34.448  -68.365  -1.419 0.5000000000
16635  -35.177  -68.207  -2.451 0.6000000238
16634  -34.758  -68.289  -1.802 0.6000000238
17666  -35.839  -67.491  -3.631 0.5000000000
16653  -35.576  -68.232  -3.236 0.5000000000
20717  -36.027  -63.857  -5.283 0.4000000060
18590  -32.742  -66.777  0.199 0.6999999881
18606  -33.526  -66.787  -0.457 0.6999999881
18620  -34.534  -66.964  -1.589 0.6999999881
18629  -34.887  -66.751  -2.399 0.5000000000
19673  -35.864  -65.521  -4.419 0.5000000000
18643  -35.582  -66.708  -3.501 0.5000000000
144830  -35.231  -66.795  -2.946 0.5000000000
22621  -34.971  -62.917  -5.540 0.5000000000
20698  -36.089  -64.799  -4.832 0.5000000000
19587  -30.633  -65.531  0.754 0.5000000000
137118  -31.125  -65.985  0.731 0.6999999881
19589  -32.042  -65.443  0.424 0.6999999881
18589  -32.358  -66.095  0.389 0.6999999881
147463  -32.530  -65.554  0.093 0.6999999881
18619  -34.013  -66.487  -1.189 0.6000000238
19671  -33.847  -65.596  -3.816 0.6999999881
19652  -33.840  -65.656  -3.189 0.6000000238
20697  -35.163  -65.101  -4.372 0.5000000000
20696  -34.107  -64.872  -4.693 0.6000000238
19672  -34.569  -65.656  -3.895 0.6000000238
20716  -35.609  -64.269  -4.887 0.5000000000
23571  -34.284  -61.898  -7.590 0.5000000000
20609  -30.882  -64.818  0.682 0.5000000000
20610  -31.624  -64.799  0.381 0.6999999881
18605  -32.945  -66.077  -0.110 0.6999999881
20636  -32.642  -64.676  -1.093 0.6999999881
21641  -32.282  -64.077  -2.033 0.6999999881
19632  -33.760  -65.639  -2.277 0.8000000119
19631  -33.216  -65.194  -2.930 0.6999999881
135123  -32.880  -65.521  -5.077 0.6000000238
145236  -33.227  -65.547  -4.370 0.6999999881
21677  -33.089  -64.583  -6.008 0.6999999881
20715  -33.365  -64.972  -5.347 0.6000000238
22640  -33.839  -62.391  -6.935 0.6000000238
22630  -33.383  -63.294  -6.454 0.6000000238
23570  -33.392  -62.395  -7.683 0.6000000238
140513  -29.379  -64.112  0.940 0.5000000000
21614  -30.523  -63.289  0.267 0.6000000238
20608  -30.018  -64.849  0.870 0.5000000000
21615  -31.107  -64.091  0.363 0.6000000238
20615  -31.712  -64.208  -0.021 0.6000000238
21629  -32.007  -64.003  -0.773 0.6999999881
21659  -31.944  -63.550  -3.507 0.6999999881
21649  -31.990  -63.387  -2.512 0.6000000238
20660  -32.700  -64.624  -2.856 0.6999999881
21650  -32.321  -64.238  -3.237 0.6999999881
19651  -33.246  -65.516  -3.905 0.6999999881
21691  -32.367  -64.403  -6.821 0.6999999881
22638  -32.449  -62.779  -8.334 0.6999999881
22639  -32.773  -63.188  -7.296 0.6999999881
127342  -29.715  -63.306  0.712 0.5000000000
22578  -31.347  -62.514  -0.894 0.6000000238
22588  -31.780  -62.616  -1.867 0.6000000238
21640  -31.761  -63.284  -1.398 0.6000000238
20694  -32.175  -64.891  -4.514 0.8000000119
22611  -31.510  -63.224  -5.070 0.5000000000
22605  -31.833  -62.621  -3.627 0.6000000238
142010  -32.361  -65.531  -5.287 0.6999999881
22629  -30.988  -63.503  -6.871 0.6999999881
140169  -31.370  -63.580  -7.687 0.6999999881
21690  -31.800  -64.498  -6.817 0.6999999881
128166  -31.878  -62.597  -9.496 0.5000000000
22665  -31.434  -62.895  -10.684 0.5000000000
21613  -28.871  -63.351  1.053 0.5000000000
23501  -30.665  -62.029  -0.124 0.5000000000
23502  -31.259  -61.768  -0.489 0.6000000238
22577  -30.842  -62.586  -0.237 0.6000000238
23510  -31.715  -61.935  -1.342 0.6000000238
23516  -32.026  -61.960  -2.264 0.6000000238
23517  -32.649  -61.266  -2.560 0.6000000238
23526  -32.131  -61.918  -3.088 0.6000000238
23527  -32.418  -61.288  -3.382 0.6000000238
23555  -31.027  -62.356  -6.262 0.6000000238
23544  -31.358  -62.083  -5.404 0.5000000000
23537  -32.285  -60.997  -4.133 0.5000000000
22628  -30.752  -63.244  -7.496 0.6000000238
23554  -30.620  -62.543  -7.072 0.6000000238
22655  -30.303  -62.722  -8.958 0.6000000238
22637  -30.428  -63.011  -8.104 0.6000000238
22682  -29.964  -62.602  -11.195 0.5000000000
23493  -30.181  -61.734  0.407 0.5000000000
23494  -30.831  -61.388  0.242 0.6000000238
24406  -33.064  -61.036  -1.802 0.6000000238
138215  -31.682  -61.815  -4.549 0.5000000000
140564  -32.427  -60.573  -4.785 0.5000000000
24454  -30.372  -61.657  -7.412 0.4000000060
144933  -30.873  -61.456  -6.683 0.5000000000
24441  -31.429  -61.085  -5.899 0.5000000000
22654  -29.724  -62.346  -9.712 0.6000000238
22550  -29.053  -61.958  1.096 0.5000000000
24387  -32.560  -60.509  -0.129 0.6000000238
24397  -32.946  -60.960  -1.000 0.6000000238
24469  -30.320  -60.706  -7.806 0.5000000000
24470  -31.119  -60.132  -7.518 0.4000000060
136950  -28.269  -61.872  1.408 0.5000000000
23483  -30.331  -61.107  0.714 0.5000000000
25320  -33.993  -59.944  -1.211 0.6000000238
133098  -27.986  -61.098  1.625 0.5000000000
24372  -30.072  -60.519  1.144 0.5000000000
24381  -31.889  -60.159  0.511 0.6000000238
25306  -33.775  -59.416  -0.532 0.6000000238
133943  -27.184  -60.889  1.671 0.5000000000
24370  -28.504  -60.460  1.559 0.5000000000
25293  -31.313  -59.606  0.791 0.5000000000
25294  -32.756  -59.199  0.283 0.6000000238
25305  -33.120  -59.764  -0.030 0.6000000238
24369  -27.696  -60.240  1.620 0.5000000000
25281  -29.661  -59.876  1.367 0.5000000000
25279  -27.463  -59.420  1.330 0.5000000000
26243  -33.658  -58.584  -0.271 0.5000000000
133227  -29.115  -59.160  1.218 0.5000000000
26226  -32.363  -58.575  0.402 0.5000000000
25278  -26.667  -59.363  1.127 0.5000000000
25290  -28.184  -58.848  1.006 0.5000000000
26224  -30.683  -58.904  0.724 0.5000000000
135317  -33.359  -57.826  -0.104 0.4000000060
143553  -28.941  -58.458  0.349 0.5000000000
27229  -31.058  -58.093  0.310 0.5000000000
27230  -31.923  -57.869  0.415 0.4000000060
27231  -32.694  -57.759  0.256 0.4000000060
27228  -30.144  -58.149  0.137 0.4000000060
133107  -32.249  -56.964  0.419 0.4000000060
23588  -29.823  -61.612  -8.191 0.6000000238
22670  -29.740  -62.483  -10.674 0.5000000000
22683  -30.600  -62.811  -11.442 0.4000000060
23536  -31.991  -61.797  -3.822 0.6000000238
27232  -32.998  -56.929  0.072 0.4000000060
28240  -32.881  -56.133  -0.038 0.4000000060
19616  -33.478  -65.958  -0.816 0.6999999881
20712  -31.985  -65.390  -5.646 0.6999999881
20729  -32.247  -65.201  -6.273 0.6999999881
20713  -32.267  -65.486  -5.828 0.6999999881
141098  -31.692  -62.527  -4.251 0.6000000238
22597  -31.946  -62.677  -2.833 0.6000000238
21715  -31.535  -63.178  -8.442 0.6999999881
22619  -31.265  -63.489  -6.052 0.6999999881
21688  -31.277  -63.882  -7.240 0.6999999881
21720  -30.761  -62.848  -9.237 0.6000000238
123927  -30.812  -62.883  -10.372 0.6000000238
15658  -33.826  -69.758  -2.011 0.5000000000
15660  -35.189  -68.955  -2.800 0.5000000000
16624  -34.097  -68.359  -1.064 0.5000000000
17623  -34.462  -67.725  -1.342 0.5000000000
17633  -34.902  -67.528  -2.051 0.6000000238
17634  -35.368  -67.351  -2.851 0.5000000000
17667  -36.090  -66.960  -4.064 0.5000000000
18607  -34.171  -67.106  -0.991 0.6999999881
18642  -35.006  -66.396  -3.100 0.5000000000
18653  -35.970  -66.194  -4.178 0.5000000000
19588  -31.366  -65.454  0.618 0.6999999881
19600  -32.879  -65.393  -0.517 0.6999999881
19615  -33.280  -65.337  -1.471 0.6999999881
19633  -34.286  -66.289  -1.917 0.6000000238
19653  -34.524  -65.922  -3.379 0.6000000238
19654  -35.299  -65.984  -3.885 0.6000000238
20616  -32.296  -64.815  -0.094 0.6999999881
20678  -32.724  -65.128  -3.756 0.6999999881
20695  -32.758  -65.490  -4.636 0.6999999881
20714  -32.622  -65.383  -5.826 0.6000000238
20728  -31.930  -65.183  -6.246 0.6999999881
21628  -31.297  -63.378  -0.366 0.6000000238
21667  -34.987  -64.251  -4.779 0.5000000000
21676  -31.594  -64.696  -5.960 0.6999999881
21678  -34.334  -63.943  -5.213 0.5000000000
21679  -35.347  -63.618  -5.172 0.5000000000
21689  -31.568  -64.406  -6.676 0.6999999881
21702  -30.946  -63.416  -7.696 0.6999999881
21703  -31.929  -63.839  -7.585 0.6999999881
21713  -30.818  -63.146  -8.284 0.6000000238
21714  -31.119  -63.122  -8.544 0.6999999881
22564  -29.337  -62.601  0.875 0.5000000000
22565  -30.118  -62.475  0.332 0.5000000000
22620  -34.074  -63.266  -5.736 0.6000000238
22631  -34.441  -62.496  -6.179 0.5000000000
22663  -30.327  -62.651  -10.034 0.6000000238
22664  -31.158  -62.882  -9.434 0.6999999881
22671  -30.367  -62.902  -10.986 0.5000000000
22672  -31.028  -63.066  -11.326 0.5000000000
23481  -28.806  -61.241  1.391 0.5000000000
23482  -29.650  -61.344  1.017 0.5000000000
23492  -29.655  -62.017  0.648 0.5000000000
23503  -32.086  -61.323  -0.699 0.6000000238
23511  -32.397  -61.486  -1.634 0.6000000238
23545  -31.797  -61.082  -4.976 0.6000000238
23569  -30.227  -62.525  -7.822 0.6000000238
23600  -29.098  -61.843  -10.358 0.6000000238
23615  -28.656  -61.201  -11.127 0.5000000000
23616  -29.224  -61.961  -11.071 0.5000000000
23631  -29.929  -62.323  -11.443 0.5000000000
23632  -30.761  -62.378  -11.861 0.4000000060
24371  -29.285  -60.578  1.381 0.5000000000
24380  -30.954  -60.507  0.747 0.6000000238
24388  -33.420  -60.269  -0.664 0.6000000238
24398  -33.562  -60.553  -1.490 0.6000000238
24407  -33.466  -60.666  -2.355 0.6000000238
24455  -31.330  -60.567  -6.739 0.5000000000
24456  -32.057  -60.188  -6.287 0.6000000238
24495  -28.163  -60.485  -11.032 0.5000000000
24500  -28.675  -60.697  -11.285 0.5000000000
24501  -29.605  -60.938  -11.565 0.4000000060
25280  -28.296  -59.613  1.470 0.5000000000
25289  -27.336  -58.870  0.750 0.5000000000
25291  -29.960  -59.278  1.116 0.5000000000
25292  -30.475  -59.792  1.129 0.5000000000
25295  -33.317  -59.107  0.000 0.6000000238
25307  -34.229  -59.312  -1.130 0.6000000238
25321  -34.277  -59.561  -1.662 0.6000000238
25342  -33.838  -59.920  -3.830 0.6000000238
25352  -34.270  -59.198  -4.198 0.6000000238
25365  -33.436  -59.349  -5.660 0.6000000238
25402  -28.073  -59.259  -9.536 0.6000000238
25409  -27.669  -59.524  -10.113 0.6000000238
25412  -27.786  -59.535  -10.680 0.6000000238
26223  -28.080  -58.491  -0.031 0.5000000000
26225  -31.600  -58.760  0.551 0.5000000000
26227  -33.052  -58.503  0.156 0.4000000060
26266  -34.538  -58.741  -2.705 0.6999999881
26275  -34.499  -58.637  -3.595 0.6000000238
26283  -34.341  -58.449  -4.361 0.6000000238
26309  -32.344  -58.157  -7.389 0.6000000238
26310  -32.935  -58.596  -6.848 0.5000000000
26320  -31.121  -58.569  -8.117 0.6999999881
26321  -31.878  -58.598  -7.762 0.5000000000
26335  -27.601  -58.694  -10.346 0.6000000238
27254  -34.019  -57.974  -0.628 0.5000000000
27268  -34.351  -57.909  -1.324 0.6000000238
27277  -34.152  -57.358  -2.865 0.6000000238
27286  -34.383  -57.895  -3.723 0.6000000238
27314  -32.992  -57.266  -6.012 0.6000000238
27330  -32.700  -57.668  -6.735 0.6000000238
27365  -27.756  -58.088  -10.360 0.6000000238
28271  -33.275  -56.339  -3.691 0.6000000238
28286  -33.281  -56.668  -4.433 0.6000000238
28299  -33.168  -56.938  -5.225 0.6000000238
28308  -29.933  -56.016  -7.287 0.6999999881
28320  -27.876  -56.357  -9.531 0.6000000238
28325  -27.839  -56.515  -9.732 0.6000000238
28335  -28.047  -56.636  -10.010 0.6000000238
29332  -32.623  -54.935  -2.263 0.5000000000
29367  -28.667  -54.784  -7.788 0.6000000238
29373  -28.182  -55.009  -8.739 0.6000000238
29386  -28.641  -55.228  -9.470 0.6000000238
30336  -32.142  -54.141  -3.331 0.5000000000
30355  -31.241  -54.696  -5.516 0.6999999881
30363  -30.147  -54.862  -6.610 0.6999999881
30382  -28.161  -54.118  -9.122 0.6000000238
31368  -29.456  -53.734  -7.159 0.4000000060
31387  -29.974  -53.037  -9.369 0.5000000000
31398  -28.280  -53.305  -9.062 0.5000000000
31399  -28.578  -53.466  -9.353 0.5000000000
32353  -30.221  -52.807  -6.836 0.5000000000
32364  -29.032  -52.437  -8.103 0.4000000060
32376  -28.522  -52.816  -8.533 0.5000000000
32389  -28.449  -52.723  -9.003 0.5000000000
32392  -30.664  -51.357  -9.419 0.5000000000
33331  -29.878  -51.311  -7.973 0.4000000060
33346  -29.767  -50.977  -8.721 0.4000000060
33363  -31.810  -50.737  -9.444 0.5000000000
33371  -29.987  -50.934  -9.246 0.5000000000
34350  -30.286  -50.290  -9.079 0.5000000000
34353  -33.983  -50.120  -7.914 0.4000000060
34360  -32.681  -49.556  -9.462 0.5000000000
35399  -31.153  -49.036  -9.051 0.4000000060
35401  -33.899  -49.319  -8.559 0.3000000119
35406  -31.290  -49.267  -9.366 0.4000000060
36402  -33.880  -48.587  -9.163 0.5000000000
36403  -34.786  -48.132  -8.007 0.3000000119
36411  -33.129  -48.038  -9.884 0.5000000000
36417  -32.073  -48.092  -9.610 0.4000000060
39114  -34.433  -45.648  -9.367 0.4000000060
40028  -37.396  -44.436  -6.471 0.3000000119
40038  -35.379  -44.951  -7.937 0.5000000000
40039  -35.974  -44.524  -7.168 0.4000000060
41009  -36.956  -43.245  -6.500 0.4000000060
42006  -35.401  -43.019  -7.553 0.5000000000
42988  -36.560  -41.694  -6.698 0.4000000060
42997  -35.198  -41.717  -7.663 0.5000000000
42998  -35.888  -41.314  -6.970 0.4000000060
43000  -38.090  -41.240  -7.153 0.3000000119
43998  -34.763  -40.385  -8.205 0.5000000000
44960  -36.889  -40.034  -6.836 0.4000000060
44980  -37.829  -39.190  -7.640 0.3000000119
46010  -35.249  -38.546  -7.764 0.5000000000
124204  -30.258  -64.098  0.713 0.5000000000
124465  -32.718  -48.707  -9.694 0.5000000000
124826  -35.937  -68.223  -4.207 0.5000000000
125636  -28.565  -52.861  -9.196 0.5000000000
125876  -32.811  -46.931  -9.923 0.4000000060
126449  -32.771  -55.381  -2.803 0.6000000238
126593  -30.750  -60.872  -7.154 0.5000000000
128871  -34.403  -66.103  -2.693 0.6999999881
131056  -36.320  -45.832  -6.903 0.4000000060
131287  -33.558  -57.312  -0.418 0.5000000000
131301  -32.533  -48.211  -9.763 0.4000000060
131386  -28.203  -55.034  -9.244 0.6000000238
131791  -32.390  -56.144  0.376 0.4000000060
132105  -35.653  -46.727  -7.505 0.4000000060
132570  -27.459  -61.715  1.526 0.5000000000
133460  -31.746  -63.552  -4.321 0.6999999881
135010  -29.697  -57.618  -10.425 0.4000000060
137652  -32.033  -66.710  0.595 0.6999999881
137859  -31.736  -64.501  -5.135 0.6999999881
138313  -29.770  -58.646  0.604 0.5000000000
138867  -36.264  -65.686  -4.690 0.5000000000
139615  -33.796  -65.920  -1.519 0.6999999881
139789  -31.618  -60.962  0.105 0.6000000238
140196  -36.441  -45.086  -6.826 0.4000000060
141683  -34.882  -45.276  -8.714 0.5000000000
142249  -28.972  -59.925  1.499 0.5000000000
142318  -28.338  -58.367  -10.646 0.5000000000
142774  -33.936  -65.405  -4.287 0.6000000238
143712  -31.732  -66.040  0.637 0.6999999881
143754  -32.090  -59.377  0.538 0.6000000238
143793  -34.282  -39.789  -8.688 0.5000000000
144127  -28.268  -53.186  -8.851 0.5000000000
144361  -32.861  -64.804  -2.101 0.6999999881
144810  -34.339  -58.329  -1.044 0.6000000238
145904  -29.301  -61.762  -9.565 0.6000000238
145955  -32.511  -59.824  0.317 0.6000000238
146490  -31.623  -49.240  -7.845 0.5000000000
147037  -31.014  -62.205  -0.483 0.6000000238
147333  -33.793  -56.695  -1.359 0.6000000238
147510  -33.285  -65.201  -2.199 0.6999999881
147560  -36.079  -67.525  -4.112 0.5000000000
147843  -34.886  -68.826  -2.156 0.6000000238
