#!ascii label  , from subject sub-v1s10x0051017_ses-1 vox2ras=TkReg
640
85701  21.201  -8.105  -40.336 0.0000000000
94804  31.845  0.963  -43.973 0.0000000000
103377  28.696  9.672  -42.127 0.0000000000
99550  23.035  6.109  -42.350 0.0000000000
81847  22.058  -12.362  -39.402 0.0000000000
159608  26.765  -9.475  -41.075 0.0000000000
89865  25.069  -3.908  -42.744 0.0000000000
153624  24.241  1.041  -42.702 0.0000000000
158935  30.739  5.072  -41.945 0.0000000000
101630  30.897  7.540  -49.448 0.0000000000
106768  26.125  13.719  -45.044 0.0000000000
83693  21.479  -10.424  -39.693 0.0000000000
82802  24.263  -11.421  -40.630 0.0000000000
85718  23.134  -9.183  -41.328 0.0000000000
91945  21.477  -2.039  -42.486 0.0000000000
95740  20.704  1.319  -42.403 0.0000000000
101550  26.658  7.469  -39.788 0.0000000000
152941  26.413  4.908  -40.551 0.0000000000
101565  29.608  7.326  -41.297 0.0000000000
100647  31.850  6.783  -45.159 0.0000000000
102528  28.673  7.953  -46.554 0.0000000000
108286  23.992  16.673  -41.489 0.0000000000
106730  26.523  14.431  -41.757 0.0000000000
108331  25.267  16.679  -44.835 0.0000000000
91939  28.482  -2.372  -43.058 0.0000000000
89875  28.433  -4.715  -44.057 0.0000000000
92899  31.395  -1.583  -43.392 0.0000000000
103331  26.912  10.048  -39.704 0.0000000000
95801  31.388  1.795  -48.323 0.0000000000
88846  20.070  -6.185  -39.821 0.0000000000
87841  22.569  -6.655  -41.857 0.0000000000
89868  22.027  -3.997  -42.397 0.0000000000
92906  24.558  -1.768  -42.796 0.0000000000
94774  27.294  0.179  -41.557 0.0000000000
97596  23.410  3.635  -42.708 0.0000000000
96671  26.808  2.406  -41.136 0.0000000000
97606  30.991  2.734  -43.671 0.0000000000
98598  32.838  4.401  -46.331 0.0000000000
105014  26.982  12.302  -40.506 0.0000000000
104216  27.464  10.792  -44.481 0.0000000000
155625  23.417  15.083  -48.106 0.0000000000
105093  24.296  11.174  -48.165 0.0000000000
103414  26.620  8.481  -46.570 0.0000000000
102572  27.396  8.742  -51.041 0.0000000000
86771  25.682  -6.905  -42.282 0.0000000000
86723  19.796  -7.474  -39.310 0.0000000000
85683  19.947  -8.929  -39.079 0.0000000000
84704  21.246  -8.942  -40.058 0.0000000000
84718  22.409  -9.458  -40.799 0.0000000000
85700  21.819  -8.722  -40.616 0.0000000000
143619  28.718  8.705  -40.900 0.0000000000
101548  28.413  7.539  -40.290 0.0000000000
152006  29.325  8.570  -42.259 0.0000000000
101597  30.075  8.186  -44.267 0.0000000000
157860  28.811  8.912  -44.544 0.0000000000
109869  23.289  18.045  -42.624 0.0000000000
108320  25.356  16.251  -42.928 0.0000000000
109892  24.191  18.612  -45.019 0.0000000000
92901  29.747  -1.112  -43.250 0.0000000000
92921  30.412  -1.726  -43.813 0.0000000000
152198  31.417  -0.396  -43.456 0.0000000000
103343  24.929  9.187  -40.077 0.0000000000
104162  23.938  10.234  -40.351 0.0000000000
81830  21.335  -12.232  -38.858 0.0000000000
146150  21.166  -12.940  -38.422 0.0000000000
80835  22.987  -13.516  -38.838 0.0000000000
81845  23.951  -12.733  -39.444 0.0000000000
83702  25.097  -10.560  -41.154 0.0000000000
83691  25.660  -11.333  -39.866 0.0000000000
88878  21.040  -5.018  -41.159 0.0000000000
89847  20.882  -4.196  -41.282 0.0000000000
93877  22.806  -0.296  -43.366 0.0000000000
91959  22.830  -1.877  -43.285 0.0000000000
93875  24.058  -0.570  -43.182 0.0000000000
148227  25.868  -0.359  -41.791 0.0000000000
144982  25.583  1.043  -41.865 0.0000000000
97598  21.319  3.608  -42.822 0.0000000000
98564  23.346  4.497  -42.601 0.0000000000
99547  29.042  5.380  -40.511 0.0000000000
97572  26.743  3.756  -40.645 0.0000000000
147173  29.095  3.786  -40.834 0.0000000000
96669  28.959  2.294  -41.317 0.0000000000
149623  30.607  3.446  -42.385 0.0000000000
149762  31.324  3.457  -44.627 0.0000000000
98582  31.699  4.309  -44.060 0.0000000000
101612  31.214  7.668  -47.171 0.0000000000
101610  32.367  7.064  -47.182 0.0000000000
107530  26.824  14.487  -43.019 0.0000000000
105870  26.174  13.014  -40.508 0.0000000000
106743  27.475  13.430  -42.864 0.0000000000
159360  28.064  12.151  -41.899 0.0000000000
105913  26.761  12.355  -44.696 0.0000000000
104248  25.216  9.924  -47.663 0.0000000000
103434  25.895  9.293  -48.702 0.0000000000
103433  26.651  8.394  -48.567 0.0000000000
88895  24.066  -5.342  -42.572 0.0000000000
86773  24.004  -6.641  -42.279 0.0000000000
140186  25.974  -5.586  -42.953 0.0000000000
89860  30.207  -4.289  -43.003 0.0000000000
142896  28.577  -5.651  -43.643 0.0000000000
83694  20.828  -10.619  -39.129 0.0000000000
82792  21.578  -11.390  -39.396 0.0000000000
82790  23.199  -11.922  -40.056 0.0000000000
83704  22.712  -10.399  -40.643 0.0000000000
84730  23.786  -9.838  -41.438 0.0000000000
139142  25.304  -9.408  -41.783 0.0000000000
91927  20.018  -1.821  -41.237 0.0000000000
93864  21.301  -0.353  -42.627 0.0000000000
152240  22.002  1.063  -43.181 0.0000000000
100606  24.990  6.516  -40.453 0.0000000000
99548  24.360  5.280  -41.516 0.0000000000
100592  26.017  6.450  -40.190 0.0000000000
153798  28.513  6.133  -40.259 0.0000000000
100603  30.597  6.332  -41.994 0.0000000000
100630  31.575  6.195  -43.572 0.0000000000
163389  31.037  7.344  -44.218 0.0000000000
157276  30.708  7.803  -46.342 0.0000000000
102550  30.015  7.671  -48.376 0.0000000000
107494  23.573  15.087  -39.937 0.0000000000
142647  24.946  15.709  -41.513 0.0000000000
108319  26.170  15.347  -43.195 0.0000000000
107565  26.006  14.711  -44.801 0.0000000000
91941  26.460  -3.084  -42.678 0.0000000000
149440  26.848  -4.558  -43.474 0.0000000000
91956  28.682  -3.042  -43.720 0.0000000000
91937  30.367  -2.881  -43.653 0.0000000000
100609  22.785  6.844  -42.131 0.0000000000
101552  24.466  7.761  -40.593 0.0000000000
102436  26.722  9.191  -39.652 0.0000000000
103362  28.080  9.954  -40.628 0.0000000000
81844  24.732  -12.396  -39.413 0.0000000000
95770  31.834  1.555  -46.132 0.0000000000
94802  33.043  0.927  -44.583 0.0000000000
87821  20.490  -6.785  -40.123 0.0000000000
87820  21.242  -7.007  -40.698 0.0000000000
145164  21.158  -5.915  -40.994 0.0000000000
89845  22.257  -4.918  -42.190 0.0000000000
89867  22.865  -4.292  -42.713 0.0000000000
90914  21.768  -3.061  -42.458 0.0000000000
90928  23.185  -2.683  -43.179 0.0000000000
136593  24.969  -3.070  -42.682 0.0000000000
92904  26.421  -2.257  -42.122 0.0000000000
93860  27.862  -0.804  -41.745 0.0000000000
94772  29.740  0.325  -42.306 0.0000000000
95753  22.007  1.914  -43.167 0.0000000000
96693  23.497  2.304  -42.881 0.0000000000
98552  25.259  4.093  -41.280 0.0000000000
97585  24.705  2.945  -41.815 0.0000000000
95738  25.655  1.774  -41.711 0.0000000000
95723  27.313  1.715  -41.298 0.0000000000
95721  29.322  1.647  -41.591 0.0000000000
95762  31.306  1.565  -44.037 0.0000000000
96707  30.787  2.226  -46.441 0.0000000000
97627  32.001  3.379  -47.071 0.0000000000
99582  32.515  5.526  -45.332 0.0000000000
104161  26.825  10.915  -39.707 0.0000000000
104190  28.290  11.277  -41.928 0.0000000000
104215  28.117  10.222  -44.007 0.0000000000
108348  24.394  15.932  -46.826 0.0000000000
107574  24.714  14.167  -46.352 0.0000000000
105952  23.470  12.775  -48.173 0.0000000000
105940  24.722  12.621  -46.644 0.0000000000
105078  25.481  11.045  -46.390 0.0000000000
104226  26.759  10.221  -45.402 0.0000000000
103406  27.968  8.909  -45.241 0.0000000000
102529  27.804  7.891  -46.680 0.0000000000
102551  28.779  7.692  -48.641 0.0000000000
101632  28.835  7.712  -49.998 0.0000000000
86741  22.839  -7.426  -41.758 0.0000000000
139500  24.030  -8.125  -41.890 0.0000000000
150949  26.268  -8.344  -41.810 0.0000000000
88892  27.796  -5.768  -43.823 0.0000000000
86769  27.362  -6.721  -42.450 0.0000000000
156947  20.007  -8.119  -39.379 0.0000000000
85673  19.583  -8.125  -38.855 0.0000000000
148245  20.591  -8.495  -39.710 0.0000000000
102473  28.965  8.899  -41.700 0.0000000000
102491  28.991  9.099  -42.643 0.0000000000
102490  29.435  8.588  -43.030 0.0000000000
102500  28.935  9.076  -43.584 0.0000000000
137913  24.736  17.461  -44.420 0.0000000000
94790  31.072  0.055  -43.314 0.0000000000
93873  31.149  -0.649  -43.462 0.0000000000
94789  31.668  0.162  -43.410 0.0000000000
151649  21.801  -12.984  -38.955 0.0000000000
80836  22.263  -13.387  -38.776 0.0000000000
80850  22.490  -13.041  -39.289 0.0000000000
80849  23.210  -13.007  -39.422 0.0000000000
84716  25.822  -9.994  -41.291 0.0000000000
83701  26.587  -10.207  -40.417 0.0000000000
162426  27.037  -9.810  -40.550 0.0000000000
85698  27.464  -8.927  -41.114 0.0000000000
89830  20.043  -4.555  -40.208 0.0000000000
90876  20.338  -3.927  -40.732 0.0000000000
94793  23.236  0.612  -43.313 0.0000000000
93876  23.515  -0.200  -43.322 0.0000000000
94792  23.940  0.344  -43.105 0.0000000000
94777  24.602  0.059  -42.603 0.0000000000
153052  24.849  0.997  -42.258 0.0000000000
98565  22.153  4.761  -42.865 0.0000000000
99560  23.219  5.308  -42.509 0.0000000000
98550  29.556  4.630  -40.905 0.0000000000
98549  30.237  4.834  -41.508 0.0000000000
97580  29.998  3.818  -41.583 0.0000000000
98562  30.642  4.285  -42.054 0.0000000000
98572  31.288  4.126  -43.201 0.0000000000
98561  31.158  4.836  -42.523 0.0000000000
101622  31.054  7.665  -48.184 0.0000000000
101621  31.980  7.571  -47.961 0.0000000000
146864  26.471  13.996  -44.354 0.0000000000
162475  27.215  14.015  -42.945 0.0000000000
106758  26.766  13.170  -44.427 0.0000000000
106757  27.277  13.097  -43.652 0.0000000000
105925  26.181  12.728  -45.282 0.0000000000
104261  25.471  10.144  -49.189 0.0000000000
103446  26.038  10.255  -49.792 0.0000000000
103445  26.382  9.388  -49.808 0.0000000000
141070  24.619  -4.629  -42.723 0.0000000000
88894  25.013  -5.425  -42.638 0.0000000000
89864  25.543  -4.802  -42.862 0.0000000000
89859  31.051  -4.111  -42.612 0.0000000000
89844  30.815  -4.868  -42.311 0.0000000000
161917  20.918  -9.989  -39.475 0.0000000000
84690  20.356  -9.843  -38.996 0.0000000000
83692  22.212  -10.860  -40.028 0.0000000000
84719  21.968  -10.033  -40.259 0.0000000000
84717  23.140  -9.934  -41.065 0.0000000000
84729  24.530  -9.611  -41.700 0.0000000000
85717  23.876  -8.992  -41.704 0.0000000000
94779  20.337  0.609  -41.939 0.0000000000
93865  20.564  -0.292  -42.127 0.0000000000
94778  20.954  0.466  -42.526 0.0000000000
94795  21.663  0.422  -42.958 0.0000000000
152871  21.392  1.207  -42.866 0.0000000000
101567  24.553  7.009  -40.630 0.0000000000
100589  28.891  7.054  -40.495 0.0000000000
100605  29.423  6.346  -40.730 0.0000000000
101564  30.288  7.055  -42.088 0.0000000000
100621  30.944  6.635  -42.773 0.0000000000
101589  30.409  7.455  -42.930 0.0000000000
102517  29.248  8.223  -45.696 0.0000000000
102506  30.073  8.147  -45.111 0.0000000000
102527  29.725  7.984  -46.509 0.0000000000
102537  30.335  7.826  -47.302 0.0000000000
102538  29.280  7.841  -47.441 0.0000000000
147489  23.631  16.601  -40.727 0.0000000000
108272  23.517  16.174  -40.170 0.0000000000
108287  24.135  15.655  -40.777 0.0000000000
108307  25.124  16.064  -42.130 0.0000000000
141664  25.474  16.257  -43.942 0.0000000000
108330  25.661  15.799  -44.826 0.0000000000
151168  26.002  15.337  -44.088 0.0000000000
150026  27.146  -2.837  -42.631 0.0000000000
136253  27.308  -3.445  -43.172 0.0000000000
92923  29.158  -2.392  -43.654 0.0000000000
92900  30.634  -1.963  -43.841 0.0000000000
91954  30.070  -2.341  -43.886 0.0000000000
91936  31.279  -2.481  -43.230 0.0000000000
100610  21.914  6.920  -42.160 0.0000000000
101570  22.388  7.506  -41.778 0.0000000000
101569  23.283  7.381  -41.644 0.0000000000
101553  23.783  7.978  -41.125 0.0000000000
102437  25.792  9.081  -39.730 0.0000000000
103342  27.597  9.561  -39.896 0.0000000000
82803  23.609  -11.517  -40.505 0.0000000000
82789  24.008  -12.108  -40.081 0.0000000000
82788  24.879  -11.759  -39.993 0.0000000000
82787  26.395  -11.662  -39.331 0.0000000000
95781  31.470  1.641  -47.261 0.0000000000
88858  20.675  -6.254  -40.439 0.0000000000
89846  21.533  -4.541  -41.743 0.0000000000
88877  21.702  -5.437  -41.608 0.0000000000
91926  20.636  -1.918  -41.868 0.0000000000
91925  21.018  -2.778  -41.900 0.0000000000
91958  23.621  -2.028  -43.273 0.0000000000
91957  24.216  -2.197  -43.035 0.0000000000
90927  23.899  -2.750  -43.085 0.0000000000
91943  24.804  -2.364  -42.671 0.0000000000
91942  25.575  -2.657  -42.475 0.0000000000
92905  25.255  -1.723  -42.326 0.0000000000
146525  26.713  -0.551  -41.681 0.0000000000
94773  28.700  -0.042  -41.767 0.0000000000
143253  29.536  -0.464  -42.532 0.0000000000
97608  22.732  3.519  -43.059 0.0000000000
96684  21.601  2.766  -42.982 0.0000000000
96695  22.438  2.788  -43.160 0.0000000000
96694  22.939  2.168  -43.236 0.0000000000
96683  23.638  2.885  -42.585 0.0000000000
98540  25.656  4.838  -40.812 0.0000000000
136699  24.940  4.794  -41.217 0.0000000000
97583  27.449  3.120  -40.606 0.0000000000
146441  25.371  3.309  -41.467 0.0000000000
96672  25.683  2.523  -41.524 0.0000000000
95724  26.372  1.923  -41.481 0.0000000000
96670  27.929  2.309  -40.950 0.0000000000
97594  30.263  2.903  -42.128 0.0000000000
96668  29.959  2.138  -41.885 0.0000000000
96680  30.547  2.328  -42.634 0.0000000000
95733  30.567  1.650  -42.728 0.0000000000
96679  30.924  2.095  -43.407 0.0000000000
96691  30.985  2.262  -44.306 0.0000000000
97614  31.007  2.837  -44.580 0.0000000000
98590  31.743  3.953  -45.048 0.0000000000
97620  31.799  3.619  -46.061 0.0000000000
141189  31.959  6.214  -44.435 0.0000000000
100646  32.412  6.331  -45.697 0.0000000000
107497  24.596  14.528  -40.331 0.0000000000
106703  25.450  13.776  -40.520 0.0000000000
105883  26.870  13.077  -41.090 0.0000000000
105860  26.020  12.236  -39.862 0.0000000000
162729  25.692  11.947  -39.725 0.0000000000
164783  25.162  11.059  -39.714 0.0000000000
104998  26.677  11.654  -39.830 0.0000000000
105041  27.755  11.653  -43.660 0.0000000000
105025  28.280  11.148  -42.924 0.0000000000
104189  28.468  10.445  -42.490 0.0000000000
104205  28.039  10.877  -43.679 0.0000000000
109113  23.794  16.447  -47.893 0.0000000000
108349  23.687  15.489  -47.680 0.0000000000
144792  24.334  15.045  -46.862 0.0000000000
107575  23.701  14.482  -47.483 0.0000000000
105094  23.728  11.669  -48.756 0.0000000000
105953  23.503  12.730  -48.712 0.0000000000
105080  23.809  11.988  -48.072 0.0000000000
105941  24.018  12.690  -47.470 0.0000000000
105079  24.618  11.684  -47.165 0.0000000000
105069  25.230  11.966  -46.333 0.0000000000
103423  25.683  9.153  -47.361 0.0000000000
103415  26.214  9.486  -46.227 0.0000000000
103407  27.025  9.123  -45.648 0.0000000000
102519  27.367  8.451  -45.927 0.0000000000
102540  27.059  7.812  -47.311 0.0000000000
102562  27.170  8.462  -49.801 0.0000000000
102552  27.557  7.802  -48.496 0.0000000000
148660  27.979  7.761  -49.456 0.0000000000
102561  27.997  7.988  -50.481 0.0000000000
86760  22.157  -7.203  -41.346 0.0000000000
86772  24.737  -6.821  -42.282 0.0000000000
86759  24.062  -7.310  -42.108 0.0000000000
86758  24.947  -7.770  -42.121 0.0000000000
86757  25.985  -7.665  -41.994 0.0000000000
89876  28.109  -4.576  -44.160 0.0000000000
89862  27.453  -5.131  -43.970 0.0000000000
88904  28.155  -5.218  -44.147 0.0000000000
87851  28.914  -6.086  -43.004 0.0000000000
87852  28.260  -6.078  -43.358 0.0000000000
87838  28.629  -6.725  -42.342 0.0000000000
86755  27.629  -7.313  -41.962 0.0000000000
84705  20.722  -9.317  -39.530 0.0000000000
139287  21.343  -9.678  -39.895 0.0000000000
144760  21.738  -9.368  -40.346 0.0000000000
85699  22.479  -8.569  -41.135 0.0000000000
102452  27.422  8.485  -39.768 0.0000000000
101549  27.724  7.549  -39.893 0.0000000000
146043  28.308  8.241  -40.292 0.0000000000
102472  29.316  8.217  -41.587 0.0000000000
157414  29.812  7.945  -42.353 0.0000000000
101590  29.988  8.104  -43.383 0.0000000000
102499  29.465  8.597  -43.932 0.0000000000
102507  29.426  8.507  -44.815 0.0000000000
102508  28.701  8.577  -45.267 0.0000000000
109077  23.523  17.748  -41.886 0.0000000000
109076  24.101  17.071  -42.389 0.0000000000
109087  24.363  17.261  -43.378 0.0000000000
92902  29.111  -1.759  -43.158 0.0000000000
92922  29.846  -1.915  -43.766 0.0000000000
93874  30.554  -1.097  -43.584 0.0000000000
92920  30.906  -1.177  -43.734 0.0000000000
93858  31.569  -0.770  -43.422 0.0000000000
103344  24.077  9.406  -40.490 0.0000000000
103333  24.750  9.966  -40.029 0.0000000000
82772  20.713  -11.436  -38.678 0.0000000000
82773  19.889  -11.540  -37.939 0.0000000000
143618  20.597  -12.266  -38.312 0.0000000000
79807  23.182  -13.912  -38.012 0.0000000000
150116  23.650  -13.635  -38.428 0.0000000000
81829  23.775  -13.287  -38.962 0.0000000000
83703  24.492  -10.877  -41.019 0.0000000000
82801  25.011  -11.126  -40.577 0.0000000000
139375  25.763  -10.686  -40.501 0.0000000000
88860  19.799  -5.266  -39.658 0.0000000000
88859  20.471  -5.395  -40.446 0.0000000000
89829  20.555  -4.613  -40.773 0.0000000000
90893  21.316  -3.658  -41.837 0.0000000000
92908  21.708  -1.128  -42.781 0.0000000000
92907  22.155  -1.726  -42.949 0.0000000000
92926  22.458  -1.093  -43.199 0.0000000000
92925  23.348  -1.093  -43.369 0.0000000000
93863  24.604  -1.030  -42.730 0.0000000000
93862  25.247  -0.664  -42.198 0.0000000000
94775  26.189  0.308  -41.686 0.0000000000
97597  22.821  4.241  -42.920 0.0000000000
98563  23.872  4.034  -42.202 0.0000000000
99533  28.004  5.165  -40.133 0.0000000000
98538  27.114  4.547  -40.415 0.0000000000
98537  27.926  4.376  -40.312 0.0000000000
151893  28.226  3.772  -40.479 0.0000000000
97582  28.549  3.016  -40.820 0.0000000000
97581  29.504  2.988  -41.378 0.0000000000
97593  30.771  2.763  -42.883 0.0000000000
97605  31.210  3.414  -43.843 0.0000000000
98589  32.438  4.597  -45.458 0.0000000000
144412  31.437  7.498  -46.461 0.0000000000
100657  32.060  7.067  -46.201 0.0000000000
101611  31.829  7.404  -46.955 0.0000000000
101620  32.813  7.179  -48.184 0.0000000000
106715  26.279  13.740  -41.173 0.0000000000
106729  27.135  14.072  -42.360 0.0000000000
146159  27.541  13.374  -42.109 0.0000000000
105882  27.543  12.753  -41.531 0.0000000000
105891  27.861  12.751  -42.346 0.0000000000
105912  27.255  12.425  -44.054 0.0000000000
105056  27.104  11.689  -44.531 0.0000000000
104237  24.886  10.594  -47.386 0.0000000000
104249  24.773  10.447  -48.354 0.0000000000
103435  25.292  9.849  -48.440 0.0000000000
103422  26.260  8.408  -47.627 0.0000000000
87858  22.951  -6.176  -42.245 0.0000000000
87840  23.312  -6.862  -42.128 0.0000000000
87857  23.612  -6.076  -42.353 0.0000000000
87856  24.449  -6.084  -42.428 0.0000000000
139833  25.381  -6.177  -42.538 0.0000000000
136853  29.381  -4.627  -43.594 0.0000000000
89861  28.618  -5.104  -43.945 0.0000000000
88890  29.166  -5.429  -43.349 0.0000000000
88875  29.657  -5.845  -42.433 0.0000000000
83675  20.064  -10.576  -38.401 0.0000000000
82791  22.474  -11.711  -39.823 0.0000000000
81846  22.792  -12.449  -39.669 0.0000000000
82804  22.957  -11.246  -40.431 0.0000000000
142868  23.656  -10.761  -41.004 0.0000000000
83716  24.434  -10.334  -41.405 0.0000000000
83715  25.051  -10.060  -41.600 0.0000000000
84728  26.115  -9.132  -41.686 0.0000000000
92886  20.256  -1.075  -41.690 0.0000000000
92909  20.947  -1.150  -42.303 0.0000000000
93878  22.021  -0.350  -43.090 0.0000000000
94794  22.386  0.459  -43.269 0.0000000000
100607  24.312  6.298  -41.218 0.0000000000
99549  23.762  5.785  -42.032 0.0000000000
154274  25.109  5.604  -40.686 0.0000000000
99535  26.147  5.514  -40.440 0.0000000000
100591  27.174  6.728  -39.950 0.0000000000
151207  27.610  6.038  -40.059 0.0000000000
99534  27.016  5.378  -40.317 0.0000000000
99546  29.859  5.548  -41.063 0.0000000000
99545  30.460  5.668  -41.650 0.0000000000
99558  31.323  5.726  -42.828 0.0000000000
100631  31.131  7.035  -43.618 0.0000000000
101595  31.207  7.329  -44.892 0.0000000000
139381  30.603  7.621  -43.750 0.0000000000
140604  30.710  7.768  -45.417 0.0000000000
101603  31.369  7.405  -45.719 0.0000000000
107510  25.444  14.741  -41.180 0.0000000000
108306  25.918  15.535  -42.489 0.0000000000
107531  26.491  14.860  -42.416 0.0000000000
107554  26.448  14.621  -43.835 0.0000000000
160880  25.542  14.243  -45.540 0.0000000000
136982  25.773  -3.460  -42.725 0.0000000000
138235  26.070  -4.281  -42.998 0.0000000000
90910  26.655  -3.847  -43.116 0.0000000000
90926  28.071  -3.704  -43.834 0.0000000000
90925  28.749  -3.886  -43.970 0.0000000000
91955  29.445  -2.887  -43.828 0.0000000000
90924  29.366  -3.557  -43.846 0.0000000000
90907  30.492  -3.635  -43.230 0.0000000000
100622  22.322  6.340  -42.408 0.0000000000
100608  23.583  6.644  -41.881 0.0000000000
101551  25.387  7.408  -40.135 0.0000000000
102455  24.310  8.579  -40.563 0.0000000000
102454  25.141  8.382  -40.076 0.0000000000
102453  26.181  8.319  -39.704 0.0000000000
103361  28.545  9.447  -41.201 0.0000000000
152955  23.444  -12.455  -39.740 0.0000000000
95761  31.641  1.442  -44.659 0.0000000000
94803  32.172  0.965  -44.361 0.0000000000
95759  32.743  1.229  -45.400 0.0000000000
86722  20.477  -7.556  -39.892 0.0000000000
87842  21.868  -6.349  -41.441 0.0000000000
88876  22.404  -5.826  -42.011 0.0000000000
88896  23.083  -5.329  -42.506 0.0000000000
89866  23.744  -4.489  -42.744 0.0000000000
155896  24.269  -3.950  -42.838 0.0000000000
90894  20.648  -3.388  -41.324 0.0000000000
91944  22.354  -2.463  -42.913 0.0000000000
90913  22.653  -3.350  -42.867 0.0000000000
90912  23.579  -3.535  -42.947 0.0000000000
90911  24.343  -3.311  -42.861 0.0000000000
136814  27.591  -2.324  -42.384 0.0000000000
93861  26.052  -1.196  -41.828 0.0000000000
138360  27.143  -1.496  -41.839 0.0000000000
92903  28.242  -1.683  -42.274 0.0000000000
93859  28.929  -1.023  -42.351 0.0000000000
94791  30.285  -0.324  -43.070 0.0000000000
95748  31.555  0.856  -43.541 0.0000000000
95725  20.183  1.441  -41.757 0.0000000000
95751  23.372  1.555  -43.145 0.0000000000
95750  23.850  1.725  -42.766 0.0000000000
98554  23.838  4.884  -42.169 0.0000000000
98553  24.432  4.415  -41.719 0.0000000000
97586  24.544  3.642  -41.784 0.0000000000
97573  25.940  3.690  -41.077 0.0000000000
97595  23.959  3.284  -42.169 0.0000000000
96682  24.140  2.615  -42.152 0.0000000000
96681  24.873  2.243  -41.866 0.0000000000
164072  25.018  1.598  -41.955 0.0000000000
95737  26.558  1.152  -41.555 0.0000000000
95736  27.880  0.933  -41.432 0.0000000000
95722  28.415  1.634  -41.332 0.0000000000
95735  29.074  0.946  -41.647 0.0000000000
95734  29.912  1.238  -42.145 0.0000000000
95749  31.128  1.193  -43.300 0.0000000000
95771  31.205  1.804  -45.652 0.0000000000
95782  30.874  1.832  -46.871 0.0000000000
164150  30.647  2.102  -47.286 0.0000000000
97621  31.075  2.954  -45.628 0.0000000000
97628  30.871  2.667  -46.993 0.0000000000
97637  31.381  2.476  -47.915 0.0000000000
99577  31.989  5.412  -44.066 0.0000000000
99576  32.215  5.660  -44.691 0.0000000000
100656  32.646  6.453  -46.568 0.0000000000
99590  33.399  5.176  -46.557 0.0000000000
105871  25.362  13.043  -39.926 0.0000000000
104146  25.360  10.543  -39.689 0.0000000000
104145  26.163  10.398  -39.627 0.0000000000
105013  27.680  11.765  -41.188 0.0000000000
104997  27.352  11.354  -40.195 0.0000000000
104160  27.542  10.477  -40.023 0.0000000000
104176  28.362  10.275  -41.563 0.0000000000
103390  28.596  9.786  -43.192 0.0000000000
109106  24.719  17.531  -45.695 0.0000000000
109112  24.441  17.029  -46.894 0.0000000000
108340  24.964  16.351  -45.714 0.0000000000
107566  25.134  15.169  -45.809 0.0000000000
106769  25.488  13.462  -45.727 0.0000000000
152315  23.378  14.319  -48.203 0.0000000000
106781  24.273  13.499  -47.048 0.0000000000
106780  24.892  13.281  -46.302 0.0000000000
105926  25.406  12.653  -45.974 0.0000000000
105068  25.841  11.868  -45.746 0.0000000000
105057  26.498  11.798  -45.147 0.0000000000
104217  26.811  11.103  -45.030 0.0000000000
104236  25.545  10.020  -46.800 0.0000000000
155157  26.014  10.332  -46.025 0.0000000000
103401  27.600  9.776  -44.871 0.0000000000
103400  28.380  9.486  -44.293 0.0000000000
102518  28.079  8.148  -45.890 0.0000000000
102539  28.184  7.791  -47.480 0.0000000000
101631  29.826  7.596  -49.625 0.0000000000
102571  28.273  8.270  -51.306 0.0000000000
101643  28.927  7.669  -51.105 0.0000000000
101642  29.848  7.599  -50.875 0.0000000000
101641  30.817  7.512  -50.784 0.0000000000
86742  21.918  -7.900  -40.900 0.0000000000
163647  22.510  -7.874  -41.364 0.0000000000
138950  23.170  -8.267  -41.623 0.0000000000
141324  23.460  -7.605  -41.916 0.0000000000
85716  24.700  -8.776  -41.922 0.0000000000
85715  25.549  -8.555  -41.938 0.0000000000
89863  26.491  -5.059  -43.350 0.0000000000
88893  26.957  -5.713  -43.426 0.0000000000
87855  26.343  -6.243  -42.786 0.0000000000
88891  28.242  -5.536  -43.931 0.0000000000
87854  27.207  -6.215  -43.073 0.0000000000
86770  26.593  -6.856  -42.341 0.0000000000
86756  26.869  -7.653  -41.907 0.0000000000
85714  26.831  -8.642  -41.580 0.0000000000
93872  31.997  -0.028  -43.489 0.0000000000
87839  27.963  -6.656  -42.585 0.0000000000
87853  27.758  -6.217  -43.154 0.0000000000
88889  29.948  -5.086  -42.744 0.0000000000
89874  29.021  -4.295  -43.923 0.0000000000
90908  29.737  -3.706  -43.694 0.0000000000
90909  27.438  -4.230  -43.705 0.0000000000
91938  29.772  -3.041  -43.827 0.0000000000
91940  27.901  -2.958  -43.131 0.0000000000
92924  24.100  -1.461  -43.184 0.0000000000
94771  30.556  0.684  -42.836 0.0000000000
94776  25.362  0.252  -42.060 0.0000000000
94787  32.583  0.590  -43.824 0.0000000000
94788  31.928  0.440  -43.726 0.0000000000
95739  24.369  1.823  -42.302 0.0000000000
95752  22.669  1.303  -43.290 0.0000000000
95760  32.053  1.313  -45.118 0.0000000000
95790  31.616  1.659  -48.116 0.0000000000
95791  31.066  1.899  -47.793 0.0000000000
95800  31.888  1.722  -48.722 0.0000000000
96692  23.853  2.320  -42.512 0.0000000000
96701  30.931  2.333  -45.261 0.0000000000
96713  30.911  2.135  -47.721 0.0000000000
96722  31.303  1.950  -48.319 0.0000000000
97571  27.522  3.910  -40.431 0.0000000000
97584  26.290  3.102  -41.070 0.0000000000
97607  23.196  2.917  -43.019 0.0000000000
97609  22.026  3.350  -43.063 0.0000000000
98539  26.170  4.289  -40.773 0.0000000000
98551  28.648  4.517  -40.492 0.0000000000
98573  31.032  3.325  -43.058 0.0000000000
98574  22.075  4.012  -42.981 0.0000000000
98581  32.195  4.911  -44.719 0.0000000000
99559  30.953  5.733  -42.221 0.0000000000
99569  31.624  5.097  -43.297 0.0000000000
100590  28.104  6.848  -40.031 0.0000000000
100604  30.084  6.402  -41.429 0.0000000000
100638  32.252  6.147  -45.025 0.0000000000
100639  31.492  6.843  -44.303 0.0000000000
101566  28.957  7.967  -40.828 0.0000000000
101568  24.027  7.230  -41.311 0.0000000000
101596  30.634  7.755  -44.607 0.0000000000
101653  29.981  7.678  -51.743 0.0000000000
101654  29.217  8.143  -51.754 0.0000000000
102516  30.109  8.032  -45.823 0.0000000000
102530  27.345  8.092  -46.450 0.0000000000
102580  28.634  8.918  -51.905 0.0000000000
103332  26.251  9.693  -39.635 0.0000000000
103341  28.214  9.088  -40.363 0.0000000000
104177  27.907  10.848  -40.918 0.0000000000
104204  28.345  10.500  -43.256 0.0000000000
105026  28.107  11.957  -42.622 0.0000000000
105861  25.197  12.289  -39.740 0.0000000000
105900  27.694  12.572  -43.209 0.0000000000
105962  23.574  12.573  -49.039 0.0000000000
106704  24.812  13.738  -40.000 0.0000000000
106714  27.104  13.611  -41.660 0.0000000000
106744  26.971  13.844  -43.595 0.0000000000
106792  23.477  13.567  -47.782 0.0000000000
107509  25.914  15.277  -41.877 0.0000000000
141709  21.063  6.965  -42.019 0.0000000000
148886  22.816  4.884  -42.785 0.0000000000
149552  25.542  9.793  -39.706 0.0000000000
151479  23.752  1.073  -43.046 0.0000000000
151534  31.137  1.889  -44.798 0.0000000000
152426  26.236  11.053  -45.597 0.0000000000
156941  25.806  11.401  -39.680 0.0000000000
157171  23.548  12.243  -48.569 0.0000000000
157485  24.416  -2.745  -42.868 0.0000000000
160276  30.941  3.954  -42.611 0.0000000000
162137  29.021  8.467  -41.233 0.0000000000
163824  26.796  6.027  -40.213 0.0000000000
164506  30.800  7.227  -43.254 0.0000000000
