#!ascii label  , from subject sub-v1s10x0051023_ses-1 vox2ras=TkReg
830
144318  17.388  1.975  -49.419 0.2500000000
146558  17.593  1.869  -49.759 0.2500000000
84211  17.849  1.398  -50.033 0.7500000000
86955  16.943  4.595  -50.105 0.2500000000
153138  16.959  4.253  -50.077 0.1250000000
86965  17.043  4.909  -50.239 0.3750000000
86954  16.947  3.879  -50.028 0.2500000000
85047  17.269  2.402  -49.516 0.2500000000
85072  18.601  2.874  -50.861 0.7500000000
85059  17.398  2.600  -49.808 0.3750000000
84210  18.543  1.288  -50.460 0.8750000000
85058  18.087  2.140  -50.274 0.8750000000
84209  19.457  1.240  -51.026 0.8750000000
86964  17.411  4.362  -50.486 0.3750000000
86005  17.252  3.565  -50.152 0.3750000000
86004  18.089  3.746  -50.792 0.8750000000
142148  17.808  2.972  -50.360 0.7500000000
85071  19.604  2.809  -51.460 1.0000000000
86019  19.047  3.613  -51.362 1.0000000000
140508  19.770  1.949  -51.358 1.0000000000
85070  20.472  2.338  -51.773 1.0000000000
87866  16.995  5.600  -50.219 0.2500000000
145561  17.529  5.144  -50.713 0.7500000000
87877  18.227  5.593  -51.294 0.8750000000
150314  18.703  4.257  -51.325 0.8750000000
86976  18.098  4.664  -51.056 0.7500000000
86017  20.541  3.785  -52.192 1.0000000000
86018  19.860  3.683  -51.815 1.0000000000
145704  19.404  4.335  -51.710 1.0000000000
86016  21.024  3.076  -52.200 1.0000000000
139515  20.327  3.146  -51.903 1.0000000000
153008  16.953  6.223  -49.289 0.1250000000
87865  17.151  5.649  -50.383 0.6250000000
87878  17.598  5.809  -50.828 0.8750000000
86975  18.887  4.964  -51.576 1.0000000000
86033  21.199  3.934  -52.456 1.0000000000
86989  20.726  4.542  -52.407 1.0000000000
86974  20.081  4.396  -52.126 1.0000000000
134155  19.655  5.058  -52.028 1.0000000000
86031  22.390  3.608  -52.524 1.0000000000
150807  21.657  2.746  -52.250 1.0000000000
92447  15.866  10.968  -49.326 0.2500000000
88782  16.714  6.758  -50.143 0.2500000000
89683  16.837  7.076  -50.310 0.3750000000
88797  16.845  6.242  -50.165 0.5000000000
89698  18.290  7.032  -51.442 1.0000000000
145164  17.609  7.094  -50.897 0.6250000000
88806  18.531  6.351  -51.545 1.0000000000
88818  19.754  6.620  -52.404 1.0000000000
88819  18.989  6.841  -51.879 1.0000000000
141822  21.387  4.756  -52.637 1.0000000000
87892  20.838  5.406  -52.637 1.0000000000
88817  20.508  6.213  -52.729 1.0000000000
142398  21.656  5.507  -52.982 1.0000000000
86987  22.605  4.379  -52.778 1.0000000000
87891  22.463  5.186  -53.089 1.0000000000
87890  23.210  4.903  -53.043 1.0000000000
93433  16.110  11.060  -49.810 0.5000000000
92458  16.086  10.278  -49.551 0.3750000000
91472  16.191  9.495  -49.761 0.3750000000
90548  16.304  8.747  -49.997 0.5000000000
91471  16.612  9.419  -50.347 0.5000000000
90560  17.638  8.584  -51.130 0.8750000000
147253  17.978  7.798  -51.285 1.0000000000
91484  17.991  9.281  -51.522 1.0000000000
147019  20.331  6.857  -52.803 1.0000000000
89697  18.684  7.658  -51.772 1.0000000000
87905  21.594  6.437  -53.319 1.0000000000
88829  20.876  6.675  -53.136 1.0000000000
146099  23.147  6.520  -53.472 1.0000000000
87904  22.338  5.970  -53.343 1.0000000000
151040  23.717  5.347  -53.104 0.8750000000
93420  15.659  11.635  -49.262 0.5000000000
92457  16.347  10.190  -50.128 0.5000000000
145852  16.683  10.901  -50.552 0.6250000000
145192  17.361  10.854  -51.220 0.6250000000
92468  17.672  10.057  -51.384 1.0000000000
91470  17.324  9.361  -50.939 0.7500000000
91483  18.681  9.243  -52.106 1.0000000000
90588  22.258  8.651  -53.843 1.0000000000
90589  21.346  8.925  -53.764 1.0000000000
90590  20.761  8.276  -53.446 1.0000000000
90573  20.040  8.161  -52.989 1.0000000000
89728  22.136  7.556  -53.649 1.0000000000
89729  21.298  7.318  -53.449 1.0000000000
90587  22.962  7.984  -53.724 0.8750000000
89727  22.804  7.226  -53.612 1.0000000000
92478  19.220  10.418  -52.866 1.0000000000
92479  18.651  10.198  -52.316 1.0000000000
91508  21.845  9.601  -54.004 1.0000000000
91510  20.283  9.746  -53.558 1.0000000000
90574  19.441  8.880  -52.695 1.0000000000
92492  21.458  10.466  -54.138 1.0000000000
147234  23.887  8.958  -53.578 1.0000000000
146176  23.203  8.829  -53.768 1.0000000000
92491  22.358  10.329  -54.125 1.0000000000
91506  23.584  9.555  -53.675 1.0000000000
94386  16.057  12.003  -49.921 0.5000000000
93432  16.452  11.594  -50.377 0.8750000000
93431  16.994  11.629  -50.991 1.0000000000
94412  19.475  12.623  -53.678 1.0000000000
93445  18.693  11.073  -52.578 1.0000000000
93437  17.583  11.644  -51.690 1.0000000000
94423  21.730  12.593  -54.552 1.0000000000
93470  21.277  11.809  -54.440 1.0000000000
93468  23.109  11.999  -54.280 1.0000000000
93469  22.190  11.733  -54.426 1.0000000000
92503  21.563  11.191  -54.329 1.0000000000
92490  23.332  10.393  -53.854 1.0000000000
92502  22.072  10.945  -54.291 1.0000000000
145089  24.022  10.093  -53.462 0.8750000000
96976  17.004  15.407  -51.805 1.0000000000
130974  15.897  16.597  -49.445 0.3750000000
96977  16.777  15.198  -50.990 0.8750000000
95294  18.343  13.584  -52.926 1.0000000000
139371  21.304  13.434  -54.602 1.0000000000
154020  20.596  13.402  -54.471 1.0000000000
97851  16.909  16.398  -51.885 0.8750000000
96984  17.403  15.842  -52.288 1.0000000000
142649  17.483  15.150  -52.348 1.0000000000
96991  19.219  15.954  -52.921 1.0000000000
147275  19.325  14.421  -53.730 1.0000000000
95310  21.683  14.257  -54.586 1.0000000000
96159  21.328  14.908  -54.454 1.0000000000
95309  22.410  14.268  -54.509 1.0000000000
98718  16.919  17.199  -52.158 0.7500000000
97857  18.272  16.134  -52.585 1.0000000000
142925  19.808  16.009  -53.538 1.0000000000
97874  21.351  15.949  -53.973 1.0000000000
96999  20.228  15.599  -53.901 1.0000000000
96160  20.646  14.972  -54.275 1.0000000000
97867  18.592  16.788  -52.717 1.0000000000
97866  19.622  16.775  -53.060 1.0000000000
97875  20.569  16.085  -53.774 1.0000000000
104059  17.726  23.466  -48.674 0.1250000000
104069  18.119  23.170  -49.536 0.2500000000
103227  18.906  22.799  -50.466 0.3750000000
104909  19.282  24.394  -49.642 0.2500000000
103226  19.741  23.320  -50.661 0.5000000000
104067  19.887  23.985  -50.403 0.2500000000
104083  20.453  23.547  -51.114 0.3750000000
152042  19.777  24.697  -50.116 0.2500000000
135807  19.760  25.485  -50.066 0.2500000000
104920  20.439  24.565  -50.874 0.2500000000
105689  21.224  25.359  -51.804 0.2500000000
104919  21.103  24.793  -51.548 0.3750000000
105690  20.360  25.662  -50.937 0.2500000000
105700  21.530  25.468  -52.639 0.3750000000
85986  17.113  3.795  -48.969 0.1250000000
85069  22.028  2.154  -52.123 1.0000000000
93458  20.147  11.175  -53.818 1.0000000000
144771  17.418  0.743  -49.485 0.1250000000
83335  17.909  0.577  -50.103 0.6250000000
83334  19.004  0.376  -50.640 0.7500000000
86942  17.076  4.466  -49.090 0.1250000000
158708  19.689  -0.199  -50.968 1.0000000000
143632  17.345  3.079  -48.866 0.1250000000
84225  20.241  1.419  -51.489 1.0000000000
84223  21.588  1.365  -51.809 1.0000000000
85068  22.912  2.256  -52.100 1.0000000000
158498  16.390  7.463  -50.013 0.3750000000
91463  16.096  9.676  -49.489 0.2500000000
90539  16.123  8.955  -49.609 0.2500000000
143124  23.997  4.798  -52.828 0.8750000000
89725  24.466  7.747  -53.188 0.8750000000
88815  23.846  5.998  -53.245 0.8750000000
90572  24.472  8.669  -53.322 0.8750000000
133264  15.822  16.890  -48.688 0.1250000000
130751  15.288  16.832  -48.349 0.1250000000
94370  15.630  12.339  -49.370 0.3750000000
146467  15.921  12.834  -49.902 0.6250000000
150193  23.603  11.357  -53.826 1.0000000000
91505  24.334  9.456  -53.380 0.8750000000
96967  16.565  15.807  -50.229 0.5000000000
97858  17.417  16.660  -52.408 0.8750000000
96968  15.846  15.846  -49.737 0.3750000000
96139  16.587  14.410  -50.885 0.8750000000
138662  22.721  13.511  -54.462 1.0000000000
96150  23.212  14.494  -54.147 1.0000000000
96995  22.817  15.030  -54.345 1.0000000000
96997  21.685  15.399  -54.319 1.0000000000
99649  17.812  18.339  -53.081 0.8750000000
99647  19.263  18.241  -53.499 1.0000000000
98729  20.623  17.385  -53.372 1.0000000000
103206  17.480  22.860  -47.201 0.1250000000
103216  16.798  22.062  -49.888 0.1250000000
102383  17.743  21.484  -51.195 0.6250000000
137807  21.034  22.945  -51.680 0.5000000000
104058  18.538  23.976  -49.116 0.2500000000
104082  21.275  23.820  -51.770 0.5000000000
104900  18.888  24.994  -48.708 0.2500000000
104899  19.378  25.243  -49.421 0.2500000000
146765  21.585  24.467  -52.565 0.5000000000
105680  19.516  26.531  -49.722 0.1250000000
106442  21.249  26.356  -52.715 0.2500000000
106452  21.327  26.619  -54.135 0.2500000000
138016  19.749  26.718  -50.462 0.1250000000
84187  17.376  1.627  -49.378 0.1250000000
84199  17.469  1.195  -49.475 0.5000000000
85996  17.130  3.140  -49.802 0.1250000000
85057  19.037  2.040  -50.886 0.8750000000
84224  20.893  1.667  -51.775 1.0000000000
136356  21.281  2.231  -52.037 1.0000000000
88807  17.910  6.371  -51.148 0.8750000000
87876  19.181  5.882  -51.876 1.0000000000
144998  21.866  4.145  -52.626 1.0000000000
86990  20.277  5.012  -52.329 1.0000000000
87893  20.035  5.705  -52.376 1.0000000000
85082  22.269  2.878  -52.319 1.0000000000
136862  16.516  7.971  -50.195 0.3750000000
89682  17.253  7.867  -50.699 0.5000000000
89714  19.321  7.464  -52.245 1.0000000000
86988  21.973  4.810  -52.830 1.0000000000
88816  21.089  6.024  -53.007 1.0000000000
87903  23.111  5.622  -53.295 1.0000000000
90547  16.912  8.656  -50.538 0.6250000000
92456  16.992  10.129  -50.768 0.6250000000
90559  18.355  8.481  -51.655 1.0000000000
154778  18.240  9.924  -51.821 1.0000000000
89712  20.530  7.421  -53.115 1.0000000000
89713  19.923  7.411  -52.685 1.0000000000
90575  19.017  8.292  -52.144 1.0000000000
88828  22.277  6.755  -53.521 1.0000000000
89726  23.555  7.426  -53.512 0.8750000000
91495  19.124  9.698  -52.592 1.0000000000
91507  22.754  9.554  -53.959 1.0000000000
145950  21.557  8.146  -53.650 1.0000000000
90591  20.100  8.985  -53.301 1.0000000000
146347  20.688  9.139  -53.597 1.0000000000
90586  23.774  8.269  -53.565 0.8750000000
93459  19.367  11.307  -53.253 1.0000000000
92467  18.055  10.785  -51.914 1.0000000000
92494  19.827  10.450  -53.470 1.0000000000
91509  21.027  9.718  -53.867 1.0000000000
91494  19.621  9.693  -53.148 1.0000000000
92493  20.607  10.440  -53.860 1.0000000000
94385  16.563  12.422  -50.629 0.6250000000
143350  18.165  11.763  -52.306 1.0000000000
94402  17.676  12.497  -52.095 1.0000000000
141603  19.253  12.135  -53.358 1.0000000000
94413  18.913  12.866  -53.218 1.0000000000
95301  19.436  13.395  -53.761 1.0000000000
94422  22.575  12.698  -54.475 1.0000000000
94424  20.883  12.607  -54.505 1.0000000000
93471  20.474  11.874  -54.242 1.0000000000
96138  16.928  14.602  -51.573 1.0000000000
96128  16.285  15.116  -50.377 0.7500000000
149468  17.269  13.184  -51.811 1.0000000000
95302  18.870  13.737  -53.405 1.0000000000
95286  16.882  13.782  -51.397 1.0000000000
96145  17.810  14.383  -52.598 1.0000000000
95312  20.060  13.948  -54.241 1.0000000000
98732  17.661  17.464  -52.716 0.8750000000
96983  18.266  15.312  -52.778 1.0000000000
96161  20.017  14.850  -54.098 1.0000000000
156933  20.399  14.525  -54.297 1.0000000000
143593  18.942  15.111  -53.402 1.0000000000
96158  21.991  14.881  -54.536 1.0000000000
98730  19.344  17.571  -53.341 1.0000000000
96990  19.571  15.363  -53.708 1.0000000000
97865  20.108  16.860  -53.408 1.0000000000
98731  18.584  17.601  -53.161 1.0000000000
103209  17.287  22.865  -48.224 0.1250000000
103215  17.194  22.739  -49.172 0.1250000000
102351  16.822  22.160  -48.929 0.1250000000
104048  18.271  24.297  -48.255 0.2500000000
104068  19.104  23.604  -49.988 0.2500000000
103228  17.585  22.444  -50.024 0.3750000000
103244  20.102  22.689  -51.194 0.7500000000
106431  20.730  26.259  -51.588 0.2500000000
145845  18.309  0.929  -48.553 0.1250000000
83349  20.034  0.492  -51.270 1.0000000000
133309  14.564  16.453  -47.765 0.5000000000
94393  17.180  12.395  -51.437 0.8750000000
95278  15.811  13.769  -49.862 0.7500000000
156603  16.879  13.046  -51.204 0.8750000000
96117  15.316  15.152  -49.089 0.7500000000
95265  15.448  14.188  -49.287 0.8750000000
95285  17.290  14.019  -52.027 1.0000000000
99646  20.214  18.315  -53.395 1.0000000000
146535  18.892  21.585  -51.360 0.7500000000
103245  19.282  22.198  -51.055 0.7500000000
102382  18.251  22.054  -50.762 0.5000000000
106441  21.660  25.496  -54.028 0.2500000000
105699  21.792  24.466  -53.993 0.3750000000
157520  20.101  -4.084  -50.366 0.7500000000
136522  21.838  -3.596  -50.772 0.7500000000
79519  19.277  -3.956  -49.979 0.7500000000
79533  19.010  -2.902  -50.015 0.7500000000
80462  21.471  -2.678  -50.941 0.7500000000
156607  20.651  -3.231  -50.460 0.7500000000
131199  20.625  -2.622  -50.673 0.7500000000
80464  19.638  -2.296  -50.407 0.7500000000
80461  22.468  -2.674  -51.049 0.7500000000
82389  18.529  -0.871  -50.311 0.7500000000
141509  18.270  -0.247  -50.268 0.6250000000
138240  20.198  -1.694  -50.814 0.7500000000
81425  19.883  -0.879  -50.900 0.8750000000
81434  22.585  -1.795  -51.246 0.7500000000
80474  21.844  -1.947  -51.225 0.7500000000
81435  21.463  -1.259  -51.302 0.7500000000
82400  20.368  -0.341  -51.236 0.8750000000
135548  22.680  -1.075  -51.342 0.7500000000
82398  21.983  -0.761  -51.403 0.7500000000
132672  21.878  -0.116  -51.495 0.8750000000
142471  20.805  0.917  -51.574 0.8750000000
83346  23.024  0.728  -51.665 0.7500000000
137896  22.174  0.597  -51.644 0.8750000000
84221  23.213  1.494  -51.821 0.8750000000
84222  22.489  1.448  -51.866 0.8750000000
85081  22.977  3.130  -52.345 0.8750000000
86014  25.494  3.292  -51.696 0.3750000000
86015  24.571  3.210  -52.082 0.6250000000
86029  23.672  3.522  -52.407 0.7500000000
86972  25.854  4.141  -51.644 0.5000000000
86973  25.151  4.039  -52.136 0.5000000000
86985  24.813  4.800  -52.421 0.7500000000
87864  26.643  5.600  -51.109 0.1250000000
87875  25.800  5.488  -51.881 0.3750000000
87888  25.272  5.518  -52.263 0.6250000000
87889  24.471  5.572  -52.767 0.6250000000
154893  24.485  6.322  -52.929 0.6250000000
146273  26.957  6.169  -50.626 0.1250000000
153126  26.611  6.292  -51.247 0.1250000000
88804  26.311  6.811  -51.733 0.1250000000
89695  26.576  7.741  -51.325 0.1250000000
89711  25.277  7.705  -52.631 0.6250000000
90571  25.021  8.371  -52.952 0.6250000000
88795  26.829  6.946  -50.952 0.1250000000
90546  26.825  8.614  -50.982 0.1250000000
90557  26.208  8.565  -51.698 0.1250000000
90558  25.577  8.503  -52.401 0.5000000000
155010  25.128  9.233  -52.954 0.6250000000
89681  27.112  7.789  -50.381 0.1250000000
91482  25.803  9.452  -52.124 0.5000000000
92466  25.735  10.327  -52.218 0.5000000000
146261  24.774  10.220  -53.090 0.6250000000
135796  17.113  17.973  -52.361 0.6250000000
99631  16.614  18.971  -51.521 0.5000000000
99630  17.175  18.779  -52.274 0.7500000000
93443  25.312  11.676  -52.446 0.6250000000
151293  24.426  12.380  -53.184 0.6250000000
94411  23.840  12.236  -53.792 0.8750000000
157529  25.407  12.392  -52.184 0.5000000000
94400  24.962  12.418  -52.652 0.6250000000
144252  24.615  13.072  -52.945 0.6250000000
94401  24.046  13.053  -53.603 0.7500000000
99629  17.750  19.364  -52.674 0.7500000000
94421  23.339  13.014  -54.243 0.8750000000
96996  22.309  15.296  -54.392 0.8750000000
97873  22.103  15.883  -54.224 0.8750000000
95300  23.597  13.790  -53.904 0.7500000000
96989  23.399  15.151  -53.784 0.8750000000
97872  22.783  15.674  -54.209 0.8750000000
97862  22.602  16.385  -53.961 0.8750000000
94392  25.737  12.803  -51.738 0.3750000000
95291  25.167  13.112  -52.279 0.5000000000
95284  25.046  13.837  -52.157 0.5000000000
96143  24.102  14.777  -53.212 0.6250000000
95272  25.967  13.912  -51.094 0.2500000000
95283  25.563  13.677  -51.659 0.3750000000
96135  24.594  14.377  -52.493 0.5000000000
101516  17.169  20.209  -51.784 0.6250000000
101515  18.098  20.174  -52.162 0.7500000000
99648  18.504  18.798  -53.325 0.8750000000
97864  20.970  16.604  -53.641 0.8750000000
98728  21.562  17.254  -53.549 0.7500000000
98727  22.523  17.218  -53.659 0.8750000000
96982  23.959  15.523  -53.232 0.6250000000
96134  25.129  14.385  -51.843 0.3750000000
96972  24.749  14.936  -52.035 0.5000000000
135443  23.703  16.889  -53.149 0.7500000000
96122  25.580  14.422  -51.281 0.2500000000
101501  17.397  20.896  -51.526 0.6250000000
100600  18.688  19.579  -52.964 0.8750000000
156948  20.274  19.125  -53.215 0.8750000000
146449  21.099  18.925  -53.377 0.8750000000
100598  20.900  19.851  -53.157 0.7500000000
99645  21.292  18.062  -53.333 0.8750000000
99643  23.023  18.158  -53.538 0.7500000000
97856  24.141  16.158  -52.671 0.5000000000
97836  24.855  16.857  -50.813 0.2500000000
97846  24.478  16.482  -51.627 0.5000000000
137020  24.589  15.609  -51.846 0.5000000000
96964  25.548  15.090  -50.839 0.2500000000
102384  16.874  21.418  -51.066 0.5000000000
101500  18.447  20.917  -51.765 0.6250000000
101513  20.219  20.518  -52.499 0.7500000000
102395  21.170  20.871  -52.961 0.7500000000
101527  22.898  20.373  -54.079 0.7500000000
101528  21.947  20.239  -53.619 0.7500000000
100612  22.982  19.593  -53.889 0.7500000000
144144  22.767  18.745  -53.671 0.7500000000
99627  24.202  18.716  -52.297 0.5000000000
100596  24.342  19.411  -52.311 0.3750000000
100597  23.992  19.222  -53.007 0.6250000000
98690  24.949  17.850  -50.625 0.2500000000
139167  24.470  18.319  -51.444 0.3750000000
99616  24.566  19.139  -51.576 0.3750000000
140791  19.981  21.834  -51.520 0.6250000000
101499  19.544  21.091  -51.948 0.7500000000
141819  21.415  21.745  -52.748 0.7500000000
142276  22.093  21.024  -53.611 0.7500000000
101526  23.806  20.282  -54.287 0.6250000000
141752  24.322  20.103  -52.755 0.3750000000
101511  24.146  20.554  -53.790 0.3750000000
100585  25.037  19.643  -51.005 0.1250000000
103243  20.872  22.169  -51.815 0.6250000000
102405  22.156  21.514  -53.668 0.6250000000
102404  23.292  20.854  -54.527 0.7500000000
102403  24.041  20.932  -54.450 0.3750000000
101498  24.783  20.652  -51.783 0.2500000000
102394  24.533  21.173  -52.597 0.3750000000
101512  23.889  19.825  -53.696 0.6250000000
102364  26.895  21.284  -50.470 0.1250000000
102365  26.125  21.102  -50.657 0.1250000000
100584  25.584  19.409  -50.358 0.1250000000
152513  21.377  22.455  -52.245 0.6250000000
103270  22.711  21.542  -54.515 0.3750000000
103258  21.815  22.283  -53.245 0.3750000000
103269  23.746  21.344  -55.043 0.3750000000
104097  24.611  22.924  -53.200 0.2500000000
103241  25.718  22.107  -51.528 0.1250000000
103242  24.966  21.909  -52.097 0.3750000000
102380  25.164  21.406  -51.646 0.1250000000
104932  21.916  23.485  -54.052 0.3750000000
104099  21.478  22.983  -52.274 0.3750000000
104111  22.280  22.394  -54.421 0.3750000000
104121  23.754  22.840  -55.402 0.3750000000
103278  23.567  22.105  -55.312 0.3750000000
103279  23.203  21.678  -55.358 0.3750000000
104110  24.431  23.528  -54.036 0.3750000000
103268  24.099  21.734  -54.367 0.3750000000
104930  26.682  24.222  -52.541 0.1250000000
103256  25.202  22.591  -52.242 0.1250000000
103239  27.409  22.516  -51.277 0.1250000000
104946  22.153  23.318  -55.696 0.2500000000
104955  23.185  23.291  -56.093 0.2500000000
138992  22.852  22.821  -56.096 0.3750000000
140932  22.426  22.650  -55.555 0.3750000000
104954  24.110  23.962  -54.965 0.1250000000
104122  23.242  22.565  -55.900 0.3750000000
104123  23.043  22.260  -55.787 0.3750000000
105709  26.538  25.275  -53.497 0.1250000000
104109  25.145  23.905  -53.042 0.1250000000
104956  22.511  23.682  -56.246 0.2500000000
105719  23.697  24.735  -55.654 0.1250000000
105711  24.664  24.932  -54.381 0.1250000000
106458  24.259  26.137  -55.454 0.1250000000
105708  27.310  25.258  -53.620 0.1250000000
106456  25.918  26.418  -54.662 0.1250000000
106468  22.506  26.295  -57.014 0.1250000000
106457  25.206  26.557  -55.007 0.1250000000
158589  27.486  26.024  -54.949 0.1250000000
132360  27.938  25.655  -54.919 0.1250000000
83347  21.395  0.415  -51.559 0.8750000000
140118  23.753  1.948  -51.834 0.6250000000
92476  25.344  10.763  -52.569 0.6250000000
96144  23.697  14.409  -53.652 0.8750000000
96971  25.088  15.030  -51.455 0.3750000000
101514  19.112  20.320  -52.377 0.8750000000
100599  19.782  19.669  -52.819 0.8750000000
100613  21.824  19.494  -53.598 0.7500000000
133725  22.070  18.813  -53.636 0.7500000000
97847  24.023  17.056  -52.286 0.5000000000
98716  24.076  17.887  -52.225 0.5000000000
98717  23.807  17.543  -52.890 0.7500000000
98691  24.446  17.400  -51.461 0.5000000000
104944  25.940  24.634  -53.061 0.1250000000
106455  26.893  26.445  -55.105 0.1250000000
139075  25.619  6.937  -52.333 0.5000000000
146864  24.858  6.970  -52.799 0.6250000000
88827  24.092  6.825  -53.251 0.7500000000
93436  25.934  11.072  -51.992 0.3750000000
137676  25.868  11.997  -51.867 0.3750000000
95282  26.133  13.252  -51.196 0.2500000000
155910  23.135  16.847  -53.640 0.7500000000
104945  24.910  24.447  -53.723 0.1250000000
95271  26.489  13.764  -50.573 0.1250000000
156861  21.085  -5.094  -50.677 0.7500000000
140376  20.308  -5.168  -50.528 0.7500000000
132738  18.408  -3.480  -49.444 0.7500000000
78607  21.536  -4.649  -50.656 0.7500000000
134596  21.158  -3.990  -50.579 0.7500000000
79530  22.919  -3.527  -50.761 0.7500000000
150958  18.396  -1.338  -50.138 0.6250000000
82397  23.491  -0.753  -51.361 0.6250000000
144901  23.651  0.105  -51.507 0.6250000000
83345  23.907  1.020  -51.638 0.5000000000
84219  25.263  1.680  -51.242 0.3750000000
84220  24.514  1.733  -51.567 0.5000000000
86013  26.278  3.431  -51.286 0.1250000000
146557  26.691  4.917  -51.010 0.1250000000
87863  27.092  5.291  -50.409 0.1250000000
145231  27.406  6.028  -49.910 0.1250000000
89680  27.504  7.380  -49.716 0.1250000000
147483  27.647  8.088  -49.590 0.1250000000
90545  27.309  8.861  -50.109 0.1250000000
91469  26.992  9.364  -50.813 0.1250000000
91481  26.492  9.387  -51.393 0.1250000000
155610  26.479  10.825  -51.454 0.1250000000
101517  16.394  20.223  -51.356 0.5000000000
96963  26.090  15.207  -50.255 0.1250000000
96121  26.037  14.472  -50.699 0.2500000000
97824  25.953  17.044  -49.875 0.1250000000
99602  25.569  18.596  -50.174 0.1250000000
100572  26.090  19.191  -49.846 0.1250000000
101480  27.124  20.093  -49.674 0.1250000000
102377  27.878  21.956  -50.915 0.1250000000
101487  27.437  20.754  -50.061 0.1250000000
104929  27.506  24.263  -52.649 0.1250000000
104941  28.475  24.409  -53.714 0.1250000000
104892  18.786  25.184  -47.704 0.1250000000
105721  22.031  24.692  -56.538 0.2500000000
105728  22.094  25.335  -56.919 0.1250000000
106469  21.781  26.314  -57.248 0.1250000000
106466  24.752  27.156  -55.938 0.1250000000
106467  23.650  26.590  -56.176 0.1250000000
106465  25.939  26.963  -55.518 0.1250000000
104968  28.547  25.092  -55.005 0.1250000000
158290  27.171  26.729  -56.031 0.1250000000
86986  23.451  4.237  -52.699 0.7500000000
93456  24.253  11.653  -53.294 0.7500000000
92489  24.121  10.823  -53.374 0.7500000000
97863  21.842  16.513  -53.882 0.8750000000
82388  19.105  -0.537  -50.602 0.7500000000
155443  19.833  17.641  -53.433 0.8750000000
104098  21.641  23.305  -52.965 0.3750000000
106451  21.569  25.404  -55.872 0.1250000000
105712  21.842  24.302  -55.766 0.2500000000
149472  20.002  -3.264  -50.377 0.7500000000
78608  20.679  -4.647  -50.569 0.7500000000
79531  21.086  -3.310  -50.606 0.7500000000
78606  22.516  -4.390  -50.640 0.7500000000
80465  18.689  -1.995  -50.082 0.7500000000
80463  21.035  -1.906  -51.099 0.7500000000
81426  19.200  -1.367  -50.481 0.7500000000
82390  17.884  -0.832  -49.916 0.6250000000
81436  20.683  -1.098  -51.177 0.8750000000
158582  22.095  -1.366  -51.332 0.7500000000
82399  21.207  -0.444  -51.393 0.8750000000
83348  20.748  0.201  -51.429 0.8750000000
137372  22.687  -0.206  -51.479 0.7500000000
85067  23.704  2.740  -52.124 0.7500000000
85065  25.924  2.487  -51.228 0.2500000000
85066  25.034  2.460  -51.610 0.5000000000
136959  24.328  2.411  -51.831 0.6250000000
145764  24.302  4.092  -52.474 0.7500000000
86984  25.538  4.825  -52.000 0.5000000000
147907  26.171  5.017  -51.502 0.2500000000
86971  26.501  4.250  -51.189 0.1250000000
87874  26.225  5.901  -51.607 0.2500000000
88805  25.765  6.157  -52.069 0.3750000000
88814  25.092  6.256  -52.497 0.6250000000
88794  27.208  6.842  -50.125 0.1250000000
89696  25.982  7.708  -52.056 0.5000000000
92465  26.227  10.205  -51.721 0.1250000000
92477  24.789  11.187  -52.956 0.6250000000
93444  24.747  11.870  -52.888 0.6250000000
95293  24.224  13.868  -53.230 0.6250000000
144615  23.435  16.123  -53.611 0.7500000000
98726  23.346  17.502  -53.369 0.7500000000
96981  24.370  15.245  -52.598 0.5000000000
97845  24.974  15.856  -50.960 0.3750000000
99628  23.739  18.295  -53.054 0.6250000000
100611  23.449  18.989  -53.538 0.7500000000
154486  25.393  17.205  -50.339 0.1250000000
97835  25.480  16.464  -50.386 0.1250000000
136171  25.628  15.730  -50.456 0.1250000000
102381  20.597  21.379  -52.184 0.7500000000
99603  24.935  18.830  -50.791 0.1250000000
101497  25.427  20.892  -51.123 0.1250000000
140037  25.708  20.279  -50.582 0.1250000000
102402  24.266  21.263  -53.680 0.3750000000
102378  26.384  21.746  -50.942 0.1250000000
103225  27.134  21.918  -50.828 0.1250000000
101488  26.593  20.587  -50.184 0.1250000000
102379  25.769  21.481  -51.137 0.1250000000
103257  24.526  22.010  -52.907 0.2500000000
103240  26.588  22.402  -51.298 0.1250000000
104081  26.051  22.933  -51.768 0.1250000000
142021  24.129  22.576  -54.573 0.3750000000
104080  26.885  23.116  -51.620 0.1250000000
104095  26.413  23.590  -52.141 0.1250000000
104943  26.990  24.820  -53.010 0.1250000000
104942  27.811  24.710  -53.302 0.1250000000
104096  25.533  23.373  -52.412 0.1250000000
104079  27.699  23.151  -51.714 0.1250000000
105720  22.650  24.380  -56.396 0.2500000000
105717  26.360  25.891  -54.091 0.1250000000
157411  26.921  25.594  -53.806 0.1250000000
105727  23.078  25.439  -56.460 0.1250000000
105718  25.012  25.863  -54.452 0.1250000000
105707  28.068  25.137  -54.109 0.1250000000
105710  25.521  25.237  -53.732 0.1250000000
77613  20.724  -5.515  -50.622 0.7500000000
77612  21.441  -5.478  -50.635 0.7500000000
78609  19.797  -4.834  -50.311 0.7500000000
77614  19.984  -5.615  -50.443 0.7500000000
81414  17.995  -1.638  -49.680 0.5000000000
155727  24.346  0.327  -51.421 0.5000000000
147479  26.837  10.179  -51.063 0.1250000000
91468  27.263  9.832  -50.297 0.1250000000
98679  25.738  17.833  -49.974 0.1250000000
104928  28.300  24.128  -52.933 0.1250000000
77599  19.243  -5.494  -50.015 0.7500000000
76656  21.171  -6.198  -50.607 0.6250000000
76655  21.978  -6.050  -50.516 0.6250000000
77610  23.160  -5.041  -50.397 0.3750000000
77611  22.239  -5.257  -50.570 0.6250000000
78604  24.304  -4.053  -50.219 0.2500000000
78605  23.475  -4.221  -50.487 0.3750000000
83344  24.744  0.938  -51.331 0.3750000000
100592  16.236  19.677  -51.244 0.3750000000
101502  16.444  20.900  -51.158 0.2500000000
103229  17.143  21.839  -50.599 0.2500000000
80460  23.424  -2.785  -50.868 0.5000000000
81433  23.368  -1.564  -51.227 0.5000000000
81432  24.225  -1.291  -51.152 0.3750000000
77597  23.714  -5.612  -49.858 0.5000000000
77598  22.831  -5.839  -50.284 0.6250000000
75652  21.284  -7.555  -50.271 0.6250000000
78596  17.995  -3.810  -48.939 0.3750000000
77600  18.534  -5.247  -49.413 0.3750000000
75667  20.821  -6.920  -50.475 0.6250000000
76625  23.714  -7.054  -49.282 0.3750000000
76640  22.514  -6.612  -50.166 0.5000000000
76641  21.669  -6.812  -50.400 0.6250000000
79520  17.871  -3.173  -48.872 0.2500000000
76638  24.283  -6.294  -49.200 0.3750000000
79528  24.506  -3.401  -50.297 0.2500000000
78593  24.044  -4.816  -50.085 0.2500000000
137970  17.694  -0.133  -49.910 0.3750000000
132964  24.306  -2.703  -50.594 0.2500000000
157625  24.484  -1.940  -50.779 0.3750000000
83333  24.975  0.053  -51.153 0.2500000000
90523  15.600  8.642  -48.768 0.1250000000
94354  15.431  12.340  -48.911 0.2500000000
84208  25.933  1.619  -50.798 0.2500000000
96105  14.590  15.381  -48.135 0.3750000000
138217  15.401  13.203  -49.090 0.2500000000
130753  17.081  15.809  -50.976 0.2500000000
102366  16.597  21.472  -50.592 0.2500000000
151214  16.016  10.386  -49.372 0.1250000000
90538  16.203  8.241  -49.819 0.2500000000
136967  14.991  14.214  -48.427 0.3750000000
80473  23.161  -2.208  -51.113 0.5000000000
78595  18.480  -4.386  -49.400 0.5000000000
80450  18.190  -2.530  -49.498 0.3750000000
82377  17.514  -0.421  -49.490 0.2500000000
80451  17.709  -2.221  -49.022 0.3750000000
82396  24.287  -0.398  -51.326 0.2500000000
78592  24.762  -4.534  -49.622 0.2500000000
79529  23.832  -3.457  -50.576 0.3750000000
157684  23.852  -2.104  -51.018 0.3750000000
76639  23.338  -6.404  -49.754 0.5000000000
77601  17.988  -4.774  -48.719 0.3750000000
76657  20.375  -6.271  -50.494 0.6250000000
152657  22.999  -7.068  -49.715 0.3750000000
82387  24.805  -0.737  -51.091 0.2500000000
89657  15.968  7.729  -48.591 0.1250000000
133936  20.059  -8.140  -49.813 0.5000000000
75650  23.164  -7.810  -49.358 0.2500000000
74732  22.420  -8.218  -49.658 0.3750000000
75653  20.466  -7.564  -50.183 0.5000000000
75655  19.090  -7.018  -49.601 0.5000000000
76642  19.992  -6.961  -50.232 0.5000000000
145158  19.766  -7.529  -49.879 0.5000000000
76644  18.746  -6.103  -49.534 0.3750000000
76643  19.550  -6.270  -50.131 0.5000000000
73782  18.298  -9.084  -48.017 0.1250000000
74735  19.566  -8.706  -49.320 0.3750000000
76627  18.103  -5.772  -48.848 0.2500000000
143077  19.172  -10.818  -48.378 0.1250000000
73781  19.092  -9.321  -48.740 0.2500000000
73792  20.751  -9.831  -49.841 0.3750000000
74731  22.935  -8.710  -49.377 0.2500000000
73791  21.673  -9.732  -49.822 0.3750000000
74733  21.218  -8.991  -49.981 0.5000000000
139702  18.772  -9.990  -48.138 0.1250000000
73793  19.915  -9.536  -49.422 0.3750000000
74734  20.414  -8.898  -49.766 0.3750000000
74722  18.118  -8.231  -48.142 0.1250000000
76626  18.050  -6.670  -48.417 0.1250000000
94391  26.306  12.434  -51.299 0.1250000000
75651  22.245  -7.475  -49.964 0.3750000000
75638  24.079  -7.705  -48.867 0.2500000000
133376  20.842  -8.236  -50.092 0.5000000000
75654  19.229  -7.906  -49.360 0.5000000000
133929  21.678  -8.231  -49.979 0.3750000000
142475  22.085  -8.906  -49.732 0.3750000000
75639  18.360  -7.518  -48.728 0.1250000000
134200  18.347  -6.652  -49.042 0.1250000000
74721  18.677  -8.465  -48.700 0.1250000000
146329  19.524  -10.176  -48.929 0.1250000000
73790  22.594  -9.555  -49.513 0.2500000000
72812  20.641  -10.630  -49.795 0.2500000000
72811  21.294  -10.555  -49.925 0.2500000000
81415  17.582  -1.183  -49.312 0.2500000000
72800  20.044  -11.073  -49.293 0.1250000000
81400  17.636  -1.595  -49.109 0.1250000000
145048  16.869  17.729  -51.690 0.1250000000
98706  16.830  17.073  -51.726 0.1250000000
149547  16.832  18.365  -51.773 0.1250000000
99617  16.588  18.425  -51.092 0.1250000000
99608  16.769  18.524  -50.570 0.1250000000
101503  16.084  20.361  -51.037 0.1250000000
99618  16.234  19.078  -51.035 0.1250000000
99596  17.229  18.994  -49.992 0.1250000000
99597  16.573  19.202  -50.261 0.1250000000
101482  16.545  20.912  -49.869 0.1250000000
131091  17.043  16.585  -51.456 0.1250000000
100576  16.962  19.876  -49.734 0.1250000000
101481  18.602  20.237  -48.923 0.1250000000
130752  16.868  16.125  -50.039 0.1250000000
78582  17.388  -4.254  -48.104 0.1250000000
80436  17.816  -2.590  -48.701 0.1250000000
96106  14.116  15.432  -47.170 0.1250000000
97840  17.376  16.080  -50.772 0.1250000000
145044  17.371  16.834  -51.033 0.1250000000
98695  16.956  17.575  -51.196 0.1250000000
99607  17.546  18.255  -50.585 0.1250000000
100574  19.112  19.548  -49.493 0.1250000000
101476  16.773  21.535  -49.182 0.1250000000
83323  17.491  0.301  -49.509 0.1250000000
83309  17.407  -0.071  -49.460 0.1250000000
100586  16.118  19.539  -50.793 0.1250000000
101490  16.293  20.988  -50.618 0.1250000000
132688  17.815  -3.218  -48.411 0.1250000000
136723  17.711  -3.397  -48.186 0.1250000000
96085  14.190  14.385  -47.088 0.1250000000
158910  17.473  -0.768  -49.288 0.1250000000
81384  17.987  -1.387  -48.154 0.1250000000
99595  18.396  18.964  -50.069 0.1250000000
100562  17.465  20.674  -49.213 0.1250000000
100575  18.039  19.762  -49.506 0.1250000000
99606  18.823  18.302  -50.699 0.1250000000
101474  18.719  20.298  -48.358 0.1250000000
152960  24.392  -7.064  -48.911 0.1250000000
77583  25.198  -5.933  -48.787 0.1250000000
77596  24.636  -5.307  -49.320 0.1250000000
155708  25.083  -4.862  -49.184 0.1250000000
79518  25.037  -3.774  -49.797 0.1250000000
80459  25.010  -2.205  -50.345 0.1250000000
147410  26.044  -1.094  -49.811 0.1250000000
154365  25.569  -1.047  -50.315 0.1250000000
81424  25.016  -1.371  -50.699 0.1250000000
83322  26.273  0.223  -49.950 0.1250000000
83321  26.760  0.905  -49.878 0.1250000000
83331  26.072  0.909  -50.351 0.1250000000
72809  23.150  -10.177  -49.340 0.1250000000
73789  23.483  -9.320  -49.111 0.1250000000
73780  24.313  -9.130  -48.719 0.1250000000
74719  24.664  -8.342  -48.581 0.1250000000
76624  25.023  -6.758  -48.694 0.1250000000
77595  25.425  -5.171  -48.867 0.1250000000
78591  25.497  -4.428  -49.118 0.1250000000
79516  26.113  -3.254  -49.177 0.1250000000
80448  25.694  -2.534  -49.714 0.1250000000
81412  26.249  -1.815  -49.514 0.1250000000
131274  27.075  0.162  -49.564 0.1250000000
85056  26.414  2.169  -50.691 0.1250000000
85046  26.965  2.278  -50.184 0.1250000000
83332  25.416  0.896  -50.890 0.1250000000
82386  25.321  -0.581  -50.719 0.1250000000
74720  23.762  -8.488  -48.916 0.1250000000
75637  24.851  -7.533  -48.607 0.1250000000
136867  25.497  -3.255  -49.637 0.1250000000
79517  25.692  -3.747  -49.292 0.1250000000
81413  25.582  -1.681  -50.079 0.1250000000
82376  25.863  -0.456  -50.120 0.1250000000
82375  26.516  -0.476  -49.656 0.1250000000
137026  25.644  0.172  -50.534 0.1250000000
84207  26.537  1.586  -50.271 0.1250000000
145156  23.751  -10.789  -49.230 0.1250000000
149997  24.033  -9.933  -48.956 0.1250000000
131743  26.046  -5.680  -48.582 0.1250000000
84198  27.215  1.596  -49.818 0.1250000000
72813  20.179  -10.265  -49.530 0.2500000000
78594  19.040  -4.796  -49.857 0.5000000000
79532  20.654  -3.752  -50.449 0.7500000000
80449  25.014  -2.985  -50.104 0.1250000000
85968  17.258  4.306  -48.866 0.1250000000
86030  23.003  3.770  -52.567 1.0000000000
86032  21.720  3.389  -52.425 1.0000000000
88796  17.311  6.358  -50.587 0.5000000000
89658  15.601  8.055  -48.737 0.2500000000
89669  15.957  7.491  -48.935 0.3750000000
92440  27.544  10.468  -49.868 0.1250000000
92504  20.898  11.123  -54.218 1.0000000000
93457  22.791  11.111  -54.176 1.0000000000
93460  18.769  11.961  -52.875 1.0000000000
93472  19.763  11.971  -53.810 1.0000000000
94425  20.043  12.805  -54.212 1.0000000000
95277  16.422  13.490  -50.598 0.7500000000
95292  24.708  13.644  -52.599 0.5000000000
95295  17.752  13.390  -52.390 1.0000000000
95308  23.040  13.959  -54.340 1.0000000000
95311  20.842  14.235  -54.527 1.0000000000
96086  13.529  14.876  -46.216 0.1250000000
96129  15.769  14.781  -49.862 0.8750000000
96146  17.250  14.739  -52.093 1.0000000000
96151  18.551  14.437  -53.208 1.0000000000
96157  22.784  14.565  -54.402 1.0000000000
96167  22.457  14.848  -54.465 1.0000000000
96958  15.231  16.205  -48.833 0.3750000000
96998  20.976  15.478  -54.128 1.0000000000
97876  20.056  16.263  -53.614 1.0000000000
99609  16.370  18.902  -50.702 0.1250000000
99644  22.213  18.019  -53.525 0.7500000000
100577  16.326  20.169  -50.356 0.1250000000
100583  26.301  19.858  -49.941 0.1250000000
100591  24.639  19.877  -51.752 0.3750000000
100601  16.918  19.557  -51.801 0.5000000000
100614  19.383  18.983  -53.362 0.8750000000
101489  25.099  20.273  -51.225 0.1250000000
102354  16.616  21.548  -49.953 0.3750000000
102363  27.642  21.374  -50.495 0.1250000000
104093  27.991  23.670  -52.316 0.1250000000
104094  27.212  23.704  -52.129 0.1250000000
104931  25.951  23.999  -52.576 0.1250000000
105716  27.321  25.732  -54.310 0.1250000000
138623  16.179  14.310  -50.340 0.8750000000
138980  18.628  18.134  -53.409 1.0000000000
143014  22.096  13.481  -54.579 1.0000000000
146162  19.544  8.037  -52.542 1.0000000000
147515  18.275  12.674  -52.622 1.0000000000
153229  25.362  9.998  -52.610 0.5000000000
154705  14.858  16.947  -47.741 0.1250000000
156029  21.804  6.985  -53.518 1.0000000000
