#!ascii label  , from subject sub-v1s10x0051023_ses-1 vox2ras=TkReg
238
88814  25.092  6.256  -52.497 0.0000000000
78604  24.304  -4.053  -50.219 0.0000000000
150193  23.603  11.357  -53.826 0.0000000000
101513  20.219  20.518  -52.499 0.0000000000
77598  22.831  -5.839  -50.284 0.0000000000
96135  24.594  14.377  -52.493 0.0000000000
135443  23.703  16.889  -53.149 0.0000000000
86029  23.672  3.522  -52.407 0.0000000000
155727  24.346  0.327  -51.421 0.0000000000
86013  26.278  3.431  -51.286 0.0000000000
90557  26.208  8.565  -51.698 0.0000000000
146273  26.957  6.169  -50.626 0.0000000000
90572  24.472  8.669  -53.322 0.0000000000
137676  25.868  11.997  -51.867 0.0000000000
146449  21.099  18.925  -53.377 0.0000000000
101512  23.889  19.825  -53.696 0.0000000000
81413  25.582  -1.681  -50.079 0.0000000000
97872  22.783  15.674  -54.209 0.0000000000
97862  22.602  16.385  -53.961 0.0000000000
143124  23.997  4.798  -52.828 0.0000000000
86015  24.571  3.210  -52.082 0.0000000000
86984  25.538  4.825  -52.000 0.0000000000
77610  23.160  -5.041  -50.397 0.0000000000
145089  24.022  10.093  -53.462 0.0000000000
146261  24.774  10.220  -53.090 0.0000000000
93444  24.747  11.870  -52.888 0.0000000000
97845  24.974  15.856  -50.960 0.0000000000
96122  25.580  14.422  -51.281 0.0000000000
101514  19.112  20.320  -52.377 0.0000000000
99647  19.263  18.241  -53.499 0.0000000000
100598  20.900  19.851  -53.157 0.0000000000
104121  23.754  22.840  -55.402 0.0000000000
103268  24.099  21.734  -54.367 0.0000000000
101526  23.806  20.282  -54.287 0.0000000000
102394  24.533  21.173  -52.597 0.0000000000
141752  24.322  20.103  -52.755 0.0000000000
83332  25.416  0.896  -50.890 0.0000000000
82387  24.805  -0.737  -51.091 0.0000000000
76641  21.669  -6.812  -50.400 0.0000000000
94401  24.046  13.053  -53.603 0.0000000000
96144  23.697  14.409  -53.652 0.0000000000
97856  24.141  16.158  -52.671 0.0000000000
98691  24.446  17.400  -51.461 0.0000000000
83346  23.024  0.728  -51.665 0.0000000000
140118  23.753  1.948  -51.834 0.0000000000
84219  25.263  1.680  -51.242 0.0000000000
85056  26.414  2.169  -50.691 0.0000000000
89696  25.982  7.708  -52.056 0.0000000000
87874  26.225  5.901  -51.607 0.0000000000
88795  26.829  6.946  -50.952 0.0000000000
88815  23.846  5.998  -53.245 0.0000000000
89726  23.555  7.426  -53.512 0.0000000000
89725  24.466  7.747  -53.188 0.0000000000
90558  25.577  8.503  -52.401 0.0000000000
92465  26.227  10.205  -51.721 0.0000000000
93435  26.415  11.588  -51.410 0.0000000000
95291  25.167  13.112  -52.279 0.0000000000
95282  26.133  13.252  -51.196 0.0000000000
98729  20.623  17.385  -53.372 0.0000000000
142276  22.093  21.024  -53.611 0.0000000000
101527  22.898  20.373  -54.079 0.0000000000
133725  22.070  18.813  -53.636 0.0000000000
99643  23.023  18.158  -53.538 0.0000000000
99628  23.739  18.295  -53.054 0.0000000000
99616  24.566  19.139  -51.576 0.0000000000
80460  23.424  -2.785  -50.868 0.0000000000
82397  23.491  -0.753  -51.361 0.0000000000
146557  26.691  4.917  -51.010 0.0000000000
86003  26.873  3.649  -50.713 0.0000000000
97873  22.103  15.883  -54.224 0.0000000000
97863  21.842  16.513  -53.882 0.0000000000
87889  24.471  5.572  -52.767 0.0000000000
86985  24.813  4.800  -52.421 0.0000000000
87888  25.272  5.518  -52.263 0.0000000000
133929  21.678  -8.231  -49.979 0.0000000000
74732  22.420  -8.218  -49.658 0.0000000000
78593  24.044  -4.816  -50.085 0.0000000000
92490  23.332  10.393  -53.854 0.0000000000
92489  24.121  10.823  -53.374 0.0000000000
93456  24.253  11.653  -53.294 0.0000000000
97836  24.855  16.857  -50.813 0.0000000000
100599  19.782  19.669  -52.819 0.0000000000
102395  21.170  20.871  -52.961 0.0000000000
102402  24.266  21.263  -53.680 0.0000000000
103242  24.966  21.909  -52.097 0.0000000000
83331  26.072  0.909  -50.351 0.0000000000
137026  25.644  0.172  -50.534 0.0000000000
78606  22.516  -4.390  -50.640 0.0000000000
95300  23.597  13.790  -53.904 0.0000000000
96150  23.212  14.494  -54.147 0.0000000000
144615  23.435  16.123  -53.611 0.0000000000
96982  23.959  15.523  -53.232 0.0000000000
97846  24.478  16.482  -51.627 0.0000000000
97847  24.023  17.056  -52.286 0.0000000000
140791  19.981  21.834  -51.520 0.0000000000
85068  22.912  2.256  -52.100 0.0000000000
85067  23.704  2.740  -52.124 0.0000000000
86014  25.494  3.292  -51.696 0.0000000000
85066  25.034  2.460  -51.610 0.0000000000
85065  25.924  2.487  -51.228 0.0000000000
84208  25.933  1.619  -50.798 0.0000000000
76640  22.514  -6.612  -50.166 0.0000000000
152657  22.999  -7.068  -49.715 0.0000000000
89695  26.576  7.741  -51.325 0.0000000000
151040  23.717  5.347  -53.104 0.0000000000
147234  23.887  8.958  -53.578 0.0000000000
90586  23.774  8.269  -53.565 0.0000000000
90571  25.021  8.371  -52.952 0.0000000000
155010  25.128  9.233  -52.954 0.0000000000
92476  25.344  10.763  -52.569 0.0000000000
92466  25.735  10.327  -52.218 0.0000000000
93436  25.934  11.072  -51.992 0.0000000000
155610  26.479  10.825  -51.454 0.0000000000
95293  24.224  13.868  -53.230 0.0000000000
144252  24.615  13.072  -52.945 0.0000000000
95284  25.046  13.837  -52.157 0.0000000000
95272  25.967  13.912  -51.094 0.0000000000
94379  26.677  12.923  -50.716 0.0000000000
99646  20.214  18.315  -53.395 0.0000000000
98730  19.344  17.571  -53.341 0.0000000000
155443  19.833  17.641  -53.433 0.0000000000
99645  21.292  18.062  -53.333 0.0000000000
103269  23.746  21.344  -55.043 0.0000000000
103278  23.567  22.105  -55.312 0.0000000000
102404  23.292  20.854  -54.527 0.0000000000
100612  22.982  19.593  -53.889 0.0000000000
144144  22.767  18.745  -53.671 0.0000000000
100611  23.449  18.989  -53.538 0.0000000000
100597  23.992  19.222  -53.007 0.0000000000
101498  24.783  20.652  -51.783 0.0000000000
100596  24.342  19.411  -52.311 0.0000000000
99603  24.935  18.830  -50.791 0.0000000000
80461  22.468  -2.674  -51.049 0.0000000000
83345  23.907  1.020  -51.638 0.0000000000
144901  23.651  0.105  -51.507 0.0000000000
81424  25.016  -1.371  -50.699 0.0000000000
81432  24.225  -1.291  -51.152 0.0000000000
157625  24.484  -1.940  -50.779 0.0000000000
132964  24.306  -2.703  -50.594 0.0000000000
153126  26.611  6.292  -51.247 0.0000000000
87864  26.643  5.600  -51.109 0.0000000000
87863  27.092  5.291  -50.409 0.0000000000
96995  22.817  15.030  -54.345 0.0000000000
96996  22.309  15.296  -54.392 0.0000000000
155910  23.135  16.847  -53.640 0.0000000000
86986  23.451  4.237  -52.699 0.0000000000
145764  24.302  4.092  -52.474 0.0000000000
86973  25.151  4.039  -52.136 0.0000000000
86972  25.854  4.141  -51.644 0.0000000000
76639  23.338  -6.404  -49.754 0.0000000000
77597  23.714  -5.612  -49.858 0.0000000000
76638  24.283  -6.294  -49.200 0.0000000000
91481  26.492  9.387  -51.393 0.0000000000
90546  26.825  8.614  -50.982 0.0000000000
91506  23.584  9.555  -53.675 0.0000000000
91505  24.334  9.456  -53.380 0.0000000000
92477  24.789  11.187  -52.956 0.0000000000
93443  25.312  11.676  -52.446 0.0000000000
96972  24.749  14.936  -52.035 0.0000000000
96134  25.129  14.385  -51.843 0.0000000000
96971  25.088  15.030  -51.455 0.0000000000
96964  25.548  15.090  -50.839 0.0000000000
156948  20.274  19.125  -53.215 0.0000000000
142021  24.129  22.576  -54.573 0.0000000000
102403  24.041  20.932  -54.450 0.0000000000
101511  24.146  20.554  -53.790 0.0000000000
83344  24.744  0.938  -51.331 0.0000000000
83333  24.975  0.053  -51.153 0.0000000000
82386  25.321  -0.581  -50.719 0.0000000000
75652  21.284  -7.555  -50.271 0.0000000000
76656  21.171  -6.198  -50.607 0.0000000000
77611  22.239  -5.257  -50.570 0.0000000000
78605  23.475  -4.221  -50.487 0.0000000000
93468  23.109  11.999  -54.280 0.0000000000
94411  23.840  12.236  -53.792 0.0000000000
94421  23.339  13.014  -54.243 0.0000000000
96143  24.102  14.777  -53.212 0.0000000000
96989  23.399  15.151  -53.784 0.0000000000
96981  24.370  15.245  -52.598 0.0000000000
137020  24.589  15.609  -51.846 0.0000000000
98690  24.949  17.850  -50.625 0.0000000000
101500  18.447  20.917  -51.765 0.0000000000
101499  19.544  21.091  -51.948 0.0000000000
102381  20.597  21.379  -52.184 0.0000000000
84221  23.213  1.494  -51.821 0.0000000000
136959  24.328  2.411  -51.831 0.0000000000
84220  24.514  1.733  -51.567 0.0000000000
84207  26.537  1.586  -50.271 0.0000000000
139075  25.619  6.937  -52.333 0.0000000000
88805  25.765  6.157  -52.069 0.0000000000
88804  26.311  6.811  -51.733 0.0000000000
89681  27.112  7.789  -50.381 0.0000000000
88794  27.208  6.842  -50.125 0.0000000000
154893  24.485  6.322  -52.929 0.0000000000
146099  23.147  6.520  -53.472 0.0000000000
88827  24.092  6.825  -53.251 0.0000000000
146864  24.858  6.970  -52.799 0.0000000000
89711  25.277  7.705  -52.631 0.0000000000
91482  25.803  9.452  -52.124 0.0000000000
147479  26.837  10.179  -51.063 0.0000000000
93428  26.896  11.091  -50.950 0.0000000000
151293  24.426  12.380  -53.184 0.0000000000
94400  24.962  12.418  -52.652 0.0000000000
157529  25.407  12.392  -52.184 0.0000000000
95283  25.563  13.677  -51.659 0.0000000000
94392  25.737  12.803  -51.738 0.0000000000
94391  26.306  12.434  -51.299 0.0000000000
97864  20.970  16.604  -53.641 0.0000000000
141819  21.415  21.745  -52.748 0.0000000000
102405  22.156  21.514  -53.668 0.0000000000
101528  21.947  20.239  -53.619 0.0000000000
100613  21.824  19.494  -53.598 0.0000000000
98728  21.562  17.254  -53.549 0.0000000000
98727  22.523  17.218  -53.659 0.0000000000
98726  23.346  17.502  -53.369 0.0000000000
98717  23.807  17.543  -52.890 0.0000000000
99627  24.202  18.716  -52.297 0.0000000000
98716  24.076  17.887  -52.225 0.0000000000
139167  24.470  18.319  -51.444 0.0000000000
79530  22.919  -3.527  -50.761 0.0000000000
79529  23.832  -3.457  -50.576 0.0000000000
82396  24.287  -0.398  -51.326 0.0000000000
81433  23.368  -1.564  -51.227 0.0000000000
157684  23.852  -2.104  -51.018 0.0000000000
87875  25.800  5.488  -51.881 0.0000000000
147907  26.171  5.017  -51.502 0.0000000000
86971  26.501  4.250  -51.189 0.0000000000
86963  26.997  4.448  -50.586 0.0000000000
139927  26.693  2.856  -50.787 0.0000000000
95292  24.708  13.644  -52.599 0.0000000000
95308  23.040  13.959  -54.340 0.0000000000
96157  22.784  14.565  -54.402 0.0000000000
96167  22.457  14.848  -54.465 0.0000000000
99644  22.213  18.019  -53.525 0.0000000000
100591  24.639  19.877  -51.752 0.0000000000
100614  19.383  18.983  -53.362 0.0000000000
146176  23.203  8.829  -53.768 0.0000000000
153229  25.362  9.998  -52.610 0.0000000000
