#!ascii label  , from subject sub-v1s10x0051045_ses-1 vox2ras=TkReg
283
75380  -21.551  -5.348  -37.692 0.0000000000
71959  -19.010  -9.528  -35.479 0.0000000000
71992  -23.715  -9.137  -37.543 0.0000000000
69420  -21.128  -12.629  -35.777 0.0000000000
84152  -20.365  5.465  -36.517 0.0000000000
129125  -21.575  1.219  -37.145 0.0000000000
77715  -18.487  -2.247  -36.911 0.0000000000
66777  -20.254  -15.343  -34.412 0.0000000000
71113  -19.443  -10.827  -35.701 0.0000000000
69407  -18.358  -12.426  -34.437 0.0000000000
126406  -20.946  3.044  -37.086 0.0000000000
123955  -19.610  1.335  -37.608 0.0000000000
75353  -18.156  -6.164  -35.974 0.0000000000
76179  -17.418  -4.602  -35.570 0.0000000000
76964  -19.779  -3.655  -37.598 0.0000000000
78555  -21.378  -1.823  -38.103 0.0000000000
76981  -22.610  -3.784  -37.673 0.0000000000
116289  -23.835  -5.085  -37.567 0.0000000000
72793  -17.222  -7.787  -34.476 0.0000000000
73674  -19.550  -7.367  -36.591 0.0000000000
73690  -22.214  -7.201  -37.557 0.0000000000
71990  -21.183  -9.235  -37.256 0.0000000000
115287  -22.135  -11.026  -36.966 0.0000000000
69437  -23.861  -12.617  -36.285 0.0000000000
79318  -17.692  -0.823  -36.410 0.0000000000
123543  -19.954  -0.348  -37.916 0.0000000000
119551  -23.212  -0.244  -36.924 0.0000000000
122197  -18.442  -14.017  -33.744 0.0000000000
67646  -20.896  -13.830  -35.217 0.0000000000
70260  -18.266  -11.655  -34.632 0.0000000000
69392  -17.048  -12.461  -33.439 0.0000000000
110897  -18.673  2.612  -37.409 0.0000000000
81005  -17.880  1.839  -36.771 0.0000000000
75364  -19.443  -5.846  -36.939 0.0000000000
75377  -19.441  -5.091  -37.100 0.0000000000
117539  -20.791  -5.029  -37.673 0.0000000000
134468  -20.995  -3.762  -37.935 0.0000000000
76205  -21.991  -4.857  -37.725 0.0000000000
76223  -22.937  -4.307  -37.600 0.0000000000
75381  -22.237  -5.532  -37.647 0.0000000000
72809  -17.884  -7.978  -34.992 0.0000000000
73673  -18.753  -7.387  -36.002 0.0000000000
72823  -19.338  -8.106  -36.091 0.0000000000
72825  -20.029  -8.368  -36.690 0.0000000000
72824  -19.962  -9.140  -36.561 0.0000000000
70274  -20.252  -11.551  -36.009 0.0000000000
71128  -21.340  -10.692  -36.974 0.0000000000
70289  -21.657  -11.566  -36.553 0.0000000000
70290  -22.728  -11.595  -36.694 0.0000000000
69435  -22.229  -12.288  -36.339 0.0000000000
133286  -18.955  5.152  -36.749 0.0000000000
84150  -18.486  5.555  -36.361 0.0000000000
121193  -19.608  5.861  -36.491 0.0000000000
84861  -21.372  6.936  -36.106 0.0000000000
83424  -21.938  4.901  -36.114 0.0000000000
110837  -21.295  2.581  -36.924 0.0000000000
125304  -18.135  -3.004  -36.469 0.0000000000
77697  -17.016  -2.209  -35.645 0.0000000000
78517  -18.150  -1.523  -36.661 0.0000000000
80160  -19.282  -0.229  -37.556 0.0000000000
79329  -19.642  -0.941  -37.820 0.0000000000
78536  -22.189  -2.237  -37.808 0.0000000000
78535  -21.916  -1.291  -37.830 0.0000000000
118600  -23.833  -1.150  -37.041 0.0000000000
117478  -22.813  -7.839  -37.519 0.0000000000
73692  -23.855  -7.001  -37.573 0.0000000000
67632  -18.732  -15.194  -33.503 0.0000000000
127694  -19.019  -14.608  -33.824 0.0000000000
67639  -19.195  -13.980  -34.246 0.0000000000
122404  -20.612  -14.517  -34.832 0.0000000000
71098  -17.580  -10.325  -34.279 0.0000000000
71960  -19.539  -10.133  -35.894 0.0000000000
71099  -18.245  -10.780  -34.773 0.0000000000
70272  -18.956  -11.338  -35.264 0.0000000000
69418  -19.499  -12.094  -35.383 0.0000000000
110678  -18.818  4.481  -37.066 0.0000000000
110670  -20.768  3.897  -36.827 0.0000000000
111005  -19.651  3.236  -37.501 0.0000000000
126307  -20.145  2.452  -37.587 0.0000000000
111540  -20.448  1.776  -37.561 0.0000000000
121366  -17.258  -5.901  -35.376 0.0000000000
75362  -17.805  -5.332  -35.821 0.0000000000
76953  -18.477  -3.748  -36.661 0.0000000000
123649  -19.360  -2.926  -37.507 0.0000000000
77732  -19.641  -2.236  -37.773 0.0000000000
76978  -20.684  -3.169  -37.974 0.0000000000
77749  -21.556  -2.758  -38.036 0.0000000000
77733  -23.096  -2.697  -37.466 0.0000000000
76966  -23.417  -3.875  -37.521 0.0000000000
65890  -22.188  -17.065  -35.247 0.0000000000
65896  -22.443  -16.229  -35.457 0.0000000000
74493  -17.464  -6.693  -35.346 0.0000000000
74519  -18.812  -6.747  -36.324 0.0000000000
74532  -20.126  -6.287  -37.252 0.0000000000
118343  -21.579  -6.621  -37.581 0.0000000000
73689  -21.338  -7.593  -37.423 0.0000000000
72839  -21.638  -8.506  -37.399 0.0000000000
114165  -22.066  -9.245  -37.428 0.0000000000
71975  -20.071  -9.905  -36.615 0.0000000000
71142  -21.639  -9.942  -37.264 0.0000000000
71977  -23.544  -9.888  -37.345 0.0000000000
71130  -23.822  -10.645  -36.971 0.0000000000
70292  -24.084  -11.288  -36.567 0.0000000000
110932  -21.525  4.204  -36.303 0.0000000000
80148  -18.509  0.253  -37.046 0.0000000000
80161  -19.947  0.432  -37.810 0.0000000000
126385  -20.884  0.793  -37.612 0.0000000000
79348  -21.070  -0.878  -38.118 0.0000000000
132754  -21.087  -0.241  -38.003 0.0000000000
126911  -22.414  0.635  -36.799 0.0000000000
74534  -23.296  -6.350  -37.571 0.0000000000
74536  -24.885  -6.156  -37.543 0.0000000000
68488  -17.018  -13.320  -33.240 0.0000000000
68500  -18.595  -13.259  -34.221 0.0000000000
68501  -19.469  -13.396  -34.692 0.0000000000
68513  -20.631  -13.120  -35.402 0.0000000000
121829  -22.285  -14.775  -35.629 0.0000000000
112567  -22.198  -14.077  -35.764 0.0000000000
128170  -22.183  -13.440  -35.910 0.0000000000
81004  -17.251  1.692  -36.069 0.0000000000
75378  -20.134  -5.533  -37.402 0.0000000000
113180  -21.410  -4.750  -37.741 0.0000000000
71946  -17.515  -9.506  -34.293 0.0000000000
72794  -17.732  -8.758  -34.583 0.0000000000
72810  -18.435  -8.800  -35.172 0.0000000000
121340  -18.629  -8.058  -35.551 0.0000000000
127459  -19.172  -8.751  -35.706 0.0000000000
130320  -19.635  -8.748  -36.234 0.0000000000
72811  -19.598  -9.367  -36.074 0.0000000000
69433  -20.949  -11.871  -36.063 0.0000000000
69434  -21.559  -12.226  -36.126 0.0000000000
127869  -19.419  5.029  -36.809 0.0000000000
84151  -18.788  5.629  -36.490 0.0000000000
129243  -20.328  6.533  -36.304 0.0000000000
84153  -21.398  5.817  -36.224 0.0000000000
83423  -21.045  4.817  -36.400 0.0000000000
126308  -21.412  1.885  -37.033 0.0000000000
81871  -21.971  2.373  -36.213 0.0000000000
81042  -22.224  1.541  -36.432 0.0000000000
124945  -17.402  -3.008  -35.791 0.0000000000
77714  -17.754  -2.258  -36.292 0.0000000000
78533  -18.795  -1.555  -37.299 0.0000000000
78537  -23.096  -1.810  -37.352 0.0000000000
72841  -23.352  -8.531  -37.568 0.0000000000
119193  -23.639  -7.772  -37.582 0.0000000000
72842  -24.189  -8.536  -37.527 0.0000000000
114867  -20.729  -16.191  -34.506 0.0000000000
65887  -19.923  -16.013  -33.954 0.0000000000
66776  -19.471  -15.277  -33.909 0.0000000000
67640  -19.730  -14.631  -34.337 0.0000000000
66778  -21.058  -15.434  -34.868 0.0000000000
70259  -17.671  -12.038  -34.023 0.0000000000
129572  -18.815  -12.062  -34.952 0.0000000000
69408  -19.101  -12.684  -34.829 0.0000000000
110674  -19.092  3.814  -37.372 0.0000000000
110675  -18.856  3.266  -37.451 0.0000000000
133588  -19.301  2.027  -37.559 0.0000000000
113137  -19.460  2.561  -37.562 0.0000000000
110667  -19.945  1.870  -37.667 0.0000000000
76202  -19.556  -4.362  -37.359 0.0000000000
76193  -18.877  -4.478  -36.858 0.0000000000
76963  -19.098  -3.677  -37.224 0.0000000000
76977  -20.049  -2.981  -37.786 0.0000000000
76965  -20.474  -3.697  -37.805 0.0000000000
76980  -21.918  -3.602  -37.862 0.0000000000
76979  -21.266  -3.395  -38.002 0.0000000000
77750  -22.366  -3.085  -37.759 0.0000000000
77751  -23.047  -3.363  -37.530 0.0000000000
77734  -24.023  -3.206  -37.385 0.0000000000
76207  -23.681  -4.489  -37.533 0.0000000000
75383  -24.381  -5.547  -37.587 0.0000000000
65028  -21.267  -17.210  -34.650 0.0000000000
65030  -22.767  -17.646  -35.270 0.0000000000
73643  -16.895  -6.928  -34.739 0.0000000000
73658  -17.405  -7.333  -35.001 0.0000000000
74520  -19.477  -6.552  -36.777 0.0000000000
129441  -20.039  -6.928  -37.065 0.0000000000
74521  -20.731  -6.831  -37.398 0.0000000000
73688  -20.399  -7.582  -37.078 0.0000000000
72838  -20.801  -8.432  -37.171 0.0000000000
72840  -22.494  -8.549  -37.506 0.0000000000
71126  -19.963  -10.819  -36.320 0.0000000000
71129  -22.102  -10.488  -37.198 0.0000000000
71991  -22.548  -9.939  -37.360 0.0000000000
114366  -22.919  -10.699  -37.095 0.0000000000
118102  -23.618  -11.872  -36.541 0.0000000000
69421  -24.271  -12.000  -36.208 0.0000000000
76178  -16.680  -4.762  -34.960 0.0000000000
79301  -16.362  -0.569  -35.337 0.0000000000
79317  -17.123  -0.074  -35.976 0.0000000000
80147  -17.672  0.788  -36.484 0.0000000000
116762  -17.917  -0.130  -36.602 0.0000000000
80162  -20.604  0.498  -37.766 0.0000000000
78554  -20.660  -1.614  -38.159 0.0000000000
78553  -19.943  -1.578  -37.986 0.0000000000
79332  -22.560  -0.787  -37.389 0.0000000000
79331  -21.570  -0.422  -37.829 0.0000000000
80164  -21.971  0.053  -37.396 0.0000000000
80165  -23.985  0.299  -36.479 0.0000000000
74533  -22.417  -6.334  -37.598 0.0000000000
74535  -24.107  -6.273  -37.580 0.0000000000
67631  -17.532  -14.236  -33.285 0.0000000000
132336  -17.876  -13.513  -33.626 0.0000000000
68499  -17.771  -12.827  -33.800 0.0000000000
128376  -19.854  -14.017  -34.607 0.0000000000
68502  -20.222  -13.613  -34.972 0.0000000000
66786  -21.861  -15.371  -35.351 0.0000000000
117299  -17.619  -11.208  -34.197 0.0000000000
70242  -17.105  -11.617  -33.604 0.0000000000
110673  -18.076  2.570  -37.055 0.0000000000
81019  -18.659  1.774  -37.345 0.0000000000
75363  -18.655  -5.395  -36.522 0.0000000000
120832  -20.024  -4.885  -37.491 0.0000000000
76203  -20.281  -4.327  -37.659 0.0000000000
76204  -20.954  -4.303  -37.809 0.0000000000
76221  -21.554  -4.153  -37.824 0.0000000000
76222  -22.287  -4.304  -37.714 0.0000000000
76206  -22.896  -5.006  -37.605 0.0000000000
73659  -18.032  -7.367  -35.475 0.0000000000
120968  -20.473  -9.184  -36.895 0.0000000000
70273  -19.686  -11.419  -35.739 0.0000000000
70288  -20.765  -11.183  -36.482 0.0000000000
69436  -23.068  -12.446  -36.408 0.0000000000
110677  -18.314  4.752  -36.614 0.0000000000
84144  -22.438  5.609  -35.926 0.0000000000
110815  -21.604  3.310  -36.314 0.0000000000
117520  -16.720  -2.930  -35.166 0.0000000000
78516  -17.387  -1.529  -36.080 0.0000000000
79319  -18.553  -0.729  -37.024 0.0000000000
79328  -19.125  -1.023  -37.528 0.0000000000
73691  -23.042  -7.069  -37.572 0.0000000000
115739  -24.406  -7.633  -37.502 0.0000000000
126905  -18.323  -14.646  -33.499 0.0000000000
119377  -18.205  -9.730  -34.827 0.0000000000
71112  -18.891  -10.397  -35.350 0.0000000000
134332  -19.926  -11.850  -35.727 0.0000000000
69419  -20.301  -12.288  -35.669 0.0000000000
111231  -17.912  4.009  -36.652 0.0000000000
110679  -18.308  4.359  -36.846 0.0000000000
110669  -20.260  4.663  -36.812 0.0000000000
110668  -19.784  4.060  -37.248 0.0000000000
110656  -20.360  3.170  -37.395 0.0000000000
110756  -20.783  2.298  -37.357 0.0000000000
110850  -20.947  1.373  -37.435 0.0000000000
76192  -18.167  -4.578  -36.257 0.0000000000
125171  -18.755  -2.953  -37.102 0.0000000000
77731  -19.014  -2.223  -37.479 0.0000000000
77747  -20.388  -2.362  -38.034 0.0000000000
77748  -20.965  -2.267  -38.178 0.0000000000
125618  -20.949  -2.804  -38.124 0.0000000000
130910  -23.922  -2.490  -37.309 0.0000000000
71993  -24.204  -9.363  -37.345 0.0000000000
65889  -21.586  -16.261  -35.053 0.0000000000
74508  -18.221  -6.860  -35.855 0.0000000000
112911  -18.887  -6.151  -36.526 0.0000000000
75379  -20.959  -5.956  -37.618 0.0000000000
114903  -21.754  -5.946  -37.650 0.0000000000
123852  -22.093  -7.936  -37.495 0.0000000000
112326  -22.989  -9.238  -37.523 0.0000000000
71976  -20.815  -9.938  -37.040 0.0000000000
71127  -20.565  -10.512  -36.733 0.0000000000
71978  -24.262  -10.037  -37.028 0.0000000000
70291  -23.455  -11.221  -36.796 0.0000000000
112041  -22.340  4.103  -36.020 0.0000000000
125388  -18.352  1.095  -37.055 0.0000000000
118867  -19.089  0.770  -37.436 0.0000000000
110663  -20.375  1.145  -37.676 0.0000000000
78534  -19.339  -1.573  -37.678 0.0000000000
79347  -20.276  -0.893  -38.076 0.0000000000
79330  -20.589  -0.148  -37.966 0.0000000000
80163  -21.145  0.234  -37.795 0.0000000000
110847  -21.391  0.730  -37.446 0.0000000000
116392  -22.857  -5.770  -37.574 0.0000000000
75382  -23.556  -5.672  -37.568 0.0000000000
69391  -16.528  -12.784  -33.121 0.0000000000
68512  -19.838  -12.880  -35.210 0.0000000000
131575  -21.267  -14.938  -35.100 0.0000000000
67647  -21.518  -14.435  -35.369 0.0000000000
128210  -21.488  -13.488  -35.615 0.0000000000
68528  -21.854  -12.849  -35.978 0.0000000000
68529  -22.572  -13.000  -36.145 0.0000000000
84158  -18.513  4.941  -36.658 0.0000000000
110967  -18.449  3.916  -37.156 0.0000000000
