#!ascii label  , from subject sub-v1s10x0051123_ses-1 vox2ras=TkReg
576
125096  -53.999  -55.954  -35.238 0.0000000000
21495  -46.914  -52.237  -37.452 0.0000000000
21401  -47.174  -52.201  -30.021 0.0000000000
15694  -47.986  -57.217  -34.803 0.0000000000
23440  -43.356  -49.480  -33.062 0.0000000000
17607  -53.432  -55.010  -28.814 0.0000000000
19552  -43.942  -53.348  -25.748 0.0000000000
20379  -40.311  -52.061  -20.698 0.0000000000
23390  -43.667  -49.500  -28.953 0.0000000000
21410  -44.153  -51.590  -31.246 0.0000000000
25525  -41.817  -47.473  -30.648 0.0000000000
125473  -49.071  -54.450  -26.991 0.0000000000
119571  -47.112  -53.866  -24.157 0.0000000000
24331  -36.917  -48.800  -20.378 0.0000000000
23317  -37.868  -50.061  -23.144 0.0000000000
13688  -51.409  -59.130  -37.623 0.0000000000
119953  -46.313  -55.318  -36.449 0.0000000000
13682  -45.601  -59.231  -37.570 0.0000000000
124095  -45.927  -56.654  -38.740 0.0000000000
19631  -50.825  -53.559  -32.488 0.0000000000
15697  -50.629  -57.514  -34.904 0.0000000000
18661  -45.382  -54.178  -33.507 0.0000000000
22430  -44.592  -51.092  -35.162 0.0000000000
18592  -50.233  -54.643  -29.622 0.0000000000
19588  -46.112  -53.188  -28.009 0.0000000000
22352  -41.523  -50.530  -27.621 0.0000000000
19480  -45.603  -53.547  -21.695 0.0000000000
124513  -42.596  -53.164  -23.395 0.0000000000
21349  -39.878  -51.033  -25.811 0.0000000000
25460  -37.758  -47.737  -27.171 0.0000000000
13685  -49.113  -59.785  -38.356 0.0000000000
128732  -44.396  -45.468  -38.408 0.0000000000
23490  -48.630  -49.649  -36.469 0.0000000000
22473  -51.284  -50.790  -37.955 0.0000000000
25499  -41.758  -48.110  -28.795 0.0000000000
24460  -43.112  -48.488  -29.543 0.0000000000
15727  -53.166  -57.832  -36.635 0.0000000000
19669  -45.976  -53.592  -36.740 0.0000000000
16717  -46.168  -56.282  -37.175 0.0000000000
18723  -47.021  -54.993  -38.208 0.0000000000
16740  -46.904  -55.690  -39.281 0.0000000000
20583  -47.659  -53.000  -38.244 0.0000000000
119670  -48.776  -53.276  -31.306 0.0000000000
19629  -48.360  -53.522  -31.950 0.0000000000
22398  -43.408  -50.729  -32.054 0.0000000000
20516  -44.323  -52.877  -32.524 0.0000000000
21438  -43.527  -51.753  -33.430 0.0000000000
19656  -44.439  -53.081  -34.555 0.0000000000
125868  -43.944  -50.255  -34.218 0.0000000000
18609  -52.813  -54.492  -31.023 0.0000000000
17606  -51.629  -55.277  -28.870 0.0000000000
19555  -46.848  -53.978  -25.932 0.0000000000
120190  -47.486  -53.959  -27.334 0.0000000000
19581  -45.528  -53.420  -27.228 0.0000000000
21377  -43.705  -52.011  -27.942 0.0000000000
126040  -42.593  -52.626  -26.511 0.0000000000
19465  -42.863  -53.215  -21.120 0.0000000000
19492  -43.730  -53.408  -22.629 0.0000000000
140439  -41.917  -52.888  -22.121 0.0000000000
23328  -37.525  -48.836  -24.232 0.0000000000
22316  -38.644  -50.653  -24.210 0.0000000000
23345  -38.030  -49.490  -25.472 0.0000000000
23356  -38.268  -49.307  -26.357 0.0000000000
15695  -48.856  -57.168  -34.537 0.0000000000
14673  -50.329  -58.580  -35.938 0.0000000000
14687  -48.769  -59.172  -36.319 0.0000000000
12627  -45.801  -60.360  -38.748 0.0000000000
29824  -44.513  -43.451  -38.423 0.0000000000
25626  -46.607  -47.372  -37.437 0.0000000000
24568  -50.491  -48.276  -36.744 0.0000000000
22379  -45.275  -50.645  -29.550 0.0000000000
20504  -46.163  -51.567  -30.150 0.0000000000
23407  -44.556  -49.704  -30.026 0.0000000000
24487  -43.160  -48.980  -30.877 0.0000000000
24509  -42.769  -48.481  -31.584 0.0000000000
18562  -51.029  -54.877  -27.224 0.0000000000
19557  -48.477  -54.277  -25.370 0.0000000000
19534  -45.625  -53.754  -24.873 0.0000000000
21285  -38.296  -50.804  -20.672 0.0000000000
21319  -39.674  -51.794  -22.166 0.0000000000
23303  -37.630  -49.933  -22.209 0.0000000000
24363  -37.003  -48.213  -23.113 0.0000000000
132841  -37.200  -46.771  -23.877 0.0000000000
16691  -46.645  -56.414  -35.632 0.0000000000
14685  -46.667  -58.525  -36.245 0.0000000000
14684  -45.951  -57.902  -36.526 0.0000000000
15744  -45.236  -57.830  -37.959 0.0000000000
14722  -44.821  -58.100  -39.473 0.0000000000
15762  -45.862  -57.003  -40.763 0.0000000000
17749  -47.707  -55.429  -40.469 0.0000000000
18752  -48.921  -54.469  -40.403 0.0000000000
18684  -52.686  -54.395  -34.255 0.0000000000
16692  -52.465  -56.905  -35.409 0.0000000000
131101  -50.098  -55.924  -33.970 0.0000000000
17674  -48.167  -55.776  -33.898 0.0000000000
19613  -45.917  -53.448  -31.835 0.0000000000
18662  -46.348  -54.432  -33.096 0.0000000000
17672  -46.623  -55.284  -34.447 0.0000000000
18682  -45.935  -54.760  -34.892 0.0000000000
19668  -45.358  -53.414  -36.041 0.0000000000
21483  -45.637  -51.997  -36.485 0.0000000000
19633  -52.557  -53.263  -33.022 0.0000000000
18623  -50.766  -53.806  -31.386 0.0000000000
19596  -48.276  -53.403  -29.640 0.0000000000
18576  -49.909  -54.760  -28.096 0.0000000000
19590  -48.135  -53.907  -28.681 0.0000000000
20489  -46.542  -52.396  -28.837 0.0000000000
21383  -45.385  -51.207  -28.913 0.0000000000
22367  -42.964  -50.115  -28.406 0.0000000000
24424  -41.072  -48.877  -28.246 0.0000000000
125625  -46.377  -53.629  -22.952 0.0000000000
19514  -44.999  -53.591  -23.384 0.0000000000
20447  -43.023  -53.322  -24.816 0.0000000000
21330  -40.002  -51.967  -23.499 0.0000000000
21338  -40.865  -52.244  -24.760 0.0000000000
20464  -42.016  -52.659  -25.813 0.0000000000
22337  -40.265  -50.675  -26.602 0.0000000000
23368  -39.569  -49.271  -27.368 0.0000000000
14674  -51.500  -58.225  -36.593 0.0000000000
13686  -50.535  -59.570  -38.087 0.0000000000
13684  -47.715  -59.849  -37.596 0.0000000000
12629  -48.137  -60.344  -39.170 0.0000000000
24538  -44.303  -48.912  -34.725 0.0000000000
24539  -45.144  -49.133  -35.238 0.0000000000
23472  -46.457  -49.617  -35.718 0.0000000000
24564  -46.685  -48.438  -36.164 0.0000000000
22456  -47.777  -50.662  -36.961 0.0000000000
134521  -49.096  -51.040  -37.855 0.0000000000
20586  -50.136  -51.927  -38.835 0.0000000000
131676  -41.244  -47.475  -28.856 0.0000000000
25498  -41.626  -47.396  -29.243 0.0000000000
15718  -53.660  -57.871  -36.319 0.0000000000
16693  -53.566  -56.853  -35.758 0.0000000000
20570  -46.392  -52.930  -37.225 0.0000000000
19679  -46.651  -53.860  -37.442 0.0000000000
20571  -47.103  -53.011  -37.751 0.0000000000
19680  -47.360  -53.693  -38.121 0.0000000000
139505  -48.209  -53.022  -30.754 0.0000000000
129578  -49.201  -53.488  -32.033 0.0000000000
19615  -47.853  -53.120  -31.262 0.0000000000
23424  -43.280  -49.754  -32.184 0.0000000000
132167  -43.508  -51.810  -32.771 0.0000000000
22408  -43.382  -51.087  -32.957 0.0000000000
22418  -43.569  -51.040  -33.841 0.0000000000
127950  -43.540  -50.248  -33.472 0.0000000000
18580  -54.596  -54.622  -29.361 0.0000000000
17617  -53.637  -54.801  -29.570 0.0000000000
17616  -52.587  -55.126  -29.357 0.0000000000
19554  -45.404  -53.688  -25.572 0.0000000000
19573  -46.011  -53.729  -26.356 0.0000000000
19571  -44.237  -53.301  -26.403 0.0000000000
20476  -43.880  -53.014  -27.012 0.0000000000
20475  -43.408  -53.088  -26.328 0.0000000000
21286  -39.629  -51.623  -20.307 0.0000000000
21262  -40.263  -51.859  -19.791 0.0000000000
20357  -40.837  -52.290  -20.055 0.0000000000
20381  -42.136  -52.875  -20.506 0.0000000000
20380  -41.248  -52.535  -20.828 0.0000000000
123603  -42.007  -52.902  -21.390 0.0000000000
20396  -40.620  -52.296  -21.519 0.0000000000
122717  -37.456  -48.209  -24.577 0.0000000000
23329  -37.857  -49.533  -24.579 0.0000000000
24391  -37.687  -48.728  -25.945 0.0000000000
25447  -37.470  -46.987  -25.103 0.0000000000
15713  -48.497  -57.919  -35.044 0.0000000000
14672  -49.186  -58.653  -35.618 0.0000000000
14671  -48.083  -58.491  -35.611 0.0000000000
26720  -47.685  -46.521  -37.955 0.0000000000
24567  -49.725  -48.517  -36.570 0.0000000000
25629  -49.779  -47.262  -37.064 0.0000000000
23391  -44.290  -49.941  -29.105 0.0000000000
22386  -45.052  -50.286  -29.896 0.0000000000
23400  -44.222  -49.542  -29.586 0.0000000000
25526  -42.422  -47.789  -30.190 0.0000000000
24475  -43.494  -48.655  -30.046 0.0000000000
136924  -42.824  -48.313  -30.551 0.0000000000
25539  -42.269  -47.942  -31.075 0.0000000000
119021  -46.951  -54.029  -25.031 0.0000000000
119626  -46.240  -53.771  -24.401 0.0000000000
23272  -37.777  -50.177  -20.167 0.0000000000
127151  -37.731  -50.207  -20.862 0.0000000000
22293  -37.988  -50.466  -21.530 0.0000000000
23284  -37.450  -49.788  -21.360 0.0000000000
25416  -37.063  -47.409  -23.507 0.0000000000
12609  -50.687  -59.989  -38.021 0.0000000000
17690  -46.422  -55.620  -35.736 0.0000000000
15725  -46.325  -57.106  -36.059 0.0000000000
137672  -46.329  -56.230  -36.345 0.0000000000
16729  -46.200  -56.292  -38.074 0.0000000000
16728  -45.645  -57.074  -37.989 0.0000000000
16738  -45.431  -57.323  -38.656 0.0000000000
15753  -45.307  -57.464  -39.358 0.0000000000
15761  -45.266  -57.546  -40.169 0.0000000000
18736  -47.957  -54.715  -39.356 0.0000000000
17740  -47.552  -55.290  -39.688 0.0000000000
17741  -48.198  -54.924  -40.061 0.0000000000
17750  -48.393  -55.032  -40.879 0.0000000000
18738  -48.999  -53.964  -39.703 0.0000000000
19646  -52.174  -53.305  -33.447 0.0000000000
137588  -51.706  -54.961  -33.987 0.0000000000
17675  -49.195  -55.836  -33.814 0.0000000000
17651  -47.984  -55.115  -33.459 0.0000000000
21411  -45.180  -51.577  -30.558 0.0000000000
20512  -46.303  -52.927  -31.120 0.0000000000
138392  -45.463  -53.001  -31.444 0.0000000000
126228  -45.598  -53.876  -32.621 0.0000000000
17650  -46.713  -54.940  -33.701 0.0000000000
123309  -46.009  -54.703  -34.002 0.0000000000
21456  -44.163  -51.747  -34.840 0.0000000000
19661  -44.782  -53.051  -35.433 0.0000000000
20547  -44.771  -52.345  -35.645 0.0000000000
20557  -45.167  -52.584  -36.097 0.0000000000
120880  -45.035  -51.259  -35.671 0.0000000000
18608  -51.774  -54.701  -30.500 0.0000000000
18624  -51.753  -54.142  -31.456 0.0000000000
18607  -50.299  -54.170  -30.560 0.0000000000
19604  -49.456  -53.575  -30.741 0.0000000000
18606  -49.664  -54.227  -29.991 0.0000000000
18561  -50.254  -54.712  -27.222 0.0000000000
125958  -50.605  -54.915  -27.780 0.0000000000
120080  -49.564  -54.581  -27.351 0.0000000000
19582  -46.809  -53.593  -27.685 0.0000000000
19583  -48.003  -54.129  -27.876 0.0000000000
129476  -46.803  -53.215  -28.395 0.0000000000
19595  -47.709  -53.321  -29.115 0.0000000000
21384  -45.983  -51.732  -28.912 0.0000000000
20488  -45.314  -52.090  -28.429 0.0000000000
139297  -42.538  -51.369  -27.672 0.0000000000
22354  -43.054  -50.944  -28.163 0.0000000000
22353  -42.314  -50.732  -27.910 0.0000000000
23371  -42.117  -49.936  -28.211 0.0000000000
23370  -41.298  -49.703  -27.934 0.0000000000
137229  -46.180  -53.590  -22.270 0.0000000000
19491  -42.965  -53.238  -22.664 0.0000000000
129845  -43.340  -53.361  -23.342 0.0000000000
19512  -43.659  -53.449  -24.089 0.0000000000
139653  -42.958  -53.318  -23.981 0.0000000000
22306  -38.339  -50.726  -22.478 0.0000000000
133542  -40.081  -52.100  -22.682 0.0000000000
22307  -38.887  -51.181  -23.038 0.0000000000
21337  -39.602  -51.232  -24.937 0.0000000000
133062  -40.117  -51.786  -24.387 0.0000000000
21350  -40.374  -51.635  -25.308 0.0000000000
127558  -41.648  -52.654  -24.983 0.0000000000
21351  -41.195  -52.103  -25.768 0.0000000000
21363  -40.632  -51.385  -26.196 0.0000000000
24405  -37.938  -48.545  -26.801 0.0000000000
23357  -39.063  -49.696  -26.685 0.0000000000
24421  -38.415  -48.207  -27.479 0.0000000000
24422  -39.293  -48.513  -27.709 0.0000000000
15698  -51.405  -57.083  -34.902 0.0000000000
15716  -51.768  -57.612  -35.712 0.0000000000
13674  -49.699  -59.453  -37.631 0.0000000000
14701  -50.660  -59.095  -37.716 0.0000000000
131289  -50.009  -59.736  -38.573 0.0000000000
12631  -49.919  -60.073  -39.009 0.0000000000
13700  -49.826  -59.973  -38.982 0.0000000000
14700  -46.065  -58.857  -36.852 0.0000000000
13672  -47.051  -59.324  -36.736 0.0000000000
13683  -46.542  -59.630  -37.385 0.0000000000
11688  -46.454  -61.148  -40.158 0.0000000000
12628  -46.932  -60.472  -38.853 0.0000000000
24537  -43.589  -48.542  -34.358 0.0000000000
25583  -43.373  -47.908  -34.768 0.0000000000
24552  -45.327  -48.403  -35.761 0.0000000000
23471  -45.772  -49.718  -35.441 0.0000000000
24553  -46.093  -48.948  -35.674 0.0000000000
25614  -47.161  -47.904  -36.735 0.0000000000
24565  -47.606  -48.613  -36.258 0.0000000000
118496  -47.888  -50.029  -36.340 0.0000000000
22457  -48.354  -50.933  -37.477 0.0000000000
141458  -48.958  -50.546  -37.327 0.0000000000
22459  -50.711  -50.282  -37.385 0.0000000000
21498  -50.104  -51.068  -38.103 0.0000000000
21511  -50.878  -51.415  -38.481 0.0000000000
24443  -42.654  -48.520  -28.969 0.0000000000
24461  -43.674  -49.019  -29.546 0.0000000000
25515  -42.407  -47.906  -29.488 0.0000000000
25514  -41.852  -47.365  -29.830 0.0000000000
24339  -36.763  -48.527  -21.289 0.0000000000
124188  -36.451  -46.919  -21.004 0.0000000000
14691  -52.600  -58.291  -36.924 0.0000000000
18702  -46.196  -54.454  -36.678 0.0000000000
17697  -46.329  -55.677  -36.997 0.0000000000
18712  -46.592  -54.913  -37.373 0.0000000000
17709  -46.527  -55.616  -37.748 0.0000000000
17724  -46.748  -55.603  -38.537 0.0000000000
17725  -47.345  -55.113  -38.942 0.0000000000
18724  -47.630  -54.368  -38.612 0.0000000000
19696  -48.052  -53.502  -38.623 0.0000000000
19630  -50.009  -53.519  -32.234 0.0000000000
136158  -48.738  -53.946  -32.501 0.0000000000
21409  -43.635  -51.396  -31.812 0.0000000000
20510  -44.687  -52.532  -31.490 0.0000000000
21422  -43.804  -52.115  -32.127 0.0000000000
20515  -43.755  -52.381  -32.980 0.0000000000
20528  -44.201  -52.956  -33.580 0.0000000000
120329  -44.725  -53.722  -33.979 0.0000000000
20527  -43.751  -52.284  -33.717 0.0000000000
21455  -43.718  -51.725  -34.174 0.0000000000
22419  -44.022  -51.034  -34.537 0.0000000000
118158  -52.384  -54.889  -30.121 0.0000000000
118272  -50.891  -55.099  -29.179 0.0000000000
123390  -47.544  -54.095  -26.465 0.0000000000
19575  -48.285  -54.262  -26.990 0.0000000000
19574  -46.831  -53.809  -26.816 0.0000000000
127909  -46.250  -53.579  -27.221 0.0000000000
124204  -44.740  -52.540  -27.966 0.0000000000
19580  -44.638  -53.149  -27.269 0.0000000000
20480  -43.277  -52.498  -27.236 0.0000000000
21375  -41.812  -51.402  -27.263 0.0000000000
19466  -43.505  -53.314  -20.597 0.0000000000
19478  -43.756  -53.401  -21.319 0.0000000000
141890  -45.087  -53.550  -22.113 0.0000000000
119954  -43.313  -53.319  -21.951 0.0000000000
20398  -42.551  -53.115  -21.989 0.0000000000
20411  -42.229  -53.000  -22.720 0.0000000000
126810  -37.655  -49.442  -23.733 0.0000000000
22311  -38.497  -50.699  -23.481 0.0000000000
129567  -38.117  -50.142  -24.024 0.0000000000
22325  -38.468  -50.213  -24.907 0.0000000000
22326  -39.176  -50.625  -25.418 0.0000000000
22336  -39.462  -50.375  -26.255 0.0000000000
23346  -38.681  -50.016  -25.886 0.0000000000
25459  -37.531  -47.084  -26.760 0.0000000000
15696  -49.819  -57.233  -34.554 0.0000000000
15715  -50.748  -58.077  -35.478 0.0000000000
15714  -49.695  -57.986  -35.015 0.0000000000
13698  -46.144  -60.020  -38.048 0.0000000000
130288  -45.520  -44.781  -38.535 0.0000000000
27805  -45.986  -45.454  -38.510 0.0000000000
26732  -45.540  -46.238  -38.361 0.0000000000
26719  -46.913  -46.769  -38.049 0.0000000000
25627  -47.663  -47.241  -37.496 0.0000000000
24566  -48.684  -48.777  -36.374 0.0000000000
22445  -49.258  -50.039  -36.822 0.0000000000
23492  -50.382  -49.013  -36.656 0.0000000000
23509  -51.050  -49.413  -37.019 0.0000000000
21400  -46.669  -51.788  -29.917 0.0000000000
20505  -46.761  -52.282  -30.388 0.0000000000
21399  -45.616  -50.879  -29.955 0.0000000000
21398  -44.702  -50.560  -30.396 0.0000000000
24462  -44.026  -49.210  -29.899 0.0000000000
23406  -43.783  -49.329  -30.373 0.0000000000
22391  -43.732  -50.770  -31.241 0.0000000000
23412  -43.434  -49.882  -31.284 0.0000000000
125110  -43.151  -49.197  -31.642 0.0000000000
127037  -43.108  -48.905  -32.428 0.0000000000
18579  -52.390  -55.216  -28.243 0.0000000000
18545  -49.783  -54.522  -26.486 0.0000000000
18530  -49.589  -54.400  -25.606 0.0000000000
18529  -48.912  -54.397  -26.148 0.0000000000
19556  -47.626  -54.165  -25.615 0.0000000000
118662  -46.181  -53.869  -25.351 0.0000000000
22271  -38.918  -51.217  -20.035 0.0000000000
141710  -39.652  -51.733  -20.972 0.0000000000
21305  -39.960  -51.943  -21.484 0.0000000000
21303  -38.626  -51.122  -21.564 0.0000000000
23302  -37.092  -49.195  -21.835 0.0000000000
23316  -37.274  -49.173  -22.840 0.0000000000
120858  -37.337  -48.775  -23.567 0.0000000000
24372  -37.298  -48.135  -23.899 0.0000000000
25431  -37.355  -47.387  -24.401 0.0000000000
16670  -47.293  -56.652  -35.042 0.0000000000
15712  -47.466  -57.634  -35.338 0.0000000000
136561  -46.647  -57.771  -35.856 0.0000000000
14699  -45.446  -58.337  -37.325 0.0000000000
14721  -44.487  -58.843  -39.503 0.0000000000
16752  -47.020  -55.841  -40.050 0.0000000000
16751  -46.449  -56.429  -40.413 0.0000000000
16762  -46.554  -56.538  -41.279 0.0000000000
17757  -47.881  -55.579  -41.311 0.0000000000
17678  -53.339  -55.270  -34.738 0.0000000000
16675  -53.027  -56.093  -35.196 0.0000000000
17677  -52.246  -55.505  -34.458 0.0000000000
17676  -51.079  -55.735  -34.108 0.0000000000
140684  -50.472  -55.461  -33.830 0.0000000000
16673  -50.580  -56.667  -34.429 0.0000000000
16672  -49.511  -56.554  -34.222 0.0000000000
16671  -48.726  -56.392  -34.166 0.0000000000
124314  -48.034  -56.544  -34.439 0.0000000000
20513  -47.125  -52.862  -30.905 0.0000000000
19614  -46.862  -53.347  -31.550 0.0000000000
19626  -45.024  -53.344  -32.096 0.0000000000
19627  -46.542  -53.843  -32.293 0.0000000000
17673  -47.339  -55.340  -33.832 0.0000000000
120026  -47.367  -55.898  -34.463 0.0000000000
16669  -46.806  -55.811  -35.106 0.0000000000
129844  -46.350  -55.258  -35.197 0.0000000000
18693  -46.045  -54.802  -35.788 0.0000000000
138306  -44.909  -53.662  -34.881 0.0000000000
18692  -45.459  -54.089  -35.399 0.0000000000
18701  -45.752  -54.085  -36.159 0.0000000000
20558  -45.750  -52.781  -36.649 0.0000000000
126643  -46.242  -52.170  -36.965 0.0000000000
18667  -53.543  -53.651  -34.147 0.0000000000
19647  -53.136  -53.204  -33.690 0.0000000000
19632  -51.658  -53.420  -32.802 0.0000000000
18625  -52.756  -53.837  -32.068 0.0000000000
19619  -51.949  -53.601  -32.325 0.0000000000
19618  -51.205  -53.556  -32.082 0.0000000000
19605  -50.086  -53.603  -31.281 0.0000000000
19603  -48.650  -53.291  -30.454 0.0000000000
20507  -48.078  -52.945  -30.247 0.0000000000
18578  -51.295  -55.155  -28.040 0.0000000000
18577  -50.640  -55.036  -28.412 0.0000000000
120359  -50.191  -54.889  -28.873 0.0000000000
18575  -48.849  -54.417  -28.051 0.0000000000
18590  -48.691  -54.134  -29.091 0.0000000000
19597  -49.007  -53.869  -29.865 0.0000000000
20498  -47.605  -52.683  -29.778 0.0000000000
20497  -46.963  -52.175  -29.586 0.0000000000
21391  -46.409  -51.702  -29.495 0.0000000000
22369  -44.658  -50.619  -28.891 0.0000000000
20487  -44.512  -51.768  -28.341 0.0000000000
21382  -43.787  -51.250  -28.315 0.0000000000
23388  -41.967  -49.060  -28.474 0.0000000000
24442  -40.806  -48.077  -28.481 0.0000000000
19494  -45.525  -53.580  -22.636 0.0000000000
19515  -45.842  -53.622  -23.537 0.0000000000
119627  -45.361  -53.654  -24.187 0.0000000000
118786  -44.922  -53.646  -24.880 0.0000000000
120639  -44.014  -53.461  -24.960 0.0000000000
142425  -40.194  -52.126  -22.030 0.0000000000
20410  -41.423  -52.684  -22.714 0.0000000000
20425  -41.200  -52.606  -23.467 0.0000000000
21329  -39.241  -51.289  -23.913 0.0000000000
20444  -40.672  -52.324  -23.905 0.0000000000
20445  -41.406  -52.650  -24.140 0.0000000000
20446  -42.241  -53.049  -24.267 0.0000000000
135748  -42.307  -53.014  -25.131 0.0000000000
20465  -42.758  -53.075  -25.707 0.0000000000
21364  -41.271  -51.637  -26.575 0.0000000000
22338  -40.983  -51.043  -27.000 0.0000000000
23358  -39.888  -49.999  -27.017 0.0000000000
22351  -40.715  -50.262  -27.331 0.0000000000
23369  -40.458  -49.477  -27.633 0.0000000000
24441  -39.914  -47.961  -28.267 0.0000000000
129496  -52.972  -57.393  -36.313 0.0000000000
15726  -52.482  -57.955  -36.803 0.0000000000
14690  -51.945  -58.456  -37.344 0.0000000000
14702  -51.233  -58.993  -37.731 0.0000000000
13687  -50.657  -59.556  -37.970 0.0000000000
11682  -50.136  -60.114  -38.740 0.0000000000
14686  -47.615  -58.951  -36.175 0.0000000000
13673  -48.268  -59.544  -37.010 0.0000000000
12608  -47.238  -60.180  -38.144 0.0000000000
138874  -48.322  -60.081  -38.515 0.0000000000
135171  -40.777  -46.397  -29.997 0.0000000000
25538  -41.792  -47.453  -31.498 0.0000000000
24508  -42.301  -47.807  -32.014 0.0000000000
24525  -42.745  -48.190  -32.656 0.0000000000
119969  -43.187  -48.615  -33.465 0.0000000000
23455  -43.716  -49.360  -34.025 0.0000000000
23456  -44.514  -49.614  -34.685 0.0000000000
25597  -43.908  -47.796  -35.552 0.0000000000
24551  -44.572  -48.438  -35.364 0.0000000000
23457  -45.137  -49.843  -35.096 0.0000000000
22441  -45.696  -51.142  -36.117 0.0000000000
22432  -46.193  -50.254  -35.802 0.0000000000
22442  -46.632  -50.806  -36.454 0.0000000000
26717  -45.146  -46.793  -37.898 0.0000000000
25625  -45.667  -47.350  -37.330 0.0000000000
24563  -45.944  -48.263  -36.108 0.0000000000
23473  -47.000  -49.168  -35.884 0.0000000000
22433  -47.081  -49.937  -36.003 0.0000000000
21485  -47.196  -50.970  -36.917 0.0000000000
20572  -47.624  -52.318  -37.964 0.0000000000
21497  -48.382  -51.698  -38.078 0.0000000000
140721  -48.740  -52.048  -38.469 0.0000000000
21510  -49.244  -51.651  -38.392 0.0000000000
20585  -49.140  -52.332  -38.807 0.0000000000
19712  -49.537  -53.464  -39.669 0.0000000000
12610  -51.262  -59.543  -37.602 0.0000000000
12648  -46.662  -60.761  -39.529 0.0000000000
12649  -47.852  -60.627  -39.906 0.0000000000
13699  -49.177  -60.129  -39.237 0.0000000000
13701  -50.220  -59.908  -38.571 0.0000000000
14670  -47.221  -58.285  -35.768 0.0000000000
14688  -49.958  -59.023  -36.720 0.0000000000
14689  -51.072  -58.686  -37.280 0.0000000000
14703  -52.006  -58.730  -37.404 0.0000000000
15711  -46.833  -57.112  -35.563 0.0000000000
15717  -53.515  -57.498  -36.256 0.0000000000
16674  -51.770  -56.396  -34.659 0.0000000000
16763  -47.142  -55.959  -40.881 0.0000000000
17596  -53.304  -55.034  -28.050 0.0000000000
18591  -49.462  -54.507  -29.104 0.0000000000
18593  -51.684  -55.052  -29.672 0.0000000000
18594  -53.300  -54.719  -30.213 0.0000000000
18666  -52.669  -53.476  -33.901 0.0000000000
18685  -53.720  -54.495  -34.510 0.0000000000
18713  -47.054  -54.371  -37.978 0.0000000000
18725  -48.371  -54.070  -39.158 0.0000000000
18737  -48.503  -54.450  -39.718 0.0000000000
19479  -44.638  -53.498  -21.586 0.0000000000
19493  -44.591  -53.517  -22.522 0.0000000000
19513  -44.139  -53.495  -23.339 0.0000000000
19516  -46.565  -53.695  -23.658 0.0000000000
19553  -44.600  -53.505  -25.643 0.0000000000
19572  -45.046  -53.529  -26.425 0.0000000000
19589  -47.417  -53.639  -28.320 0.0000000000
19616  -49.638  -53.457  -31.625 0.0000000000
19617  -50.409  -53.496  -31.876 0.0000000000
19628  -47.467  -53.652  -32.043 0.0000000000
19645  -51.235  -53.638  -33.134 0.0000000000
20397  -41.331  -52.619  -21.812 0.0000000000
20409  -40.706  -52.387  -22.309 0.0000000000
20424  -40.651  -52.387  -23.106 0.0000000000
20426  -41.859  -52.866  -23.446 0.0000000000
20466  -43.417  -53.307  -25.513 0.0000000000
20473  -41.845  -52.140  -26.574 0.0000000000
20474  -42.478  -52.023  -27.221 0.0000000000
20481  -45.332  -52.877  -27.915 0.0000000000
20490  -47.203  -52.855  -29.033 0.0000000000
20506  -47.581  -52.692  -30.453 0.0000000000
20511  -45.721  -52.378  -30.794 0.0000000000
20537  -44.024  -52.406  -34.343 0.0000000000
20546  -44.402  -52.425  -35.077 0.0000000000
20584  -48.334  -52.573  -38.492 0.0000000000
20600  -49.774  -52.757  -39.345 0.0000000000
21304  -39.330  -51.568  -21.557 0.0000000000
21318  -39.034  -51.368  -22.299 0.0000000000
21376  -43.118  -51.694  -27.775 0.0000000000
21390  -45.835  -51.222  -29.514 0.0000000000
21421  -43.503  -51.466  -32.355 0.0000000000
21470  -44.630  -51.779  -35.449 0.0000000000
21471  -45.094  -51.840  -35.986 0.0000000000
21484  -46.760  -51.531  -37.038 0.0000000000
21496  -47.542  -51.474  -37.472 0.0000000000
22368  -43.784  -50.344  -28.632 0.0000000000
22378  -44.731  -50.082  -29.564 0.0000000000
22385  -43.935  -50.066  -30.670 0.0000000000
22420  -44.618  -50.329  -34.821 0.0000000000
22431  -45.310  -50.476  -35.434 0.0000000000
22443  -47.320  -50.448  -36.490 0.0000000000
22444  -48.485  -50.303  -36.856 0.0000000000
23271  -37.360  -49.618  -20.613 0.0000000000
23283  -37.043  -49.212  -21.090 0.0000000000
23389  -42.798  -49.307  -28.672 0.0000000000
23489  -47.835  -49.393  -36.151 0.0000000000
24406  -38.681  -48.994  -27.127 0.0000000000
24423  -40.191  -48.711  -27.948 0.0000000000
24444  -43.238  -48.911  -29.126 0.0000000000
24474  -42.938  -48.154  -29.927 0.0000000000
24550  -43.937  -48.322  -34.965 0.0000000000
25497  -40.562  -47.329  -28.670 0.0000000000
25613  -46.230  -47.852  -36.667 0.0000000000
25615  -48.169  -47.961  -36.762 0.0000000000
25617  -50.132  -47.806  -36.765 0.0000000000
26506  -37.202  -46.057  -23.761 0.0000000000
26718  -46.027  -46.863  -38.037 0.0000000000
26721  -49.479  -46.547  -37.404 0.0000000000
26733  -46.407  -46.196  -38.378 0.0000000000
27804  -45.142  -45.540  -38.493 0.0000000000
118709  -50.976  -54.733  -30.050 0.0000000000
118920  -47.332  -56.144  -41.752 0.0000000000
119661  -46.162  -51.418  -29.852 0.0000000000
121521  -51.097  -54.358  -30.785 0.0000000000
121920  -44.512  -53.573  -24.131 0.0000000000
121972  -46.424  -56.099  -38.852 0.0000000000
125060  -45.858  -52.473  -28.435 0.0000000000
126732  -44.091  -52.547  -27.646 0.0000000000
128811  -39.473  -51.630  -22.941 0.0000000000
129229  -44.008  -53.438  -22.002 0.0000000000
129392  -43.383  -50.262  -32.740 0.0000000000
135546  -39.038  -51.397  -20.843 0.0000000000
137089  -51.090  -55.201  -28.609 0.0000000000
137727  -48.159  -54.276  -26.118 0.0000000000
138233  -46.188  -51.533  -36.638 0.0000000000
138303  -39.026  -50.803  -24.676 0.0000000000
138396  -45.846  -56.843  -37.389 0.0000000000
140533  -50.371  -59.850  -38.407 0.0000000000
141318  -49.053  -54.368  -25.523 0.0000000000
141665  -45.104  -53.562  -35.449 0.0000000000
141856  -45.732  -56.932  -39.254 0.0000000000
