#!ascii label  , from subject sub-v1s10x0051123_ses-1 vox2ras=TkReg
1166
95420  47.920  30.355  -5.674 0.0000000000
96927  57.176  32.166  -4.208 0.0000000000
93117  56.459  27.768  4.900 0.0000000000
94624  44.721  29.239  -2.449 0.0000000000
94562  46.662  29.615  2.470 0.0000000000
96212  51.939  31.575  -8.864 0.0000000000
99103  52.545  35.347  -0.458 0.0000000000
101322  52.249  37.974  -4.905 0.0000000000
90900  55.731  24.545  8.350 0.0000000000
89457  53.754  22.669  0.825 0.0000000000
93856  54.030  28.390  -7.442 0.0000000000
95363  52.501  29.797  -0.366 0.0000000000
96132  53.965  31.576  -0.326 0.0000000000
96068  57.599  31.339  5.861 0.0000000000
104270  51.472  43.451  -6.599 0.0000000000
133425  56.838  33.981  -8.984 0.0000000000
118756  49.930  26.316  3.608 0.0000000000
95396  46.293  29.970  -3.450 0.0000000000
94588  45.128  30.085  0.877 0.0000000000
96147  47.561  31.551  -1.498 0.0000000000
94700  48.385  29.560  -10.017 0.0000000000
95434  45.437  30.868  -7.757 0.0000000000
99896  48.861  36.783  -1.101 0.0000000000
90134  51.326  23.463  7.385 0.0000000000
89428  51.130  21.925  3.565 0.0000000000
123166  48.137  20.736  3.788 0.0000000000
129187  53.018  46.630  -8.294 0.0000000000
94644  56.877  29.641  -6.033 0.0000000000
138692  54.432  29.158  -3.172 0.0000000000
96908  55.917  32.460  -2.021 0.0000000000
99848  55.678  36.707  5.176 0.0000000000
97576  54.844  34.205  4.421 0.0000000000
97554  57.241  34.038  6.397 0.0000000000
130563  55.436  29.842  7.576 0.0000000000
98402  53.839  33.917  -5.161 0.0000000000
129221  54.952  36.617  -6.835 0.0000000000
96947  56.570  32.231  -6.766 0.0000000000
94694  56.169  29.747  -9.347 0.0000000000
94555  54.800  29.032  1.584 0.0000000000
127280  51.101  29.365  3.478 0.0000000000
93118  52.907  27.801  5.125 0.0000000000
93129  44.127  27.327  2.491 0.0000000000
91738  45.996  25.652  2.580 0.0000000000
99203  54.867  35.657  -9.767 0.0000000000
98424  51.834  34.039  -6.880 0.0000000000
98362  54.547  34.547  -2.104 0.0000000000
99099  57.773  35.841  -0.438 0.0000000000
103678  49.747  42.568  -1.523 0.0000000000
103113  52.718  41.901  -2.805 0.0000000000
99145  51.522  35.409  -3.576 0.0000000000
91709  58.117  25.227  6.896 0.0000000000
91724  54.704  25.333  5.601 0.0000000000
137626  55.160  22.531  4.190 0.0000000000
140867  50.519  21.411  0.636 0.0000000000
94658  50.721  29.875  -7.157 0.0000000000
95383  50.870  31.096  -3.140 0.0000000000
94638  52.929  29.212  -4.075 0.0000000000
94597  55.412  28.853  -0.837 0.0000000000
94571  57.304  28.900  0.933 0.0000000000
97606  54.023  33.741  0.846 0.0000000000
96095  55.488  31.151  2.405 0.0000000000
94534  59.505  28.434  3.586 0.0000000000
93081  58.147  27.339  7.783 0.0000000000
93066  54.491  26.858  9.383 0.0000000000
105746  50.400  46.158  -7.812 0.0000000000
128181  54.322  42.924  -8.330 0.0000000000
101984  55.724  39.219  -7.039 0.0000000000
100685  56.926  37.700  -9.645 0.0000000000
96988  55.050  31.883  -10.724 0.0000000000
93884  52.239  28.726  -10.597 0.0000000000
95334  49.284  30.795  1.470 0.0000000000
118572  48.451  28.161  3.197 0.0000000000
90978  47.619  24.467  1.805 0.0000000000
117940  51.769  24.835  3.244 0.0000000000
95409  47.189  30.482  -4.487 0.0000000000
95384  47.076  31.023  -2.273 0.0000000000
96170  48.465  31.413  -3.739 0.0000000000
94671  48.191  29.602  -7.989 0.0000000000
94673  46.756  30.115  -8.604 0.0000000000
95432  47.094  30.018  -6.526 0.0000000000
118656  46.349  30.237  -5.096 0.0000000000
89397  49.643  22.314  6.561 0.0000000000
88652  49.429  21.501  4.577 0.0000000000
87905  48.290  20.825  4.571 0.0000000000
118641  44.622  22.851  1.593 0.0000000000
96177  57.334  31.489  -4.859 0.0000000000
137208  56.298  31.456  -3.923 0.0000000000
96917  57.993  32.235  -2.920 0.0000000000
99816  56.649  36.983  6.059 0.0000000000
99059  57.224  36.124  6.024 0.0000000000
97659  55.518  33.062  -4.854 0.0000000000
97678  55.564  33.155  -6.407 0.0000000000
96940  56.972  31.866  -5.664 0.0000000000
95428  57.913  30.068  -6.326 0.0000000000
130918  55.365  28.524  3.664 0.0000000000
139273  53.895  28.731  4.206 0.0000000000
93762  54.356  28.012  5.114 0.0000000000
93831  43.755  28.453  -1.571 0.0000000000
135641  44.077  28.286  -1.160 0.0000000000
94575  45.418  30.025  1.752 0.0000000000
93796  44.445  28.992  2.065 0.0000000000
118334  45.071  28.586  2.485 0.0000000000
92462  45.469  26.168  2.661 0.0000000000
117665  46.639  27.312  2.764 0.0000000000
96967  54.191  32.731  -8.941 0.0000000000
99190  53.705  35.230  -8.408 0.0000000000
96955  52.036  32.674  -7.486 0.0000000000
95398  44.848  30.099  -3.549 0.0000000000
95377  43.737  29.684  -1.912 0.0000000000
99120  53.865  34.883  -1.444 0.0000000000
99100  56.032  36.123  -0.908 0.0000000000
99089  54.451  36.301  -0.047 0.0000000000
99105  50.404  35.651  -0.670 0.0000000000
135665  50.134  35.981  -1.877 0.0000000000
98364  52.016  34.916  -1.978 0.0000000000
98374  53.024  34.358  -3.013 0.0000000000
90909  57.565  24.939  7.824 0.0000000000
90942  56.494  23.699  6.024 0.0000000000
126959  55.240  22.799  6.130 0.0000000000
88668  49.498  21.438  2.221 0.0000000000
88655  51.292  21.802  2.580 0.0000000000
87923  49.102  20.952  0.714 0.0000000000
94667  52.468  29.265  -7.331 0.0000000000
94649  51.816  30.022  -5.713 0.0000000000
134931  53.191  29.129  -5.344 0.0000000000
118135  54.589  30.321  -2.283 0.0000000000
94619  54.728  29.037  -2.059 0.0000000000
95362  55.561  29.063  -1.050 0.0000000000
94584  56.082  29.099  -0.086 0.0000000000
95331  55.580  30.169  0.159 0.0000000000
99088  56.737  36.110  0.641 0.0000000000
98333  56.194  34.975  0.402 0.0000000000
99081  54.988  35.888  1.715 0.0000000000
96850  56.984  32.532  5.379 0.0000000000
96855  54.952  32.686  3.964 0.0000000000
96080  57.135  31.454  4.948 0.0000000000
95304  57.607  30.086  2.767 0.0000000000
94529  58.710  29.470  4.978 0.0000000000
131941  59.120  27.567  6.360 0.0000000000
94497  57.687  29.555  6.954 0.0000000000
94501  53.902  29.328  7.650 0.0000000000
93729  55.084  28.041  8.751 0.0000000000
104746  50.772  44.604  -6.982 0.0000000000
122946  51.976  45.021  -7.803 0.0000000000
104276  52.467  43.327  -7.503 0.0000000000
138902  52.026  39.483  -4.252 0.0000000000
139566  53.102  41.696  -3.827 0.0000000000
101976  52.776  38.675  -5.134 0.0000000000
98420  56.470  35.240  -7.875 0.0000000000
100661  55.328  37.654  -6.838 0.0000000000
100670  57.107  37.206  -7.869 0.0000000000
101357  57.345  38.235  -8.273 0.0000000000
126425  57.009  36.134  -9.310 0.0000000000
98438  55.923  34.276  -10.654 0.0000000000
96980  56.481  33.131  -10.113 0.0000000000
93862  54.876  28.300  -8.772 0.0000000000
93882  53.925  28.648  -10.370 0.0000000000
93864  52.933  28.608  -9.134 0.0000000000
94683  51.310  29.097  -8.768 0.0000000000
121185  51.313  30.657  -1.411 0.0000000000
96144  50.004  31.567  -1.007 0.0000000000
119063  50.774  30.672  0.189 0.0000000000
93122  50.302  27.984  4.041 0.0000000000
136942  49.958  28.645  3.659 0.0000000000
92456  49.372  26.677  3.480 0.0000000000
117837  48.014  25.605  2.485 0.0000000000
123717  48.838  25.319  2.432 0.0000000000
90169  54.384  23.102  3.139 0.0000000000
90948  53.008  24.747  4.145 0.0000000000
133221  52.856  23.555  1.609 0.0000000000
94623  45.168  29.189  -2.522 0.0000000000
94601  44.815  29.018  -1.288 0.0000000000
94611  45.919  29.717  -2.193 0.0000000000
95366  46.261  30.852  -0.199 0.0000000000
95353  47.298  31.014  0.964 0.0000000000
95459  49.659  30.129  -10.654 0.0000000000
128049  45.632  30.342  -4.736 0.0000000000
90913  53.326  23.798  7.719 0.0000000000
90147  53.139  22.892  6.485 0.0000000000
89395  51.483  22.557  6.335 0.0000000000
88657  49.370  21.490  3.644 0.0000000000
93848  54.853  28.331  -6.832 0.0000000000
94646  54.600  28.998  -5.533 0.0000000000
94636  55.047  29.683  -5.224 0.0000000000
96167  54.931  30.999  -3.543 0.0000000000
96909  54.378  31.951  -1.515 0.0000000000
99851  54.744  37.641  3.311 0.0000000000
99075  53.787  35.360  2.683 0.0000000000
98312  55.366  35.238  4.805 0.0000000000
97575  56.217  34.452  5.223 0.0000000000
96840  57.419  33.087  6.197 0.0000000000
95275  57.290  31.026  6.974 0.0000000000
96055  56.331  31.507  6.939 0.0000000000
95277  54.357  30.654  6.812 0.0000000000
95278  53.304  30.774  6.505 0.0000000000
104266  50.677  43.730  -5.441 0.0000000000
99171  52.624  35.929  -5.293 0.0000000000
100652  53.251  37.359  -5.711 0.0000000000
99181  54.193  34.950  -6.349 0.0000000000
98421  55.591  34.499  -7.327 0.0000000000
96953  56.792  32.790  -8.250 0.0000000000
96223  56.462  31.553  -9.964 0.0000000000
128196  57.140  31.030  -7.645 0.0000000000
94666  57.152  29.020  -7.350 0.0000000000
94587  53.295  29.469  0.917 0.0000000000
94574  51.891  29.934  1.361 0.0000000000
94545  52.866  29.407  3.173 0.0000000000
93775  51.810  28.236  4.535 0.0000000000
92454  51.171  26.471  4.408 0.0000000000
88704  52.441  22.206  -1.294 0.0000000000
90222  52.836  23.052  -1.390 0.0000000000
92474  42.701  26.620  2.058 0.0000000000
93805  44.090  29.001  1.205 0.0000000000
93130  43.635  27.928  2.116 0.0000000000
137680  43.186  25.675  2.453 0.0000000000
91740  44.336  25.145  2.593 0.0000000000
90963  44.748  24.350  2.398 0.0000000000
90980  45.680  24.257  2.227 0.0000000000
100686  54.463  37.332  -9.997 0.0000000000
99982  52.856  36.679  -8.125 0.0000000000
97646  55.786  33.556  -3.329 0.0000000000
98371  57.567  33.776  -2.176 0.0000000000
99118  56.501  35.409  -1.410 0.0000000000
100601  57.250  37.817  -0.061 0.0000000000
100585  56.370  39.001  1.206 0.0000000000
100574  55.542  39.468  2.506 0.0000000000
100565  54.849  38.799  3.773 0.0000000000
103695  51.698  42.047  -2.171 0.0000000000
102517  50.732  40.678  -2.771 0.0000000000
127039  51.003  38.807  -3.807 0.0000000000
99936  51.612  36.545  -4.398 0.0000000000
98392  52.429  34.627  -4.077 0.0000000000
97653  53.835  33.958  -3.739 0.0000000000
93104  57.609  27.187  5.313 0.0000000000
117112  55.189  26.828  5.878 0.0000000000
91723  56.537  25.231  6.193 0.0000000000
90945  55.583  23.449  4.736 0.0000000000
89435  53.889  22.363  2.514 0.0000000000
89420  53.697  22.078  3.947 0.0000000000
138208  53.266  21.864  2.410 0.0000000000
88673  53.188  22.053  0.244 0.0000000000
122927  49.168  30.278  -6.418 0.0000000000
96179  49.793  31.350  -4.205 0.0000000000
95418  50.999  30.598  -5.480 0.0000000000
95393  51.433  30.580  -3.744 0.0000000000
94610  52.740  29.385  -2.054 0.0000000000
94637  53.816  28.918  -3.774 0.0000000000
94620  54.334  28.850  -2.354 0.0000000000
136206  53.591  29.165  -1.011 0.0000000000
124231  54.712  29.118  0.693 0.0000000000
94554  56.168  28.617  1.125 0.0000000000
125064  57.527  28.504  2.013 0.0000000000
97621  57.495  33.951  -1.111 0.0000000000
97623  54.629  33.289  -0.218 0.0000000000
96887  53.381  32.399  0.481 0.0000000000
97584  53.195  33.903  2.399 0.0000000000
96864  53.163  33.064  2.239 0.0000000000
137119  54.196  31.601  1.487 0.0000000000
95312  56.486  30.277  1.406 0.0000000000
93789  58.213  28.727  2.169 0.0000000000
93116  58.250  27.819  4.051 0.0000000000
92441  59.458  26.966  5.649 0.0000000000
92416  58.532  25.975  7.454 0.0000000000
92406  57.140  26.302  8.695 0.0000000000
93741  56.505  28.600  8.293 0.0000000000
93071  55.768  27.440  9.012 0.0000000000
91680  55.344  25.853  9.279 0.0000000000
135861  53.010  25.177  8.853 0.0000000000
105745  51.249  46.492  -8.144 0.0000000000
104742  54.349  44.587  -8.311 0.0000000000
124328  56.281  41.765  -8.653 0.0000000000
101331  53.965  38.615  -5.942 0.0000000000
103731  53.318  41.809  -7.230 0.0000000000
127518  55.480  40.772  -7.786 0.0000000000
102578  56.706  40.409  -8.368 0.0000000000
125410  56.850  39.569  -9.479 0.0000000000
139923  55.859  35.547  -10.857 0.0000000000
121914  55.410  33.530  -10.276 0.0000000000
96225  53.263  31.200  -10.046 0.0000000000
95467  55.346  30.648  -10.698 0.0000000000
95468  53.924  29.924  -10.931 0.0000000000
95457  51.679  30.181  -10.723 0.0000000000
93877  49.776  28.818  -10.919 0.0000000000
94685  49.369  29.137  -9.312 0.0000000000
120861  48.983  31.916  -2.039 0.0000000000
96121  48.437  31.522  0.027 0.0000000000
95316  48.010  30.269  2.370 0.0000000000
95314  50.313  30.128  2.597 0.0000000000
125512  49.107  29.808  2.874 0.0000000000
93793  47.953  28.893  2.880 0.0000000000
92460  47.130  26.620  2.779 0.0000000000
90961  47.232  25.076  2.312 0.0000000000
92446  53.587  26.685  5.580 0.0000000000
91728  51.774  25.837  4.528 0.0000000000
90952  50.878  25.241  3.147 0.0000000000
90207  51.404  23.573  -0.077 0.0000000000
90976  49.596  24.547  1.626 0.0000000000
86377  46.910  18.301  3.132 0.0000000000
120620  47.508  17.893  2.129 0.0000000000
116789  47.757  30.610  -4.981 0.0000000000
96171  47.678  31.132  -3.563 0.0000000000
96181  48.075  31.058  -4.356 0.0000000000
95431  48.214  30.107  -6.443 0.0000000000
94661  47.666  29.811  -7.334 0.0000000000
95421  47.114  30.246  -5.440 0.0000000000
88633  49.159  21.727  6.168 0.0000000000
128802  57.307  31.675  -4.425 0.0000000000
96166  57.333  31.788  -3.813 0.0000000000
96926  57.873  32.142  -3.234 0.0000000000
97652  56.439  32.894  -3.835 0.0000000000
96934  56.188  32.549  -5.173 0.0000000000
96933  57.065  31.955  -4.970 0.0000000000
93782  56.755  28.258  3.574 0.0000000000
117026  55.329  28.214  4.652 0.0000000000
94614  44.189  28.979  -1.970 0.0000000000
93824  44.326  28.674  -1.511 0.0000000000
94563  45.928  29.773  2.268 0.0000000000
94564  45.203  29.384  2.239 0.0000000000
93795  46.004  28.945  2.581 0.0000000000
93127  45.801  27.977  2.682 0.0000000000
117117  46.581  28.206  2.719 0.0000000000
96968  53.325  32.393  -8.457 0.0000000000
96954  52.847  32.875  -7.782 0.0000000000
96969  52.469  32.168  -8.132 0.0000000000
95387  44.573  29.798  -2.867 0.0000000000
94625  44.276  29.576  -2.355 0.0000000000
139217  43.739  28.948  -1.803 0.0000000000
99102  53.590  35.427  -0.583 0.0000000000
99090  53.301  35.836  0.182 0.0000000000
128160  51.649  35.397  -0.293 0.0000000000
99104  51.098  35.390  -0.878 0.0000000000
119146  51.853  35.191  -1.120 0.0000000000
99121  52.742  34.984  -1.274 0.0000000000
90899  56.674  24.710  8.220 0.0000000000
90144  56.145  23.509  6.914 0.0000000000
90131  55.349  23.282  6.862 0.0000000000
88677  48.867  21.050  1.625 0.0000000000
94656  52.709  29.264  -6.544 0.0000000000
94655  53.407  28.917  -6.058 0.0000000000
96142  54.441  31.062  -1.562 0.0000000000
95372  55.018  29.445  -1.584 0.0000000000
127839  54.633  30.588  -0.956 0.0000000000
95347  55.515  29.649  -0.565 0.0000000000
96117  54.608  30.841  -0.175 0.0000000000
99080  56.296  36.832  1.315 0.0000000000
98325  55.579  35.460  1.065 0.0000000000
96069  57.478  32.263  5.830 0.0000000000
96079  57.530  31.083  5.288 0.0000000000
95295  58.115  30.168  4.815 0.0000000000
95291  57.857  30.399  5.866 0.0000000000
94517  58.246  29.554  6.032 0.0000000000
93744  53.209  28.706  7.987 0.0000000000
104736  50.357  44.223  -6.232 0.0000000000
105214  50.031  44.900  -6.755 0.0000000000
104735  50.989  44.052  -6.626 0.0000000000
104745  51.504  44.245  -7.276 0.0000000000
104277  51.957  43.575  -7.257 0.0000000000
129541  52.154  38.523  -4.682 0.0000000000
101963  52.465  39.362  -4.610 0.0000000000
98419  56.701  34.653  -8.282 0.0000000000
125234  56.851  36.356  -7.937 0.0000000000
99188  56.861  35.576  -8.393 0.0000000000
125413  57.041  36.082  -8.703 0.0000000000
98432  56.750  34.521  -9.462 0.0000000000
97712  56.476  33.982  -10.073 0.0000000000
97708  56.701  33.654  -9.493 0.0000000000
93863  54.013  28.383  -8.676 0.0000000000
93857  53.147  28.765  -7.947 0.0000000000
94682  52.245  29.047  -8.369 0.0000000000
95364  51.541  30.392  -0.537 0.0000000000
95349  51.652  30.158  0.391 0.0000000000
139852  50.461  26.667  4.032 0.0000000000
116614  49.926  27.192  3.848 0.0000000000
91733  49.276  25.920  3.091 0.0000000000
90187  53.747  22.655  1.392 0.0000000000
90176  53.493  23.228  1.886 0.0000000000
90188  53.651  23.024  1.035 0.0000000000
95386  45.659  29.509  -3.046 0.0000000000
95385  46.442  30.122  -2.675 0.0000000000
96148  46.676  30.756  -1.723 0.0000000000
96136  46.843  31.157  -0.787 0.0000000000
95354  46.446  30.820  0.680 0.0000000000
96135  47.597  31.502  -0.413 0.0000000000
95460  48.814  30.047  -10.486 0.0000000000
96229  49.233  30.783  -9.909 0.0000000000
95461  48.069  30.072  -10.010 0.0000000000
95444  46.047  30.450  -8.214 0.0000000000
96218  46.267  31.111  -8.786 0.0000000000
95410  46.308  30.169  -4.232 0.0000000000
95397  45.532  29.950  -3.778 0.0000000000
131883  52.502  23.875  7.779 0.0000000000
90148  52.223  22.937  6.717 0.0000000000
88658  48.755  21.202  4.105 0.0000000000
134403  48.675  21.144  3.272 0.0000000000
88669  48.700  21.084  2.472 0.0000000000
87916  47.456  19.849  2.463 0.0000000000
106283  52.575  47.469  -8.388 0.0000000000
106836  51.748  47.999  -8.490 0.0000000000
93847  55.946  28.867  -6.640 0.0000000000
94645  55.483  29.299  -5.908 0.0000000000
95417  55.963  30.096  -5.608 0.0000000000
96154  56.181  31.715  -3.304 0.0000000000
96919  55.115  31.793  -2.421 0.0000000000
99849  55.049  37.253  4.394 0.0000000000
99069  54.411  36.330  3.696 0.0000000000
99066  55.062  36.153  4.543 0.0000000000
98296  57.369  34.529  6.091 0.0000000000
98302  56.940  35.432  5.768 0.0000000000
97563  57.494  34.102  6.004 0.0000000000
121040  57.209  33.348  6.499 0.0000000000
96833  57.249  32.490  6.556 0.0000000000
96834  56.898  32.543  6.818 0.0000000000
123455  55.130  31.354  6.637 0.0000000000
96056  54.123  31.404  6.349 0.0000000000
99169  53.602  34.599  -5.587 0.0000000000
99182  53.587  35.424  -5.976 0.0000000000
124757  55.587  33.683  -7.035 0.0000000000
97677  56.031  33.038  -7.069 0.0000000000
97676  56.326  33.943  -7.758 0.0000000000
97691  56.605  32.945  -7.701 0.0000000000
96205  56.913  31.842  -7.906 0.0000000000
96206  56.822  31.926  -7.344 0.0000000000
94643  57.831  30.203  -5.821 0.0000000000
94665  57.681  29.564  -6.807 0.0000000000
94654  57.249  29.181  -6.760 0.0000000000
93854  55.759  28.379  -7.440 0.0000000000
94556  53.447  29.402  2.001 0.0000000000
94544  53.891  29.143  2.827 0.0000000000
93773  53.558  28.358  4.759 0.0000000000
93784  53.358  29.011  3.968 0.0000000000
93774  52.656  28.390  4.650 0.0000000000
93120  51.460  27.353  4.684 0.0000000000
93119  52.226  27.553  5.000 0.0000000000
93139  42.495  27.122  1.366 0.0000000000
94600  45.067  29.753  -0.301 0.0000000000
131707  44.503  28.790  -0.757 0.0000000000
94589  44.518  29.380  0.451 0.0000000000
93797  44.303  28.233  2.319 0.0000000000
93806  43.824  28.487  1.745 0.0000000000
93131  43.241  27.167  2.172 0.0000000000
92464  43.752  26.661  2.503 0.0000000000
124318  43.854  25.913  2.602 0.0000000000
139316  44.259  26.534  2.612 0.0000000000
91739  45.302  25.204  2.556 0.0000000000
100001  55.255  36.776  -10.616 0.0000000000
99991  54.711  36.405  -9.857 0.0000000000
98423  52.532  34.306  -7.422 0.0000000000
99981  53.548  36.313  -8.546 0.0000000000
99191  52.808  35.215  -7.701 0.0000000000
122901  51.990  35.082  -7.046 0.0000000000
98373  55.167  34.142  -2.739 0.0000000000
98372  56.545  34.031  -2.554 0.0000000000
98361  55.807  34.604  -1.944 0.0000000000
99886  56.825  37.245  -0.467 0.0000000000
100595  57.092  38.138  0.263 0.0000000000
100573  56.007  39.659  1.856 0.0000000000
104240  52.216  43.393  -1.201 0.0000000000
130833  51.142  42.615  -1.564 0.0000000000
103114  50.428  41.270  -2.304 0.0000000000
101945  50.200  39.820  -2.925 0.0000000000
101951  50.637  39.288  -3.434 0.0000000000
99146  50.942  35.778  -3.087 0.0000000000
100625  51.101  37.059  -4.062 0.0000000000
137263  51.958  35.098  -4.038 0.0000000000
98385  51.972  34.848  -3.473 0.0000000000
130309  53.601  34.489  -2.329 0.0000000000
140639  53.421  34.182  -3.415 0.0000000000
128168  53.961  34.199  -2.970 0.0000000000
139291  54.594  33.838  -3.415 0.0000000000
92431  58.350  25.952  6.441 0.0000000000
92444  56.227  26.254  6.110 0.0000000000
92432  57.436  25.515  6.425 0.0000000000
90163  56.100  22.971  5.509 0.0000000000
90943  56.060  23.466  5.353 0.0000000000
90166  55.510  22.755  4.418 0.0000000000
90168  54.914  22.709  3.719 0.0000000000
120021  54.704  22.401  3.645 0.0000000000
89413  51.928  22.343  5.175 0.0000000000
89412  53.119  22.341  4.988 0.0000000000
89421  52.278  22.010  4.012 0.0000000000
88675  50.905  21.572  1.167 0.0000000000
88666  51.666  21.670  1.653 0.0000000000
88665  53.075  21.784  1.146 0.0000000000
88674  52.046  21.655  0.725 0.0000000000
88689  52.168  21.728  -0.308 0.0000000000
88690  50.918  21.407  -0.129 0.0000000000
94659  49.586  29.926  -7.108 0.0000000000
95430  50.208  30.395  -6.261 0.0000000000
95429  51.153  30.225  -6.258 0.0000000000
94648  52.534  29.541  -4.986 0.0000000000
124686  51.716  30.230  -5.016 0.0000000000
94632  52.260  29.800  -3.503 0.0000000000
94622  52.492  29.554  -2.708 0.0000000000
127044  54.239  29.129  -4.610 0.0000000000
94629  54.308  29.081  -3.532 0.0000000000
94607  55.156  28.842  -1.316 0.0000000000
94608  54.594  28.835  -1.652 0.0000000000
94609  53.616  28.966  -1.822 0.0000000000
94598  54.723  28.780  -0.932 0.0000000000
94586  54.679  28.991  -0.117 0.0000000000
94572  56.732  28.872  0.462 0.0000000000
94573  55.954  28.726  0.305 0.0000000000
93804  57.061  28.654  0.845 0.0000000000
93791  56.841  28.455  1.476 0.0000000000
93790  57.525  28.707  1.302 0.0000000000
98359  57.734  34.622  -1.369 0.0000000000
97634  57.734  33.530  -1.994 0.0000000000
98346  57.749  34.857  -0.713 0.0000000000
98334  55.091  34.582  0.772 0.0000000000
97605  55.466  34.147  0.107 0.0000000000
97607  53.151  32.886  0.892 0.0000000000
98317  54.178  34.840  3.950 0.0000000000
98318  53.460  34.548  3.111 0.0000000000
97580  54.000  34.085  3.697 0.0000000000
96088  54.705  31.975  3.270 0.0000000000
96863  53.790  32.515  2.763 0.0000000000
96096  54.413  31.692  2.268 0.0000000000
96097  53.596  32.253  1.933 0.0000000000
96104  55.384  30.863  1.217 0.0000000000
95303  58.500  29.563  3.264 0.0000000000
95310  58.218  29.144  2.191 0.0000000000
94542  59.042  28.709  2.875 0.0000000000
93780  58.942  28.540  2.849 0.0000000000
93779  59.271  28.405  3.312 0.0000000000
93115  59.478  27.899  4.075 0.0000000000
93102  59.624  27.609  4.812 0.0000000000
93739  58.310  27.991  7.153 0.0000000000
93080  58.887  27.070  6.920 0.0000000000
91686  57.958  25.618  8.077 0.0000000000
95266  56.353  30.084  7.571 0.0000000000
95265  57.192  30.299  7.302 0.0000000000
94499  55.987  29.351  7.993 0.0000000000
93072  54.813  27.382  9.143 0.0000000000
93728  55.974  28.096  8.691 0.0000000000
92400  55.409  26.682  9.326 0.0000000000
92401  54.706  26.320  9.412 0.0000000000
91690  53.895  24.988  8.794 0.0000000000
105747  49.300  46.301  -7.563 0.0000000000
105735  48.336  46.550  -7.174 0.0000000000
106287  48.859  46.971  -7.828 0.0000000000
104275  53.067  43.544  -7.924 0.0000000000
104743  53.382  44.420  -8.149 0.0000000000
104274  53.910  43.702  -8.238 0.0000000000
125765  55.039  43.788  -8.445 0.0000000000
103746  55.693  42.149  -8.482 0.0000000000
100651  53.851  37.160  -6.198 0.0000000000
123852  53.779  37.896  -5.945 0.0000000000
117765  54.522  37.131  -6.543 0.0000000000
101339  56.024  38.482  -7.099 0.0000000000
101340  55.173  38.606  -6.648 0.0000000000
101985  54.884  39.391  -6.623 0.0000000000
103146  54.595  40.719  -7.355 0.0000000000
103162  54.097  41.479  -7.600 0.0000000000
101997  55.354  40.004  -7.249 0.0000000000
100684  57.222  37.539  -8.856 0.0000000000
101994  57.332  39.081  -8.002 0.0000000000
102005  57.189  38.950  -8.788 0.0000000000
138602  56.798  38.580  -9.872 0.0000000000
100704  56.165  37.361  -10.969 0.0000000000
100009  56.307  36.504  -10.767 0.0000000000
97714  55.827  33.381  -10.578 0.0000000000
98439  55.601  34.207  -10.434 0.0000000000
97715  55.374  32.756  -10.456 0.0000000000
96982  54.618  32.317  -10.141 0.0000000000
96224  54.188  31.444  -10.544 0.0000000000
95452  56.504  30.699  -9.102 0.0000000000
137561  55.695  29.951  -10.188 0.0000000000
93883  53.026  28.680  -10.461 0.0000000000
94708  53.452  29.152  -10.765 0.0000000000
95469  53.057  29.630  -10.851 0.0000000000
96239  52.692  30.329  -10.680 0.0000000000
95470  52.065  29.398  -10.975 0.0000000000
95471  51.005  29.314  -11.126 0.0000000000
130514  51.442  28.929  -10.956 0.0000000000
94669  50.735  29.393  -8.105 0.0000000000
94684  50.303  29.077  -9.058 0.0000000000
94670  49.779  29.451  -8.095 0.0000000000
124140  49.000  29.631  -7.732 0.0000000000
96168  50.074  31.473  -3.365 0.0000000000
96169  49.207  31.564  -3.547 0.0000000000
96156  50.317  31.468  -2.566 0.0000000000
96119  49.932  31.265  -0.099 0.0000000000
96133  49.466  31.648  -0.628 0.0000000000
95351  49.209  31.218  0.566 0.0000000000
95352  48.312  31.074  1.060 0.0000000000
95335  48.569  30.634  1.980 0.0000000000
94557  51.770  29.849  2.393 0.0000000000
95313  51.021  30.244  2.108 0.0000000000
94558  51.074  29.831  2.886 0.0000000000
93787  49.232  28.417  3.474 0.0000000000
94548  49.531  29.256  3.285 0.0000000000
94549  48.774  29.064  3.135 0.0000000000
94560  48.366  29.686  2.751 0.0000000000
93126  47.471  27.953  2.885 0.0000000000
139426  47.468  27.105  2.905 0.0000000000
90979  46.755  24.181  1.881 0.0000000000
90192  46.755  23.399  1.165 0.0000000000
92445  54.419  26.354  5.766 0.0000000000
133928  53.812  25.980  5.601 0.0000000000
90951  52.740  24.438  3.335 0.0000000000
91727  52.488  25.531  4.749 0.0000000000
91731  51.337  25.566  3.919 0.0000000000
90957  51.356  24.580  2.441 0.0000000000
133826  52.288  23.199  -1.968 0.0000000000
90216  52.491  23.306  -1.018 0.0000000000
118775  46.902  30.413  -3.766 0.0000000000
95395  47.030  30.639  -3.060 0.0000000000
96159  47.670  31.415  -2.548 0.0000000000
122337  48.230  31.782  -2.074 0.0000000000
120471  47.939  29.514  -8.944 0.0000000000
94701  47.647  29.916  -9.573 0.0000000000
94672  47.358  29.739  -8.319 0.0000000000
95443  46.720  29.960  -7.746 0.0000000000
95433  46.075  30.318  -7.213 0.0000000000
95423  45.480  30.740  -6.728 0.0000000000
95422  46.261  30.326  -6.092 0.0000000000
90149  50.935  22.864  7.003 0.0000000000
89396  50.494  22.409  6.457 0.0000000000
89415  49.950  21.894  5.992 0.0000000000
88653  48.791  21.137  4.995 0.0000000000
95416  57.205  30.443  -5.424 0.0000000000
95403  56.002  30.690  -5.001 0.0000000000
96178  57.002  31.364  -4.412 0.0000000000
96153  57.677  31.900  -3.158 0.0000000000
96918  57.150  31.988  -2.805 0.0000000000
99832  56.798  36.833  5.945 0.0000000000
99065  56.166  36.079  5.426 0.0000000000
99047  56.950  36.364  5.928 0.0000000000
98297  57.139  34.846  6.341 0.0000000000
97667  54.393  33.581  -4.832 0.0000000000
97666  54.566  33.562  -5.486 0.0000000000
97665  55.325  33.119  -5.716 0.0000000000
134100  56.141  32.598  -6.356 0.0000000000
96196  57.422  30.911  -6.830 0.0000000000
96197  57.280  31.367  -6.177 0.0000000000
96189  57.563  31.108  -5.330 0.0000000000
94543  54.889  28.860  2.364 0.0000000000
93783  54.409  28.814  3.489 0.0000000000
93772  54.421  28.517  4.401 0.0000000000
93107  53.552  27.570  5.327 0.0000000000
94576  44.724  29.592  1.516 0.0000000000
93128  44.940  27.698  2.632 0.0000000000
92463  44.851  26.797  2.677 0.0000000000
117033  45.670  27.051  2.713 0.0000000000
92461  46.386  26.330  2.690 0.0000000000
97704  54.345  33.590  -8.831 0.0000000000
98428  54.331  34.446  -8.799 0.0000000000
98429  53.696  34.138  -8.292 0.0000000000
97692  53.048  33.710  -7.763 0.0000000000
97693  52.326  33.436  -7.346 0.0000000000
96160  44.304  30.884  -2.991 0.0000000000
95388  43.984  30.457  -2.368 0.0000000000
94615  43.236  28.955  -1.569 0.0000000000
99119  55.203  35.165  -1.402 0.0000000000
99101  54.752  35.685  -0.715 0.0000000000
99895  49.547  36.336  -1.364 0.0000000000
99907  49.766  36.640  -2.208 0.0000000000
99122  50.606  35.597  -1.442 0.0000000000
99136  50.768  35.621  -2.263 0.0000000000
98376  51.488  35.152  -2.713 0.0000000000
98375  52.247  34.671  -2.813 0.0000000000
98363  52.848  34.625  -2.139 0.0000000000
90931  57.602  24.754  7.145 0.0000000000
91710  57.302  24.750  6.693 0.0000000000
135501  56.623  23.840  7.011 0.0000000000
90162  56.354  23.512  6.351 0.0000000000
89391  55.726  22.686  5.380 0.0000000000
88656  50.123  21.693  3.006 0.0000000000
88667  50.500  21.639  2.008 0.0000000000
88676  49.860  21.379  1.262 0.0000000000
88691  49.967  21.219  0.295 0.0000000000
94668  51.584  29.469  -7.693 0.0000000000
94657  51.894  29.767  -6.653 0.0000000000
119538  52.592  29.446  -5.866 0.0000000000
95381  54.456  29.653  -2.929 0.0000000000
94596  55.707  29.024  -0.645 0.0000000000
95330  56.379  29.715  0.567 0.0000000000
99087  57.639  36.607  0.117 0.0000000000
98332  57.289  35.449  0.086 0.0000000000
97590  54.479  34.750  1.432 0.0000000000
96852  55.507  33.483  4.594 0.0000000000
96856  54.438  33.428  3.874 0.0000000000
96851  55.938  32.662  4.618 0.0000000000
139690  55.381  32.055  3.979 0.0000000000
96087  55.703  31.415  3.471 0.0000000000
95305  56.542  30.602  2.550 0.0000000000
96086  56.591  30.901  3.830 0.0000000000
139289  59.466  28.712  4.203 0.0000000000
94528  59.671  28.138  4.335 0.0000000000
94516  59.216  28.687  5.172 0.0000000000
93758  58.569  28.596  6.376 0.0000000000
93740  57.761  28.821  7.295 0.0000000000
94500  54.911  29.289  7.847 0.0000000000
93743  54.297  28.591  8.290 0.0000000000
93730  54.269  27.881  8.786 0.0000000000
105215  49.210  45.235  -6.536 0.0000000000
105224  49.723  45.572  -7.219 0.0000000000
105223  50.598  45.300  -7.379 0.0000000000
125719  51.434  45.743  -7.871 0.0000000000
124317  51.254  44.984  -7.476 0.0000000000
104744  52.438  44.187  -7.758 0.0000000000
124104  53.533  43.006  -8.084 0.0000000000
102523  52.285  40.642  -3.690 0.0000000000
103118  52.985  41.702  -3.492 0.0000000000
102535  52.517  40.168  -4.209 0.0000000000
130239  52.911  40.114  -4.634 0.0000000000
99961  55.332  35.997  -7.193 0.0000000000
119661  55.778  36.897  -7.264 0.0000000000
130599  56.343  37.752  -7.295 0.0000000000
101338  56.818  38.465  -7.432 0.0000000000
101983  56.596  39.111  -7.386 0.0000000000
101349  57.263  37.827  -7.874 0.0000000000
138297  57.165  36.763  -8.740 0.0000000000
99990  57.021  36.921  -9.476 0.0000000000
140419  56.429  35.846  -10.484 0.0000000000
98436  56.503  34.686  -10.117 0.0000000000
97713  56.145  33.668  -10.479 0.0000000000
96987  55.772  32.345  -10.686 0.0000000000
93871  55.221  28.569  -9.356 0.0000000000
94695  55.541  29.163  -9.900 0.0000000000
93872  54.412  28.392  -9.615 0.0000000000
93873  53.500  28.388  -9.845 0.0000000000
93874  52.542  28.443  -10.107 0.0000000000
93875  51.604  28.594  -10.401 0.0000000000
93865  51.935  28.598  -9.548 0.0000000000
95375  51.019  31.016  -2.244 0.0000000000
136620  50.452  31.432  -2.062 0.0000000000
95365  50.685  30.992  -0.730 0.0000000000
95350  50.042  30.845  0.875 0.0000000000
120644  50.689  28.759  3.843 0.0000000000
138416  49.679  27.934  3.769 0.0000000000
93123  49.078  27.450  3.471 0.0000000000
93125  48.195  27.266  3.107 0.0000000000
92457  48.728  26.590  3.176 0.0000000000
91736  48.558  25.946  2.829 0.0000000000
90960  48.148  24.912  2.067 0.0000000000
90947  54.006  24.267  4.182 0.0000000000
126853  53.383  25.083  4.877 0.0000000000
90950  53.732  23.964  3.467 0.0000000000
135347  52.523  24.107  2.401 0.0000000000
94613  44.741  28.961  -1.976 0.0000000000
94612  45.384  29.472  -1.496 0.0000000000
95367  45.699  30.291  -0.518 0.0000000000
95376  46.135  30.445  -1.120 0.0000000000
95355  45.696  30.471  0.309 0.0000000000
95337  45.873  30.433  1.212 0.0000000000
95336  46.694  30.580  1.617 0.0000000000
95318  46.468  30.160  2.171 0.0000000000
96227  51.296  30.955  -9.872 0.0000000000
96213  50.922  31.531  -8.895 0.0000000000
96215  48.829  31.385  -9.121 0.0000000000
96231  47.490  30.674  -9.511 0.0000000000
95411  45.611  30.610  -5.678 0.0000000000
96182  45.054  30.878  -5.227 0.0000000000
94633  45.072  29.420  -3.088 0.0000000000
99888  49.235  36.313  -0.669 0.0000000000
99094  49.753  35.957  -0.624 0.0000000000
99092  50.881  35.525  -0.084 0.0000000000
90901  54.715  24.396  8.292 0.0000000000
90912  54.390  23.677  7.553 0.0000000000
90132  53.666  23.277  7.028 0.0000000000
89394  52.543  22.554  5.947 0.0000000000
89422  51.038  22.060  4.612 0.0000000000
89414  50.827  22.190  5.658 0.0000000000
88651  50.186  21.746  4.095 0.0000000000
138464  49.229  21.428  2.911 0.0000000000
87915  48.109  20.514  1.987 0.0000000000
93843  54.303  28.648  -6.042 0.0000000000
93842  55.010  28.664  -6.139 0.0000000000
95404  54.683  29.916  -4.454 0.0000000000
95391  55.442  30.867  -4.211 0.0000000000
95392  54.485  29.894  -3.666 0.0000000000
96155  54.643  31.102  -2.781 0.0000000000
117970  54.519  31.322  -2.078 0.0000000000
96143  54.002  31.702  -0.755 0.0000000000
99855  55.176  37.611  2.637 0.0000000000
99074  54.538  36.169  2.351 0.0000000000
99852  54.211  36.366  2.930 0.0000000000
138254  54.389  35.592  4.073 0.0000000000
97574  56.854  33.633  5.502 0.0000000000
96841  57.478  33.359  5.945 0.0000000000
127191  57.447  32.275  6.228 0.0000000000
96053  57.427  31.478  6.515 0.0000000000
96054  57.148  31.703  6.917 0.0000000000
95276  55.541  30.608  7.194 0.0000000000
95267  54.587  29.944  7.342 0.0000000000
95268  53.616  30.016  7.110 0.0000000000
94502  52.964  29.392  7.434 0.0000000000
104271  50.917  43.695  -6.120 0.0000000000
99952  52.631  36.775  -5.346 0.0000000000
100653  52.674  37.705  -5.308 0.0000000000
99951  53.266  36.294  -5.811 0.0000000000
99950  54.105  36.180  -6.415 0.0000000000
117028  54.694  35.762  -6.757 0.0000000000
97679  54.841  33.922  -6.466 0.0000000000
99180  54.983  35.064  -6.975 0.0000000000
99189  55.686  35.394  -7.439 0.0000000000
97703  56.822  33.340  -8.901 0.0000000000
119537  56.732  33.058  -9.429 0.0000000000
96966  56.802  32.611  -8.813 0.0000000000
96210  56.746  31.591  -8.706 0.0000000000
135807  56.694  29.921  -8.449 0.0000000000
95441  57.636  30.220  -7.144 0.0000000000
95442  57.256  29.622  -7.598 0.0000000000
94680  56.564  29.082  -8.235 0.0000000000
93861  55.707  28.407  -8.344 0.0000000000
93855  54.909  28.170  -7.893 0.0000000000
95348  52.539  29.738  0.441 0.0000000000
134751  52.507  29.674  1.888 0.0000000000
129456  52.449  29.621  2.592 0.0000000000
94546  51.859  29.521  3.267 0.0000000000
93785  52.314  29.017  4.010 0.0000000000
93786  51.450  28.877  3.973 0.0000000000
93121  51.025  28.083  4.331 0.0000000000
92455  50.699  27.294  4.304 0.0000000000
88688  53.056  22.438  -0.626 0.0000000000
89468  53.212  22.898  -0.827 0.0000000000
88703  52.910  22.802  -1.288 0.0000000000
92475  42.092  26.502  1.627 0.0000000000
93815  43.930  28.468  -0.173 0.0000000000
93816  43.567  28.418  0.905 0.0000000000
93138  43.106  27.813  1.263 0.0000000000
92465  43.226  26.324  2.365 0.0000000000
91741  43.538  25.097  2.544 0.0000000000
127948  44.675  25.960  2.654 0.0000000000
90193  45.018  23.523  1.961 0.0000000000
99204  54.304  35.956  -9.075 0.0000000000
99992  54.009  36.844  -9.183 0.0000000000
96970  51.541  32.049  -8.018 0.0000000000
96956  51.140  32.596  -7.371 0.0000000000
97645  57.353  33.218  -3.039 0.0000000000
98360  57.072  34.625  -1.718 0.0000000000
99116  57.831  35.572  -1.056 0.0000000000
99894  57.113  36.441  -1.010 0.0000000000
99884  57.664  36.816  -0.405 0.0000000000
99876  57.391  37.638  0.104 0.0000000000
99079  57.131  37.523  0.582 0.0000000000
103098  50.167  41.891  -1.834 0.0000000000
134455  51.465  41.370  -2.643 0.0000000000
102516  51.921  41.072  -3.148 0.0000000000
102524  51.160  40.179  -3.335 0.0000000000
101964  51.639  38.806  -4.284 0.0000000000
100641  51.650  37.806  -4.488 0.0000000000
100626  50.483  37.418  -3.504 0.0000000000
100640  52.067  37.162  -4.832 0.0000000000
99935  52.148  36.215  -4.826 0.0000000000
99155  52.387  35.247  -4.683 0.0000000000
98391  53.069  34.386  -4.766 0.0000000000
98384  52.514  34.511  -3.460 0.0000000000
98383  53.073  34.194  -3.858 0.0000000000
97654  53.758  33.897  -4.425 0.0000000000
97660  54.768  33.495  -4.110 0.0000000000
118114  56.178  27.087  5.695 0.0000000000
116904  55.420  25.883  5.989 0.0000000000
91722  56.696  24.423  6.272 0.0000000000
123296  56.013  24.590  5.787 0.0000000000
119610  55.376  24.282  5.256 0.0000000000
90946  54.977  23.488  4.161 0.0000000000
89442  53.796  22.391  1.625 0.0000000000
90146  54.179  22.789  6.278 0.0000000000
89392  54.857  22.537  5.439 0.0000000000
89411  54.509  22.333  4.585 0.0000000000
89427  52.263  21.875  2.986 0.0000000000
89426  53.385  21.957  3.095 0.0000000000
89425  54.204  22.234  3.170 0.0000000000
120406  53.758  22.084  2.287 0.0000000000
89443  53.688  22.288  0.914 0.0000000000
125128  48.798  30.560  -5.764 0.0000000000
140839  49.563  30.618  -5.818 0.0000000000
95406  50.411  31.012  -4.837 0.0000000000
95394  50.657  31.138  -3.988 0.0000000000
95405  51.225  30.681  -4.574 0.0000000000
95382  51.631  30.403  -2.902 0.0000000000
95374  51.876  30.161  -2.086 0.0000000000
95373  52.402  29.834  -1.280 0.0000000000
94647  53.887  28.923  -5.327 0.0000000000
120845  53.491  29.095  -4.644 0.0000000000
130879  54.419  28.959  -2.798 0.0000000000
94630  54.081  28.799  -3.017 0.0000000000
94631  53.273  29.005  -3.268 0.0000000000
94599  53.694  29.309  -0.226 0.0000000000
94585  55.622  28.843  -0.313 0.0000000000
93792  55.599  28.622  2.518 0.0000000000
134482  56.358  28.469  2.693 0.0000000000
96906  57.858  32.838  -2.637 0.0000000000
96907  57.540  32.665  -2.442 0.0000000000
97636  56.907  33.196  -1.566 0.0000000000
98347  56.857  34.511  -0.370 0.0000000000
97622  56.166  33.691  -0.725 0.0000000000
96895  55.212  32.862  -1.109 0.0000000000
96896  54.008  32.396  -0.571 0.0000000000
96897  53.553  32.091  -0.093 0.0000000000
99082  54.009  35.129  2.057 0.0000000000
98321  53.472  34.615  2.434 0.0000000000
98326  53.519  34.252  1.815 0.0000000000
96857  53.489  33.486  3.095 0.0000000000
97591  53.138  33.424  1.617 0.0000000000
96874  53.179  32.711  1.435 0.0000000000
96106  53.515  32.008  1.138 0.0000000000
96118  53.629  31.841  0.347 0.0000000000
96105  54.519  31.249  0.659 0.0000000000
95329  56.956  29.381  0.873 0.0000000000
95311  57.382  29.542  1.572 0.0000000000
94553  57.743  28.868  1.496 0.0000000000
93781  58.427  28.431  2.755 0.0000000000
92442  58.681  26.566  5.795 0.0000000000
92430  59.090  26.465  6.310 0.0000000000
93095  59.532  26.951  5.984 0.0000000000
92415  58.896  26.452  6.783 0.0000000000
91696  58.619  25.898  6.908 0.0000000000
91697  58.189  25.343  7.353 0.0000000000
91687  57.020  25.413  8.599 0.0000000000
91688  56.060  25.259  8.906 0.0000000000
95274  57.579  30.442  6.658 0.0000000000
94498  57.045  29.381  7.783 0.0000000000
130121  57.446  28.320  7.890 0.0000000000
93742  55.448  28.687  8.346 0.0000000000
136543  56.954  27.477  8.556 0.0000000000
121604  56.297  26.787  9.034 0.0000000000
92407  56.239  26.026  9.126 0.0000000000
91689  55.043  25.147  8.907 0.0000000000
90902  53.840  24.248  8.188 0.0000000000
91691  52.998  24.467  8.344 0.0000000000
90903  52.231  24.360  8.184 0.0000000000
105744  52.069  46.531  -8.235 0.0000000000
127550  52.451  45.834  -8.129 0.0000000000
124473  53.825  45.290  -8.253 0.0000000000
132731  55.994  43.434  -8.633 0.0000000000
103761  56.603  42.086  -9.102 0.0000000000
104265  51.360  43.162  -5.787 0.0000000000
103733  51.829  42.760  -6.158 0.0000000000
101332  53.329  38.247  -5.603 0.0000000000
101975  53.522  39.116  -5.551 0.0000000000
100662  54.454  38.002  -6.327 0.0000000000
103148  53.054  41.462  -6.350 0.0000000000
134397  52.733  42.144  -6.854 0.0000000000
103749  52.937  42.672  -7.541 0.0000000000
103748  53.751  42.297  -7.919 0.0000000000
103747  54.741  42.037  -8.231 0.0000000000
101995  56.926  39.648  -7.824 0.0000000000
102570  56.312  40.277  -7.796 0.0000000000
103161  55.567  41.489  -8.230 0.0000000000
102589  56.748  40.524  -9.238 0.0000000000
124249  56.596  40.101  -10.117 0.0000000000
101378  56.237  38.386  -10.867 0.0000000000
99213  55.394  35.779  -10.506 0.0000000000
99212  55.983  35.031  -10.795 0.0000000000
120040  55.742  34.957  -10.647 0.0000000000
98433  54.973  34.142  -9.665 0.0000000000
97709  54.878  33.162  -9.702 0.0000000000
96983  53.766  31.954  -9.441 0.0000000000
96211  52.914  31.652  -8.939 0.0000000000
96986  56.277  32.329  -10.425 0.0000000000
96235  55.963  31.543  -10.651 0.0000000000
96236  55.368  31.528  -10.780 0.0000000000
94706  55.067  29.620  -10.526 0.0000000000
121114  54.607  30.097  -10.857 0.0000000000
96237  54.577  30.873  -10.845 0.0000000000
96238  53.641  30.526  -10.805 0.0000000000
96226  52.313  31.028  -9.877 0.0000000000
95458  50.643  30.157  -10.713 0.0000000000
95472  50.031  29.380  -11.103 0.0000000000
94699  49.116  29.019  -10.535 0.0000000000
94697  50.874  28.577  -9.884 0.0000000000
94698  49.780  28.731  -10.232 0.0000000000
94686  48.597  29.311  -9.706 0.0000000000
122837  48.792  29.425  -8.609 0.0000000000
94660  48.636  29.857  -7.126 0.0000000000
96180  48.898  31.324  -4.348 0.0000000000
96158  48.512  31.655  -2.893 0.0000000000
96146  48.508  31.884  -1.387 0.0000000000
130010  49.893  31.711  -1.879 0.0000000000
122495  48.854  31.792  -0.679 0.0000000000
96134  48.174  31.777  -0.777 0.0000000000
96122  47.713  31.324  0.369 0.0000000000
122144  47.673  30.709  1.772 0.0000000000
95317  47.158  30.247  2.262 0.0000000000
95332  50.907  30.446  1.159 0.0000000000
95333  50.168  30.535  1.814 0.0000000000
94547  50.357  29.487  3.297 0.0000000000
94559  49.761  29.882  2.926 0.0000000000
95315  49.427  30.354  2.351 0.0000000000
134086  48.713  30.216  2.492 0.0000000000
94561  47.537  29.629  2.610 0.0000000000
93794  47.019  28.882  2.734 0.0000000000
92459  47.921  26.439  2.843 0.0000000000
91737  47.220  25.933  2.647 0.0000000000
90962  46.259  24.970  2.418 0.0000000000
93105  55.209  27.593  5.376 0.0000000000
93106  54.331  27.251  5.594 0.0000000000
93108  52.817  27.008  5.363 0.0000000000
92447  53.043  26.023  5.367 0.0000000000
92452  52.083  26.532  4.988 0.0000000000
129985  50.611  25.976  3.773 0.0000000000
90205  53.502  22.963  0.265 0.0000000000
90189  52.704  23.441  0.939 0.0000000000
90974  51.946  24.033  1.681 0.0000000000
90190  51.464  23.836  0.929 0.0000000000
117412  51.042  24.354  1.752 0.0000000000
90958  50.262  24.849  2.303 0.0000000000
91732  50.057  25.562  3.148 0.0000000000
90959  49.416  24.929  2.167 0.0000000000
130677  48.873  24.712  1.837 0.0000000000
126737  47.161  19.528  3.238 0.0000000000
85492  47.370  17.701  2.694 0.0000000000
87170  47.091  19.032  2.686 0.0000000000
85493  47.039  17.728  3.211 0.0000000000
86384  47.294  18.402  2.195 0.0000000000
87908  48.067  20.611  2.882 0.0000000000
87909  47.531  20.164  3.478 0.0000000000
88642  50.122  21.840  5.105 0.0000000000
88643  49.350  21.547  5.482 0.0000000000
88706  50.315  21.199  -0.680 0.0000000000
89393  53.699  22.518  5.638 0.0000000000
89409  55.754  22.691  4.783 0.0000000000
89410  55.377  22.521  4.785 0.0000000000
89419  54.633  22.306  3.780 0.0000000000
89424  54.297  22.517  3.161 0.0000000000
89436  53.635  21.969  1.687 0.0000000000
89437  52.562  21.747  2.084 0.0000000000
89458  53.446  22.723  0.003 0.0000000000
89474  53.042  22.998  -1.197 0.0000000000
90133  52.776  23.368  7.184 0.0000000000
90145  56.021  22.983  6.128 0.0000000000
90165  55.976  22.824  4.875 0.0000000000
90175  53.911  22.674  2.288 0.0000000000
90206  52.620  23.350  0.004 0.0000000000
90215  53.213  22.968  -0.754 0.0000000000
90217  51.384  23.461  -1.153 0.0000000000
90910  56.988  24.382  7.429 0.0000000000
90911  55.486  23.841  7.651 0.0000000000
90914  51.784  23.967  7.792 0.0000000000
90932  56.895  24.144  6.700 0.0000000000
90944  54.515  24.526  4.896 0.0000000000
90949  54.515  23.439  3.634 0.0000000000
90956  53.552  23.583  2.703 0.0000000000
91681  54.362  25.738  9.292 0.0000000000
91725  53.804  25.436  5.335 0.0000000000
91730  52.125  25.146  4.033 0.0000000000
91735  49.560  25.305  2.632 0.0000000000
92405  58.085  26.482  8.121 0.0000000000
92443  57.344  26.417  5.969 0.0000000000
93067  53.772  26.450  9.420 0.0000000000
93103  59.053  27.281  4.971 0.0000000000
93761  59.484  27.780  5.419 0.0000000000
93770  59.589  28.176  3.821 0.0000000000
93771  59.254  28.310  3.330 0.0000000000
93846  56.603  28.768  -7.206 0.0000000000
93849  53.972  28.511  -6.607 0.0000000000
93850  53.274  28.826  -6.945 0.0000000000
93860  56.408  28.682  -7.709 0.0000000000
93876  50.585  28.693  -10.702 0.0000000000
94535  59.186  29.150  3.765 0.0000000000
94621  53.498  28.935  -2.532 0.0000000000
94639  52.009  30.046  -4.322 0.0000000000
94653  57.764  29.724  -6.339 0.0000000000
94681  55.834  28.988  -9.026 0.0000000000
94687  47.371  29.808  -9.079 0.0000000000
94688  47.061  30.263  -9.132 0.0000000000
94696  54.786  28.804  -10.207 0.0000000000
94707  54.289  29.328  -10.705 0.0000000000
94709  50.297  28.939  -11.131 0.0000000000
94710  49.535  29.047  -11.066 0.0000000000
94711  48.964  29.482  -10.542 0.0000000000
95296  57.469  30.509  4.225 0.0000000000
95319  46.038  30.269  1.884 0.0000000000
95402  57.387  31.054  -5.069 0.0000000000
95407  49.451  30.999  -5.110 0.0000000000
95408  48.480  30.847  -5.046 0.0000000000
95419  50.152  30.768  -5.511 0.0000000000
95451  57.003  30.537  -8.063 0.0000000000
95453  46.421  30.649  -8.753 0.0000000000
95456  56.126  30.686  -10.161 0.0000000000
95462  47.419  30.337  -9.462 0.0000000000
95473  49.370  29.511  -10.862 0.0000000000
96047  56.739  30.892  7.232 0.0000000000
96081  56.189  31.778  4.403 0.0000000000
96120  49.193  31.540  -0.139 0.0000000000
96123  46.982  31.215  0.110 0.0000000000
96145  49.299  31.860  -1.261 0.0000000000
96157  49.504  31.700  -2.715 0.0000000000
96188  57.752  30.589  -5.763 0.0000000000
96232  46.888  30.720  -9.176 0.0000000000
96916  57.984  32.619  -2.990 0.0000000000
96941  56.082  32.566  -5.751 0.0000000000
96981  56.625  32.424  -9.668 0.0000000000
97553  57.433  33.854  6.155 0.0000000000
97564  57.358  34.698  5.925 0.0000000000
97620  57.698  34.254  -1.324 0.0000000000
97624  53.596  32.750  0.232 0.0000000000
97635  57.696  33.386  -1.910 0.0000000000
97644  57.802  33.096  -2.608 0.0000000000
97690  56.747  33.772  -8.408 0.0000000000
97705  53.594  33.197  -8.260 0.0000000000
98345  57.891  35.231  -0.919 0.0000000000
98365  51.277  35.267  -1.737 0.0000000000
98401  54.122  34.108  -5.840 0.0000000000
98422  53.182  34.530  -7.868 0.0000000000
98427  56.833  34.647  -8.747 0.0000000000
98437  56.158  34.443  -10.522 0.0000000000
99070  53.940  35.461  3.360 0.0000000000
99086  57.702  36.793  -0.252 0.0000000000
99098  57.811  36.090  -0.634 0.0000000000
99117  57.530  35.570  -1.221 0.0000000000
99123  50.059  35.866  -1.207 0.0000000000
99156  51.750  35.709  -4.249 0.0000000000
99170  53.020  35.250  -5.423 0.0000000000
99196  54.632  35.095  -9.238 0.0000000000
99197  53.054  35.922  -8.040 0.0000000000
99202  56.969  35.384  -9.053 0.0000000000
99210  56.722  35.423  -9.857 0.0000000000
99211  56.278  35.188  -10.535 0.0000000000
99221  56.065  35.832  -10.955 0.0000000000
99864  56.891  38.468  0.530 0.0000000000
99875  57.471  37.509  -0.119 0.0000000000
99885  57.410  37.126  -0.433 0.0000000000
99893  57.653  36.300  -0.761 0.0000000000
99920  51.209  36.126  -3.824 0.0000000000
99921  50.648  36.544  -3.364 0.0000000000
99960  56.677  37.071  -7.596 0.0000000000
99971  56.167  36.181  -7.594 0.0000000000
99980  57.076  36.574  -8.233 0.0000000000
99999  56.752  36.308  -10.060 0.0000000000
100010  56.048  36.600  -11.100 0.0000000000
100678  57.268  37.368  -8.208 0.0000000000
100693  56.650  37.103  -10.299 0.0000000000
101306  50.991  38.032  -3.964 0.0000000000
101365  57.161  38.217  -9.056 0.0000000000
101950  51.581  39.612  -3.867 0.0000000000
101982  57.095  38.998  -7.658 0.0000000000
101996  56.252  39.660  -7.463 0.0000000000
102006  57.018  39.729  -8.471 0.0000000000
102027  56.415  39.336  -10.615 0.0000000000
102522  52.962  41.134  -3.969 0.0000000000
102534  53.023  40.755  -4.485 0.0000000000
103160  56.261  40.987  -8.289 0.0000000000
103175  56.622  41.232  -8.850 0.0000000000
103745  56.311  42.675  -8.782 0.0000000000
104269  52.191  42.814  -6.892 0.0000000000
105743  53.396  45.952  -8.243 0.0000000000
120379  56.122  32.952  -10.544 0.0000000000
121811  53.295  32.420  0.869 0.0000000000
122179  54.422  40.130  -6.634 0.0000000000
123415  51.590  37.132  -4.459 0.0000000000
124472  52.878  45.126  -8.124 0.0000000000
124708  55.249  34.972  -10.139 0.0000000000
124855  56.549  37.823  -10.419 0.0000000000
125278  57.572  32.579  -3.392 0.0000000000
126953  57.016  37.812  -7.596 0.0000000000
127023  51.259  21.516  0.457 0.0000000000
127310  56.323  24.089  7.622 0.0000000000
128086  50.563  31.287  -1.554 0.0000000000
129025  52.545  29.013  -10.857 0.0000000000
130037  55.349  42.820  -8.502 0.0000000000
130982  57.221  38.436  -7.755 0.0000000000
131901  46.613  25.590  2.544 0.0000000000
133728  54.857  41.284  -7.865 0.0000000000
135148  47.942  29.621  -9.507 0.0000000000
136472  54.179  32.781  3.432 0.0000000000
137457  57.726  30.678  -5.438 0.0000000000
137661  52.020  23.412  7.314 0.0000000000
137758  52.693  22.201  4.551 0.0000000000
138002  54.532  23.145  6.786 0.0000000000
138294  58.603  26.597  7.430 0.0000000000
140756  49.132  28.951  -10.099 0.0000000000
140822  51.590  22.976  6.986 0.0000000000
