#!ascii label  , from subject sub-v1s10x0051108_ses-1 vox2ras=TkReg
1599
113011  -20.365  -52.766  -38.782 0.5000000000
131148  -21.084  -52.956  -38.275 0.4000000060
28605  -21.872  -52.594  -37.780 0.6000000238
29548  -20.268  -51.649  -37.915 0.6000000238
30472  -20.426  -50.675  -38.645 0.6000000238
28604  -20.472  -52.330  -38.070 0.5000000000
31348  -20.848  -49.885  -38.515 0.6000000238
28597  -21.268  -51.834  -37.632 0.6999999881
27697  -23.017  -52.593  -37.545 0.6999999881
29539  -20.922  -51.128  -37.619 0.6999999881
30456  -20.434  -50.684  -37.884 0.6999999881
31337  -20.512  -50.008  -38.235 0.6999999881
120815  -21.438  -49.105  -38.538 0.5000000000
129324  -20.973  -49.075  -38.355 0.6999999881
31349  -21.536  -49.998  -38.724 0.5000000000
111042  -23.447  -56.970  -32.645 0.5000000000
29540  -22.063  -51.170  -37.443 0.6999999881
30445  -21.568  -50.455  -37.467 0.6999999881
31319  -20.726  -49.861  -37.699 0.6999999881
119204  -22.159  -49.900  -37.322 0.6999999881
32239  -20.745  -48.898  -37.476 0.6999999881
31320  -21.145  -49.594  -37.469 0.6999999881
118885  -21.081  -48.798  -37.233 0.6999999881
32265  -22.103  -48.268  -38.560 0.6000000238
28594  -27.327  -52.791  -35.640 0.6999999881
29535  -26.593  -51.530  -36.028 0.6999999881
29541  -23.299  -51.202  -37.260 0.6999999881
116770  -24.102  -50.929  -36.991 0.6999999881
24878  -23.919  -56.305  -32.472 0.6000000238
126012  -22.035  -56.891  -33.317 0.4000000060
30446  -22.601  -50.515  -37.309 0.6999999881
32255  -20.646  -49.039  -38.064 0.6999999881
32264  -21.003  -48.346  -38.256 0.6999999881
33874  -20.217  -46.774  -37.087 0.6999999881
33117  -22.378  -47.439  -38.541 0.6000000238
28582  -27.996  -52.551  -34.973 0.6999999881
29536  -27.384  -51.858  -35.467 0.6999999881
28592  -25.950  -52.027  -36.450 0.6999999881
129520  -27.705  -51.284  -35.223 0.6999999881
25816  -24.484  -55.754  -32.085 0.6000000238
30438  -25.993  -50.341  -36.315 0.6999999881
113655  -24.083  -49.787  -36.905 0.6999999881
30437  -25.236  -50.443  -36.593 0.6999999881
119336  -26.495  -50.811  -36.073 0.6999999881
114944  -27.219  -50.913  -35.552 0.6999999881
25834  -22.496  -55.561  -33.211 0.5000000000
116485  -22.292  -56.220  -33.287 0.5000000000
31321  -21.799  -49.152  -37.255 0.6999999881
130322  -22.843  -50.109  -37.213 0.6999999881
30439  -26.754  -50.049  -35.878 0.6999999881
24897  -21.523  -56.327  -33.638 0.4000000060
32250  -20.170  -48.039  -37.006 0.6999999881
31322  -22.988  -49.628  -37.137 0.6999999881
120409  -25.472  -49.793  -36.508 0.6999999881
117837  -26.109  -49.710  -36.274 0.6999999881
111964  -20.959  -56.827  -33.877 0.4000000060
117128  -22.557  -48.895  -37.156 0.6999999881
32228  -25.314  -48.557  -36.684 0.6999999881
32229  -26.070  -48.465  -36.376 0.6999999881
33108  -20.572  -47.535  -37.635 0.6999999881
32240  -20.215  -48.011  -37.036 0.6999999881
33092  -24.310  -47.205  -37.106 0.6999999881
33879  -20.923  -46.802  -38.096 0.6999999881
33091  -23.343  -47.584  -37.117 0.6999999881
33885  -22.640  -46.773  -38.549 0.6000000238
34718  -20.723  -46.275  -37.669 0.6999999881
34714  -20.341  -46.172  -36.875 0.6999999881
124004  -23.584  -44.426  -38.388 0.5000000000
34720  -23.457  -45.232  -38.470 0.5000000000
34722  -25.741  -45.732  -38.610 0.4000000060
120673  -25.341  -45.037  -38.570 0.5000000000
124603  -27.945  -50.785  -35.006 0.6999999881
26705  -24.892  -54.331  -31.494 0.6000000238
121140  -24.833  -49.926  -36.697 0.6999999881
24877  -23.059  -56.068  -32.860 0.5000000000
31312  -27.223  -49.268  -35.546 0.6999999881
32241  -21.415  -48.251  -37.085 0.6999999881
32242  -22.934  -48.261  -37.137 0.6999999881
33860  -20.324  -46.700  -36.934 0.6999999881
33862  -22.799  -46.710  -36.946 0.6999999881
35704  -22.273  -44.564  -38.197 0.6999999881
34727  -21.581  -46.218  -38.369 0.6999999881
117051  -21.824  -45.393  -38.269 0.6999999881
36643  -23.097  -43.806  -38.189 0.6999999881
27594  -28.451  -53.441  -30.891 0.6999999881
27595  -28.754  -53.213  -31.550 0.6999999881
28521  -28.878  -52.263  -31.362 0.8000000119
121825  -28.936  -51.646  -31.828 0.8000000119
26690  -27.489  -54.373  -30.712 0.6000000238
27593  -27.897  -53.591  -30.578 0.6000000238
28507  -28.645  -52.654  -30.813 0.6000000238
29516  -28.775  -51.816  -32.744 0.8000000119
27592  -27.090  -53.614  -30.397 0.6000000238
27591  -26.292  -53.459  -30.454 0.6000000238
29527  -28.384  -50.828  -34.214 0.6999999881
26706  -25.699  -54.743  -31.034 0.6000000238
26689  -26.497  -54.304  -30.620 0.6000000238
26726  -24.306  -54.853  -32.087 0.6000000238
27622  -24.119  -53.888  -32.127 0.6000000238
30440  -27.586  -50.058  -35.289 0.6999999881
25814  -22.957  -55.102  -32.913 0.5000000000
26725  -23.526  -54.535  -32.537 0.6000000238
30431  -28.193  -50.049  -34.624 0.6999999881
31311  -26.499  -49.197  -36.098 0.6999999881
33089  -20.605  -47.361  -36.892 0.6999999881
33090  -21.918  -47.470  -36.966 0.6999999881
33074  -25.412  -47.677  -36.751 0.6999999881
35703  -20.732  -44.844  -37.347 0.8000000119
34719  -20.829  -45.700  -37.603 0.6999999881
33093  -25.124  -46.803  -36.950 0.6999999881
36642  -21.502  -43.932  -37.663 0.8000000119
34701  -20.345  -46.028  -36.823 0.6999999881
110404  -21.346  -45.944  -36.593 0.6999999881
35705  -24.511  -44.719  -38.495 0.5000000000
128335  -26.114  -44.157  -38.520 0.5000000000
36644  -25.788  -43.506  -38.417 0.5000000000
35707  -26.169  -44.938  -38.608 0.4000000060
28506  -28.157  -52.835  -30.442 0.6000000238
29459  -28.810  -51.822  -30.744 0.8000000119
127288  -28.987  -51.543  -31.220 0.8999999762
28505  -27.467  -52.889  -30.233 0.6000000238
29503  -29.002  -50.731  -32.272 0.8000000119
30426  -28.966  -50.018  -32.936 0.8000000119
27608  -25.513  -53.722  -30.844 0.6000000238
27607  -24.699  -53.446  -31.453 0.6000000238
30432  -28.613  -50.055  -33.779 0.8000000119
118157  -22.256  -54.882  -33.336 0.6000000238
121760  -23.369  -53.812  -32.546 0.6000000238
31304  -28.468  -49.306  -34.243 0.6999999881
25833  -21.900  -55.560  -33.512 0.5000000000
33077  -27.245  -47.726  -35.630 0.6999999881
33061  -27.996  -47.816  -35.052 0.6999999881
25832  -20.819  -55.062  -33.949 0.5000000000
26746  -21.522  -54.873  -33.645 0.5000000000
32230  -26.859  -48.478  -35.850 0.6999999881
36639  -20.368  -44.004  -36.821 0.8000000119
34715  -20.413  -45.482  -36.782 0.8000000119
33861  -20.990  -46.686  -36.713 0.6999999881
34703  -23.104  -45.752  -36.787 0.6999999881
33863  -24.303  -46.327  -37.045 0.6999999881
34702  -20.561  -45.302  -36.650 0.6999999881
35706  -25.337  -44.252  -38.497 0.5000000000
28492  -27.742  -52.179  -29.948 0.6999999881
29433  -28.023  -51.453  -29.693 0.6999999881
29458  -28.360  -52.060  -30.281 0.6999999881
29434  -28.600  -51.239  -30.158 0.8000000119
30388  -29.167  -50.191  -30.852 0.8000000119
28504  -26.652  -52.844  -30.179 0.6999999881
111721  -25.681  -52.718  -30.434 0.6000000238
30413  -29.143  -49.856  -32.259 0.8000000119
28520  -25.020  -52.933  -30.940 0.6000000238
32210  -29.132  -48.613  -33.216 0.6999999881
26724  -22.725  -54.169  -32.944 0.6000000238
33062  -28.621  -47.792  -34.275 0.8000000119
124114  -28.996  -48.083  -33.601 0.6999999881
26747  -21.855  -54.073  -33.432 0.6000000238
26766  -20.258  -54.454  -34.061 0.4000000060
33075  -25.946  -46.859  -36.588 0.6999999881
33076  -26.438  -47.669  -36.249 0.6999999881
33847  -27.712  -47.044  -35.402 0.6999999881
25852  -19.139  -55.613  -34.489 0.4000000060
33846  -26.886  -46.792  -36.104 0.6999999881
35701  -20.534  -44.668  -36.701 0.8000000119
37514  -22.512  -43.099  -37.780 0.8000000119
37515  -24.081  -43.055  -38.104 0.5000000000
37517  -26.376  -42.813  -38.321 0.5000000000
122547  -24.994  -43.485  -38.349 0.5000000000
129180  -26.687  -44.379  -38.560 0.4000000060
29432  -27.277  -51.510  -29.477 0.6000000238
30366  -28.309  -50.664  -29.510 0.6999999881
30367  -28.890  -50.315  -30.095 0.8000000119
31254  -29.171  -49.641  -30.345 0.8000000119
28490  -26.189  -52.109  -29.846 0.6999999881
28489  -25.460  -51.903  -30.136 0.6999999881
31276  -29.303  -49.224  -31.861 0.8000000119
28503  -24.832  -52.103  -30.736 0.6000000238
31264  -29.352  -49.274  -30.934 0.8000000119
28518  -23.869  -52.509  -32.066 0.6000000238
118670  -29.367  -48.410  -32.407 0.8000000119
33051  -29.275  -48.011  -33.103 0.8000000119
27644  -22.285  -53.488  -33.111 0.6000000238
27620  -22.880  -53.299  -32.728 0.6000000238
114183  -28.290  -47.206  -34.849 0.8999999762
33050  -29.167  -47.368  -33.529 0.8000000119
118103  -27.566  -46.172  -35.713 0.8000000119
26745  -21.039  -54.158  -33.753 0.5000000000
34687  -26.622  -44.941  -36.403 0.8000000119
129594  -26.240  -46.200  -36.513 0.6999999881
123379  -20.410  -53.716  -33.855 0.4000000060
37505  -20.676  -42.436  -36.874 0.8000000119
36632  -20.517  -43.863  -36.547 0.8000000119
35694  -20.681  -44.525  -36.444 0.8000000119
126176  -25.316  -45.306  -36.749 0.6999999881
36638  -20.853  -43.218  -37.217 0.8000000119
34683  -21.686  -45.109  -36.504 0.8000000119
34704  -24.469  -45.500  -36.875 0.6999999881
35684  -22.089  -44.168  -36.321 0.8000000119
37506  -21.859  -42.392  -37.462 0.8000000119
121571  -20.760  -43.836  -36.241 0.8000000119
30364  -26.752  -50.855  -29.017 0.6000000238
30342  -28.588  -49.870  -29.307 0.6999999881
32172  -29.528  -48.370  -30.571 0.6999999881
29430  -25.697  -51.341  -29.661 0.6000000238
30339  -26.263  -50.204  -28.721 0.6000000238
29456  -24.415  -51.181  -30.977 0.6000000238
32185  -29.497  -48.478  -31.411 0.8000000119
28544  -23.116  -52.516  -32.518 0.6000000238
115280  -24.149  -51.863  -31.583 0.6000000238
28543  -22.249  -52.631  -32.951 0.5000000000
33045  -29.477  -47.555  -32.669 0.8000000119
28566  -21.412  -52.448  -33.308 0.3000000119
34669  -28.752  -45.890  -34.451 0.8000000119
33833  -28.723  -46.864  -34.317 0.8000000119
34688  -27.449  -45.234  -35.962 0.8000000119
34668  -28.162  -45.591  -35.314 0.8000000119
35686  -25.233  -44.007  -36.509 0.8000000119
34684  -23.435  -44.883  -36.638 0.8000000119
34686  -25.734  -44.760  -36.593 0.8000000119
33845  -26.042  -45.508  -36.583 0.6999999881
36619  -21.420  -43.257  -35.938 0.8000000119
37507  -23.326  -42.264  -37.696 0.6999999881
128979  -25.447  -41.818  -37.786 0.6000000238
37518  -27.811  -42.412  -38.382 0.3000000119
30340  -27.088  -50.255  -28.641 0.6000000238
31217  -28.224  -49.443  -28.598 0.6999999881
31218  -28.899  -48.999  -29.107 0.6999999881
31273  -21.101  -48.406  -33.024 0.5000000000
29457  -24.999  -51.274  -30.186 0.6000000238
30387  -25.231  -50.492  -29.622 0.6000000238
123694  -29.493  -48.139  -29.912 0.6999999881
29501  -22.631  -51.746  -32.626 0.5000000000
30386  -24.636  -50.445  -30.434 0.6000000238
33021  -29.676  -47.639  -30.240 0.6999999881
115627  -21.030  -51.619  -33.295 0.3000000119
115696  -29.713  -47.759  -31.008 0.8000000119
33809  -29.896  -46.137  -32.386 0.8000000119
33820  -29.568  -46.772  -32.948 0.8000000119
34655  -28.996  -45.041  -34.207 0.8999999762
33819  -29.223  -46.448  -33.680 0.8000000119
131124  -29.601  -46.093  -33.147 0.8000000119
27643  -20.983  -53.224  -33.624 0.4000000060
35687  -26.274  -44.100  -36.408 0.8999999762
35673  -28.056  -44.585  -35.465 0.8999999762
130936  -20.637  -41.907  -36.672 0.8000000119
36631  -20.423  -43.139  -36.421 0.8000000119
35685  -23.960  -44.060  -36.507 0.8000000119
34685  -24.740  -44.736  -36.701 0.8000000119
130712  -21.214  -41.706  -37.119 0.8000000119
38397  -23.826  -41.372  -37.560 0.6999999881
37508  -24.551  -42.099  -37.771 0.6000000238
38399  -26.885  -41.376  -37.932 0.6000000238
31215  -26.619  -49.582  -28.379 0.6000000238
31216  -27.454  -49.592  -28.372 0.6000000238
32140  -28.424  -48.723  -28.307 0.6999999881
111664  -25.618  -50.125  -29.012 0.6000000238
110275  -28.941  -48.198  -28.590 0.6999999881
31236  -25.210  -49.576  -29.434 0.6000000238
32988  -29.357  -47.581  -28.795 0.8000000119
29502  -22.944  -50.921  -32.373 0.6000000238
117253  -23.715  -50.882  -31.798 0.5000000000
31235  -24.810  -49.784  -30.056 0.6000000238
32156  -29.298  -48.228  -29.308 0.6999999881
33789  -30.050  -46.380  -30.108 0.8000000119
122218  -22.271  -50.965  -32.674 0.4000000060
33802  -29.901  -46.977  -30.698 0.6999999881
109218  -29.735  -47.004  -32.142 0.8000000119
35674  -28.627  -44.397  -34.649 0.8000000119
34643  -29.750  -45.437  -32.961 0.8000000119
36622  -25.825  -43.300  -36.249 0.8999999762
36610  -27.674  -43.634  -35.635 0.8000000119
110655  -29.314  -45.634  -33.682 0.8000000119
36623  -26.823  -43.422  -36.099 0.8000000119
36618  -20.678  -42.638  -35.835 0.8000000119
37479  -23.251  -42.170  -35.606 0.8000000119
116550  -20.341  -42.134  -36.235 0.8000000119
37492  -23.659  -42.791  -35.913 0.8000000119
36620  -23.116  -43.398  -36.140 0.8000000119
38396  -22.497  -41.548  -37.413 0.8000000119
37500  -20.442  -42.041  -35.898 0.8000000119
38398  -24.952  -41.217  -37.580 0.6999999881
39241  -26.766  -40.547  -37.777 0.6000000238
40099  -27.365  -39.996  -38.086 0.6000000238
39248  -28.110  -40.248  -38.371 0.6000000238
32119  -27.853  -48.402  -27.710 0.8000000119
114061  -28.514  -48.145  -27.935 0.6999999881
32197  -22.183  -47.388  -32.477 0.5000000000
31253  -24.438  -49.492  -30.871 0.5000000000
33770  -29.698  -46.982  -29.067 0.8000000119
33788  -29.819  -47.016  -29.818 0.6999999881
31262  -23.452  -49.092  -32.150 0.5000000000
30402  -24.148  -50.248  -31.262 0.5000000000
31275  -22.703  -48.823  -32.511 0.5000000000
33771  -29.898  -46.497  -29.426 0.8000000119
33803  -30.165  -46.166  -30.938 0.8000000119
34623  -30.240  -45.657  -30.378 0.8000000119
33810  -30.148  -45.888  -31.677 0.8000000119
34644  -30.119  -45.196  -32.133 0.8000000119
34633  -30.265  -45.400  -31.243 0.8000000119
35675  -29.139  -44.272  -33.957 0.8000000119
36609  -27.318  -42.752  -35.521 0.8000000119
34656  -29.447  -44.876  -33.506 0.8000000119
37490  -21.034  -41.934  -35.646 0.8000000119
37494  -25.375  -42.566  -35.806 0.8000000119
37493  -24.409  -42.396  -35.685 0.8999999762
121574  -21.533  -40.850  -37.025 0.8000000119
38389  -20.444  -41.348  -36.007 0.8000000119
39237  -22.852  -40.617  -37.287 0.6999999881
123634  -25.992  -41.090  -37.647 0.6999999881
39238  -24.222  -40.491  -37.436 0.6999999881
39239  -25.307  -40.371  -37.506 0.6999999881
40097  -25.630  -39.469  -37.595 0.6999999881
39240  -26.100  -40.246  -37.592 0.6999999881
32986  -25.904  -47.473  -28.524 0.8000000119
32138  -26.406  -48.321  -28.016 0.6000000238
32966  -26.611  -47.616  -27.745 0.6000000238
32967  -27.448  -47.698  -27.451 0.8000000119
33004  -22.705  -47.114  -29.988 0.6000000238
33799  -23.624  -46.273  -31.507 0.5000000000
32155  -25.281  -48.644  -29.384 0.6000000238
33005  -25.410  -47.711  -29.372 0.6000000238
32968  -28.261  -47.683  -27.522 0.8000000119
110489  -21.688  -47.407  -28.872 0.6000000238
33784  -23.343  -46.371  -30.523 0.6000000238
33801  -24.216  -46.231  -31.455 0.5000000000
113767  -24.680  -47.642  -31.069 0.5000000000
34579  -19.565  -45.686  -28.608 0.5000000000
110523  -20.662  -45.991  -28.546 0.5000000000
33744  -21.629  -46.640  -28.675 0.6000000238
33767  -22.951  -46.552  -29.575 0.6000000238
32198  -23.122  -47.834  -32.371 0.5000000000
33035  -24.277  -46.918  -31.703 0.5000000000
117019  -29.368  -46.916  -28.298 0.8000000119
34608  -30.093  -45.855  -29.515 0.8000000119
32184  -24.279  -48.204  -31.540 0.5000000000
126636  -18.951  -45.122  -28.749 0.4000000060
31263  -23.968  -49.250  -31.635 0.5000000000
117105  -30.280  -45.048  -29.838 0.6999999881
115073  -29.795  -44.041  -32.688 0.8000000119
35641  -30.239  -44.597  -31.413 0.8000000119
35632  -30.315  -44.959  -30.701 0.6999999881
37495  -26.373  -42.633  -35.777 0.8000000119
37484  -28.142  -42.970  -35.026 0.8000000119
36591  -29.852  -43.680  -32.284 0.8000000119
36601  -29.242  -43.637  -33.597 0.8000000119
37470  -28.505  -42.461  -34.190 0.8000000119
39235  -21.016  -40.374  -36.545 0.8999999762
38384  -20.679  -41.346  -35.844 0.8999999762
37478  -22.288  -41.679  -35.555 1.0000000000
37480  -24.309  -41.641  -35.341 0.8000000119
117177  -23.304  -39.667  -37.224 0.6999999881
33746  -25.770  -46.426  -28.839 0.8000000119
33725  -26.980  -47.031  -27.378 0.8000000119
33726  -27.818  -47.123  -27.109 0.8000000119
34603  -23.090  -45.784  -29.237 0.6000000238
114480  -25.455  -46.789  -29.532 0.6000000238
123377  -28.034  -46.480  -26.697 0.8000000119
34580  -21.632  -45.673  -28.585 0.5000000000
33745  -22.383  -46.261  -28.875 0.6000000238
117506  -24.052  -45.578  -30.502 0.6000000238
130095  -25.179  -47.034  -30.150 0.6000000238
33727  -28.681  -46.891  -27.434 0.8000000119
33728  -29.323  -46.221  -27.761 0.8000000119
124645  -29.680  -45.620  -28.068 0.6999999881
34622  -24.988  -45.762  -30.282 0.6000000238
35595  -20.860  -44.944  -28.593 0.4000000060
34581  -22.446  -45.342  -28.727 0.4000000060
34585  -30.047  -45.204  -28.776 0.6999999881
35616  -20.189  -44.320  -28.753 0.4000000060
36528  -20.960  -43.945  -28.756 0.4000000060
35617  -24.254  -44.742  -29.582 0.4000000060
36548  -21.045  -43.009  -29.076 0.4000000060
36530  -22.907  -43.612  -28.621 0.5000000000
36579  -30.060  -43.659  -31.503 0.6999999881
36547  -20.182  -43.383  -29.177 0.3000000119
36529  -21.888  -43.553  -28.696 0.5000000000
37471  -29.081  -42.914  -33.512 0.8000000119
114744  -29.536  -43.426  -32.889 0.8000000119
40082  -21.101  -39.632  -36.099 0.8000000119
37477  -21.554  -41.162  -35.612 1.0000000000
38374  -23.421  -41.276  -35.344 0.8000000119
38375  -24.265  -40.809  -34.968 0.8000000119
114581  -25.056  -41.955  -35.432 0.8000000119
37482  -26.865  -41.924  -35.178 0.8000000119
37483  -27.762  -42.114  -34.768 0.8000000119
40073  -21.168  -40.114  -35.896 1.0000000000
38377  -26.242  -41.250  -34.720 0.8000000119
39236  -21.718  -39.704  -36.862 0.8000000119
39218  -23.362  -40.335  -35.077 0.8000000119
38376  -25.209  -41.201  -34.981 0.8000000119
110805  -24.748  -38.918  -37.528 0.6999999881
115416  -24.585  -39.650  -37.421 0.6999999881
40972  -26.314  -38.794  -37.955 0.6999999881
40098  -26.598  -39.703  -37.805 0.6999999881
127754  -27.854  -39.562  -38.320 0.6000000238
40987  -27.591  -38.440  -38.378 0.6999999881
40988  -28.808  -38.741  -38.496 0.6000000238
109738  -28.043  -38.924  -38.384 0.6000000238
33747  -26.262  -46.820  -27.981 0.8000000119
130703  -27.373  -46.580  -26.995 0.8000000119
33768  -23.593  -45.944  -30.029 0.5000000000
34583  -25.695  -45.479  -29.011 0.8000000119
34584  -26.105  -45.456  -28.044 0.8000000119
113800  -26.054  -46.073  -28.257 0.8000000119
34604  -23.804  -45.199  -29.722 0.6000000238
34564  -28.713  -46.094  -26.858 0.6999999881
35596  -21.713  -44.635  -28.599 0.4000000060
35598  -23.600  -44.338  -29.113 0.5000000000
35619  -25.323  -44.793  -29.274 0.6999999881
34606  -25.160  -45.306  -29.757 0.6999999881
34557  -28.112  -45.794  -26.208 0.6999999881
34565  -29.317  -45.509  -27.274 0.6999999881
35601  -29.763  -44.928  -27.794 0.6999999881
35602  -30.146  -44.310  -28.317 0.6999999881
35620  -30.312  -44.323  -29.298 0.6999999881
37388  -22.435  -42.820  -28.599 0.5000000000
117172  -30.137  -43.187  -30.624 0.6999999881
127714  -21.093  -42.288  -29.280 0.4000000060
37407  -22.003  -42.014  -28.719 0.4000000060
37458  -28.750  -42.030  -33.167 0.8000000119
38367  -28.108  -41.642  -33.893 0.8000000119
39199  -27.946  -40.729  -32.471 0.6999999881
124982  -24.178  -40.069  -34.578 0.8000000119
38378  -27.174  -41.280  -34.245 0.8000000119
40087  -21.150  -39.535  -36.300 0.8999999762
40083  -21.300  -38.723  -36.006 0.8999999762
40074  -21.766  -39.315  -35.657 0.8000000119
40075  -22.820  -38.825  -35.052 0.8000000119
40077  -24.632  -39.489  -34.134 0.8000000119
40095  -22.342  -38.645  -37.021 0.8999999762
40094  -21.511  -38.548  -36.532 0.8000000119
40096  -23.709  -38.810  -37.343 0.8999999762
40971  -25.324  -38.448  -37.769 0.6999999881
40986  -26.891  -38.237  -38.296 0.6999999881
41964  -29.006  -37.866  -38.497 0.5000000000
113521  -26.617  -46.222  -27.440 0.8000000119
35583  -25.797  -44.043  -28.034 0.6999999881
113238  -27.612  -45.228  -26.049 0.6999999881
36531  -24.325  -43.461  -28.626 0.6000000238
35584  -26.332  -44.413  -27.158 0.6999999881
34558  -28.747  -45.373  -26.344 0.6999999881
35577  -29.382  -44.754  -26.807 0.6999999881
35585  -29.870  -44.159  -27.405 0.6999999881
119505  -23.331  -43.057  -28.494 0.5000000000
36551  -30.362  -43.591  -28.753 0.6999999881
37389  -22.845  -42.228  -28.316 0.4000000060
108419  -30.349  -43.468  -29.718 0.6999999881
38306  -21.633  -41.232  -28.934 0.3000000119
126209  -22.222  -41.578  -28.495 0.3000000119
37378  -23.455  -41.953  -27.721 0.5000000000
38368  -28.215  -41.359  -33.046 0.6999999881
130362  -29.402  -42.446  -32.128 0.6999999881
116440  -30.270  -42.659  -29.941 0.6999999881
38289  -22.709  -41.445  -27.994 0.4000000060
37447  -29.849  -42.866  -31.292 0.6999999881
38358  -29.121  -41.971  -32.229 0.6999999881
111370  -27.603  -40.956  -33.281 0.6999999881
39219  -23.710  -39.315  -34.530 0.8000000119
109143  -24.885  -40.338  -34.471 0.8000000119
119079  -25.693  -40.526  -34.286 0.8000000119
39221  -26.408  -40.672  -34.046 0.8000000119
40953  -21.514  -38.094  -36.147 0.8000000119
40969  -22.694  -37.731  -37.220 0.8000000119
40968  -21.820  -37.617  -36.785 0.8000000119
40957  -21.628  -37.874  -36.449 0.8999999762
40970  -24.030  -37.916  -37.590 0.8000000119
41961  -25.656  -36.971  -38.265 0.8000000119
108918  -28.220  -38.143  -38.447 0.6999999881
40985  -25.985  -37.883  -38.154 0.6999999881
41962  -26.660  -37.366  -38.360 0.6999999881
116942  -26.209  -35.518  -38.456 0.6999999881
34555  -26.799  -45.055  -26.795 0.6999999881
36517  -25.454  -43.368  -27.602 0.6000000238
36518  -26.137  -43.803  -27.011 0.6000000238
36505  -27.325  -43.870  -25.666 0.6999999881
35576  -27.914  -44.499  -25.627 0.6999999881
129234  -28.220  -45.170  -25.872 0.6999999881
123469  -25.110  -43.582  -28.344 0.6000000238
36486  -28.069  -43.612  -25.395 0.6999999881
124467  -28.782  -44.564  -25.888 0.6999999881
37406  -21.390  -41.790  -29.179 0.3000000119
37390  -23.786  -42.719  -28.107 0.5000000000
36516  -24.663  -43.026  -27.968 0.5000000000
36503  -25.825  -43.085  -26.703 0.6000000238
36532  -30.255  -43.570  -27.882 0.6999999881
38281  -23.315  -41.182  -27.371 0.4000000060
37364  -24.766  -41.979  -26.718 0.6000000238
37391  -30.468  -42.897  -28.248 0.6999999881
108544  -30.171  -41.858  -30.036 0.6999999881
37408  -30.422  -42.852  -29.102 0.6999999881
38328  -29.690  -41.529  -30.778 0.6999999881
38280  -22.642  -40.585  -27.594 0.3000000119
38348  -29.060  -41.205  -31.500 0.6999999881
39209  -25.996  -39.755  -33.485 0.8000000119
40068  -26.688  -39.488  -32.908 0.6999999881
39198  -27.297  -40.152  -32.643 0.6999999881
38347  -28.358  -40.557  -31.794 0.6999999881
110440  -23.624  -38.397  -34.496 0.8000000119
40067  -26.003  -38.966  -33.120 0.8000000119
123724  -21.726  -37.544  -36.366 0.8000000119
40946  -21.949  -38.416  -35.617 0.8000000119
40947  -22.803  -38.096  -35.079 0.8000000119
40076  -24.434  -38.637  -34.034 0.8000000119
126168  -22.062  -36.865  -36.987 0.8000000119
42837  -23.172  -36.307  -36.549 0.8000000119
41911  -23.918  -37.722  -34.817 0.8000000119
122238  -24.810  -37.512  -35.676 0.8000000119
42838  -24.868  -36.855  -36.213 0.8000000119
108802  -29.235  -36.981  -38.489 0.6000000238
109269  -28.323  -37.154  -38.492 0.6999999881
43810  -26.967  -34.893  -38.540 0.6999999881
42876  -27.416  -36.813  -38.471 0.6000000238
36504  -26.564  -43.531  -26.093 0.6000000238
37380  -25.072  -42.701  -27.156 0.6000000238
36506  -28.873  -43.717  -25.674 0.6999999881
37366  -26.270  -42.735  -25.850 0.6000000238
36487  -29.434  -43.063  -25.831 0.6999999881
36508  -29.857  -42.974  -26.572 0.6999999881
36519  -29.949  -43.489  -27.151 0.6999999881
38282  -24.033  -41.599  -27.067 0.4000000060
38271  -26.000  -41.959  -25.459 0.5000000000
119795  -28.723  -42.954  -25.386 0.6999999881
37381  -30.252  -42.878  -27.407 0.6999999881
38270  -25.255  -41.567  -25.921 0.5000000000
121652  -30.553  -42.162  -27.741 0.6999999881
111213  -30.541  -42.156  -28.642 0.6999999881
39132  -23.300  -40.547  -27.033 0.3000000119
38268  -23.811  -40.887  -26.680 0.4000000060
38357  -28.565  -41.335  -32.337 0.6999999881
39983  -23.050  -39.957  -26.940 0.3000000119
39970  -23.473  -39.418  -26.398 0.3000000119
38329  -30.066  -41.023  -30.118 0.6999999881
39188  -28.859  -40.245  -31.228 0.6999999881
39172  -30.032  -40.205  -30.265 0.6999999881
40066  -25.244  -38.990  -33.510 0.8000000119
117178  -27.714  -40.006  -32.012 0.6999999881
40023  -30.038  -39.528  -30.431 0.6999999881
40044  -28.303  -39.752  -31.591 0.6999999881
40045  -28.966  -39.424  -31.255 0.6999999881
41910  -22.837  -37.598  -35.407 0.8000000119
40948  -24.146  -38.122  -34.284 0.8000000119
40058  -27.272  -39.389  -32.427 0.6999999881
40914  -28.528  -38.956  -31.708 0.6999999881
40932  -28.973  -38.250  -32.119 0.6999999881
123551  -21.991  -37.699  -35.808 0.8000000119
125098  -23.522  -37.952  -34.708 0.8000000119
40937  -25.030  -38.241  -33.855 0.8000000119
130422  -25.620  -38.702  -33.485 0.8000000119
40938  -26.110  -38.494  -33.437 0.8000000119
40940  -27.979  -38.247  -33.117 0.8000000119
113983  -29.515  -37.628  -32.682 0.6999999881
41922  -22.081  -37.114  -36.355 0.8000000119
41912  -25.282  -37.938  -34.875 0.8000000119
41913  -26.309  -37.967  -35.051 0.8000000119
41902  -27.692  -38.015  -33.970 0.8000000119
41935  -22.193  -36.705  -36.914 0.8000000119
42854  -22.649  -36.191  -37.047 0.8000000119
41923  -23.859  -37.108  -35.902 0.8000000119
41924  -25.803  -37.570  -35.841 0.8000000119
41914  -27.401  -37.781  -35.157 0.8000000119
41959  -23.371  -35.844  -37.401 0.8000000119
42839  -26.284  -37.060  -36.244 0.8000000119
41925  -26.702  -37.598  -35.867 0.8000000119
110841  -28.300  -36.808  -36.225 0.8000000119
43754  -25.475  -36.270  -36.526 0.8000000119
42873  -24.068  -35.510  -37.843 0.8000000119
124062  -28.062  -36.333  -38.529 0.6000000238
43789  -24.936  -35.080  -38.276 0.8000000119
42877  -28.784  -36.283  -38.527 0.6000000238
43792  -29.160  -35.485  -38.538 0.6000000238
44782  -27.917  -34.888  -38.564 0.6000000238
43791  -28.359  -35.601  -38.549 0.6000000238
37367  -27.161  -43.147  -25.462 0.6999999881
37365  -25.510  -42.347  -26.324 0.6000000238
37350  -27.870  -42.700  -25.130 0.6999999881
37351  -29.325  -42.315  -25.569 0.6999999881
37368  -29.826  -42.428  -26.031 0.6999999881
38248  -26.708  -41.470  -24.952 0.5000000000
38250  -28.516  -42.165  -25.140 0.6999999881
39122  -24.353  -40.429  -26.080 0.4000000060
39972  -24.780  -39.962  -25.318 0.4000000060
39099  -25.557  -40.300  -25.041 0.5000000000
37369  -30.261  -42.103  -26.730 0.6999999881
38290  -30.729  -41.413  -28.177 0.6999999881
40840  -23.920  -38.828  -25.855 0.3000000119
39947  -24.649  -39.121  -25.418 0.3000000119
39125  -30.683  -40.482  -26.808 0.6999999881
39139  -30.806  -40.544  -28.576 0.6999999881
39969  -22.887  -39.311  -26.819 0.3000000119
40819  -24.518  -38.162  -25.614 0.3000000119
130352  -30.767  -40.081  -29.131 0.6999999881
40000  -30.616  -39.670  -29.718 0.6999999881
40057  -26.739  -38.887  -32.870 0.8000000119
40059  -27.863  -39.245  -32.030 0.6999999881
40892  -29.641  -39.097  -30.876 0.6999999881
40930  -27.480  -38.781  -32.550 0.6999999881
40931  -28.236  -38.546  -32.350 0.6999999881
41895  -29.714  -37.951  -31.824 0.6999999881
113087  -22.887  -37.087  -36.013 0.8000000119
40949  -25.826  -38.036  -33.987 0.8000000119
40941  -28.744  -37.919  -32.930 0.8000000119
41915  -29.084  -37.328  -34.825 0.8000000119
123659  -22.386  -36.585  -36.634 0.8000000119
41926  -27.415  -37.157  -36.195 0.8000000119
42827  -28.321  -37.348  -35.601 0.8000000119
42855  -23.246  -35.445  -37.089 0.8000000119
42866  -23.045  -35.734  -37.079 0.8000000119
43753  -24.005  -35.833  -36.601 0.8000000119
111808  -26.726  -36.397  -36.536 0.8000000119
43771  -26.994  -35.685  -36.726 0.8000000119
43756  -28.709  -36.039  -36.479 0.8000000119
43788  -23.825  -34.752  -37.593 0.8000000119
43777  -23.544  -34.416  -36.991 0.8000000119
43770  -24.496  -35.278  -36.673 0.8000000119
44759  -24.805  -34.485  -36.674 0.8000000119
44749  -28.719  -34.935  -36.667 0.8000000119
43809  -25.991  -34.712  -38.464 0.8000000119
37349  -26.922  -42.318  -25.166 0.6000000238
38249  -27.659  -41.848  -24.892 0.6000000238
39121  -23.666  -40.165  -26.472 0.3000000119
39123  -24.985  -40.782  -25.500 0.5000000000
125947  -28.314  -41.476  -24.934 0.6000000238
39100  -26.514  -40.582  -24.901 0.5000000000
39102  -28.724  -40.845  -25.114 0.6999999881
38251  -29.104  -41.552  -25.336 0.6999999881
39124  -30.171  -40.697  -26.070 0.6999999881
113883  -27.262  -39.971  -24.872 0.6000000238
123523  -29.204  -40.182  -25.385 0.6999999881
39103  -29.546  -40.856  -25.579 0.6999999881
118207  -23.721  -38.137  -25.963 0.3000000119
40820  -25.317  -38.624  -25.348 0.3000000119
130657  -29.835  -40.219  -25.763 0.6999999881
124057  -23.281  -37.814  -26.328 0.3000000119
41807  -26.116  -37.339  -25.695 0.3000000119
39974  -30.857  -39.509  -26.862 0.6999999881
109909  -31.000  -40.010  -27.671 0.6999999881
43652  -24.279  -35.261  -27.261 0.3000000119
43639  -24.663  -35.764  -26.775 0.3000000119
42729  -24.902  -36.433  -26.367 0.3000000119
42731  -26.565  -36.423  -26.309 0.3000000119
44641  -23.814  -34.800  -27.649 0.3000000119
40916  -30.048  -38.377  -31.118 0.6999999881
41904  -29.340  -37.463  -33.680 0.8000000119
42840  -29.039  -36.777  -35.850 0.8000000119
43769  -23.586  -34.954  -36.902 0.8000000119
44758  -23.808  -34.400  -36.787 0.8000000119
44760  -26.456  -34.686  -36.802 0.8000000119
44748  -27.764  -35.334  -36.705 0.8000000119
124253  -24.363  -34.463  -38.052 0.8000000119
123721  -25.025  -33.633  -36.647 0.8000000119
43808  -25.148  -34.462  -38.357 0.8000000119
44798  -25.723  -33.980  -38.446 0.6999999881
44799  -26.623  -34.178  -38.527 0.6000000238
39101  -27.635  -40.907  -24.797 0.6000000238
39951  -28.900  -39.452  -25.321 0.6000000238
39973  -30.322  -39.770  -26.146 0.6999999881
122800  -26.532  -38.097  -25.426 0.4000000060
40824  -29.398  -38.978  -25.571 0.6000000238
41809  -28.739  -37.704  -25.631 0.4000000060
108761  -30.978  -38.767  -26.943 0.6999999881
39984  -31.166  -39.113  -27.647 0.6999999881
39991  -31.062  -39.575  -28.677 0.6999999881
43655  -27.376  -35.333  -27.104 0.3000000119
115690  -29.492  -37.496  -25.911 0.4000000060
40843  -30.741  -38.120  -26.624 0.6000000238
40862  -31.310  -38.611  -28.499 0.6999999881
40871  -31.070  -38.865  -29.446 0.6999999881
40893  -30.484  -38.840  -30.349 0.6999999881
41859  -31.323  -37.511  -29.964 0.6999999881
41879  -30.470  -37.649  -31.439 0.6999999881
41903  -28.543  -37.761  -33.871 0.8000000119
115205  -28.261  -37.673  -34.727 0.8000000119
41916  -29.865  -36.985  -34.292 0.8000000119
43755  -27.717  -36.297  -36.545 0.8000000119
43757  -29.682  -35.967  -36.130 0.8000000119
125037  -25.910  -35.549  -36.705 0.8000000119
44762  -28.461  -33.840  -36.822 0.8000000119
45623  -23.626  -33.418  -36.957 0.8000000119
45607  -23.855  -33.477  -36.770 0.8000000119
45608  -25.091  -32.800  -36.790 0.8000000119
45609  -26.523  -33.601  -36.858 0.8000000119
128072  -24.283  -33.097  -36.631 0.8000000119
45647  -24.982  -33.318  -38.280 0.8000000119
45650  -27.805  -33.319  -38.601 0.6000000238
45648  -25.976  -33.323  -38.492 0.6999999881
118125  -26.375  -32.675  -38.560 0.6999999881
39950  -27.921  -39.298  -25.067 0.6000000238
41808  -27.890  -37.247  -25.715 0.3000000119
110289  -30.556  -38.926  -26.388 0.6000000238
43642  -27.555  -35.829  -26.627 0.3000000119
116273  -28.760  -36.849  -26.049 0.3000000119
41810  -30.145  -37.765  -26.165 0.5000000000
42741  -29.196  -36.087  -26.530 0.3000000119
42733  -29.937  -36.901  -26.366 0.5000000000
40863  -31.422  -37.766  -28.412 0.6999999881
44644  -26.450  -34.677  -27.831 0.3000000119
114380  -27.881  -34.962  -27.446 0.3000000119
42754  -31.356  -36.218  -28.084 0.4000000060
41840  -31.490  -37.422  -29.097 0.6999999881
45501  -26.147  -33.652  -29.050 0.3000000119
42779  -31.516  -36.685  -30.265 0.6000000238
42798  -30.965  -36.967  -31.800 0.6000000238
42799  -31.537  -36.353  -31.154 0.6000000238
41905  -30.152  -37.054  -33.345 0.8000000119
42814  -30.823  -36.725  -32.699 0.6999999881
42815  -31.387  -36.315  -32.162 0.6000000238
129444  -30.341  -36.759  -33.990 0.8000000119
42820  -30.884  -36.417  -33.728 0.6999999881
126318  -31.289  -36.232  -32.922 0.6999999881
42828  -29.787  -36.624  -35.225 0.8000000119
109996  -30.401  -36.492  -34.552 0.8000000119
42829  -30.900  -36.067  -34.557 0.6999999881
42830  -31.304  -35.823  -34.150 0.6999999881
43733  -31.528  -35.783  -33.435 0.6999999881
128137  -29.222  -35.555  -36.463 0.8000000119
43741  -30.514  -35.884  -35.358 0.8000000119
43758  -31.027  -35.032  -35.579 0.6999999881
43742  -31.209  -35.477  -34.809 0.6999999881
44750  -29.638  -35.102  -36.457 0.8000000119
117360  -30.933  -34.406  -36.129 0.6999999881
44752  -31.442  -34.368  -35.606 0.6999999881
123581  -23.744  -32.869  -36.943 0.8000000119
44761  -27.640  -34.307  -36.810 0.8000000119
45596  -29.366  -34.238  -36.667 0.8000000119
46428  -23.984  -32.754  -36.763 0.8000000119
46429  -26.821  -32.635  -36.998 0.8000000119
45610  -27.574  -33.440  -36.908 0.8000000119
44781  -23.798  -34.046  -37.403 0.8000000119
46450  -23.748  -32.684  -37.032 0.8000000119
47299  -26.959  -31.793  -37.163 0.8000000119
45633  -24.152  -33.326  -37.558 0.8000000119
46462  -24.406  -32.602  -37.764 0.8000000119
46463  -24.539  -31.730  -38.067 0.6999999881
116938  -28.659  -32.963  -38.620 0.6000000238
119835  -25.252  -32.595  -38.362 0.8000000119
46464  -25.588  -31.792  -38.503 0.6999999881
120109  -27.136  -31.010  -39.015 0.6999999881
41821  -31.034  -37.407  -27.094 0.5000000000
40853  -31.314  -37.394  -27.759 0.5000000000
43656  -28.333  -35.444  -26.920 0.3000000119
42742  -30.186  -36.042  -26.832 0.4000000060
42744  -31.196  -36.751  -27.562 0.5000000000
44646  -28.742  -34.722  -27.552 0.3000000119
41829  -31.474  -36.918  -28.417 0.5000000000
113867  -31.575  -36.802  -29.383 0.6000000238
126067  -28.521  -34.179  -28.164 0.3000000119
44665  -30.351  -34.294  -28.114 0.3000000119
116387  -31.737  -36.125  -29.698 0.6000000238
122248  -26.776  -33.391  -29.341 0.3000000119
45526  -28.401  -33.222  -29.165 0.3000000119
44666  -31.127  -34.519  -28.374 0.3000000119
45525  -27.476  -33.328  -29.287 0.3000000119
43710  -31.909  -35.680  -31.762 0.6000000238
45547  -26.166  -32.850  -30.159 0.3000000119
43721  -31.736  -35.736  -32.619 0.6999999881
44726  -31.781  -35.166  -34.077 0.6999999881
46430  -28.137  -32.786  -37.005 0.8000000119
129948  -29.875  -33.691  -36.659 0.6999999881
45598  -30.677  -33.514  -36.482 0.6999999881
45611  -29.145  -33.305  -36.840 0.6999999881
123242  -27.553  -32.246  -37.098 0.8000000119
47300  -28.129  -31.840  -37.177 0.6999999881
46441  -24.310  -32.029  -37.010 0.8000000119
47297  -24.683  -31.141  -37.434 0.6999999881
123604  -25.583  -31.886  -37.088 0.8000000119
120798  -27.380  -31.101  -37.316 0.6000000238
46467  -30.036  -32.110  -38.660 0.6000000238
46451  -24.254  -31.903  -37.318 0.6999999881
47335  -24.703  -30.846  -38.301 0.6999999881
47324  -24.367  -30.920  -37.773 0.6999999881
46465  -26.949  -31.925  -38.719 0.6999999881
47337  -27.918  -31.626  -38.906 0.6999999881
47336  -25.950  -30.981  -38.744 0.6999999881
112146  -27.662  -27.725  -39.782 0.5000000000
50064  -28.741  -27.794  -39.837 0.5000000000
114658  -31.918  -35.619  -30.041 0.6000000238
43695  -32.074  -35.484  -30.791 0.6000000238
43696  -32.316  -34.615  -30.763 0.6000000238
117633  -32.486  -34.486  -32.054 0.6000000238
43734  -32.071  -35.189  -33.155 0.6999999881
44727  -32.530  -34.001  -33.610 0.6999999881
44737  -31.610  -34.739  -34.932 0.6999999881
47231  -24.695  -31.812  -31.905 0.3000000119
45599  -31.615  -33.625  -35.952 0.6999999881
118172  -32.197  -34.381  -34.327 0.6999999881
44738  -32.009  -34.038  -35.159 0.6999999881
47298  -26.021  -31.070  -37.318 0.6999999881
45597  -29.878  -32.874  -36.802 0.6999999881
46412  -30.549  -32.591  -36.713 0.6000000238
110183  -29.069  -32.371  -37.034 0.6999999881
125542  -23.934  -32.305  -37.020 0.6999999881
47313  -24.328  -31.458  -37.426 0.6999999881
48273  -25.072  -30.228  -37.614 0.6999999881
48274  -26.531  -30.357  -37.468 0.6000000238
123421  -24.455  -29.799  -38.103 0.6999999881
124008  -28.490  -32.097  -38.743 0.6000000238
110182  -29.156  -32.166  -38.704 0.5000000000
48305  -26.229  -30.188  -39.071 0.6999999881
48306  -27.252  -30.337  -39.286 0.6999999881
48307  -28.039  -30.030  -39.426 0.6000000238
44696  -32.091  -35.017  -30.071 0.5000000000
44679  -32.134  -34.286  -30.094 0.4000000060
44705  -32.511  -34.165  -31.457 0.6000000238
119138  -32.642  -33.860  -32.199 0.6000000238
124059  -32.636  -33.703  -32.914 0.6000000238
47251  -25.291  -31.377  -32.023 0.3000000119
45600  -32.245  -33.357  -35.345 0.6000000238
46413  -31.360  -32.760  -36.421 0.6000000238
48276  -28.439  -31.033  -37.344 0.6000000238
46431  -29.969  -31.978  -37.032 0.6000000238
47301  -29.126  -31.557  -37.228 0.6000000238
49176  -24.734  -29.588  -37.890 0.6999999881
49177  -25.716  -29.568  -37.733 0.6000000238
118146  -25.405  -29.306  -38.893 0.6999999881
47338  -28.720  -31.413  -38.946 0.6000000238
48309  -30.187  -31.099  -38.916 0.5000000000
124913  -28.641  -30.705  -39.232 0.6000000238
48308  -29.325  -30.875  -39.103 0.6000000238
118522  -29.868  -30.260  -39.278 0.5000000000
49222  -26.683  -28.505  -39.509 0.6000000238
119623  -29.043  -30.143  -39.375 0.5000000000
49223  -27.707  -29.093  -39.566 0.5000000000
50053  -29.181  -28.770  -39.649 0.5000000000
49212  -29.537  -29.525  -39.490 0.5000000000
117512  -32.328  -33.154  -30.753 0.4000000060
45548  -32.375  -33.829  -30.759 0.4000000060
46374  -32.384  -32.520  -31.115 0.4000000060
46363  -30.496  -32.027  -29.935 0.4000000060
45569  -32.739  -33.074  -32.509 0.6000000238
48224  -25.912  -30.837  -32.158 0.3000000119
47233  -26.984  -31.216  -31.622 0.3000000119
47234  -27.812  -31.193  -31.344 0.3000000119
46414  -32.644  -32.799  -34.985 0.6000000238
49964  -26.128  -28.547  -32.537 0.3000000119
118429  -32.237  -32.696  -35.934 0.6000000238
130852  -30.519  -31.298  -37.128 0.5000000000
47283  -31.869  -32.027  -36.482 0.6000000238
122023  -28.663  -30.375  -37.452 0.6000000238
48277  -29.286  -30.812  -37.370 0.6000000238
48275  -27.768  -30.402  -37.457 0.6000000238
124201  -30.114  -30.645  -37.337 0.6000000238
49178  -26.996  -29.787  -37.582 0.6000000238
49179  -28.106  -29.607  -37.635 0.6000000238
49192  -24.620  -29.532  -38.142 0.6999999881
49194  -26.593  -29.041  -37.890 0.6000000238
49209  -25.644  -28.509  -39.148 0.6999999881
122036  -27.496  -28.375  -39.652 0.5000000000
50063  -28.308  -28.554  -39.672 0.5000000000
50910  -28.762  -26.688  -40.140 0.5000000000
46364  -31.417  -32.235  -30.081 0.4000000060
45558  -32.572  -33.292  -31.516 0.4000000060
47224  -31.963  -31.830  -30.738 0.4000000060
127416  -31.478  -31.176  -30.872 0.4000000060
46387  -32.836  -32.324  -32.699 0.4000000060
128419  -32.823  -32.725  -33.024 0.4000000060
46399  -32.838  -32.837  -34.184 0.5000000000
124931  -27.073  -29.857  -32.238 0.3000000119
48226  -27.648  -29.944  -32.081 0.3000000119
126703  -28.288  -30.694  -31.532 0.4000000060
46407  -32.969  -32.188  -34.465 0.4000000060
49126  -28.279  -29.287  -32.282 0.3000000119
49108  -28.895  -29.718  -31.980 0.4000000060
48260  -32.308  -31.322  -36.460 0.5000000000
46415  -32.772  -32.079  -35.408 0.6000000238
47303  -31.420  -31.299  -36.857 0.5000000000
49181  -30.601  -29.900  -37.372 0.5000000000
49180  -29.471  -29.923  -37.488 0.6000000238
49182  -31.548  -29.854  -37.161 0.5000000000
50034  -27.738  -28.612  -38.038 0.6000000238
50046  -25.477  -28.016  -38.807 0.6000000238
50033  -26.190  -28.068  -38.492 0.6000000238
50052  -25.440  -27.937  -38.964 0.5000000000
50062  -26.784  -27.750  -39.613 0.5000000000
50907  -26.231  -27.149  -39.432 0.5000000000
50909  -27.633  -26.770  -40.020 0.5000000000
51775  -28.968  -25.545  -40.382 0.5000000000
46386  -32.664  -32.438  -31.917 0.4000000060
47239  -32.436  -31.762  -31.520 0.4000000060
47252  -32.741  -31.714  -32.297 0.4000000060
47238  -32.075  -31.086  -31.292 0.4000000060
118991  -33.159  -30.997  -33.413 0.4000000060
47263  -33.153  -31.598  -33.874 0.4000000060
49965  -26.981  -28.522  -32.542 0.3000000119
48261  -32.785  -30.601  -36.213 0.4000000060
47271  -33.135  -31.364  -34.812 0.5000000000
124005  -26.567  -27.935  -32.641 0.3000000119
49183  -32.547  -29.657  -36.580 0.4000000060
50023  -31.901  -29.057  -37.094 0.4000000060
50020  -29.076  -28.963  -37.807 0.6000000238
50021  -30.309  -29.047  -37.589 0.5000000000
50022  -31.274  -28.580  -37.402 0.5000000000
119090  -27.464  -27.792  -38.377 0.6000000238
111672  -28.693  -28.070  -38.170 0.5000000000
50035  -29.829  -28.251  -37.893 0.5000000000
50898  -25.874  -27.130  -39.208 0.5000000000
50883  -25.742  -27.312  -38.925 0.6000000238
50884  -26.471  -27.049  -38.765 0.6000000238
50885  -28.021  -26.972  -38.461 0.6000000238
51748  -25.855  -26.649  -38.865 0.6000000238
51773  -26.854  -25.899  -40.065 0.5000000000
51774  -27.449  -25.536  -40.280 0.5000000000
50911  -29.997  -26.731  -40.135 0.5000000000
51762  -26.161  -26.607  -39.242 0.5000000000
54311  -24.519  -23.810  -32.451 0.3000000119
115443  -26.028  -24.959  -32.439 0.4000000060
53419  -26.729  -24.420  -32.414 0.4000000060
55291  -24.999  -22.301  -32.395 0.4000000060
51749  -26.697  -25.934  -38.969 0.5000000000
113802  -29.929  -26.530  -38.014 0.5000000000
51730  -30.932  -26.577  -37.481 0.5000000000
52638  -26.761  -25.082  -39.434 0.5000000000
51751  -29.030  -25.584  -38.344 0.5000000000
52647  -26.713  -25.258  -39.862 0.5000000000
52648  -27.152  -24.510  -39.819 0.6000000238
51776  -30.493  -25.798  -40.346 0.5000000000
129585  -27.838  -24.939  -40.474 0.6000000238
52656  -28.287  -24.468  -40.418 0.5000000000
52657  -29.781  -24.544  -40.429 0.6000000238
52658  -31.161  -24.887  -40.457 0.4000000060
54312  -25.652  -22.974  -32.383 0.4000000060
52533  -27.634  -25.194  -32.471 0.4000000060
52622  -27.112  -25.031  -39.013 0.5000000000
52639  -27.327  -24.403  -39.261 0.5000000000
53533  -27.774  -23.952  -39.578 0.5000000000
53524  -28.448  -23.536  -39.194 0.5000000000
53509  -28.251  -23.813  -38.825 0.5000000000
52655  -27.341  -24.646  -40.235 0.5000000000
53543  -27.796  -24.029  -40.145 0.5000000000
110443  -31.955  -23.890  -40.482 0.4000000060
53545  -29.900  -23.716  -40.260 0.5000000000
53546  -30.824  -23.891  -40.376 0.5000000000
54314  -27.059  -23.015  -32.468 0.4000000060
55292  -25.838  -22.154  -32.430 0.4000000060
52623  -27.948  -24.672  -38.750 0.5000000000
51752  -29.769  -25.144  -37.746 0.4000000060
53534  -28.489  -23.617  -39.858 0.4000000060
54420  -29.497  -23.366  -40.030 0.4000000060
127016  -31.380  -23.307  -40.256 0.5000000000
53547  -31.981  -23.188  -40.220 0.3000000119
120522  -28.749  -23.300  -38.013 0.4000000060
54411  -29.134  -23.216  -39.390 0.4000000060
54427  -31.153  -22.986  -40.059 0.5000000000
126678  -32.446  -23.323  -40.051 0.4000000060
53535  -32.428  -23.411  -39.205 0.4000000060
54412  -29.729  -22.909  -38.916 0.4000000060
122427  -35.112  -25.068  -39.254 0.4000000060
54422  -30.707  -22.899  -39.529 0.4000000060
53526  -33.269  -24.223  -38.722 0.4000000060
54397  -31.191  -22.835  -37.244 0.4000000060
52640  -34.229  -24.778  -39.007 0.4000000060
52628  -35.589  -25.686  -38.405 0.4000000060
51764  -36.040  -25.913  -38.250 0.4000000060
54414  -31.445  -22.964  -38.379 0.4000000060
53525  -32.349  -23.574  -37.917 0.3000000119
52626  -33.957  -25.185  -37.690 0.4000000060
53511  -32.196  -23.618  -36.800 0.4000000060
52608  -33.593  -24.992  -36.791 0.3000000119
52627  -34.896  -25.574  -38.150 0.4000000060
51755  -36.221  -26.185  -37.257 0.4000000060
53512  -33.059  -24.457  -37.370 0.3000000119
52609  -34.305  -25.500  -36.603 0.4000000060
51753  -34.805  -25.764  -37.258 0.5000000000
53498  -33.045  -24.433  -36.367 0.4000000060
119555  -23.518  -50.379  -37.084 0.6999999881
125333  -28.529  -51.645  -33.746 0.6999999881
25815  -23.704  -55.425  -32.515 0.6000000238
32209  -28.750  -48.610  -33.912 0.8000000119
129492  -29.184  -50.028  -31.580 0.8000000119
29431  -26.475  -51.455  -29.445 0.6000000238
30365  -27.553  -50.822  -29.162 0.6000000238
126976  -21.691  -50.417  -32.903 0.4000000060
121065  -20.407  -42.672  -36.053 0.8000000119
32118  -27.065  -48.227  -27.666 0.6000000238
33044  -22.842  -46.728  -32.154 0.5000000000
35651  -29.812  -44.666  -32.794 0.8000000119
121924  -20.135  -45.121  -28.620 0.4000000060
33769  -25.417  -45.962  -29.726 0.6000000238
34582  -23.128  -45.039  -29.027 0.5000000000
35618  -24.790  -44.733  -29.521 0.6000000238
39210  -26.840  -40.409  -33.395 0.6999999881
36507  -29.506  -43.850  -26.389 0.6999999881
38272  -29.898  -41.613  -25.903 0.6999999881
41896  -30.267  -37.332  -32.299 0.6999999881
41858  -30.769  -37.986  -30.647 0.6999999881
41880  -31.108  -37.203  -30.898 0.6000000238
42743  -30.715  -36.714  -26.908 0.5000000000
114213  -31.872  -34.697  -29.584 0.4000000060
47282  -30.922  -31.977  -36.787 0.6000000238
119860  -32.882  -31.014  -32.695 0.4000000060
29558  -20.025  -51.951  -38.588 0.5000000000
29566  -20.557  -50.925  -38.972 0.5000000000
122487  -24.148  -57.050  -32.419 0.5000000000
33884  -21.718  -46.885  -38.477 0.6999999881
29526  -28.125  -51.616  -34.738 0.6999999881
31323  -23.679  -49.028  -37.028 0.6999999881
31309  -24.820  -49.216  -36.761 0.6999999881
32227  -24.332  -48.228  -36.992 0.6999999881
122551  -24.314  -43.936  -38.383 0.5000000000
30425  -28.741  -50.853  -33.264 0.8000000119
31303  -27.953  -49.294  -34.992 0.6999999881
117745  -29.071  -50.860  -31.406 0.8000000119
27606  -24.178  -53.131  -31.932 0.6000000238
27621  -23.610  -53.178  -32.336 0.6000000238
28491  -26.994  -52.198  -29.774 0.6999999881
31292  -29.180  -49.236  -32.702 0.6999999881
117798  -21.702  -53.269  -33.361 0.5000000000
33832  -28.252  -46.476  -35.057 0.8000000119
37516  -25.358  -42.696  -38.147 0.5000000000
31237  -28.992  -49.539  -29.787 0.6999999881
29479  -23.431  -51.748  -32.220 0.6000000238
33036  -29.591  -47.746  -31.824 0.8000000119
119404  -26.834  -45.809  -36.292 0.8000000119
37509  -26.208  -41.993  -37.988 0.6000000238
113013  -29.303  -48.891  -29.988 0.6999999881
36621  -24.578  -43.207  -36.220 0.8999999762
37491  -21.759  -42.455  -35.692 0.8000000119
38406  -27.646  -41.630  -38.248 0.4000000060
30424  -21.059  -49.495  -33.199 0.3000000119
29500  -21.766  -51.546  -32.987 0.5000000000
29515  -21.036  -50.657  -33.241 0.4000000060
35688  -27.207  -44.295  -36.134 0.8999999762
38395  -20.695  -41.264  -36.479 0.8000000119
32139  -27.062  -48.940  -27.914 0.6000000238
31214  -25.787  -49.407  -28.724 0.6000000238
32987  -28.914  -47.577  -28.065 0.8000000119
30411  -22.326  -49.944  -32.595 0.5000000000
30401  -23.674  -49.944  -31.788 0.5000000000
124582  -28.755  -43.468  -34.315 0.8000000119
40105  -27.237  -39.102  -38.235 0.6000000238
40106  -28.536  -39.551  -38.470 0.4000000060
32137  -25.793  -48.456  -28.636 0.6000000238
33043  -21.763  -46.768  -32.125 0.5000000000
32170  -24.796  -48.774  -30.323 0.5000000000
120340  -23.752  -48.338  -32.056 0.5000000000
34607  -29.771  -46.197  -28.695 0.6999999881
122699  -22.965  -46.643  -31.181 0.5000000000
33800  -23.964  -46.050  -31.449 0.6000000238
33034  -23.628  -46.409  -31.774 0.5000000000
33785  -23.914  -45.861  -31.035 0.6000000238
33033  -22.827  -46.535  -31.954 0.5000000000
32171  -25.015  -47.760  -30.220 0.5000000000
32985  -22.293  -47.091  -29.188 0.6000000238
32183  -23.692  -47.238  -32.134 0.5000000000
33020  -24.806  -46.733  -31.014 0.6000000238
33786  -24.573  -45.962  -30.949 0.6000000238
34602  -19.523  -44.728  -28.755 0.4000000060
110282  -30.317  -44.161  -30.472 0.6999999881
37481  -25.879  -41.914  -35.363 0.8000000119
38373  -22.607  -40.959  -35.427 0.8999999762
34605  -24.469  -45.470  -30.163 0.6000000238
34621  -24.119  -45.857  -31.052 0.6000000238
33787  -25.091  -46.307  -30.368 0.6000000238
35597  -22.604  -44.387  -28.696 0.4000000060
36550  -24.346  -44.124  -29.180 0.5000000000
36549  -21.622  -42.548  -28.886 0.4000000060
125125  -23.734  -43.682  -28.818 0.5000000000
37459  -29.292  -42.626  -32.685 0.6999999881
39217  -22.059  -40.309  -35.525 0.8000000119
41963  -27.527  -37.713  -38.425 0.6999999881
34556  -27.300  -45.896  -26.662 0.6999999881
35599  -25.727  -44.714  -28.599 0.6999999881
35600  -26.199  -44.836  -27.668 0.6999999881
124511  -25.127  -44.116  -28.957 0.6000000238
37427  -29.928  -42.375  -30.701 0.6999999881
41950  -24.904  -37.431  -37.915 0.8000000119
35575  -26.929  -44.379  -26.248 0.6999999881
37446  -29.527  -42.186  -31.527 0.6999999881
126419  -30.383  -42.186  -29.386 0.6999999881
125907  -22.867  -36.981  -37.347 0.8999999762
41949  -23.643  -36.756  -37.601 0.8000000119
42875  -26.461  -36.437  -38.426 0.6000000238
43790  -27.359  -35.798  -38.523 0.6000000238
42874  -25.312  -36.021  -38.294 0.8000000119
37379  -24.272  -42.347  -27.480 0.5000000000
38269  -24.533  -41.211  -26.333 0.4000000060
125516  -22.595  -36.253  -37.114 0.8000000119
41960  -24.473  -36.428  -37.958 0.8000000119
38247  -25.752  -41.150  -25.132 0.5000000000
111712  -30.645  -41.369  -27.242 0.6999999881
38307  -30.482  -41.390  -29.206 0.6999999881
40839  -23.166  -38.600  -26.456 0.3000000119
39171  -29.481  -40.655  -30.786 0.6999999881
39152  -30.484  -40.499  -29.512 0.6999999881
40022  -29.430  -39.840  -30.778 0.6999999881
40915  -29.280  -38.668  -31.466 0.6999999881
41901  -26.711  -38.086  -33.985 0.8000000119
39971  -24.145  -39.641  -25.891 0.3000000119
39948  -25.430  -39.446  -25.149 0.5000000000
38273  -30.363  -41.242  -26.504 0.6999999881
115751  -30.860  -40.774  -27.673 0.6999999881
39949  -26.305  -39.729  -24.978 0.5000000000
40821  -26.233  -38.839  -25.199 0.4000000060
41806  -23.980  -37.377  -26.052 0.3000000119
40894  -31.089  -38.281  -29.978 0.6999999881
112439  -28.314  -40.101  -24.981 0.6000000238
41784  -27.161  -37.661  -25.553 0.3000000119
119294  -27.043  -36.996  -25.845 0.3000000119
43640  -25.770  -35.720  -26.730 0.3000000119
43641  -26.806  -35.728  -26.716 0.3000000119
45649  -26.892  -33.472  -38.558 0.6999999881
40823  -28.575  -38.580  -25.401 0.6000000238
40841  -29.574  -38.264  -25.734 0.6000000238
129438  -30.250  -38.413  -26.107 0.6000000238
40852  -31.229  -38.168  -27.518 0.6999999881
40872  -31.330  -38.085  -29.257 0.6999999881
113960  -30.369  -35.186  -36.112 0.8000000119
121426  -27.260  -32.780  -38.618 0.6000000238
125744  -27.907  -32.443  -38.709 0.6000000238
43643  -28.263  -36.122  -26.465 0.3000000119
41785  -27.957  -37.921  -25.473 0.5000000000
41811  -30.562  -37.390  -26.596 0.5000000000
44662  -27.095  -34.339  -28.253 0.3000000119
44663  -27.860  -34.478  -27.955 0.3000000119
42767  -31.596  -36.130  -28.840 0.5000000000
44751  -30.194  -34.410  -36.444 0.6999999881
44647  -29.867  -34.794  -27.582 0.3000000119
45503  -27.865  -33.854  -28.604 0.3000000119
43658  -30.759  -35.022  -27.770 0.3000000119
46335  -26.988  -32.866  -29.890 0.3000000119
46337  -28.931  -32.599  -29.607 0.3000000119
123933  -32.336  -34.924  -31.512 0.6000000238
43722  -32.243  -35.085  -32.316 0.6000000238
48304  -25.058  -30.048  -38.574 0.6999999881
48298  -24.387  -30.054  -38.070 0.6999999881
44714  -32.457  -34.429  -32.836 0.6000000238
45590  -32.527  -33.539  -34.455 0.6999999881
47302  -29.797  -31.268  -37.256 0.6000000238
49203  -24.730  -29.416  -38.317 0.6999999881
47339  -29.476  -31.529  -38.830 0.5000000000
45530  -32.018  -33.461  -30.045 0.4000000060
49193  -25.240  -28.895  -38.173 0.6000000238
123278  -29.618  -28.312  -39.712 0.4000000060
46365  -32.024  -32.664  -30.387 0.4000000060
47236  -29.545  -30.960  -31.016 0.4000000060
48225  -26.433  -30.185  -32.228 0.3000000119
47285  -32.855  -31.365  -35.812 0.5000000000
48278  -31.022  -30.604  -37.188 0.5000000000
49204  -25.142  -28.868  -38.561 0.5000000000
46400  -32.952  -32.363  -33.528 0.4000000060
48209  -28.304  -30.106  -31.850 0.4000000060
48279  -31.974  -30.566  -36.854 0.5000000000
48237  -33.276  -30.380  -33.809 0.4000000060
51763  -26.494  -25.937  -39.392 0.6000000238
53418  -25.503  -24.044  -32.405 0.3000000119
51750  -27.951  -25.771  -38.649 0.5000000000
121763  -27.100  -23.690  -32.456 0.4000000060
54413  -30.489  -22.803  -38.645 0.4000000060
51754  -35.632  -26.128  -37.479 0.4000000060
51735  -36.601  -26.169  -36.273 0.3000000119
24035  -27.360  -57.273  -37.323 0.5000000000
24974  -25.956  -56.367  -37.988 0.5000000000
23078  -28.119  -58.844  -35.113 0.4000000060
24019  -28.451  -57.679  -35.711 0.5000000000
24028  -28.253  -57.827  -36.375 0.5000000000
24027  -27.845  -57.190  -36.762 0.5000000000
25897  -27.216  -55.814  -36.894 0.6000000238
25896  -26.550  -55.185  -37.190 0.6000000238
24007  -28.481  -57.565  -34.948 0.5000000000
23063  -28.259  -58.179  -34.646 0.5000000000
24934  -28.509  -56.936  -35.339 0.5000000000
25884  -27.835  -55.659  -36.268 0.5000000000
23995  -28.371  -57.459  -34.041 0.5000000000
25883  -27.208  -55.024  -36.631 0.6000000238
27701  -26.662  -53.715  -36.522 0.6000000238
26800  -26.581  -54.418  -36.855 0.6000000238
26799  -25.990  -53.836  -37.043 0.6000000238
116225  -25.510  -53.313  -37.122 0.6000000238
27700  -26.084  -53.190  -36.715 0.6000000238
27699  -24.789  -53.075  -37.316 0.6000000238
27698  -23.910  -52.799  -37.436 0.6000000238
28600  -24.563  -52.298  -37.211 0.6000000238
24915  -28.580  -56.750  -34.497 0.5000000000
25869  -28.286  -55.441  -35.538 0.5000000000
112724  -27.794  -54.969  -36.069 0.6000000238
23994  -27.770  -57.785  -33.426 0.5000000000
24899  -28.540  -56.504  -33.643 0.5000000000
123740  -27.288  -54.322  -36.286 0.6000000238
23978  -26.689  -57.606  -32.427 0.5000000000
119928  -27.457  -57.414  -32.752 0.5000000000
27686  -26.712  -53.028  -36.249 0.6000000238
28601  -25.466  -52.612  -36.903 0.6000000238
28599  -23.646  -52.052  -37.340 0.6000000238
109182  -28.578  -56.094  -34.958 0.5000000000
26783  -28.047  -54.418  -35.509 0.5000000000
23979  -28.161  -57.065  -33.169 0.5000000000
25835  -28.640  -55.680  -33.258 0.5000000000
119778  -28.718  -55.858  -34.071 0.5000000000
108959  -28.612  -55.075  -34.613 0.5000000000
128925  -27.120  -57.075  -32.205 0.5000000000
24881  -27.745  -56.726  -32.442 0.5000000000
27687  -27.339  -53.597  -35.926 0.6000000238
23960  -26.422  -57.040  -31.925 0.5000000000
28593  -26.690  -52.310  -36.072 0.6000000238
125043  -26.176  -52.634  -36.492 0.6000000238
29542  -24.290  -51.552  -37.096 0.6000000238
24882  -28.362  -56.258  -32.820 0.5000000000
123837  -28.612  -53.826  -34.014 0.5000000000
26784  -28.425  -54.087  -34.648 0.6000000238
27670  -28.363  -53.255  -34.453 0.6000000238
24860  -28.034  -55.981  -32.074 0.5000000000
115543  -27.959  -53.452  -35.204 0.6000000238
24880  -25.514  -56.910  -31.879 0.5000000000
28591  -25.143  -51.797  -36.828 0.6000000238
29533  -24.833  -51.065  -36.772 0.6000000238
26727  -28.603  -54.763  -32.280 0.5000000000
114131  -28.675  -55.033  -32.897 0.5000000000
110755  -28.730  -54.077  -33.451 0.5000000000
27645  -28.646  -53.215  -33.578 0.6000000238
25801  -27.630  -55.546  -31.490 0.5000000000
24859  -26.173  -56.337  -31.529 0.5000000000
25800  -26.794  -55.724  -31.233 0.6000000238
26709  -28.759  -54.047  -31.984 0.6000000238
26748  -28.748  -54.276  -32.782 0.5000000000
27646  -28.786  -53.610  -32.962 0.5000000000
28567  -28.625  -52.392  -33.377 0.6000000238
26708  -28.440  -54.493  -31.607 0.6000000238
28583  -28.416  -52.426  -34.158 0.6000000238
25798  -25.062  -55.245  -31.541 0.5000000000
26707  -26.534  -55.088  -30.870 0.5000000000
25789  -27.282  -55.085  -30.946 0.6000000238
25790  -27.936  -54.825  -31.226 0.6000000238
27609  -28.562  -53.887  -31.390 0.6000000238
27623  -28.780  -53.474  -32.345 0.5000000000
28568  -28.773  -52.876  -32.821 0.6000000238
28545  -28.848  -52.561  -32.106 0.6999999881
44800  -27.482  -34.146  -38.559 0.5000000000
44801  -28.332  -34.006  -38.564 0.5000000000
117411  -27.992  -30.895  -39.211 0.5000000000
51734  -35.938  -26.394  -36.433 0.4000000060
51717  -36.283  -26.311  -35.480 0.3000000119
51718  -37.038  -26.050  -35.447 0.3000000119
52579  -37.478  -25.764  -34.550 0.3000000119
22149  -27.844  -59.510  -35.528 0.4000000060
23082  -28.150  -58.655  -36.614 0.5000000000
23093  -27.787  -57.880  -37.074 0.5000000000
113321  -25.081  -54.911  -37.835 0.5000000000
23062  -27.718  -58.724  -34.316 0.4000000060
112433  -25.851  -55.470  -37.658 0.6000000238
26808  -25.865  -54.597  -37.363 0.6000000238
27707  -25.090  -53.946  -37.453 0.5000000000
27706  -24.080  -53.572  -37.621 0.5000000000
23061  -27.024  -59.161  -33.907 0.4000000060
23043  -27.373  -58.468  -33.630 0.5000000000
23027  -26.187  -58.252  -32.669 0.5000000000
23993  -27.042  -58.078  -32.985 0.5000000000
23977  -25.799  -57.642  -32.225 0.3000000119
23975  -23.883  -57.748  -32.502 0.4000000060
24898  -22.667  -56.938  -32.956 0.4000000060
38405  -27.038  -42.177  -38.220 0.4000000060
126759  -26.987  -39.268  -25.056 0.5000000000
40822  -27.347  -38.521  -25.298 0.4000000060
44783  -28.764  -34.768  -38.558 0.5000000000
45634  -29.158  -33.874  -38.563 0.5000000000
46466  -29.571  -32.970  -38.585 0.5000000000
43678  -31.755  -35.382  -29.346 0.4000000060
51702  -36.602  -26.103  -34.657 0.3000000119
52557  -37.465  -25.458  -33.641 0.3000000119
22142  -27.455  -59.379  -34.688 0.4000000060
24858  -25.277  -56.099  -31.657 0.5000000000
25799  -25.890  -55.568  -31.244 0.6000000238
23976  -24.805  -57.568  -32.270 0.4000000060
24962  -26.592  -56.045  -37.449 0.6000000238
22150  -28.336  -58.898  -35.892 0.4000000060
24950  -28.328  -57.082  -36.096 0.5000000000
24949  -27.839  -56.442  -36.506 0.6000000238
23044  -27.999  -58.162  -33.990 0.5000000000
26767  -28.683  -54.430  -34.029 0.5000000000
117947  -28.728  -54.942  -33.574 0.5000000000
110077  -27.178  -56.417  -31.750 0.5000000000
25802  -28.267  -55.219  -31.818 0.5000000000
51701  -36.015  -26.248  -34.795 0.4000000060
23042  -26.583  -58.732  -33.269 0.4000000060
26807  -24.226  -54.403  -37.963 0.4000000060
33042  -20.740  -47.131  -32.296 0.4000000060
32196  -21.100  -47.363  -32.589 0.3000000119
31274  -21.858  -48.534  -32.774 0.4000000060
115277  -21.631  -49.437  -32.894 0.4000000060
33019  -22.159  -46.753  -31.691 0.4000000060
32135  -20.920  -48.650  -28.917 0.4000000060
32136  -21.440  -48.456  -29.397 0.4000000060
32169  -21.760  -47.751  -30.643 0.4000000060
32133  -18.426  -48.577  -28.442 0.3000000119
128348  -20.161  -48.644  -28.567 0.3000000119
32982  -18.526  -47.507  -28.495 0.4000000060
33003  -21.947  -47.804  -29.549 0.4000000060
32134  -19.362  -48.138  -28.463 0.4000000060
32983  -20.313  -47.813  -28.533 0.5000000000
113711  -19.308  -47.194  -28.487 0.4000000060
115087  -19.198  -46.394  -28.562 0.4000000060
33743  -20.955  -47.128  -28.573 0.5000000000
34578  -18.697  -45.841  -28.689 0.4000000060
41783  -25.890  -38.165  -25.415 0.3000000119
113091  -30.913  -35.923  -27.468 0.3000000119
43657  -30.293  -35.444  -27.327 0.3000000119
43664  -31.375  -35.397  -28.343 0.3000000119
108443  -31.586  -34.697  -28.971 0.3000000119
130766  -29.035  -26.540  -38.334 0.4000000060
46339  -30.954  -32.641  -29.515 0.3000000119
50886  -29.441  -27.385  -38.145 0.4000000060
47222  -30.016  -31.481  -30.455 0.3000000119
47235  -28.622  -31.077  -31.178 0.3000000119
48210  -29.055  -30.394  -31.560 0.3000000119
50870  -31.309  -27.671  -37.423 0.4000000060
52624  -28.743  -24.198  -38.253 0.4000000060
54394  -28.792  -23.179  -38.354 0.3000000119
47223  -31.059  -31.561  -30.400 0.3000000119
47237  -30.589  -30.975  -30.863 0.3000000119
48212  -31.301  -30.481  -31.297 0.3000000119
48213  -32.141  -30.351  -31.758 0.3000000119
48227  -32.631  -30.318  -32.411 0.3000000119
49110  -30.690  -29.756  -31.715 0.3000000119
49111  -31.625  -29.842  -31.771 0.3000000119
49130  -32.208  -29.506  -32.232 0.3000000119
49131  -32.837  -29.661  -32.851 0.3000000119
48228  -33.071  -30.344  -33.080 0.3000000119
48246  -33.273  -30.507  -34.636 0.3000000119
49109  -29.666  -29.724  -31.831 0.3000000119
48262  -33.119  -30.743  -35.419 0.3000000119
49967  -28.657  -28.423  -32.514 0.3000000119
50807  -28.115  -27.560  -32.605 0.3000000119
49165  -33.175  -29.849  -35.469 0.3000000119
115369  -27.291  -27.054  -32.627 0.3000000119
50024  -32.487  -28.808  -36.580 0.3000000119
114344  -32.096  -28.126  -36.956 0.3000000119
50871  -31.877  -27.105  -37.016 0.3000000119
56164  -24.557  -21.706  -32.526 0.3000000119
54395  -29.245  -22.714  -37.816 0.3000000119
49128  -30.140  -29.070  -32.178 0.3000000119
49129  -31.222  -29.136  -32.108 0.3000000119
49148  -33.296  -29.730  -34.351 0.3000000119
49127  -29.191  -29.108  -32.262 0.3000000119
125737  -30.702  -28.278  -32.465 0.3000000119
49969  -31.887  -28.541  -32.485 0.3000000119
49979  -32.896  -28.618  -33.495 0.3000000119
122358  -33.209  -29.086  -33.921 0.3000000119
49995  -33.187  -28.861  -34.851 0.3000000119
123625  -29.473  -27.368  -32.578 0.3000000119
49164  -32.984  -28.912  -35.946 0.3000000119
51659  -26.604  -26.490  -32.594 0.3000000119
115549  -27.875  -26.815  -32.593 0.3000000119
129159  -28.672  -27.289  -32.581 0.3000000119
113666  -32.643  -28.281  -36.245 0.3000000119
50872  -32.481  -27.416  -36.165 0.3000000119
51731  -31.513  -26.197  -36.795 0.3000000119
54313  -26.431  -23.471  -32.424 0.3000000119
55293  -26.429  -22.667  -32.446 0.3000000119
124147  -26.998  -22.383  -32.517 0.3000000119
56166  -26.527  -21.962  -32.501 0.3000000119
114026  -30.678  -25.451  -37.098 0.3000000119
52625  -28.927  -23.336  -37.400 0.3000000119
53510  -28.850  -22.867  -37.363 0.3000000119
54396  -30.122  -22.583  -37.557 0.3000000119
49970  -32.600  -28.912  -32.832 0.3000000119
50822  -32.813  -27.937  -33.792 0.3000000119
126706  -33.093  -28.481  -34.122 0.3000000119
51662  -29.147  -26.993  -32.585 0.3000000119
50810  -30.640  -27.464  -32.636 0.3000000119
50820  -31.627  -27.558  -32.800 0.3000000119
49978  -32.430  -28.115  -33.064 0.3000000119
50843  -32.954  -27.976  -34.580 0.3000000119
114782  -28.477  -26.863  -32.577 0.3000000119
115198  -28.973  -26.163  -32.538 0.3000000119
50010  -32.875  -28.124  -35.486 0.3000000119
52593  -31.570  -25.748  -35.580 0.3000000119
51715  -32.219  -26.482  -35.540 0.3000000119
53420  -27.637  -24.165  -32.459 0.3000000119
54315  -27.738  -23.342  -32.514 0.3000000119
51732  -31.773  -26.083  -36.105 0.3000000119
55294  -27.761  -22.520  -32.614 0.3000000119
56167  -27.319  -21.696  -32.643 0.3000000119
52607  -29.582  -23.932  -36.714 0.3000000119
53496  -29.111  -22.754  -36.437 0.3000000119
54383  -29.207  -22.563  -36.815 0.3000000119
50821  -32.339  -27.323  -33.462 0.3000000119
52535  -29.687  -25.553  -32.686 0.3000000119
51663  -30.356  -26.151  -32.789 0.3000000119
51681  -31.739  -26.686  -33.287 0.3000000119
50842  -32.637  -27.247  -34.194 0.3000000119
52534  -28.541  -25.426  -32.520 0.3000000119
120440  -31.604  -26.002  -33.744 0.3000000119
51682  -32.203  -26.611  -33.871 0.3000000119
50858  -32.656  -27.293  -35.082 0.3000000119
110907  -28.375  -24.592  -32.513 0.3000000119
124214  -29.094  -24.927  -32.600 0.3000000119
53421  -28.403  -23.762  -32.578 0.3000000119
54332  -28.568  -22.936  -32.753 0.3000000119
55311  -28.981  -22.245  -33.106 0.3000000119
52592  -30.859  -25.171  -36.168 0.3000000119
55310  -28.271  -21.872  -32.844 0.3000000119
123673  -28.426  -22.398  -32.786 0.3000000119
53481  -29.593  -23.454  -35.617 0.3000000119
54384  -29.913  -22.357  -36.688 0.3000000119
51680  -31.082  -26.017  -33.198 0.3000000119
52536  -30.396  -25.315  -33.107 0.3000000119
52553  -31.877  -26.096  -34.213 0.3000000119
122321  -29.040  -24.145  -32.707 0.3000000119
53422  -29.724  -24.525  -32.946 0.3000000119
52551  -30.875  -25.292  -33.656 0.3000000119
52574  -31.743  -25.875  -34.855 0.3000000119
53439  -28.991  -23.472  -32.815 0.3000000119
53440  -29.437  -23.640  -33.075 0.3000000119
52573  -30.845  -24.958  -35.166 0.3000000119
57024  -28.892  -20.475  -33.265 0.3000000119
54333  -29.330  -22.889  -33.272 0.3000000119
56184  -28.056  -20.913  -32.949 0.3000000119
56185  -28.906  -21.399  -33.169 0.3000000119
55312  -29.656  -22.240  -33.498 0.3000000119
124348  -29.314  -22.676  -35.769 0.3000000119
116291  -29.397  -22.390  -36.048 0.3000000119
54385  -30.778  -22.607  -36.145 0.3000000119
52552  -31.126  -25.295  -34.268 0.3000000119
53441  -30.177  -24.451  -33.597 0.3000000119
53442  -30.413  -24.511  -34.031 0.3000000119
117570  -29.758  -23.659  -33.612 0.3000000119
53463  -29.979  -24.020  -34.689 0.3000000119
120923  -29.619  -23.123  -33.632 0.3000000119
53480  -29.458  -22.996  -35.187 0.3000000119
109443  -29.501  -21.722  -33.358 0.3000000119
54372  -30.095  -22.462  -35.584 0.3000000119
53483  -33.223  -24.458  -35.465 0.3000000119
53497  -32.321  -23.675  -35.788 0.3000000119
53462  -29.845  -23.456  -34.337 0.3000000119
108895  -29.734  -20.883  -33.338 0.3000000119
54334  -29.754  -23.000  -34.206 0.3000000119
56186  -30.334  -21.576  -33.472 0.3000000119
54355  -29.718  -22.836  -34.845 0.3000000119
54371  -29.497  -22.568  -35.487 0.3000000119
54356  -30.378  -22.724  -34.830 0.3000000119
121696  -31.932  -23.079  -34.422 0.3000000119
53464  -32.583  -23.674  -34.659 0.3000000119
54373  -31.521  -23.149  -35.096 0.3000000119
53465  -33.420  -24.308  -34.601 0.3000000119
53482  -32.636  -23.937  -35.086 0.3000000119
109775  -29.515  -19.920  -33.372 0.3000000119
57025  -30.299  -20.098  -33.404 0.3000000119
108894  -30.570  -20.811  -33.398 0.3000000119
111299  -31.021  -21.832  -33.578 0.3000000119
55314  -31.124  -22.264  -33.775 0.3000000119
54335  -30.229  -22.701  -34.180 0.3000000119
54336  -31.298  -22.626  -34.078 0.3000000119
115532  -32.388  -22.919  -33.885 0.3000000119
54337  -33.084  -23.605  -34.066 0.3000000119
52595  -34.663  -25.658  -35.567 0.3000000119
52594  -33.774  -25.062  -35.959 0.3000000119
51733  -35.184  -26.045  -36.468 0.3000000119
57800  -30.812  -19.434  -33.519 0.3000000119
57026  -31.097  -20.266  -33.446 0.3000000119
56187  -31.296  -21.162  -33.441 0.3000000119
129730  -32.140  -21.144  -33.451 0.3000000119
56188  -31.865  -21.853  -33.521 0.3000000119
125013  -31.888  -22.452  -33.736 0.3000000119
52576  -34.877  -25.528  -34.569 0.3000000119
128378  -35.137  -25.891  -35.042 0.3000000119
27705  -23.186  -53.227  -37.678 0.4000000060
115191  -19.526  -49.065  -28.497 0.3000000119
32154  -22.286  -47.448  -30.272 0.4000000060
33742  -19.989  -46.712  -28.515 0.4000000060
48211  -30.120  -30.366  -31.353 0.3000000119
111617  -32.509  -31.031  -31.962 0.3000000119
50887  -30.463  -27.467  -37.807 0.4000000060
52532  -26.726  -25.495  -32.482 0.3000000119
56165  -25.251  -21.554  -32.489 0.3000000119
51661  -28.137  -26.133  -32.544 0.3000000119
119895  -25.977  -21.425  -32.519 0.3000000119
49137  -33.177  -29.730  -33.522 0.3000000119
113270  -20.482  -49.331  -28.874 0.4000000060
30338  -20.574  -50.060  -29.460 0.4000000060
31252  -21.473  -48.854  -30.028 0.4000000060
32153  -21.698  -48.372  -29.874 0.4000000060
32981  -17.732  -47.711  -28.525 0.3000000119
51660  -27.381  -26.246  -32.549 0.3000000119
114278  -32.099  -26.657  -36.373 0.3000000119
49968  -29.577  -28.399  -32.465 0.3000000119
50809  -29.875  -27.718  -32.573 0.3000000119
116060  -30.002  -26.989  -32.636 0.3000000119
130141  -26.614  -21.330  -32.584 0.3000000119
127325  -29.643  -26.386  -32.615 0.3000000119
51664  -30.964  -26.788  -32.835 0.3000000119
129524  -29.062  -25.511  -32.565 0.3000000119
51700  -32.300  -26.580  -34.582 0.3000000119
109932  -29.809  -22.698  -33.732 0.3000000119
55313  -30.349  -22.176  -33.683 0.3000000119
52575  -34.021  -25.034  -35.022 0.3000000119
55315  -32.669  -22.330  -33.584 0.3000000119
31213  -19.839  -49.917  -28.710 0.4000000060
113180  -20.072  -55.348  -34.249 0.3000000119
24896  -20.705  -56.031  -34.057 0.3000000119
26765  -19.482  -54.688  -34.323 0.3000000119
131204  -21.286  -55.558  -33.770 0.3000000119
114507  -17.942  -46.958  -28.612 0.3000000119
33741  -18.556  -46.638  -28.582 0.3000000119
34601  -18.221  -45.193  -28.992 0.3000000119
32168  -21.257  -48.638  -30.485 0.3000000119
31233  -21.115  -49.586  -30.011 0.3000000119
31234  -21.155  -49.125  -29.586 0.3000000119
33032  -21.249  -46.858  -31.942 0.3000000119
32182  -21.174  -47.577  -31.332 0.3000000119
113483  -27.238  -43.028  -38.423 0.3000000119
23079  -28.388  -58.257  -35.418 0.4000000060
23083  -28.422  -58.311  -36.002 0.4000000060
23991  -21.480  -57.254  -33.539 0.4000000060
24879  -24.684  -56.633  -32.103 0.5000000000
24963  -27.284  -56.597  -37.146 0.5000000000
25817  -28.465  -55.495  -32.517 0.5000000000
25885  -28.329  -56.300  -35.786 0.5000000000
26691  -28.230  -54.143  -30.988 0.6999999881
28519  -24.472  -52.668  -31.457 0.6000000238
28598  -22.575  -51.905  -37.475 0.6999999881
29534  -25.752  -51.162  -36.452 0.6999999881
29538  -20.397  -51.109  -37.818 0.6999999881
29547  -20.153  -51.311  -38.180 0.6999999881
29557  -20.071  -51.268  -38.743 0.6000000238
30341  -27.914  -50.168  -28.822 0.6999999881
30363  -25.969  -50.758  -29.165 0.6000000238
30412  -23.168  -49.990  -32.224 0.5000000000
30444  -20.785  -50.495  -37.664 0.6999999881
30447  -24.447  -50.434  -36.817 0.6000000238
30464  -20.263  -50.731  -38.289 0.6999999881
31291  -28.881  -49.306  -33.464 0.8000000119
31310  -25.741  -49.161  -36.457 0.6999999881
31330  -20.655  -49.402  -37.751 0.6999999881
32217  -27.605  -48.523  -35.283 0.6999999881
32218  -28.254  -48.556  -34.655 0.6999999881
32249  -20.534  -48.579  -37.346 0.6999999881
32256  -20.595  -48.025  -37.795 0.6999999881
32984  -21.317  -47.978  -28.870 0.6000000238
33006  -29.566  -47.588  -29.512 0.6999999881
33102  -20.309  -47.393  -36.997 0.6999999881
33116  -21.386  -47.472  -38.394 0.6999999881
33864  -25.389  -46.056  -36.827 0.6999999881
34563  -26.563  -45.504  -27.270 0.6999999881
34632  -24.197  -46.020  -31.325 0.6000000238
35556  -28.427  -44.112  -25.614 0.6999999881
35652  -30.058  -44.299  -32.170 0.8000000119
35663  -29.537  -44.148  -33.254 0.8000000119
36578  -29.676  -42.976  -32.069 0.6999999881
36645  -26.597  -43.661  -38.486 0.4000000060
38400  -27.528  -40.828  -38.098 0.6000000238
39216  -21.072  -40.723  -35.786 0.8999999762
39220  -25.297  -39.790  -33.940 0.8000000119
39224  -20.712  -40.666  -36.007 0.8000000119
39229  -20.771  -40.517  -36.140 0.8000000119
39952  -29.663  -39.600  -25.668 0.6999999881
40088  -21.327  -38.658  -36.206 0.8999999762
40842  -30.015  -38.988  -25.889 0.6000000238
40939  -27.068  -38.431  -33.191 0.8000000119
41934  -21.879  -37.239  -36.706 0.8000000119
42732  -27.575  -36.504  -26.239 0.3000000119
42867  -23.408  -35.218  -37.209 0.8000000119
44797  -24.618  -33.944  -38.139 0.8000000119
45502  -26.931  -33.780  -28.811 0.3000000119
45581  -32.758  -33.188  -33.458 0.6000000238
47232  -26.110  -31.397  -31.782 0.3000000119
47253  -33.027  -31.669  -33.064 0.4000000060
47284  -32.484  -31.929  -36.108 0.6000000238
48207  -27.077  -30.502  -32.016 0.3000000119
48287  -24.394  -30.269  -37.907 0.6999999881
49124  -25.853  -29.480  -32.384 0.3000000119
49125  -26.671  -29.305  -32.391 0.3000000119
49210  -26.669  -29.438  -39.371 0.5000000000
49211  -28.682  -29.376  -39.546 0.5000000000
49971  -32.990  -29.198  -33.300 0.3000000119
50036  -30.678  -28.228  -37.657 0.5000000000
50061  -25.932  -27.732  -39.300 0.5000000000
50808  -29.043  -27.696  -32.592 0.3000000119
50895  -25.737  -27.239  -39.040 0.5000000000
50908  -27.019  -27.039  -39.908 0.5000000000
51716  -35.565  -26.198  -35.473 0.4000000060
51767  -26.311  -26.595  -39.468 0.5000000000
51768  -26.500  -26.068  -39.567 0.5000000000
52577  -35.545  -25.989  -34.631 0.3000000119
53544  -28.846  -23.849  -40.263 0.5000000000
54421  -30.179  -23.039  -39.778 0.4000000060
54423  -31.586  -22.986  -39.644 0.4000000060
54426  -30.541  -23.283  -40.148 0.4000000060
112667  -29.958  -28.946  -39.591 0.5000000000
113519  -25.191  -28.776  -38.723 0.6999999881
113750  -26.290  -48.963  -28.269 0.6000000238
114053  -29.969  -46.577  -31.533 0.8000000119
114522  -27.424  -29.232  -32.376 0.3000000119
115732  -28.965  -50.997  -30.753 0.8000000119
117264  -28.541  -45.113  -34.841 0.8999999762
118610  -28.279  -43.807  -35.069 0.8000000119
118802  -23.017  -47.935  -38.565 0.5000000000
118951  -20.515  -43.239  -36.156 0.8000000119
122259  -22.804  -39.605  -35.177 0.8000000119
122421  -20.492  -50.171  -37.931 0.6999999881
123727  -26.359  -33.760  -38.514 0.6999999881
123731  -32.260  -34.646  -33.611 0.6999999881
124049  -33.280  -30.974  -34.079 0.4000000060
125829  -31.139  -29.294  -37.357 0.5000000000
125967  -22.608  -52.955  -37.720 0.4000000060
126890  -22.647  -42.823  -35.827 0.8000000119
127071  -27.787  -49.045  -28.104 0.6999999881
127578  -31.777  -36.062  -30.386 0.6000000238
128545  -27.102  -36.105  -26.491 0.3000000119
129426  -21.391  -53.691  -33.550 0.5000000000
129463  -29.783  -47.223  -31.413 0.8000000119
129494  -27.009  -54.770  -30.692 0.6000000238
130389  -20.350  -48.274  -37.150 0.6999999881
