#!ascii label  , from subject sub-v1s10x0051108_ses-1 vox2ras=TkReg
247
117788  24.489  -6.235  -47.648 0.0000000000
60322  18.919  -16.165  -43.173 0.0000000000
121641  24.559  -0.217  -49.379 0.0000000000
81818  20.858  9.616  -49.978 0.0000000000
58427  17.328  -17.153  -42.319 0.0000000000
75461  24.276  1.655  -52.369 0.0000000000
121966  23.076  4.491  -52.521 0.0000000000
66575  22.004  -8.141  -46.129 0.0000000000
64114  21.133  -11.378  -45.358 0.0000000000
65742  24.201  -9.851  -46.786 0.0000000000
70071  26.316  -5.019  -50.882 0.0000000000
66591  27.223  -8.902  -49.123 0.0000000000
71057  24.673  -3.469  -48.607 0.0000000000
73775  26.112  -1.286  -52.843 0.0000000000
80251  21.899  7.662  -50.016 0.0000000000
80262  21.817  6.510  -52.995 0.0000000000
61296  21.172  -14.278  -44.604 0.0000000000
77185  23.707  3.498  -50.441 0.0000000000
78747  23.159  5.102  -50.478 0.0000000000
67424  23.185  -7.457  -46.530 0.0000000000
125156  23.375  -8.959  -46.473 0.0000000000
123637  24.176  -7.906  -47.102 0.0000000000
59351  18.477  -16.640  -42.650 0.0000000000
72925  24.634  -1.812  -48.836 0.0000000000
130953  25.316  -2.680  -50.832 0.0000000000
73766  24.920  -0.953  -50.445 0.0000000000
77202  24.761  2.952  -54.163 0.0000000000
75469  25.837  1.323  -53.660 0.0000000000
82689  20.273  10.194  -49.397 0.0000000000
80245  21.020  7.975  -48.263 0.0000000000
81817  21.246  8.929  -49.658 0.0000000000
81843  18.965  8.791  -55.189 0.0000000000
81026  20.042  7.419  -54.888 0.0000000000
116032  21.114  7.578  -53.048 0.0000000000
80270  21.046  6.734  -54.744 0.0000000000
80269  21.694  6.390  -54.307 0.0000000000
110493  22.669  -12.471  -45.966 0.0000000000
63242  21.384  -13.157  -45.211 0.0000000000
58418  16.704  -17.635  -41.936 0.0000000000
74622  24.561  0.818  -50.652 0.0000000000
111676  24.272  2.083  -51.195 0.0000000000
77191  23.546  2.915  -52.977 0.0000000000
77983  23.105  4.334  -54.081 0.0000000000
64927  20.275  -10.674  -45.459 0.0000000000
65745  21.419  -9.828  -45.680 0.0000000000
124390  23.115  -10.826  -46.283 0.0000000000
64112  23.420  -12.289  -46.322 0.0000000000
69137  25.292  -5.498  -49.373 0.0000000000
67444  25.756  -7.405  -49.080 0.0000000000
128815  27.244  -6.872  -50.393 0.0000000000
68295  23.800  -5.824  -47.030 0.0000000000
120613  23.514  -4.059  -47.099 0.0000000000
70066  24.711  -4.994  -48.392 0.0000000000
115438  25.640  -4.157  -50.625 0.0000000000
127414  26.664  -3.119  -52.389 0.0000000000
72937  27.507  -2.126  -52.610 0.0000000000
74626  25.377  0.238  -53.070 0.0000000000
73777  26.474  -0.243  -53.105 0.0000000000
79515  22.478  6.346  -49.184 0.0000000000
81830  20.594  9.197  -52.600 0.0000000000
81017  21.456  8.163  -51.547 0.0000000000
80255  21.973  7.040  -51.368 0.0000000000
120844  22.728  5.941  -50.341 0.0000000000
78764  22.482  5.450  -52.827 0.0000000000
78776  22.650  5.208  -54.293 0.0000000000
62254  19.155  -14.127  -43.969 0.0000000000
63256  19.914  -12.102  -44.864 0.0000000000
114001  25.563  -8.887  -47.957 0.0000000000
64940  25.157  -11.051  -46.698 0.0000000000
77963  23.459  4.250  -50.274 0.0000000000
68279  23.838  -7.080  -46.955 0.0000000000
67437  24.574  -7.137  -47.590 0.0000000000
57465  15.504  -18.749  -41.101 0.0000000000
57478  16.101  -18.224  -41.605 0.0000000000
118719  24.613  -0.998  -49.107 0.0000000000
72930  24.865  -1.646  -49.798 0.0000000000
77986  24.695  3.761  -54.230 0.0000000000
123540  25.503  2.669  -54.154 0.0000000000
81810  20.624  9.425  -48.916 0.0000000000
80996  21.171  8.584  -48.857 0.0000000000
81021  20.677  7.035  -54.512 0.0000000000
126206  21.554  7.031  -55.141 0.0000000000
63253  23.252  -12.821  -45.987 0.0000000000
62285  22.351  -13.139  -45.538 0.0000000000
60341  17.949  -15.504  -43.164 0.0000000000
124331  24.333  1.364  -49.757 0.0000000000
76313  24.189  2.180  -49.979 0.0000000000
117415  23.532  3.858  -51.205 0.0000000000
77184  23.668  3.190  -51.702 0.0000000000
77192  23.338  3.790  -52.501 0.0000000000
77198  23.409  3.641  -53.618 0.0000000000
77976  22.986  4.319  -53.498 0.0000000000
82696  19.853  10.833  -49.856 0.0000000000
123324  20.583  -9.120  -45.865 0.0000000000
65744  21.528  -8.821  -45.939 0.0000000000
64942  23.079  -9.858  -46.284 0.0000000000
64124  23.580  -11.605  -46.497 0.0000000000
64941  23.818  -10.765  -46.576 0.0000000000
57477  16.958  -18.199  -41.348 0.0000000000
112053  25.938  -5.459  -50.288 0.0000000000
68305  26.342  -6.238  -50.183 0.0000000000
69139  27.005  -5.737  -50.927 0.0000000000
69115  22.153  -5.873  -46.532 0.0000000000
72008  24.371  -2.950  -47.837 0.0000000000
71043  24.431  -3.678  -47.897 0.0000000000
70050  24.248  -4.368  -47.600 0.0000000000
121432  24.680  -4.203  -48.444 0.0000000000
125547  24.935  -4.706  -49.100 0.0000000000
71056  24.997  -4.093  -49.367 0.0000000000
72929  25.285  -2.046  -51.041 0.0000000000
72033  25.783  -2.931  -51.747 0.0000000000
72038  26.145  -2.253  -52.468 0.0000000000
72037  27.193  -2.704  -52.587 0.0000000000
72938  26.808  -1.827  -52.832 0.0000000000
117760  24.528  1.104  -51.679 0.0000000000
74621  24.901  0.229  -51.973 0.0000000000
74627  24.729  0.906  -52.860 0.0000000000
74628  25.882  0.425  -53.339 0.0000000000
74625  27.050  0.135  -52.789 0.0000000000
114881  21.659  7.898  -48.942 0.0000000000
80244  21.575  7.293  -48.326 0.0000000000
80243  22.100  7.166  -49.117 0.0000000000
79508  22.048  6.662  -48.446 0.0000000000
81836  19.975  8.517  -54.090 0.0000000000
82712  19.161  8.971  -54.554 0.0000000000
81829  21.080  8.632  -52.084 0.0000000000
81016  21.594  7.330  -52.311 0.0000000000
79521  22.319  6.752  -50.241 0.0000000000
79526  22.350  6.164  -51.829 0.0000000000
78756  22.773  5.527  -51.562 0.0000000000
79532  22.141  5.761  -53.621 0.0000000000
80274  22.390  6.470  -54.584 0.0000000000
79537  22.457  5.754  -54.255 0.0000000000
79536  23.270  5.582  -54.467 0.0000000000
64115  20.116  -11.395  -45.198 0.0000000000
63255  20.812  -12.215  -45.101 0.0000000000
62275  20.919  -13.795  -44.928 0.0000000000
61297  20.464  -14.334  -44.469 0.0000000000
61277  19.854  -14.934  -44.077 0.0000000000
66592  25.946  -8.309  -48.700 0.0000000000
66587  26.410  -9.145  -48.478 0.0000000000
76314  23.844  2.992  -49.622 0.0000000000
77970  23.315  4.444  -51.404 0.0000000000
67425  22.365  -7.596  -46.287 0.0000000000
65743  22.494  -8.891  -46.142 0.0000000000
66574  22.824  -8.200  -46.317 0.0000000000
66573  23.551  -8.257  -46.610 0.0000000000
66572  24.166  -8.838  -46.988 0.0000000000
59352  17.852  -16.786  -42.630 0.0000000000
59340  18.054  -17.158  -42.211 0.0000000000
59339  18.896  -16.951  -41.893 0.0000000000
71065  27.643  -4.473  -52.071 0.0000000000
70075  27.607  -5.193  -51.637 0.0000000000
72912  24.366  -2.066  -47.867 0.0000000000
72022  24.662  -2.665  -48.720 0.0000000000
71061  24.988  -3.330  -49.617 0.0000000000
72029  24.978  -2.474  -49.882 0.0000000000
73771  25.461  -1.311  -51.969 0.0000000000
76332  24.628  2.235  -53.967 0.0000000000
75465  24.593  1.558  -53.483 0.0000000000
76334  25.273  2.294  -54.166 0.0000000000
76331  25.918  2.079  -54.056 0.0000000000
81004  21.548  8.319  -49.508 0.0000000000
81842  19.477  8.123  -55.121 0.0000000000
81835  20.560  7.923  -53.655 0.0000000000
80263  21.147  6.674  -53.959 0.0000000000
80275  21.817  6.690  -54.851 0.0000000000
125114  22.043  -11.774  -45.717 0.0000000000
63254  21.772  -12.443  -45.514 0.0000000000
119318  21.684  -13.719  -45.051 0.0000000000
132195  16.543  -16.779  -42.126 0.0000000000
113599  17.358  -16.469  -42.562 0.0000000000
60323  18.101  -16.208  -42.981 0.0000000000
60340  18.619  -15.628  -43.350 0.0000000000
74615  24.451  0.596  -49.544 0.0000000000
73772  24.758  0.003  -50.543 0.0000000000
75456  24.415  1.562  -50.732 0.0000000000
76322  24.027  2.780  -50.811 0.0000000000
76321  23.915  2.444  -52.095 0.0000000000
76327  24.007  2.214  -53.244 0.0000000000
77197  23.950  2.898  -53.782 0.0000000000
77203  23.909  3.824  -54.095 0.0000000000
77987  23.555  4.557  -54.317 0.0000000000
82690  19.599  10.678  -49.107 0.0000000000
82695  20.458  10.296  -50.415 0.0000000000
119574  21.019  -10.496  -45.476 0.0000000000
64926  21.791  -10.864  -45.655 0.0000000000
65730  22.172  -9.521  -45.963 0.0000000000
64925  22.384  -10.383  -45.963 0.0000000000
64113  22.722  -11.505  -46.104 0.0000000000
68301  24.860  -5.889  -48.445 0.0000000000
110089  25.050  -6.767  -48.376 0.0000000000
68300  25.520  -6.489  -49.242 0.0000000000
109534  26.477  -7.116  -49.831 0.0000000000
67443  26.786  -7.971  -49.543 0.0000000000
129883  27.992  -6.432  -51.004 0.0000000000
68303  27.945  -6.882  -50.619 0.0000000000
66593  27.695  -8.120  -49.609 0.0000000000
68281  22.311  -6.866  -46.391 0.0000000000
68280  23.183  -6.441  -46.662 0.0000000000
70051  23.490  -4.894  -46.977 0.0000000000
69128  24.357  -5.355  -47.598 0.0000000000
70065  25.398  -4.809  -49.944 0.0000000000
72028  25.419  -3.251  -50.762 0.0000000000
70076  26.801  -4.631  -51.655 0.0000000000
71070  27.506  -3.604  -52.371 0.0000000000
72036  28.005  -3.027  -52.338 0.0000000000
125123  25.110  -0.523  -51.546 0.0000000000
117152  25.521  -0.541  -52.592 0.0000000000
74629  25.274  1.055  -53.495 0.0000000000
114657  26.015  -0.459  -53.088 0.0000000000
72941  26.594  -1.086  -52.960 0.0000000000
78748  22.828  5.490  -49.195 0.0000000000
82701  20.467  10.256  -51.679 0.0000000000
81824  20.869  9.550  -51.192 0.0000000000
81823  21.261  8.938  -50.753 0.0000000000
81010  21.568  8.344  -50.370 0.0000000000
80256  21.748  7.768  -51.065 0.0000000000
78755  23.017  4.996  -51.884 0.0000000000
78763  22.681  4.897  -53.139 0.0000000000
78771  22.465  5.222  -53.851 0.0000000000
78770  22.665  4.777  -53.991 0.0000000000
61278  18.953  -14.943  -43.694 0.0000000000
60339  19.373  -15.557  -43.566 0.0000000000
63244  19.646  -12.770  -44.621 0.0000000000
63243  20.482  -12.943  -44.855 0.0000000000
62277  19.347  -13.408  -44.319 0.0000000000
61298  19.844  -14.147  -44.315 0.0000000000
66588  25.009  -8.056  -47.868 0.0000000000
126005  24.774  -8.622  -47.473 0.0000000000
65754  25.028  -9.421  -47.423 0.0000000000
65753  26.204  -9.816  -47.960 0.0000000000
65741  25.476  -10.361  -47.190 0.0000000000
128777  24.621  -10.727  -46.719 0.0000000000
127208  24.267  -11.481  -46.598 0.0000000000
64123  23.920  -12.071  -46.570 0.0000000000
67436  25.268  -7.514  -48.297 0.0000000000
67446  27.488  -7.449  -50.089 0.0000000000
68304  27.566  -6.383  -50.810 0.0000000000
71066  26.463  -3.842  -51.889 0.0000000000
72940  27.062  -1.539  -52.883 0.0000000000
75470  25.290  1.752  -53.983 0.0000000000
78775  23.087  4.919  -54.392 0.0000000000
111092  24.007  -6.525  -47.127 0.0000000000
124748  24.382  1.620  -51.441 0.0000000000
127785  22.723  5.240  -52.369 0.0000000000
129945  21.298  -8.070  -46.094 0.0000000000
