#!ascii label  , from subject sub-v1s10x0051100_ses-1 vox2ras=TkReg
308
20579  32.616  -68.180  -16.242 0.0000000000
9827  23.617  -80.353  -21.432 0.0000000000
13920  34.894  -74.966  -21.340 0.0000000000
112143  28.520  -75.301  -18.540 0.0000000000
113413  27.979  -83.509  -19.002 0.0000000000
120648  30.874  -79.274  -19.519 0.0000000000
6815  31.184  -84.995  -18.853 0.0000000000
12165  25.367  -78.033  -19.130 0.0000000000
15791  25.720  -73.082  -16.784 0.0000000000
17721  33.309  -71.103  -20.144 0.0000000000
13915  30.607  -75.755  -19.856 0.0000000000
11344  28.669  -78.789  -19.465 0.0000000000
8986  25.673  -82.119  -20.129 0.0000000000
5508  24.915  -86.391  -19.980 0.0000000000
19600  31.386  -68.758  -13.662 0.0000000000
19643  35.855  -70.377  -17.274 0.0000000000
15816  35.686  -73.241  -19.942 0.0000000000
18684  27.636  -70.266  -15.339 0.0000000000
125201  32.852  -82.399  -19.608 0.0000000000
10604  24.831  -79.494  -19.901 0.0000000000
12166  24.613  -77.106  -19.431 0.0000000000
15821  33.806  -73.096  -20.719 0.0000000000
13921  32.843  -75.216  -20.815 0.0000000000
129974  29.555  -81.306  -19.352 0.0000000000
11343  29.572  -78.568  -19.493 0.0000000000
121407  28.242  -80.503  -19.484 0.0000000000
110049  27.356  -80.515  -19.556 0.0000000000
8241  26.959  -82.940  -19.436 0.0000000000
6174  23.698  -85.098  -21.521 0.0000000000
108925  35.330  -71.563  -16.702 0.0000000000
17713  35.986  -71.484  -19.169 0.0000000000
16742  33.343  -72.354  -18.450 0.0000000000
15812  29.250  -73.311  -18.410 0.0000000000
16736  28.233  -72.656  -17.389 0.0000000000
17718  25.393  -71.086  -18.054 0.0000000000
19657  25.785  -70.013  -16.784 0.0000000000
118335  33.652  -77.879  -20.721 0.0000000000
12177  31.977  -77.253  -20.472 0.0000000000
10599  32.392  -79.617  -19.672 0.0000000000
8983  30.641  -82.008  -19.445 0.0000000000
7536  29.213  -83.891  -19.082 0.0000000000
120226  27.270  -76.757  -18.518 0.0000000000
128823  26.978  -74.637  -17.429 0.0000000000
13898  25.623  -75.246  -17.670 0.0000000000
14845  24.654  -74.436  -18.594 0.0000000000
9015  24.067  -81.377  -22.723 0.0000000000
19661  32.788  -69.679  -18.458 0.0000000000
129891  30.524  -72.972  -19.307 0.0000000000
13916  29.355  -75.337  -19.084 0.0000000000
12161  31.001  -77.341  -19.871 0.0000000000
13012  29.748  -76.746  -19.490 0.0000000000
13000  27.994  -77.032  -18.927 0.0000000000
11345  27.041  -78.868  -19.373 0.0000000000
111004  25.886  -80.475  -19.805 0.0000000000
9822  24.496  -81.123  -20.549 0.0000000000
6818  26.932  -84.700  -19.308 0.0000000000
6825  24.952  -84.485  -20.361 0.0000000000
7567  23.984  -83.420  -21.311 0.0000000000
8278  23.525  -82.427  -22.063 0.0000000000
21380  31.247  -66.867  -13.594 0.0000000000
21394  32.420  -67.486  -15.210 0.0000000000
19631  33.561  -68.995  -15.732 0.0000000000
19652  34.859  -69.219  -17.822 0.0000000000
18712  36.034  -69.936  -19.653 0.0000000000
127573  35.334  -71.908  -20.488 0.0000000000
128451  36.097  -73.404  -21.193 0.0000000000
13913  36.082  -74.889  -20.640 0.0000000000
13018  35.786  -75.484  -21.114 0.0000000000
17700  26.501  -71.740  -16.094 0.0000000000
20559  31.913  -67.500  -15.626 0.0000000000
118985  31.407  -66.886  -15.257 0.0000000000
20580  31.382  -68.267  -16.242 0.0000000000
9824  23.792  -80.088  -20.867 0.0000000000
126123  24.203  -78.044  -20.370 0.0000000000
14853  33.844  -74.302  -21.096 0.0000000000
108149  32.844  -73.793  -20.644 0.0000000000
8239  28.708  -82.753  -19.152 0.0000000000
112689  28.739  -81.220  -19.375 0.0000000000
8984  28.452  -81.857  -19.297 0.0000000000
8240  27.653  -82.177  -19.376 0.0000000000
4913  23.640  -86.599  -21.797 0.0000000000
17714  34.389  -71.813  -18.408 0.0000000000
14842  28.551  -74.433  -18.327 0.0000000000
16745  28.800  -72.980  -17.905 0.0000000000
14830  27.758  -74.164  -17.692 0.0000000000
19663  25.910  -69.622  -17.924 0.0000000000
128951  32.920  -78.776  -20.302 0.0000000000
10598  33.385  -79.953  -19.852 0.0000000000
7534  31.568  -84.207  -19.356 0.0000000000
8982  32.144  -82.449  -19.726 0.0000000000
108890  30.846  -83.611  -19.515 0.0000000000
110075  30.455  -82.851  -19.478 0.0000000000
7535  30.504  -84.234  -19.297 0.0000000000
12149  25.913  -77.426  -18.673 0.0000000000
13908  25.974  -76.059  -17.937 0.0000000000
13002  25.518  -76.650  -18.406 0.0000000000
13910  24.704  -75.697  -18.702 0.0000000000
14851  24.611  -74.665  -19.454 0.0000000000
16746  24.913  -72.743  -18.748 0.0000000000
116083  33.060  -70.146  -19.201 0.0000000000
18700  31.895  -70.390  -18.746 0.0000000000
17722  31.863  -71.631  -19.471 0.0000000000
14850  29.968  -74.105  -19.271 0.0000000000
107822  30.205  -74.952  -19.612 0.0000000000
122354  31.792  -78.020  -20.072 0.0000000000
11342  30.661  -78.408  -19.597 0.0000000000
118407  29.268  -79.236  -19.499 0.0000000000
125175  29.864  -77.666  -19.539 0.0000000000
127428  29.075  -78.120  -19.435 0.0000000000
12162  28.845  -77.429  -19.310 0.0000000000
116303  28.476  -78.134  -19.360 0.0000000000
12163  27.922  -77.799  -19.166 0.0000000000
111136  27.882  -78.504  -19.357 0.0000000000
9814  26.539  -80.926  -19.728 0.0000000000
10602  26.545  -80.119  -19.621 0.0000000000
9815  25.601  -81.273  -20.090 0.0000000000
9816  24.976  -80.327  -20.107 0.0000000000
8995  24.834  -81.946  -20.506 0.0000000000
4885  24.518  -89.520  -19.349 0.0000000000
5509  24.001  -86.640  -20.534 0.0000000000
5493  24.871  -87.941  -19.648 0.0000000000
6162  25.462  -85.513  -19.847 0.0000000000
6819  25.957  -84.552  -19.724 0.0000000000
129175  23.549  -85.318  -21.899 0.0000000000
6826  24.085  -84.374  -21.081 0.0000000000
6831  23.646  -84.118  -21.765 0.0000000000
8277  23.709  -82.528  -21.582 0.0000000000
111823  23.539  -83.885  -22.089 0.0000000000
128843  30.026  -67.947  -12.557 0.0000000000
20511  30.762  -68.030  -13.126 0.0000000000
21395  32.046  -66.980  -14.809 0.0000000000
20535  31.952  -67.679  -14.374 0.0000000000
18682  35.314  -70.970  -15.976 0.0000000000
18683  34.419  -70.319  -15.767 0.0000000000
19630  34.687  -69.590  -16.356 0.0000000000
20577  34.286  -68.885  -16.646 0.0000000000
19651  35.906  -69.570  -17.961 0.0000000000
18698  36.117  -69.374  -18.991 0.0000000000
19659  36.954  -69.710  -19.006 0.0000000000
16741  35.348  -72.420  -19.407 0.0000000000
17719  35.950  -71.659  -20.090 0.0000000000
16747  36.017  -72.807  -20.073 0.0000000000
16752  35.490  -73.149  -20.132 0.0000000000
15815  36.187  -73.425  -20.660 0.0000000000
12996  34.865  -76.780  -19.606 0.0000000000
13903  34.998  -75.774  -19.816 0.0000000000
13912  36.005  -75.270  -20.835 0.0000000000
15801  25.915  -73.817  -16.967 0.0000000000
15790  26.497  -73.141  -16.649 0.0000000000
16727  26.107  -72.413  -16.429 0.0000000000
19649  26.002  -69.442  -16.243 0.0000000000
11347  25.070  -78.838  -19.564 0.0000000000
12150  25.136  -77.240  -18.836 0.0000000000
16754  33.246  -72.479  -20.490 0.0000000000
16749  31.967  -72.470  -19.840 0.0000000000
15822  32.247  -73.154  -20.308 0.0000000000
13922  31.307  -75.155  -20.284 0.0000000000
112690  30.091  -80.834  -19.372 0.0000000000
119675  30.056  -79.229  -19.491 0.0000000000
123149  29.581  -79.921  -19.481 0.0000000000
9811  29.096  -80.550  -19.450 0.0000000000
116473  28.634  -79.724  -19.522 0.0000000000
10601  27.859  -79.923  -19.531 0.0000000000
9813  27.194  -81.327  -19.577 0.0000000000
8242  26.040  -82.795  -19.877 0.0000000000
6163  24.306  -85.412  -20.643 0.0000000000
6164  23.689  -85.914  -21.128 0.0000000000
6175  23.607  -85.846  -21.619 0.0000000000
18688  35.889  -70.734  -17.437 0.0000000000
17704  36.793  -70.551  -18.664 0.0000000000
17705  35.586  -71.193  -18.025 0.0000000000
17710  27.926  -72.066  -16.826 0.0000000000
125520  25.210  -71.793  -17.604 0.0000000000
17711  25.425  -71.390  -17.025 0.0000000000
18696  25.577  -70.518  -17.454 0.0000000000
19656  25.969  -69.265  -17.132 0.0000000000
13019  34.504  -75.821  -21.147 0.0000000000
115991  32.940  -76.685  -20.832 0.0000000000
11359  32.777  -77.601  -20.651 0.0000000000
10600  31.612  -79.846  -19.518 0.0000000000
9810  31.733  -80.724  -19.471 0.0000000000
112691  31.296  -81.319  -19.460 0.0000000000
110620  29.433  -82.126  -19.271 0.0000000000
123923  27.560  -75.636  -18.089 0.0000000000
14843  27.677  -74.954  -17.882 0.0000000000
13897  26.635  -75.381  -17.645 0.0000000000
14831  26.146  -74.591  -17.295 0.0000000000
14832  25.414  -74.406  -17.468 0.0000000000
13003  24.857  -76.498  -18.724 0.0000000000
14844  24.901  -75.018  -18.028 0.0000000000
15813  24.861  -73.257  -17.810 0.0000000000
16738  25.012  -72.465  -17.731 0.0000000000
113366  25.206  -71.787  -18.574 0.0000000000
124664  23.760  -80.910  -22.293 0.0000000000
130079  32.748  -68.596  -17.075 0.0000000000
19653  32.038  -69.211  -17.685 0.0000000000
107840  29.295  -73.915  -18.666 0.0000000000
13011  30.728  -76.507  -19.877 0.0000000000
130504  30.293  -77.057  -19.657 0.0000000000
128629  30.172  -76.208  -19.625 0.0000000000
117719  29.682  -75.899  -19.401 0.0000000000
13906  28.919  -75.863  -18.919 0.0000000000
13907  28.017  -76.201  -18.579 0.0000000000
12148  27.018  -77.484  -18.781 0.0000000000
12164  26.429  -78.169  -19.062 0.0000000000
116107  27.207  -79.685  -19.508 0.0000000000
125901  26.509  -79.444  -19.496 0.0000000000
11346  26.000  -78.850  -19.374 0.0000000000
9823  24.186  -80.434  -20.588 0.0000000000
8997  23.724  -80.923  -21.056 0.0000000000
6816  28.760  -84.762  -18.868 0.0000000000
7537  27.193  -83.850  -19.265 0.0000000000
7538  26.408  -83.688  -19.597 0.0000000000
7554  25.438  -83.578  -20.195 0.0000000000
127467  24.588  -83.802  -20.724 0.0000000000
8259  25.170  -82.707  -20.391 0.0000000000
8260  24.299  -82.609  -20.919 0.0000000000
8996  23.979  -81.795  -21.024 0.0000000000
9005  23.587  -81.700  -21.643 0.0000000000
9016  23.630  -81.601  -22.194 0.0000000000
22216  30.110  -65.980  -12.818 0.0000000000
21362  29.652  -67.299  -12.300 0.0000000000
21361  30.653  -66.668  -13.101 0.0000000000
123536  31.675  -66.680  -14.197 0.0000000000
21423  32.518  -67.784  -15.539 0.0000000000
18672  32.545  -70.440  -14.471 0.0000000000
19614  32.181  -68.906  -14.426 0.0000000000
20534  32.619  -67.989  -15.112 0.0000000000
20578  33.328  -68.376  -16.113 0.0000000000
111792  33.836  -68.638  -16.845 0.0000000000
19660  34.338  -69.326  -18.421 0.0000000000
18699  34.421  -69.774  -19.136 0.0000000000
18713  34.054  -70.319  -19.840 0.0000000000
18697  36.952  -70.064  -19.535 0.0000000000
112336  36.010  -70.768  -19.784 0.0000000000
17728  34.070  -71.776  -20.531 0.0000000000
16753  34.889  -72.489  -20.831 0.0000000000
109456  34.512  -73.549  -21.151 0.0000000000
14852  35.729  -73.811  -21.294 0.0000000000
14846  36.174  -73.781  -21.014 0.0000000000
13919  36.062  -74.831  -21.152 0.0000000000
127972  35.575  -75.258  -21.259 0.0000000000
129790  27.137  -73.361  -16.893 0.0000000000
16726  26.869  -72.371  -16.318 0.0000000000
17691  27.033  -71.039  -15.680 0.0000000000
17701  25.859  -71.688  -16.362 0.0000000000
18686  26.216  -70.393  -15.834 0.0000000000
7555  24.657  -83.225  -20.687 0.0000000000
7568  23.523  -83.262  -21.911 0.0000000000
8291  23.857  -82.226  -22.566 0.0000000000
8985  26.532  -81.917  -19.751 0.0000000000
9812  27.915  -81.234  -19.435 0.0000000000
10603  25.670  -79.663  -19.666 0.0000000000
10612  24.298  -79.744  -20.386 0.0000000000
10613  23.886  -79.311  -20.773 0.0000000000
10622  23.717  -79.688  -21.392 0.0000000000
11348  24.343  -78.859  -20.136 0.0000000000
12176  33.962  -76.921  -20.838 0.0000000000
12999  28.869  -76.530  -19.104 0.0000000000
13001  26.402  -76.776  -18.361 0.0000000000
13909  25.216  -75.870  -18.186 0.0000000000
14833  24.859  -74.103  -17.826 0.0000000000
14841  29.350  -74.675  -18.905 0.0000000000
15799  28.602  -73.680  -18.111 0.0000000000
15800  27.850  -73.359  -17.451 0.0000000000
15802  25.304  -73.626  -17.259 0.0000000000
15814  24.708  -73.655  -18.591 0.0000000000
15818  30.549  -73.602  -19.541 0.0000000000
15820  35.469  -73.096  -21.220 0.0000000000
16737  27.429  -72.844  -16.845 0.0000000000
16740  36.059  -72.025  -19.908 0.0000000000
16748  32.789  -71.880  -20.146 0.0000000000
17699  27.190  -71.762  -16.086 0.0000000000
17706  33.914  -71.415  -17.669 0.0000000000
17712  36.213  -71.139  -19.514 0.0000000000
17720  34.971  -70.994  -20.255 0.0000000000
17727  36.036  -72.417  -20.284 0.0000000000
18671  33.536  -70.419  -15.207 0.0000000000
18681  35.448  -70.380  -16.565 0.0000000000
18691  25.739  -70.891  -16.446 0.0000000000
18714  32.506  -70.735  -19.421 0.0000000000
19613  32.824  -69.249  -15.041 0.0000000000
19644  35.258  -69.560  -17.009 0.0000000000
19645  31.697  -68.735  -16.942 0.0000000000
19650  36.488  -70.234  -18.123 0.0000000000
19669  36.733  -69.630  -19.390 0.0000000000
20522  31.447  -67.581  -13.751 0.0000000000
20557  33.745  -68.648  -16.217 0.0000000000
20558  32.924  -68.170  -15.717 0.0000000000
20588  34.857  -69.123  -17.251 0.0000000000
108732  26.951  -76.192  -18.075 0.0000000000
109767  29.809  -83.217  -19.313 0.0000000000
110027  27.881  -79.245  -19.489 0.0000000000
110265  31.714  -83.305  -19.659 0.0000000000
110714  23.545  -80.931  -21.836 0.0000000000
112577  24.604  -75.060  -18.784 0.0000000000
113235  26.846  -73.912  -17.085 0.0000000000
114238  24.692  -74.039  -19.284 0.0000000000
116513  31.660  -78.968  -19.646 0.0000000000
117122  30.684  -80.124  -19.447 0.0000000000
117610  25.449  -72.306  -16.860 0.0000000000
118041  33.374  -69.073  -17.689 0.0000000000
122302  26.219  -71.188  -15.976 0.0000000000
125070  25.214  -72.972  -17.181 0.0000000000
125714  35.518  -71.191  -16.684 0.0000000000
128181  33.791  -75.514  -21.117 0.0000000000
129737  27.274  -78.176  -19.169 0.0000000000
130614  24.899  -77.607  -19.184 0.0000000000
