#!ascii label  , from subject sub-v1s10x0051087_ses-1 vox2ras=TkReg
739
120213  39.066  26.665  34.634 0.0000000000
89247  43.008  29.397  25.812 0.0000000000
94322  49.540  36.128  25.451 0.0000000000
125054  46.405  25.146  19.352 0.0000000000
85374  39.630  24.239  29.858 0.0000000000
92216  49.945  33.638  31.083 0.0000000000
123759  47.522  28.757  20.636 0.0000000000
92252  40.207  33.074  26.035 0.0000000000
89989  45.192  30.890  30.896 0.0000000000
88470  41.728  28.167  30.375 0.0000000000
85406  42.553  24.443  26.514 0.0000000000
93634  43.470  35.678  27.480 0.0000000000
91565  43.269  32.607  23.193 0.0000000000
92251  46.090  33.374  25.953 0.0000000000
91587  47.521  33.037  19.286 0.0000000000
94328  39.350  37.743  25.089 0.0000000000
87738  43.188  27.555  33.545 0.0000000000
87741  41.061  27.158  32.618 0.0000000000
85380  41.244  24.176  27.912 0.0000000000
92941  48.698  35.253  29.333 0.0000000000
92928  44.930  34.525  29.533 0.0000000000
94292  46.673  36.486  26.310 0.0000000000
94975  43.755  37.327  24.605 0.0000000000
93672  46.116  36.129  23.056 0.0000000000
89998  43.249  30.715  28.320 0.0000000000
135146  45.746  32.323  28.934 0.0000000000
90787  44.344  31.508  25.251 0.0000000000
124166  48.818  28.535  18.746 0.0000000000
137434  48.251  31.190  19.049 0.0000000000
88545  46.302  29.105  19.003 0.0000000000
89273  44.606  29.324  20.907 0.0000000000
130707  44.496  25.764  20.729 0.0000000000
83761  42.745  22.751  21.733 0.0000000000
128124  36.782  26.377  33.226 0.0000000000
86979  38.631  26.013  31.839 0.0000000000
92940  51.432  34.969  28.936 0.0000000000
87040  44.426  26.648  23.789 0.0000000000
89260  45.020  29.241  23.223 0.0000000000
87054  46.643  26.391  21.718 0.0000000000
87072  50.819  27.461  19.226 0.0000000000
90723  47.884  30.438  35.274 0.0000000000
89202  45.422  28.611  34.092 0.0000000000
89216  43.386  29.592  30.673 0.0000000000
89226  41.896  28.995  28.240 0.0000000000
86984  40.385  26.488  30.296 0.0000000000
86997  41.062  26.579  27.847 0.0000000000
129546  42.751  27.083  25.859 0.0000000000
85419  44.624  24.420  24.947 0.0000000000
124955  35.263  27.238  33.376 0.0000000000
92921  42.616  34.616  30.514 0.0000000000
93636  41.708  36.034  27.656 0.0000000000
94340  42.030  37.373  24.542 0.0000000000
92267  41.778  32.836  24.719 0.0000000000
89263  41.975  30.142  23.477 0.0000000000
91506  47.950  32.252  31.566 0.0000000000
92228  49.110  33.552  28.508 0.0000000000
92975  48.480  35.052  24.961 0.0000000000
90805  45.649  31.592  23.276 0.0000000000
91572  48.207  33.509  21.646 0.0000000000
124874  49.014  35.616  22.271 0.0000000000
92287  45.276  33.454  21.113 0.0000000000
89269  43.215  29.930  22.600 0.0000000000
139553  38.392  37.640  25.452 0.0000000000
94959  39.484  38.500  25.626 0.0000000000
86938  41.343  26.756  34.975 0.0000000000
124752  39.848  26.593  34.363 0.0000000000
93630  48.792  35.942  27.365 0.0000000000
128287  47.451  35.657  27.694 0.0000000000
94309  47.596  36.639  25.684 0.0000000000
94325  46.161  36.941  24.879 0.0000000000
94334  47.907  36.269  24.486 0.0000000000
139493  42.914  30.309  26.894 0.0000000000
133066  43.496  31.181  27.052 0.0000000000
90026  43.415  30.203  25.579 0.0000000000
86291  47.236  26.462  18.712 0.0000000000
87839  47.490  28.522  18.539 0.0000000000
87083  46.663  27.000  19.075 0.0000000000
87825  45.570  27.556  19.906 0.0000000000
86283  45.713  25.697  19.794 0.0000000000
85471  44.170  24.046  20.813 0.0000000000
84640  45.317  23.418  19.935 0.0000000000
86151  37.342  25.020  31.696 0.0000000000
92915  50.359  34.633  30.807 0.0000000000
92218  51.067  34.271  29.703 0.0000000000
131842  45.494  25.452  23.070 0.0000000000
87811  45.424  26.893  22.624 0.0000000000
86249  46.742  25.472  22.142 0.0000000000
86272  51.427  27.155  19.657 0.0000000000
135835  51.520  26.252  19.323 0.0000000000
86288  50.268  26.261  18.715 0.0000000000
88463  42.236  27.729  32.128 0.0000000000
88465  43.396  28.520  32.040 0.0000000000
88469  42.366  28.565  30.726 0.0000000000
89221  42.495  29.440  29.424 0.0000000000
88473  41.552  28.285  29.503 0.0000000000
85366  39.165  24.712  30.478 0.0000000000
86985  39.819  26.125  30.831 0.0000000000
86167  39.807  25.079  29.953 0.0000000000
85392  42.052  24.093  27.192 0.0000000000
86174  40.950  25.123  27.939 0.0000000000
86188  41.974  25.051  26.931 0.0000000000
87021  42.113  26.781  26.656 0.0000000000
86212  42.664  25.764  25.977 0.0000000000
86224  43.923  25.563  24.660 0.0000000000
85420  43.480  24.542  25.569 0.0000000000
85403  46.338  24.175  26.089 0.0000000000
93615  44.504  35.024  28.003 0.0000000000
121765  44.184  34.583  30.247 0.0000000000
93616  43.107  34.996  28.147 0.0000000000
92947  41.922  34.819  28.813 0.0000000000
93635  42.645  35.809  27.541 0.0000000000
94314  41.967  37.714  26.051 0.0000000000
94313  42.720  37.480  26.114 0.0000000000
92990  44.179  34.898  23.894 0.0000000000
92985  42.792  34.625  24.659 0.0000000000
92274  42.905  32.846  23.946 0.0000000000
91567  41.862  31.757  23.852 0.0000000000
90807  42.307  31.484  23.382 0.0000000000
89980  46.236  30.002  33.113 0.0000000000
90737  47.552  31.009  33.475 0.0000000000
137164  46.187  31.260  31.296 0.0000000000
91541  45.496  32.956  26.668 0.0000000000
91521  46.715  32.924  28.266 0.0000000000
92241  47.167  33.428  27.327 0.0000000000
92249  48.189  33.975  26.621 0.0000000000
92258  47.007  34.120  25.199 0.0000000000
142114  46.061  28.641  22.106 0.0000000000
89267  45.648  29.917  22.688 0.0000000000
127974  46.475  30.342  21.932 0.0000000000
90824  48.162  32.156  19.157 0.0000000000
90818  47.722  31.854  20.896 0.0000000000
91578  48.153  33.053  20.424 0.0000000000
92278  48.875  34.837  21.482 0.0000000000
92285  47.873  34.273  20.296 0.0000000000
93004  47.505  34.808  20.848 0.0000000000
91579  45.813  33.215  20.183 0.0000000000
87819  44.088  28.087  21.476 0.0000000000
89274  44.183  29.736  21.549 0.0000000000
88523  43.553  28.331  22.101 0.0000000000
127654  42.885  28.209  22.761 0.0000000000
91488  49.908  33.065  34.417 0.0000000000
93648  39.359  35.479  26.119 0.0000000000
139063  39.923  35.789  25.742 0.0000000000
87697  43.705  27.719  35.499 0.0000000000
87713  42.051  27.063  35.376 0.0000000000
120983  41.734  27.222  33.359 0.0000000000
122327  41.546  27.484  31.799 0.0000000000
84554  40.277  23.598  29.420 0.0000000000
92942  46.896  34.890  29.136 0.0000000000
93614  45.418  35.079  28.187 0.0000000000
94293  44.860  36.174  26.820 0.0000000000
94954  43.979  37.534  25.352 0.0000000000
94953  45.154  37.194  25.328 0.0000000000
94337  45.393  36.568  24.100 0.0000000000
92989  45.076  35.233  23.016 0.0000000000
89993  43.986  30.734  29.807 0.0000000000
90745  45.556  31.525  30.294 0.0000000000
127950  44.492  31.688  28.733 0.0000000000
91523  44.982  32.462  27.481 0.0000000000
91550  44.711  32.229  25.547 0.0000000000
88534  48.796  28.741  19.259 0.0000000000
88536  47.763  29.648  20.409 0.0000000000
89285  48.422  29.476  18.843 0.0000000000
138253  47.581  30.072  18.587 0.0000000000
90056  47.014  30.755  18.674 0.0000000000
90051  45.410  31.055  19.928 0.0000000000
89280  45.764  29.404  19.444 0.0000000000
87826  45.057  27.945  20.357 0.0000000000
86263  43.858  25.975  21.331 0.0000000000
83760  43.556  22.712  21.252 0.0000000000
86942  37.614  26.716  33.848 0.0000000000
86951  39.040  26.489  33.607 0.0000000000
86135  37.966  25.877  32.267 0.0000000000
86150  37.974  25.440  31.689 0.0000000000
85367  38.488  24.325  30.814 0.0000000000
92916  49.483  34.778  30.971 0.0000000000
93599  50.452  35.480  28.853 0.0000000000
93628  50.866  35.669  27.181 0.0000000000
87798  43.606  27.770  24.802 0.0000000000
89254  44.070  29.233  24.417 0.0000000000
87804  44.553  27.669  23.609 0.0000000000
133407  45.604  27.928  22.474 0.0000000000
87818  46.711  27.390  21.473 0.0000000000
86260  49.108  25.663  20.993 0.0000000000
87063  48.022  26.533  20.640 0.0000000000
87823  49.475  28.112  19.252 0.0000000000
87830  50.105  27.844  18.840 0.0000000000
86289  48.611  26.035  18.415 0.0000000000
85479  47.210  24.480  18.920 0.0000000000
83767  45.834  22.654  19.403 0.0000000000
89971  46.680  29.517  34.459 0.0000000000
89981  45.332  29.784  32.436 0.0000000000
88453  44.309  27.794  34.178 0.0000000000
89209  44.187  28.753  32.476 0.0000000000
89986  44.054  29.937  31.050 0.0000000000
138251  43.446  30.357  29.598 0.0000000000
89999  42.655  30.136  28.083 0.0000000000
89236  42.514  29.289  26.514 0.0000000000
86964  39.162  26.433  32.544 0.0000000000
86977  40.243  26.694  31.169 0.0000000000
87755  40.783  27.000  29.730 0.0000000000
86175  40.575  25.506  28.725 0.0000000000
86998  40.728  26.412  28.554 0.0000000000
87754  41.074  27.636  29.078 0.0000000000
87770  41.418  27.436  27.654 0.0000000000
122137  42.382  28.073  26.322 0.0000000000
88502  43.196  28.122  25.384 0.0000000000
128714  43.637  27.057  24.742 0.0000000000
86223  44.432  25.716  24.024 0.0000000000
122213  45.617  24.622  23.969 0.0000000000
84598  44.872  23.986  25.524 0.0000000000
85418  45.421  24.362  24.818 0.0000000000
87729  36.919  27.078  33.955 0.0000000000
138034  36.035  26.352  33.023 0.0000000000
86969  34.174  26.344  32.646 0.0000000000
123411  44.113  35.300  31.774 0.0000000000
93593  41.966  34.768  31.030 0.0000000000
94943  40.667  38.064  26.129 0.0000000000
94327  40.350  37.745  24.816 0.0000000000
92979  40.807  34.726  25.767 0.0000000000
94976  42.769  37.571  24.638 0.0000000000
93656  42.168  35.045  25.066 0.0000000000
92261  40.936  33.624  25.752 0.0000000000
138132  48.915  33.010  31.100 0.0000000000
91514  46.020  32.102  29.703 0.0000000000
134620  47.716  32.749  29.616 0.0000000000
91508  49.342  33.323  30.366 0.0000000000
92227  50.721  33.989  29.177 0.0000000000
92955  50.718  34.851  26.968 0.0000000000
93655  49.767  35.874  25.414 0.0000000000
90030  44.397  30.263  24.218 0.0000000000
90806  44.917  31.003  23.656 0.0000000000
91556  45.521  32.564  24.382 0.0000000000
90040  46.823  31.197  21.863 0.0000000000
90804  46.557  32.160  22.813 0.0000000000
91555  46.442  33.186  23.949 0.0000000000
92976  47.833  34.702  24.331 0.0000000000
92983  48.322  35.428  23.896 0.0000000000
134960  48.153  35.449  23.904 0.0000000000
93671  47.580  36.066  22.881 0.0000000000
92997  45.350  34.596  22.270 0.0000000000
91573  44.358  32.845  21.864 0.0000000000
90826  44.691  31.250  20.710 0.0000000000
90820  43.784  31.299  21.881 0.0000000000
90813  43.363  31.629  22.429 0.0000000000
90043  42.646  30.442  22.988 0.0000000000
83752  41.954  22.768  22.216 0.0000000000
139645  38.853  38.523  25.988 0.0000000000
94299  39.622  37.360  27.412 0.0000000000
86940  39.766  26.725  35.426 0.0000000000
94290  49.506  36.232  26.640 0.0000000000
94291  47.933  36.236  26.632 0.0000000000
94308  48.896  36.428  25.835 0.0000000000
94323  48.430  36.439  25.141 0.0000000000
89235  42.912  29.986  26.398 0.0000000000
90018  43.301  30.685  26.486 0.0000000000
86281  47.153  25.515  18.858 0.0000000000
86282  46.457  26.077  19.303 0.0000000000
139508  45.762  24.901  19.737 0.0000000000
85469  45.548  24.230  19.896 0.0000000000
92206  50.246  33.584  33.295 0.0000000000
126957  50.365  34.142  32.162 0.0000000000
92907  50.408  34.409  31.281 0.0000000000
92212  50.392  34.042  31.208 0.0000000000
86236  46.192  25.107  22.828 0.0000000000
85452  46.953  24.901  22.724 0.0000000000
86270  52.539  26.585  19.783 0.0000000000
85467  51.705  24.754  19.794 0.0000000000
85476  51.017  25.145  19.341 0.0000000000
88467  41.984  27.956  31.233 0.0000000000
88466  42.665  28.272  31.612 0.0000000000
88472  42.100  28.780  29.864 0.0000000000
86159  39.462  25.472  30.633 0.0000000000
125860  42.406  25.235  26.379 0.0000000000
85421  42.879  24.854  25.907 0.0000000000
85405  43.233  24.087  26.079 0.0000000000
128290  43.820  35.100  27.893 0.0000000000
123875  43.869  34.691  28.468 0.0000000000
94295  43.115  36.545  26.865 0.0000000000
140058  43.855  34.181  23.726 0.0000000000
92984  43.400  34.208  24.217 0.0000000000
92273  43.531  33.512  23.593 0.0000000000
91566  42.586  32.137  23.566 0.0000000000
89984  45.701  30.515  31.906 0.0000000000
89983  46.651  30.725  32.574 0.0000000000
92242  46.281  33.338  26.780 0.0000000000
92250  47.026  33.696  26.305 0.0000000000
123393  46.770  28.932  21.398 0.0000000000
89266  46.224  29.434  22.032 0.0000000000
91593  47.877  32.519  18.990 0.0000000000
91586  48.033  32.891  19.421 0.0000000000
92293  47.940  33.653  19.795 0.0000000000
91571  48.395  34.218  20.620 0.0000000000
92294  47.120  33.614  19.731 0.0000000000
91588  46.460  32.847  19.423 0.0000000000
87812  43.741  27.473  21.665 0.0000000000
87813  43.145  27.435  22.337 0.0000000000
94969  39.162  38.354  25.167 0.0000000000
94315  38.856  36.661  25.608 0.0000000000
93659  39.713  36.650  25.412 0.0000000000
87698  42.718  27.474  35.494 0.0000000000
87699  41.729  27.269  35.706 0.0000000000
86949  41.228  26.938  33.893 0.0000000000
87740  41.787  27.425  32.579 0.0000000000
92917  47.705  34.690  30.759 0.0000000000
92926  47.328  34.735  29.924 0.0000000000
136569  46.773  35.942  27.002 0.0000000000
93613  46.484  35.195  28.372 0.0000000000
93631  46.140  35.555  27.616 0.0000000000
93632  45.124  35.544  27.504 0.0000000000
133085  45.842  36.028  26.880 0.0000000000
94311  44.537  37.017  26.113 0.0000000000
94310  45.586  36.726  26.153 0.0000000000
94336  46.061  36.745  24.408 0.0000000000
93663  44.876  35.910  23.752 0.0000000000
89994  43.570  30.779  29.094 0.0000000000
90749  44.231  31.263  29.278 0.0000000000
90753  43.858  31.272  28.538 0.0000000000
90776  43.714  31.345  26.463 0.0000000000
90763  44.043  31.844  27.028 0.0000000000
90775  44.199  31.756  26.071 0.0000000000
91542  44.720  32.407  26.433 0.0000000000
88542  48.633  28.907  18.927 0.0000000000
88543  48.569  29.510  19.015 0.0000000000
88544  46.667  28.564  18.797 0.0000000000
88549  47.495  29.111  18.528 0.0000000000
89287  46.967  29.379  18.595 0.0000000000
89288  46.560  29.855  18.806 0.0000000000
90057  45.990  30.395  19.229 0.0000000000
88537  45.761  28.421  19.556 0.0000000000
86274  45.083  26.158  20.326 0.0000000000
87075  45.034  27.053  20.373 0.0000000000
87076  44.450  26.557  20.855 0.0000000000
86275  44.155  24.938  20.895 0.0000000000
84641  44.587  23.364  20.452 0.0000000000
84642  43.877  23.411  21.004 0.0000000000
86966  37.601  26.134  32.965 0.0000000000
85358  37.959  24.738  31.320 0.0000000000
84541  37.873  23.906  31.128 0.0000000000
92924  51.245  34.713  29.385 0.0000000000
92925  50.506  35.044  29.964 0.0000000000
93598  51.225  35.148  29.147 0.0000000000
93611  51.094  35.335  28.354 0.0000000000
87797  44.045  27.328  24.277 0.0000000000
88509  44.086  28.221  24.304 0.0000000000
87810  46.051  27.092  22.078 0.0000000000
87817  47.348  26.878  21.012 0.0000000000
86247  48.418  25.269  21.907 0.0000000000
86273  50.038  26.875  20.018 0.0000000000
87073  50.118  27.709  19.337 0.0000000000
87074  48.974  27.110  19.990 0.0000000000
87082  50.289  27.845  18.992 0.0000000000
85478  49.011  24.470  18.689 0.0000000000
133084  49.558  26.125  18.530 0.0000000000
85485  48.835  25.072  18.442 0.0000000000
85486  47.942  25.150  18.503 0.0000000000
133158  48.160  24.336  18.637 0.0000000000
123730  47.567  23.788  18.974 0.0000000000
89179  46.098  28.966  35.493 0.0000000000
89178  46.310  29.399  35.646 0.0000000000
89201  46.176  28.928  34.761 0.0000000000
89207  45.825  29.306  33.593 0.0000000000
87726  43.690  27.454  34.449 0.0000000000
87725  44.358  27.678  35.000 0.0000000000
89213  43.048  28.913  31.112 0.0000000000
89212  43.745  29.233  31.514 0.0000000000
89211  44.501  29.519  31.920 0.0000000000
89991  43.708  30.200  30.262 0.0000000000
89220  43.114  29.837  29.857 0.0000000000
89225  42.329  29.568  28.616 0.0000000000
128880  42.254  29.553  27.898 0.0000000000
90007  42.544  29.887  27.212 0.0000000000
88478  42.048  29.016  27.318 0.0000000000
86965  38.407  26.218  32.836 0.0000000000
87751  40.818  27.069  30.606 0.0000000000
85381  40.762  23.931  28.694 0.0000000000
85373  40.318  24.662  29.250 0.0000000000
127620  40.730  24.665  28.464 0.0000000000
130669  40.851  25.885  28.055 0.0000000000
87760  40.745  26.929  29.015 0.0000000000
87759  40.952  27.176  28.401 0.0000000000
130584  41.282  27.807  28.348 0.0000000000
87020  42.495  26.586  26.182 0.0000000000
87782  42.334  27.368  26.386 0.0000000000
87791  42.730  27.748  25.836 0.0000000000
87790  43.232  27.238  25.348 0.0000000000
85433  43.955  24.715  25.032 0.0000000000
85432  44.491  24.916  24.408 0.0000000000
85445  45.054  25.032  23.715 0.0000000000
85431  45.018  24.607  24.320 0.0000000000
84586  45.441  23.715  26.270 0.0000000000
85417  46.335  24.362  25.278 0.0000000000
85429  47.119  24.659  24.913 0.0000000000
86953  36.107  26.982  33.498 0.0000000000
138376  35.534  26.650  33.085 0.0000000000
86954  34.777  26.681  32.877 0.0000000000
92929  43.310  34.581  29.909 0.0000000000
92912  44.330  34.768  31.201 0.0000000000
92920  43.447  34.651  30.848 0.0000000000
137891  43.645  35.597  31.935 0.0000000000
93592  42.757  34.920  31.278 0.0000000000
93588  42.065  35.461  31.587 0.0000000000
93618  41.575  35.313  28.376 0.0000000000
93637  40.936  36.476  27.579 0.0000000000
94298  40.472  37.301  27.120 0.0000000000
94297  41.342  37.326  26.716 0.0000000000
94967  41.637  38.333  24.791 0.0000000000
94957  41.255  38.336  25.373 0.0000000000
94341  41.323  38.014  24.606 0.0000000000
93658  40.552  36.076  25.434 0.0000000000
94326  41.302  36.974  24.736 0.0000000000
94965  43.333  37.744  24.833 0.0000000000
94338  43.474  36.811  24.436 0.0000000000
124131  42.760  33.926  24.523 0.0000000000
93665  42.775  35.585  24.667 0.0000000000
92977  42.220  34.118  24.927 0.0000000000
92978  41.544  34.406  25.432 0.0000000000
92260  41.672  33.498  25.168 0.0000000000
91551  41.143  32.753  25.224 0.0000000000
91559  41.460  32.189  24.437 0.0000000000
90808  41.591  31.176  23.647 0.0000000000
90722  48.415  31.009  35.795 0.0000000000
90741  47.786  31.683  32.612 0.0000000000
90736  48.167  31.508  33.643 0.0000000000
119356  48.566  32.165  32.994 0.0000000000
90748  45.074  31.795  29.362 0.0000000000
91520  47.763  33.048  28.849 0.0000000000
139252  48.419  32.948  29.956 0.0000000000
91512  49.005  33.332  29.489 0.0000000000
92219  50.430  33.783  29.907 0.0000000000
92965  49.097  34.629  25.879 0.0000000000
92248  49.716  34.388  26.785 0.0000000000
92964  50.352  35.029  26.070 0.0000000000
92974  49.708  35.460  25.417 0.0000000000
88516  44.551  28.702  23.749 0.0000000000
141046  44.582  29.499  23.801 0.0000000000
90036  45.512  30.780  23.013 0.0000000000
90796  45.156  31.828  23.979 0.0000000000
89279  48.016  30.604  20.142 0.0000000000
90046  47.419  30.905  21.083 0.0000000000
142180  47.360  32.632  22.382 0.0000000000
90811  47.359  32.162  21.862 0.0000000000
91563  47.290  33.085  22.937 0.0000000000
92264  47.141  33.960  24.254 0.0000000000
140144  47.581  33.829  23.439 0.0000000000
118408  49.083  35.316  22.246 0.0000000000
123846  48.935  35.543  22.869 0.0000000000
93670  48.535  35.770  22.739 0.0000000000
93676  48.543  35.733  22.164 0.0000000000
92279  45.924  34.318  21.355 0.0000000000
92996  46.675  35.049  21.753 0.0000000000
92280  44.777  33.718  22.054 0.0000000000
89281  45.253  29.887  20.161 0.0000000000
90052  44.601  30.337  20.896 0.0000000000
90048  43.784  30.345  21.964 0.0000000000
90047  44.229  30.889  21.394 0.0000000000
91581  44.017  32.081  21.817 0.0000000000
90042  43.222  30.826  22.464 0.0000000000
90814  42.729  31.218  22.918 0.0000000000
87049  41.972  26.739  23.212 0.0000000000
88517  42.308  28.255  23.369 0.0000000000
137344  42.566  23.950  21.749 0.0000000000
94329  37.756  37.937  25.617 0.0000000000
95620  38.997  38.495  25.419 0.0000000000
95617  39.716  38.676  25.021 0.0000000000
86926  41.153  26.919  35.696 0.0000000000
86939  40.538  26.679  35.268 0.0000000000
138857  40.670  26.700  34.411 0.0000000000
86950  40.380  26.849  33.387 0.0000000000
93612  48.890  35.626  28.260 0.0000000000
122392  47.617  35.327  28.573 0.0000000000
126666  46.389  36.855  25.528 0.0000000000
94324  47.258  36.756  24.962 0.0000000000
94345  46.626  36.363  23.723 0.0000000000
90006  43.081  30.600  27.409 0.0000000000
90764  43.619  31.253  27.730 0.0000000000
90788  43.766  31.071  25.755 0.0000000000
87091  48.271  27.027  18.414 0.0000000000
87838  48.126  28.096  18.473 0.0000000000
87092  47.421  27.275  18.570 0.0000000000
87832  47.027  27.846  18.666 0.0000000000
87833  46.212  27.675  19.295 0.0000000000
87084  45.784  26.745  19.731 0.0000000000
126780  45.060  25.137  20.276 0.0000000000
85470  44.781  24.201  20.391 0.0000000000
83768  44.389  22.470  20.538 0.0000000000
86967  36.266  25.811  32.668 0.0000000000
135499  36.921  25.809  32.621 0.0000000000
86137  36.674  25.225  32.134 0.0000000000
92908  50.066  34.687  31.458 0.0000000000
92215  50.621  34.400  30.278 0.0000000000
92226  51.347  34.580  29.286 0.0000000000
87048  44.852  25.891  23.352 0.0000000000
87803  44.876  26.779  23.153 0.0000000000
87047  45.254  26.144  22.856 0.0000000000
87055  45.908  25.983  22.400 0.0000000000
86259  50.890  26.363  20.699 0.0000000000
86271  52.401  26.931  19.833 0.0000000000
87071  51.501  27.059  19.510 0.0000000000
86287  51.002  26.928  18.925 0.0000000000
86280  50.566  25.738  18.952 0.0000000000
85477  49.925  24.778  18.998 0.0000000000
88413  45.443  28.685  35.592 0.0000000000
88462  42.976  27.890  32.594 0.0000000000
89217  42.743  29.206  30.259 0.0000000000
89222  41.928  28.932  29.050 0.0000000000
86160  38.683  25.259  31.132 0.0000000000
86149  39.209  25.872  31.218 0.0000000000
86158  40.092  25.812  30.112 0.0000000000
137958  41.511  24.834  27.471 0.0000000000
86189  41.414  25.740  27.434 0.0000000000
87010  41.661  26.648  27.175 0.0000000000
86200  42.098  25.995  26.660 0.0000000000
87030  42.987  26.438  25.612 0.0000000000
86211  43.313  25.453  25.355 0.0000000000
85416  47.275  24.676  25.973 0.0000000000
92944  44.707  34.657  28.703 0.0000000000
123912  44.013  34.485  29.259 0.0000000000
92945  43.204  34.555  28.954 0.0000000000
92930  42.431  34.597  29.500 0.0000000000
92946  42.581  34.756  28.695 0.0000000000
93617  42.258  35.218  28.197 0.0000000000
94296  42.262  36.833  26.878 0.0000000000
94956  42.197  38.161  25.287 0.0000000000
94966  42.460  38.082  24.792 0.0000000000
93664  43.996  35.878  24.261 0.0000000000
123850  43.304  36.013  24.473 0.0000000000
121460  43.448  35.123  24.430 0.0000000000
92266  42.375  33.298  24.538 0.0000000000
91558  42.194  32.477  24.201 0.0000000000
90037  42.079  30.901  23.300 0.0000000000
89979  47.145  30.190  34.057 0.0000000000
90742  47.134  31.435  32.015 0.0000000000
135940  46.918  31.793  31.159 0.0000000000
91522  45.746  32.581  28.225 0.0000000000
141589  46.195  32.582  28.642 0.0000000000
91532  45.999  33.012  27.488 0.0000000000
92229  47.824  33.334  28.106 0.0000000000
92240  48.707  33.728  27.527 0.0000000000
92257  47.851  34.286  25.805 0.0000000000
88522  45.564  28.913  22.612 0.0000000000
90041  46.053  30.722  22.435 0.0000000000
90045  48.139  31.565  19.922 0.0000000000
90817  48.136  32.360  19.867 0.0000000000
92271  48.558  34.324  22.432 0.0000000000
93003  48.555  34.941  20.956 0.0000000000
92995  48.213  35.385  21.479 0.0000000000
92286  46.588  34.046  20.442 0.0000000000
88530  44.533  28.404  20.919 0.0000000000
88531  44.135  28.850  21.566 0.0000000000
89268  43.689  29.359  22.122 0.0000000000
88524  43.150  29.027  22.681 0.0000000000
87805  42.430  27.439  22.938 0.0000000000
134640  38.111  36.622  25.883 0.0000000000
92967  39.541  34.332  26.404 0.0000000000
92966  40.266  34.027  26.205 0.0000000000
87712  43.087  27.243  35.142 0.0000000000
87727  42.939  27.271  34.302 0.0000000000
87728  42.168  27.030  34.488 0.0000000000
87739  42.442  27.420  33.258 0.0000000000
87747  41.363  27.564  30.919 0.0000000000
84565  40.872  23.255  28.971 0.0000000000
84564  41.355  23.241  28.320 0.0000000000
84575  41.811  23.470  27.665 0.0000000000
84574  42.511  23.237  27.325 0.0000000000
84588  42.873  23.663  26.718 0.0000000000
92918  46.365  34.579  30.511 0.0000000000
92927  45.997  34.579  29.716 0.0000000000
92943  45.687  34.712  28.923 0.0000000000
93633  44.263  35.606  27.452 0.0000000000
94294  43.962  36.345  26.824 0.0000000000
94312  43.588  37.252  26.127 0.0000000000
94964  44.294  37.448  24.847 0.0000000000
94963  45.241  37.055  24.735 0.0000000000
130859  44.358  36.627  24.329 0.0000000000
92272  44.312  34.189  23.012 0.0000000000
89990  44.389  30.545  30.564 0.0000000000
90746  44.686  31.169  30.047 0.0000000000
90751  45.024  32.167  28.474 0.0000000000
90752  44.329  31.791  27.991 0.0000000000
91549  45.298  32.836  25.767 0.0000000000
88535  48.369  29.305  19.661 0.0000000000
89278  48.355  30.138  19.322 0.0000000000
89286  48.230  30.136  18.878 0.0000000000
88548  48.296  28.990  18.624 0.0000000000
90839  47.895  31.019  18.779 0.0000000000
90832  47.356  31.507  18.746 0.0000000000
91594  47.156  32.264  18.907 0.0000000000
90825  46.070  31.999  19.369 0.0000000000
90833  46.444  31.358  19.046 0.0000000000
88538  45.166  28.875  20.274 0.0000000000
87064  44.396  27.473  21.003 0.0000000000
87065  43.990  26.839  21.370 0.0000000000
86264  43.353  25.083  21.510 0.0000000000
84632  43.041  23.576  21.497 0.0000000000
86941  38.346  26.880  34.652 0.0000000000
86952  38.330  26.545  33.758 0.0000000000
86136  37.376  25.599  32.155 0.0000000000
84548  39.033  23.867  30.368 0.0000000000
127186  48.869  34.938  30.232 0.0000000000
93629  50.233  35.845  27.605 0.0000000000
94307  50.049  36.233  25.981 0.0000000000
88510  43.569  28.593  24.876 0.0000000000
89255  43.474  29.384  25.126 0.0000000000
88515  44.998  28.343  23.074 0.0000000000
138150  45.035  27.534  22.952 0.0000000000
88521  46.291  28.026  21.824 0.0000000000
88529  46.895  28.184  21.290 0.0000000000
86248  47.533  25.224  22.011 0.0000000000
134524  48.108  25.498  21.362 0.0000000000
86262  47.499  25.889  21.346 0.0000000000
86261  48.465  26.060  20.691 0.0000000000
88528  47.404  27.865  20.791 0.0000000000
132538  48.161  28.512  20.138 0.0000000000
87831  49.369  28.227  18.919 0.0000000000
87837  49.204  28.016  18.648 0.0000000000
87089  50.380  27.199  18.717 0.0000000000
87090  49.474  27.159  18.515 0.0000000000
86290  47.782  25.997  18.484 0.0000000000
85480  46.319  24.274  19.429 0.0000000000
84650  46.871  23.581  19.157 0.0000000000
83774  46.591  22.794  19.290 0.0000000000
89970  47.243  29.884  35.426 0.0000000000
139299  44.210  27.980  35.661 0.0000000000
88433  44.887  28.158  35.348 0.0000000000
88452  44.885  28.115  34.606 0.0000000000
88461  43.789  27.995  33.216 0.0000000000
88460  44.605  28.363  33.545 0.0000000000
89208  44.964  29.069  32.965 0.0000000000
89985  44.824  30.237  31.428 0.0000000000
89995  42.910  30.181  29.005 0.0000000000
121415  39.666  26.653  33.193 0.0000000000
86963  40.065  26.864  32.244 0.0000000000
86978  39.496  26.382  31.627 0.0000000000
87748  40.868  27.120  31.539 0.0000000000
87750  41.211  27.635  30.026 0.0000000000
86166  40.264  25.495  29.497 0.0000000000
86990  40.485  26.258  29.412 0.0000000000
88475  41.521  28.354  28.681 0.0000000000
129958  41.621  28.311  27.872 0.0000000000
131951  41.889  27.262  26.949 0.0000000000
87783  41.933  28.036  26.978 0.0000000000
88491  42.278  28.621  26.592 0.0000000000
88503  42.687  28.594  25.930 0.0000000000
124653  43.204  28.812  25.431 0.0000000000
87041  43.978  26.465  24.406 0.0000000000
87029  43.498  26.384  25.009 0.0000000000
86237  45.751  24.901  23.391 0.0000000000
85444  46.394  24.695  23.491 0.0000000000
84599  44.017  24.021  25.623 0.0000000000
85404  45.628  24.102  25.558 0.0000000000
85430  46.249  24.485  24.374 0.0000000000
118474  46.926  24.591  24.057 0.0000000000
130800  36.377  27.501  34.062 0.0000000000
123780  34.642  25.987  32.594 0.0000000000
127093  41.146  34.792  30.796 0.0000000000
92922  41.788  34.600  30.218 0.0000000000
93594  40.985  34.659  29.857 0.0000000000
94944  39.961  38.094  26.362 0.0000000000
94958  40.248  38.530  25.299 0.0000000000
94968  40.594  38.490  24.878 0.0000000000
94955  43.035  37.820  25.328 0.0000000000
94339  42.752  36.683  24.524 0.0000000000
93666  42.120  36.208  24.821 0.0000000000
93657  41.451  35.516  25.322 0.0000000000
91552  40.406  32.454  25.403 0.0000000000
90798  41.116  31.475  24.098 0.0000000000
130853  48.337  30.952  34.800 0.0000000000
91502  49.443  32.624  33.779 0.0000000000
92213  49.654  33.229  32.135 0.0000000000
90744  46.430  31.870  30.489 0.0000000000
91510  47.174  32.164  30.687 0.0000000000
119702  46.686  32.541  29.130 0.0000000000
91513  46.947  32.315  29.985 0.0000000000
91509  47.981  32.635  30.439 0.0000000000
92238  51.291  34.641  28.765 0.0000000000
92239  50.449  34.296  27.934 0.0000000000
92954  51.216  35.096  27.861 0.0000000000
92963  50.749  35.433  26.643 0.0000000000
93646  50.625  35.928  26.219 0.0000000000
135123  50.240  35.999  25.734 0.0000000000
90031  43.768  30.003  24.801 0.0000000000
90025  43.993  30.734  24.973 0.0000000000
89261  44.959  30.115  23.420 0.0000000000
90797  44.557  31.248  24.444 0.0000000000
91557  44.834  32.055  24.747 0.0000000000
124935  45.193  32.615  25.066 0.0000000000
89272  47.123  29.950  21.260 0.0000000000
90812  46.248  31.405  22.585 0.0000000000
91564  45.996  32.399  23.573 0.0000000000
92259  45.966  33.260  24.938 0.0000000000
92270  48.552  34.860  23.297 0.0000000000
92982  48.900  35.683  24.838 0.0000000000
94333  48.914  35.986  24.921 0.0000000000
93662  47.628  36.102  23.639 0.0000000000
93677  47.261  35.676  22.296 0.0000000000
92988  46.014  35.353  22.443 0.0000000000
92281  43.933  33.173  22.668 0.0000000000
91589  45.268  32.157  20.201 0.0000000000
91580  44.740  32.616  20.997 0.0000000000
90819  44.392  31.751  21.168 0.0000000000
91574  43.620  32.350  22.471 0.0000000000
91575  42.977  31.884  22.987 0.0000000000
139009  42.662  28.828  23.111 0.0000000000
88518  42.193  29.124  23.612 0.0000000000
84651  46.088  23.442  19.444 0.0000000000
124528  45.111  22.603  19.883 0.0000000000
82884  43.379  22.020  21.555 0.0000000000
85468  50.333  24.343  19.548 0.0000000000
85475  52.064  25.676  19.574 0.0000000000
85484  49.659  25.276  18.611 0.0000000000
87056  43.401  26.690  21.847 0.0000000000
87081  50.755  27.535  19.065 0.0000000000
87696  44.280  27.866  35.488 0.0000000000
87711  43.861  27.524  35.229 0.0000000000
87824  48.321  27.691  20.202 0.0000000000
88416  42.368  27.711  35.673 0.0000000000
88432  45.583  28.476  35.080 0.0000000000
89159  45.971  29.054  35.685 0.0000000000
89200  46.620  29.409  35.389 0.0000000000
89262  42.660  29.583  23.099 0.0000000000
89291  48.088  29.598  18.604 0.0000000000
89292  47.555  29.559  18.540 0.0000000000
90038  41.550  30.800  23.619 0.0000000000
90831  47.935  31.861  18.855 0.0000000000
92265  43.030  33.521  24.219 0.0000000000
92913  43.540  35.090  31.487 0.0000000000
92973  50.367  35.717  25.858 0.0000000000
92994  48.946  35.412  21.718 0.0000000000
93647  40.107  35.009  26.051 0.0000000000
94289  50.445  36.071  26.659 0.0000000000
94335  46.919  36.583  24.360 0.0000000000
94945  39.166  38.160  26.602 0.0000000000
94974  44.594  37.076  24.536 0.0000000000
94977  41.990  38.018  24.631 0.0000000000
122860  39.811  38.469  24.933 0.0000000000
128542  50.545  33.954  30.393 0.0000000000
140225  44.199  30.318  21.496 0.0000000000
141798  40.690  32.969  25.669 0.0000000000
