#!ascii label  , from subject sub-v1s10x0051057_ses-1 vox2ras=TkReg
1786
54109  -36.713  -28.049  33.091 0.0000000000
115902  -30.817  -43.507  38.211 0.0000000000
48638  -44.261  -34.374  25.448 0.0000000000
130313  -35.303  -31.267  21.829 0.0000000000
52427  -43.454  -30.142  29.596 0.0000000000
46492  -39.282  -36.775  36.902 0.0000000000
39858  -40.524  -43.510  26.554 0.0000000000
45739  -33.973  -37.997  24.234 0.0000000000
41502  -20.540  -41.573  38.779 0.0000000000
58020  -50.012  -24.732  19.201 0.0000000000
128921  -28.462  -40.228  25.240 0.0000000000
52441  -36.526  -30.295  27.516 0.0000000000
52475  -40.471  -30.463  25.188 0.0000000000
55028  -40.054  -26.924  30.236 0.0000000000
50544  -39.091  -32.429  35.329 0.0000000000
45674  -36.402  -37.675  30.545 0.0000000000
49633  -35.165  -33.493  29.149 0.0000000000
119326  -32.364  -33.874  23.169 0.0000000000
61786  -49.970  -20.542  15.960 0.0000000000
39711  -25.445  -43.885  38.269 0.0000000000
42634  -23.142  -41.095  30.947 0.0000000000
137246  -29.155  -41.212  32.187 0.0000000000
49637  -46.103  -34.453  30.314 0.0000000000
120236  -34.972  -40.250  37.595 0.0000000000
41595  -35.552  -41.175  32.672 0.0000000000
42628  -40.653  -41.471  31.831 0.0000000000
41708  -37.798  -41.090  24.663 0.0000000000
43578  -16.116  -39.228  40.894 0.0000000000
55938  -45.690  -27.059  29.764 0.0000000000
53329  -46.573  -29.564  26.154 0.0000000000
55128  -51.720  -26.880  22.394 0.0000000000
54239  -44.684  -29.029  21.049 0.0000000000
128971  -42.450  -27.786  16.302 0.0000000000
43697  -17.985  -39.480  32.036 0.0000000000
41679  -34.676  -41.717  26.558 0.0000000000
53282  -36.748  -29.634  30.434 0.0000000000
54162  -37.745  -28.007  28.967 0.0000000000
55014  -37.206  -26.771  31.573 0.0000000000
53245  -37.890  -30.009  34.063 0.0000000000
49587  -37.352  -32.902  32.256 0.0000000000
51498  -36.971  -31.423  30.946 0.0000000000
50623  -35.718  -32.140  28.368 0.0000000000
47617  -45.347  -35.684  24.743 0.0000000000
48662  -43.644  -34.112  22.652 0.0000000000
134797  -28.179  -44.093  38.797 0.0000000000
40603  -27.125  -42.816  35.090 0.0000000000
116058  -29.936  -42.224  35.609 0.0000000000
49721  -36.848  -33.526  21.036 0.0000000000
52444  -41.655  -29.739  27.764 0.0000000000
51562  -41.411  -31.783  24.763 0.0000000000
50635  -42.992  -32.397  27.366 0.0000000000
48612  -43.311  -35.177  28.316 0.0000000000
50616  -44.415  -32.498  29.814 0.0000000000
44643  -36.486  -38.281  37.481 0.0000000000
41530  -38.075  -41.174  35.515 0.0000000000
44673  -39.438  -39.220  34.976 0.0000000000
44756  -35.701  -38.006  26.698 0.0000000000
43762  -37.715  -39.098  27.835 0.0000000000
43828  -35.463  -39.776  23.459 0.0000000000
51575  -33.963  -31.689  22.480 0.0000000000
54179  -46.593  -28.254  28.089 0.0000000000
124281  -47.756  -28.375  21.594 0.0000000000
55161  -47.601  -27.296  19.480 0.0000000000
116034  -44.092  -28.408  18.971 0.0000000000
57077  -46.572  -25.488  17.546 0.0000000000
59968  -45.681  -22.092  13.472 0.0000000000
42521  -18.811  -39.950  39.838 0.0000000000
42578  -17.417  -39.643  36.051 0.0000000000
119407  -19.273  -40.875  35.214 0.0000000000
42714  -25.770  -40.603  27.533 0.0000000000
43752  -22.602  -39.567  27.276 0.0000000000
42756  -25.168  -40.375  24.484 0.0000000000
135365  -37.598  -41.727  29.343 0.0000000000
42680  -35.470  -40.637  29.544 0.0000000000
40740  -37.400  -42.793  26.744 0.0000000000
137593  -36.410  -30.933  24.892 0.0000000000
52503  -37.576  -30.573  22.735 0.0000000000
52460  -37.983  -29.900  26.091 0.0000000000
53304  -40.176  -28.693  27.785 0.0000000000
54165  -41.970  -28.421  29.740 0.0000000000
48487  -39.499  -34.665  36.300 0.0000000000
45642  -38.658  -37.380  34.827 0.0000000000
47515  -37.686  -35.274  33.620 0.0000000000
47551  -35.039  -35.660  30.621 0.0000000000
115943  -34.484  -35.758  26.931 0.0000000000
46670  -32.485  -36.199  23.610 0.0000000000
49683  -34.229  -33.721  25.953 0.0000000000
50662  -34.736  -32.369  25.407 0.0000000000
59914  -49.823  -22.554  17.698 0.0000000000
61788  -53.092  -19.943  17.288 0.0000000000
40552  -22.303  -42.726  38.563 0.0000000000
41540  -21.448  -41.727  35.005 0.0000000000
40622  -24.293  -42.483  34.604 0.0000000000
41623  -26.310  -41.759  30.547 0.0000000000
136866  -28.535  -40.324  29.019 0.0000000000
51581  -39.343  -32.056  22.721 0.0000000000
46613  -45.156  -36.933  29.198 0.0000000000
48613  -45.464  -34.988  27.736 0.0000000000
41504  -32.739  -42.186  38.372 0.0000000000
40608  -32.880  -42.311  36.024 0.0000000000
40611  -35.633  -41.845  35.723 0.0000000000
40658  -38.488  -42.189  32.818 0.0000000000
40700  -40.991  -42.004  29.395 0.0000000000
43709  -38.682  -39.299  30.893 0.0000000000
43739  -39.848  -40.365  28.688 0.0000000000
40764  -39.734  -42.577  25.318 0.0000000000
56871  -37.473  -25.221  34.321 0.0000000000
125944  -30.462  -40.953  39.555 0.0000000000
45583  -34.284  -37.260  38.368 0.0000000000
47459  -35.742  -35.488  38.518 0.0000000000
56877  -39.568  -24.589  32.910 0.0000000000
56894  -41.880  -25.586  32.728 0.0000000000
55019  -43.681  -27.711  31.608 0.0000000000
56902  -44.752  -25.747  31.348 0.0000000000
53268  -44.935  -29.493  30.961 0.0000000000
52430  -46.104  -30.778  29.852 0.0000000000
134050  -46.444  -31.561  28.162 0.0000000000
119410  -45.450  -31.095  25.998 0.0000000000
54224  -49.723  -27.918  24.256 0.0000000000
53354  -45.928  -29.483  24.346 0.0000000000
51571  -43.317  -31.931  23.666 0.0000000000
119652  -42.176  -31.272  20.678 0.0000000000
58065  -45.966  -23.849  15.918 0.0000000000
127998  -15.048  -39.709  37.421 0.0000000000
44718  -16.487  -38.531  28.317 0.0000000000
43707  -20.790  -40.107  30.728 0.0000000000
44737  -19.728  -38.540  27.182 0.0000000000
41592  -32.530  -40.482  33.093 0.0000000000
42676  -31.517  -39.858  29.742 0.0000000000
42733  -31.927  -40.291  26.216 0.0000000000
39822  -33.257  -43.964  28.066 0.0000000000
53253  -36.620  -28.838  31.901 0.0000000000
54148  -36.799  -28.084  30.243 0.0000000000
55003  -36.723  -27.416  32.678 0.0000000000
53244  -37.350  -29.537  33.427 0.0000000000
52395  -37.388  -30.826  32.419 0.0000000000
53266  -36.847  -29.730  32.062 0.0000000000
117389  -36.816  -30.583  30.270 0.0000000000
47596  -45.283  -35.775  26.827 0.0000000000
47616  -44.572  -35.212  24.863 0.0000000000
134522  -44.856  -35.251  24.090 0.0000000000
121237  -43.640  -34.118  24.234 0.0000000000
38872  -29.517  -43.841  37.993 0.0000000000
39748  -28.849  -43.151  36.866 0.0000000000
40583  -30.784  -43.031  36.815 0.0000000000
50710  -35.258  -32.739  20.649 0.0000000000
50711  -36.093  -32.998  20.756 0.0000000000
52436  -42.387  -30.025  28.279 0.0000000000
51538  -42.358  -31.288  26.666 0.0000000000
130088  -43.376  -31.167  28.442 0.0000000000
50625  -43.950  -32.802  28.901 0.0000000000
51513  -43.786  -30.905  29.273 0.0000000000
45599  -38.180  -37.194  37.411 0.0000000000
44657  -39.024  -38.587  36.786 0.0000000000
125714  -39.445  -38.136  36.348 0.0000000000
44767  -34.715  -37.738  25.478 0.0000000000
43802  -35.641  -38.904  25.421 0.0000000000
44785  -34.593  -38.708  24.103 0.0000000000
43837  -34.530  -39.595  22.392 0.0000000000
51585  -34.332  -31.599  21.788 0.0000000000
138659  -33.186  -32.310  21.260 0.0000000000
50709  -34.368  -32.681  20.574 0.0000000000
55163  -49.441  -26.873  20.083 0.0000000000
56091  -48.330  -26.016  18.926 0.0000000000
56089  -46.798  -26.457  18.391 0.0000000000
57063  -47.783  -25.430  18.319 0.0000000000
42538  -19.440  -40.534  39.378 0.0000000000
42551  -18.706  -40.178  37.866 0.0000000000
41525  -19.824  -41.186  36.851 0.0000000000
43754  -26.893  -39.898  26.708 0.0000000000
43777  -25.392  -39.794  25.998 0.0000000000
42758  -26.890  -40.244  24.742 0.0000000000
40750  -25.971  -42.497  24.935 0.0000000000
40752  -27.592  -42.295  25.372 0.0000000000
40698  -39.621  -42.566  28.485 0.0000000000
41650  -37.426  -41.729  28.633 0.0000000000
40741  -38.614  -43.062  26.900 0.0000000000
130416  -36.314  -31.007  25.583 0.0000000000
52483  -36.988  -30.619  25.176 0.0000000000
52442  -36.883  -30.026  26.863 0.0000000000
55040  -38.210  -27.499  29.542 0.0000000000
54174  -38.296  -28.348  28.207 0.0000000000
54164  -40.070  -27.735  28.987 0.0000000000
54176  -40.619  -28.349  28.554 0.0000000000
55042  -40.614  -27.453  29.789 0.0000000000
49535  -39.414  -33.466  35.819 0.0000000000
48521  -39.031  -34.468  35.033 0.0000000000
48520  -38.509  -33.823  34.387 0.0000000000
49617  -36.141  -33.385  30.504 0.0000000000
48571  -36.139  -34.470  31.494 0.0000000000
47550  -34.748  -34.816  29.837 0.0000000000
46611  -34.666  -36.027  28.295 0.0000000000
47570  -34.412  -35.007  28.421 0.0000000000
47594  -34.220  -35.218  26.351 0.0000000000
137019  -34.484  -34.026  27.717 0.0000000000
117690  -36.273  -30.941  28.132 0.0000000000
125152  -35.346  -32.218  26.984 0.0000000000
51535  -35.694  -31.650  26.716 0.0000000000
51559  -35.295  -31.495  24.518 0.0000000000
39727  -23.914  -43.271  37.925 0.0000000000
40580  -23.591  -42.625  36.282 0.0000000000
40581  -24.443  -42.927  36.377 0.0000000000
40645  -27.683  -42.228  33.576 0.0000000000
40654  -26.224  -42.469  32.910 0.0000000000
41609  -27.711  -41.588  31.361 0.0000000000
41635  -27.143  -41.405  30.108 0.0000000000
42654  -29.154  -40.595  30.380 0.0000000000
52495  -38.997  -30.485  23.603 0.0000000000
51580  -38.630  -31.559  22.467 0.0000000000
52496  -39.894  -30.884  23.561 0.0000000000
49684  -41.476  -33.374  25.326 0.0000000000
49696  -40.441  -33.708  24.012 0.0000000000
48645  -40.637  -34.553  24.084 0.0000000000
48604  -44.516  -34.884  29.948 0.0000000000
47584  -43.655  -36.036  28.496 0.0000000000
47572  -45.248  -36.112  29.709 0.0000000000
47586  -45.948  -35.796  29.114 0.0000000000
48605  -46.375  -34.807  29.620 0.0000000000
42556  -33.783  -41.161  37.916 0.0000000000
40569  -34.204  -42.610  37.104 0.0000000000
41518  -35.516  -41.873  36.889 0.0000000000
41578  -39.752  -41.583  33.346 0.0000000000
40635  -38.973  -41.802  33.679 0.0000000000
40660  -40.370  -42.163  32.280 0.0000000000
40672  -40.521  -42.411  30.829 0.0000000000
41629  -41.089  -41.997  30.676 0.0000000000
118107  -37.012  -37.402  33.102 0.0000000000
44680  -38.182  -38.586  33.259 0.0000000000
44705  -37.808  -38.694  30.733 0.0000000000
118043  -37.461  -40.021  25.893 0.0000000000
43763  -38.400  -39.650  27.582 0.0000000000
42737  -39.074  -40.616  26.585 0.0000000000
41681  -39.960  -41.448  26.447 0.0000000000
48643  -32.548  -34.722  23.760 0.0000000000
46474  -35.438  -36.312  38.200 0.0000000000
49487  -38.519  -32.834  37.992 0.0000000000
57832  -38.126  -24.343  33.994 0.0000000000
57835  -41.903  -24.393  33.482 0.0000000000
56880  -43.021  -24.915  33.155 0.0000000000
55918  -42.594  -26.863  31.883 0.0000000000
56881  -43.463  -25.610  32.628 0.0000000000
56909  -45.111  -25.535  30.686 0.0000000000
124081  -44.593  -27.271  31.350 0.0000000000
55032  -45.131  -28.107  30.604 0.0000000000
53286  -45.352  -29.764  30.699 0.0000000000
54168  -45.763  -28.907  29.508 0.0000000000
53317  -46.858  -28.888  26.871 0.0000000000
53308  -46.321  -30.050  28.242 0.0000000000
51540  -46.304  -30.937  27.289 0.0000000000
51539  -45.902  -31.427  26.836 0.0000000000
52477  -45.994  -30.639  26.411 0.0000000000
55095  -50.723  -27.774  23.085 0.0000000000
124748  -46.379  -28.718  21.741 0.0000000000
134087  -47.319  -28.711  23.139 0.0000000000
53368  -45.397  -29.330  22.599 0.0000000000
52498  -44.387  -30.402  23.666 0.0000000000
52508  -43.958  -30.248  22.850 0.0000000000
51582  -42.651  -31.634  22.256 0.0000000000
53372  -43.496  -29.769  21.248 0.0000000000
55197  -43.595  -27.894  17.654 0.0000000000
53393  -41.928  -29.757  18.544 0.0000000000
54282  -41.759  -28.964  16.678 0.0000000000
59927  -49.268  -21.964  16.899 0.0000000000
59025  -48.128  -22.924  16.927 0.0000000000
59941  -47.701  -22.084  15.798 0.0000000000
116498  -17.275  -39.498  33.590 0.0000000000
43657  -16.310  -39.427  35.102 0.0000000000
44686  -16.442  -38.726  32.054 0.0000000000
123821  -15.718  -38.313  30.579 0.0000000000
44710  -16.903  -38.370  29.643 0.0000000000
41582  -22.394  -41.384  32.783 0.0000000000
42613  -20.882  -41.013  32.859 0.0000000000
42649  -21.694  -40.453  30.777 0.0000000000
44723  -21.041  -39.087  27.740 0.0000000000
41690  -21.380  -41.652  24.826 0.0000000000
41557  -34.190  -41.441  34.967 0.0000000000
41556  -33.137  -41.226  34.623 0.0000000000
41593  -33.605  -40.588  32.979 0.0000000000
42720  -35.105  -40.643  27.692 0.0000000000
42678  -33.312  -39.941  29.595 0.0000000000
117236  -33.771  -39.891  27.818 0.0000000000
43760  -32.225  -39.565  27.378 0.0000000000
42734  -33.301  -40.839  26.413 0.0000000000
39836  -32.091  -43.284  27.584 0.0000000000
128166  -36.657  -29.831  28.801 0.0000000000
53302  -36.795  -29.569  27.959 0.0000000000
54161  -36.958  -28.519  29.335 0.0000000000
55026  -37.510  -27.389  30.203 0.0000000000
55925  -38.771  -26.553  30.926 0.0000000000
52380  -38.609  -31.362  34.778 0.0000000000
50556  -38.238  -32.464  33.989 0.0000000000
131966  -37.963  -31.970  33.351 0.0000000000
119746  -37.079  -32.529  31.583 0.0000000000
121005  -36.504  -32.652  30.233 0.0000000000
50614  -35.671  -32.652  29.106 0.0000000000
135705  -36.770  -31.391  30.100 0.0000000000
52426  -36.631  -30.607  29.356 0.0000000000
48677  -44.040  -34.122  21.868 0.0000000000
39712  -26.353  -43.980  38.005 0.0000000000
39745  -25.805  -43.303  36.587 0.0000000000
39746  -27.181  -43.291  36.474 0.0000000000
40604  -27.923  -42.590  35.172 0.0000000000
40647  -29.729  -41.507  34.030 0.0000000000
120421  -40.802  -30.184  26.250 0.0000000000
52476  -41.197  -30.969  24.831 0.0000000000
51550  -41.710  -31.360  25.542 0.0000000000
51551  -42.209  -31.971  26.129 0.0000000000
49670  -42.262  -33.619  26.554 0.0000000000
48623  -42.073  -34.661  26.510 0.0000000000
50636  -43.293  -33.088  28.100 0.0000000000
49649  -43.872  -33.869  28.912 0.0000000000
49636  -45.206  -34.251  30.474 0.0000000000
43630  -35.577  -39.403  37.509 0.0000000000
42581  -36.820  -41.151  36.477 0.0000000000
43644  -37.959  -39.770  36.659 0.0000000000
42584  -39.381  -40.088  35.401 0.0000000000
43683  -39.669  -40.363  33.714 0.0000000000
135496  -36.044  -37.497  29.342 0.0000000000
44714  -36.912  -38.272  29.420 0.0000000000
137913  -36.631  -38.362  27.626 0.0000000000
117910  -36.532  -39.562  25.520 0.0000000000
42759  -36.811  -40.572  24.359 0.0000000000
41725  -36.018  -41.286  22.702 0.0000000000
42776  -35.651  -40.600  22.746 0.0000000000
50682  -33.205  -32.281  22.672 0.0000000000
50697  -32.579  -32.733  21.028 0.0000000000
56922  -46.620  -25.978  28.741 0.0000000000
55053  -46.485  -27.521  28.567 0.0000000000
55955  -47.432  -26.563  27.725 0.0000000000
55059  -47.649  -27.155  27.191 0.0000000000
54198  -48.330  -27.887  25.928 0.0000000000
56049  -51.461  -26.632  21.342 0.0000000000
55108  -50.654  -27.676  22.210 0.0000000000
55146  -49.992  -27.261  20.687 0.0000000000
55144  -48.015  -27.723  20.112 0.0000000000
134370  -45.922  -28.393  20.381 0.0000000000
54247  -44.246  -28.938  20.373 0.0000000000
55159  -45.858  -27.845  19.202 0.0000000000
55199  -45.318  -27.024  17.899 0.0000000000
56104  -44.913  -26.665  17.261 0.0000000000
123169  -49.284  -20.074  14.586 0.0000000000
60855  -47.581  -21.464  15.129 0.0000000000
60896  -46.915  -21.237  13.645 0.0000000000
43580  -17.269  -39.235  40.342 0.0000000000
43609  -16.880  -39.470  38.720 0.0000000000
43611  -18.118  -39.811  38.164 0.0000000000
42594  -18.245  -40.075  35.881 0.0000000000
42618  -18.759  -40.331  33.088 0.0000000000
42670  -24.462  -40.988  29.047 0.0000000000
42691  -23.033  -40.241  28.735 0.0000000000
42712  -24.182  -40.465  27.856 0.0000000000
43776  -23.952  -39.676  26.044 0.0000000000
42754  -23.405  -40.413  24.388 0.0000000000
40759  -23.232  -41.951  24.632 0.0000000000
40760  -24.266  -42.136  24.619 0.0000000000
41614  -36.701  -41.533  31.542 0.0000000000
42641  -35.077  -40.809  31.206 0.0000000000
41627  -36.461  -41.183  30.103 0.0000000000
41649  -36.610  -41.316  28.338 0.0000000000
41680  -36.167  -41.958  26.840 0.0000000000
51568  -36.000  -30.714  23.084 0.0000000000
51578  -36.956  -30.829  22.167 0.0000000000
52493  -36.586  -30.615  23.551 0.0000000000
52484  -37.918  -30.371  24.467 0.0000000000
52461  -38.893  -29.815  25.996 0.0000000000
125900  -37.677  -29.292  27.244 0.0000000000
53314  -38.743  -29.097  27.042 0.0000000000
52462  -40.231  -29.620  26.727 0.0000000000
52443  -40.789  -29.414  27.445 0.0000000000
53306  -41.883  -29.325  28.517 0.0000000000
53292  -42.348  -29.025  29.387 0.0000000000
128587  -39.494  -35.915  36.354 0.0000000000
46516  -39.440  -37.060  35.900 0.0000000000
123770  -39.117  -35.924  35.292 0.0000000000
132760  -37.851  -36.180  33.949 0.0000000000
46562  -36.390  -36.941  32.534 0.0000000000
48556  -37.187  -34.156  32.601 0.0000000000
47542  -35.903  -35.671  32.015 0.0000000000
46574  -35.640  -36.708  31.290 0.0000000000
46612  -35.299  -36.795  28.496 0.0000000000
46627  -34.840  -36.579  26.971 0.0000000000
119086  -34.282  -36.928  25.566 0.0000000000
118792  -32.944  -36.936  23.902 0.0000000000
46640  -33.564  -36.202  24.961 0.0000000000
48634  -33.662  -34.584  25.124 0.0000000000
49682  -33.780  -33.652  24.816 0.0000000000
50634  -35.236  -32.569  27.619 0.0000000000
117003  -34.562  -32.920  26.085 0.0000000000
50673  -33.910  -32.867  24.410 0.0000000000
50684  -34.102  -32.166  23.901 0.0000000000
119562  -35.192  -31.196  23.459 0.0000000000
58997  -50.004  -23.412  18.396 0.0000000000
59916  -51.865  -21.999  18.405 0.0000000000
60831  -51.403  -21.410  17.578 0.0000000000
119406  -50.891  -20.297  16.310 0.0000000000
61803  -50.428  -19.908  15.540 0.0000000000
128524  -51.420  -19.207  14.476 0.0000000000
40551  -21.663  -42.340  38.923 0.0000000000
41516  -20.962  -41.942  36.834 0.0000000000
40597  -22.037  -42.211  36.220 0.0000000000
41552  -22.728  -41.967  34.345 0.0000000000
117592  -23.787  -41.726  32.487 0.0000000000
130079  -25.903  -42.799  34.494 0.0000000000
41586  -25.435  -42.293  32.578 0.0000000000
41606  -24.733  -41.711  31.211 0.0000000000
138356  -25.786  -41.443  29.363 0.0000000000
42695  -27.189  -40.665  28.328 0.0000000000
43756  -28.652  -39.633  27.036 0.0000000000
51587  -37.183  -31.735  21.767 0.0000000000
134289  -38.132  -33.225  22.016 0.0000000000
50685  -39.924  -32.506  23.217 0.0000000000
47585  -45.584  -35.873  27.898 0.0000000000
48624  -44.806  -34.888  26.575 0.0000000000
136541  -32.055  -43.182  38.184 0.0000000000
39751  -32.122  -43.282  37.129 0.0000000000
138988  -33.142  -43.223  37.327 0.0000000000
122099  -34.229  -42.018  35.770 0.0000000000
135014  -35.727  -41.454  34.608 0.0000000000
41542  -36.527  -41.728  35.639 0.0000000000
40633  -37.037  -41.653  34.660 0.0000000000
41596  -36.579  -41.543  32.460 0.0000000000
40665  -38.202  -42.163  31.344 0.0000000000
40679  -39.642  -42.454  29.415 0.0000000000
40721  -40.549  -42.571  27.774 0.0000000000
44672  -38.957  -38.329  34.817 0.0000000000
43682  -39.466  -39.814  33.446 0.0000000000
43701  -39.824  -40.302  31.984 0.0000000000
44716  -38.312  -39.197  29.159 0.0000000000
43723  -39.037  -39.574  29.622 0.0000000000
42663  -40.829  -41.317  30.167 0.0000000000
42702  -40.707  -41.312  28.719 0.0000000000
41666  -40.776  -42.201  27.279 0.0000000000
45747  -32.416  -37.292  22.558 0.0000000000
54981  -37.376  -27.638  34.628 0.0000000000
119049  -37.035  -26.935  34.001 0.0000000000
43564  -18.201  -39.423  41.200 0.0000000000
41483  -20.813  -41.609  40.883 0.0000000000
40525  -21.642  -42.419  40.560 0.0000000000
39693  -22.674  -43.325  40.054 0.0000000000
38827  -26.766  -44.281  40.327 0.0000000000
38829  -27.978  -44.020  39.825 0.0000000000
39697  -29.283  -43.438  39.148 0.0000000000
40540  -30.459  -42.599  39.077 0.0000000000
41503  -31.759  -41.762  38.680 0.0000000000
42554  -32.479  -40.261  38.364 0.0000000000
43617  -33.512  -39.373  37.872 0.0000000000
44620  -32.841  -38.011  39.121 0.0000000000
119633  -33.729  -38.559  37.908 0.0000000000
45584  -35.138  -37.231  37.821 0.0000000000
46488  -35.994  -36.802  37.688 0.0000000000
46476  -37.197  -36.096  37.632 0.0000000000
47461  -38.422  -34.867  37.584 0.0000000000
48471  -38.993  -34.179  37.473 0.0000000000
49502  -39.498  -33.000  37.062 0.0000000000
54085  -38.180  -28.928  35.484 0.0000000000
55899  -37.208  -26.272  32.792 0.0000000000
55900  -37.969  -25.885  32.302 0.0000000000
55915  -39.713  -26.225  31.312 0.0000000000
58810  -40.798  -23.449  33.918 0.0000000000
56893  -41.066  -25.422  32.527 0.0000000000
55916  -40.994  -26.355  31.512 0.0000000000
130338  -41.785  -27.360  30.782 0.0000000000
55031  -42.773  -27.812  31.085 0.0000000000
53283  -43.374  -29.125  30.508 0.0000000000
126458  -44.303  -26.884  31.820 0.0000000000
54135  -43.989  -28.467  31.358 0.0000000000
53294  -43.867  -29.880  30.351 0.0000000000
133399  -45.170  -30.947  30.683 0.0000000000
51499  -45.361  -31.752  30.565 0.0000000000
50607  -46.270  -32.777  30.237 0.0000000000
53296  -46.014  -29.979  29.215 0.0000000000
126957  -46.429  -31.591  29.579 0.0000000000
50627  -46.658  -33.017  29.371 0.0000000000
50637  -46.293  -32.709  28.096 0.0000000000
50651  -44.992  -32.990  26.673 0.0000000000
50665  -44.426  -32.832  25.628 0.0000000000
55076  -49.161  -27.483  25.486 0.0000000000
54222  -47.926  -28.502  25.101 0.0000000000
54234  -48.729  -28.331  23.017 0.0000000000
53363  -47.284  -28.748  24.105 0.0000000000
53343  -46.627  -29.336  25.434 0.0000000000
52489  -45.477  -30.071  24.838 0.0000000000
132840  -44.493  -31.174  24.750 0.0000000000
50677  -43.443  -32.787  24.293 0.0000000000
50688  -43.110  -32.764  23.504 0.0000000000
49714  -42.809  -32.898  22.432 0.0000000000
49737  -42.515  -32.394  20.685 0.0000000000
53379  -42.597  -29.924  20.106 0.0000000000
51594  -41.876  -31.001  19.837 0.0000000000
50725  -42.981  -32.512  19.168 0.0000000000
59009  -48.077  -24.029  17.652 0.0000000000
57089  -46.103  -25.069  16.943 0.0000000000
57087  -44.496  -25.478  16.014 0.0000000000
59939  -45.873  -22.780  14.766 0.0000000000
58063  -44.450  -24.503  14.964 0.0000000000
56131  -42.598  -27.025  14.842 0.0000000000
123005  -15.994  -39.568  37.307 0.0000000000
41550  -20.667  -41.401  34.552 0.0000000000
42619  -19.474  -40.539  32.748 0.0000000000
123346  -19.348  -39.926  31.441 0.0000000000
121194  -21.447  -39.711  29.170 0.0000000000
43715  -19.951  -39.410  29.765 0.0000000000
44703  -18.471  -38.877  29.813 0.0000000000
119838  -18.106  -38.353  27.819 0.0000000000
40607  -31.869  -42.298  35.945 0.0000000000
41554  -31.135  -41.353  34.735 0.0000000000
41590  -30.535  -40.921  32.726 0.0000000000
42639  -33.640  -40.365  31.225 0.0000000000
42637  -31.733  -40.364  31.445 0.0000000000
42636  -30.291  -40.637  31.425 0.0000000000
43719  -30.259  -39.775  28.970 0.0000000000
43758  -30.479  -39.438  27.253 0.0000000000
42746  -30.022  -40.154  25.648 0.0000000000
39855  -36.780  -43.419  26.586 0.0000000000
117411  -35.222  -43.311  26.608 0.0000000000
40736  -33.575  -42.748  26.641 0.0000000000
40735  -32.309  -41.937  26.331 0.0000000000
40734  -31.389  -41.800  26.151 0.0000000000
40732  -29.594  -42.308  26.114 0.0000000000
54122  -36.597  -28.114  32.251 0.0000000000
54110  -37.104  -28.682  33.609 0.0000000000
117755  -37.195  -29.901  32.781 0.0000000000
54123  -36.845  -28.967  32.739 0.0000000000
47606  -44.582  -35.092  25.693 0.0000000000
48647  -44.119  -34.536  24.833 0.0000000000
48637  -43.830  -34.095  24.823 0.0000000000
38862  -30.127  -43.524  38.393 0.0000000000
119806  -30.039  -43.543  37.704 0.0000000000
39733  -30.491  -43.618  37.940 0.0000000000
50700  -35.673  -32.031  21.221 0.0000000000
52437  -43.117  -30.388  28.789 0.0000000000
137767  -42.833  -30.648  28.057 0.0000000000
45600  -39.016  -37.310  37.132 0.0000000000
44646  -39.177  -37.893  36.921 0.0000000000
45601  -39.354  -37.351  36.684 0.0000000000
44776  -34.568  -38.214  24.817 0.0000000000
50698  -33.874  -32.096  21.191 0.0000000000
50699  -34.744  -31.933  21.192 0.0000000000
57052  -49.163  -25.779  19.295 0.0000000000
57065  -49.384  -25.187  19.097 0.0000000000
57064  -48.683  -25.309  18.725 0.0000000000
58019  -49.171  -24.670  18.661 0.0000000000
41501  -19.977  -41.171  39.053 0.0000000000
42552  -19.445  -40.709  38.353 0.0000000000
139042  -20.058  -41.299  38.367 0.0000000000
43799  -28.000  -39.744  25.508 0.0000000000
128332  -27.056  -39.741  25.251 0.0000000000
42744  -27.637  -40.034  25.046 0.0000000000
41706  -27.003  -41.157  24.629 0.0000000000
41693  -28.434  -41.069  25.055 0.0000000000
40742  -40.132  -43.181  27.108 0.0000000000
40720  -39.230  -42.765  27.587 0.0000000000
52458  -36.567  -30.507  26.723 0.0000000000
55041  -39.431  -27.331  29.572 0.0000000000
49551  -39.116  -33.195  35.219 0.0000000000
118050  -38.929  -33.740  34.905 0.0000000000
49550  -38.576  -33.187  34.475 0.0000000000
48583  -35.750  -34.196  30.829 0.0000000000
48592  -35.290  -33.987  30.007 0.0000000000
48591  -34.678  -34.442  29.198 0.0000000000
48602  -34.420  -34.588  27.716 0.0000000000
49647  -34.616  -33.983  28.328 0.0000000000
51520  -36.109  -31.100  27.292 0.0000000000
51536  -36.188  -31.040  26.382 0.0000000000
39710  -24.563  -43.691  38.552 0.0000000000
40568  -24.166  -43.033  37.068 0.0000000000
39744  -24.981  -43.233  36.854 0.0000000000
118891  -28.756  -41.533  32.607 0.0000000000
40656  -27.923  -41.968  32.788 0.0000000000
41610  -28.673  -41.266  31.731 0.0000000000
41625  -28.403  -41.108  30.818 0.0000000000
41626  -29.083  -40.930  31.122 0.0000000000
52486  -39.785  -30.507  24.351 0.0000000000
127823  -41.329  -34.149  25.277 0.0000000000
49697  -40.912  -33.809  24.719 0.0000000000
47560  -45.529  -35.322  30.204 0.0000000000
136947  -44.901  -35.641  30.029 0.0000000000
48593  -46.189  -35.006  30.106 0.0000000000
47573  -45.845  -35.651  29.832 0.0000000000
129385  -34.077  -40.248  37.750 0.0000000000
121113  -34.501  -41.140  37.669 0.0000000000
42567  -35.334  -41.192  37.363 0.0000000000
41597  -40.292  -41.832  32.688 0.0000000000
40650  -39.836  -42.121  32.965 0.0000000000
41598  -40.629  -41.926  32.085 0.0000000000
40661  -40.692  -42.141  31.715 0.0000000000
41616  -40.909  -41.993  31.448 0.0000000000
45667  -36.921  -37.899  32.204 0.0000000000
44696  -37.521  -38.453  31.570 0.0000000000
44704  -36.948  -38.090  31.118 0.0000000000
42747  -38.047  -40.643  25.467 0.0000000000
42736  -38.256  -40.347  26.196 0.0000000000
42760  -38.591  -41.138  25.284 0.0000000000
48651  -32.915  -33.985  23.978 0.0000000000
131833  -45.736  -25.722  29.741 0.0000000000
56910  -45.572  -25.283  29.999 0.0000000000
55929  -45.359  -26.306  30.247 0.0000000000
55937  -45.300  -27.322  30.343 0.0000000000
55044  -45.495  -28.040  30.039 0.0000000000
53330  -46.983  -29.015  26.272 0.0000000000
53316  -46.467  -29.880  27.119 0.0000000000
52463  -46.263  -30.205  26.595 0.0000000000
56034  -51.725  -26.356  22.620 0.0000000000
55110  -51.662  -26.889  22.973 0.0000000000
55096  -51.330  -27.237  23.449 0.0000000000
55109  -51.376  -27.328  22.673 0.0000000000
115942  -45.618  -28.771  21.184 0.0000000000
53375  -45.754  -28.974  22.003 0.0000000000
53374  -45.028  -29.183  21.795 0.0000000000
53367  -44.506  -29.656  22.345 0.0000000000
53366  -43.655  -30.023  22.031 0.0000000000
53373  -44.208  -29.469  21.573 0.0000000000
55213  -43.399  -27.321  16.843 0.0000000000
54273  -42.193  -28.736  17.384 0.0000000000
138117  -42.143  -28.380  16.681 0.0000000000
54283  -41.866  -28.459  15.934 0.0000000000
60844  -49.620  -21.242  16.427 0.0000000000
59926  -48.403  -22.189  16.446 0.0000000000
60856  -48.256  -21.465  15.668 0.0000000000
130959  -15.737  -39.477  40.313 0.0000000000
43689  -17.636  -39.481  32.822 0.0000000000
132982  -17.235  -39.129  32.277 0.0000000000
44694  -17.197  -38.858  31.563 0.0000000000
44695  -17.991  -39.172  31.156 0.0000000000
41604  -22.932  -41.169  31.613 0.0000000000
41583  -22.364  -41.088  31.995 0.0000000000
42650  -22.555  -40.657  30.471 0.0000000000
41700  -21.110  -40.992  24.540 0.0000000000
41575  -34.975  -41.115  33.503 0.0000000000
41574  -34.104  -40.976  33.879 0.0000000000
41594  -34.523  -40.876  32.842 0.0000000000
133298  -34.776  -40.978  26.975 0.0000000000
42699  -34.499  -40.168  28.371 0.0000000000
42719  -34.329  -40.433  27.383 0.0000000000
42718  -33.566  -40.275  27.025 0.0000000000
42735  -34.100  -40.967  26.636 0.0000000000
125958  -36.721  -29.588  29.518 0.0000000000
54160  -36.721  -28.867  29.979 0.0000000000
55025  -36.888  -27.364  30.943 0.0000000000
55015  -37.797  -26.819  30.857 0.0000000000
133662  -38.413  -30.464  34.853 0.0000000000
119117  -38.261  -31.716  33.994 0.0000000000
52389  -38.169  -30.912  34.025 0.0000000000
51485  -37.267  -31.558  31.813 0.0000000000
122492  -37.134  -32.016  31.467 0.0000000000
50604  -36.869  -32.142  30.742 0.0000000000
51504  -36.576  -32.011  29.873 0.0000000000
46659  -46.049  -36.397  25.593 0.0000000000
129447  -44.060  -34.498  23.187 0.0000000000
38859  -27.207  -44.189  38.701 0.0000000000
38869  -27.144  -43.919  37.809 0.0000000000
39730  -27.546  -43.615  37.248 0.0000000000
39763  -29.317  -42.702  36.238 0.0000000000
39762  -28.377  -42.795  36.036 0.0000000000
40605  -28.828  -42.333  35.386 0.0000000000
40627  -29.304  -41.848  34.734 0.0000000000
49735  -36.479  -33.849  20.395 0.0000000000
118546  -41.298  -30.047  27.028 0.0000000000
117070  -41.231  -30.676  25.581 0.0000000000
51537  -41.692  -30.731  26.337 0.0000000000
129864  -42.670  -31.925  26.810 0.0000000000
49685  -41.963  -32.998  26.000 0.0000000000
50650  -42.511  -32.683  26.661 0.0000000000
49659  -42.809  -33.327  27.252 0.0000000000
49635  -44.447  -33.619  29.886 0.0000000000
50617  -44.968  -33.123  30.453 0.0000000000
126758  -36.222  -38.851  37.469 0.0000000000
43631  -36.537  -39.508  37.328 0.0000000000
44644  -37.174  -38.762  37.364 0.0000000000
43646  -39.373  -39.218  36.089 0.0000000000
43659  -39.482  -39.504  35.213 0.0000000000
42596  -39.629  -40.365  34.280 0.0000000000
119149  -39.584  -39.871  34.526 0.0000000000
45681  -35.893  -37.426  28.715 0.0000000000
45682  -36.427  -37.976  28.213 0.0000000000
45689  -36.079  -37.897  27.449 0.0000000000
43803  -36.106  -38.763  26.207 0.0000000000
43817  -35.841  -39.473  24.749 0.0000000000
43818  -36.509  -40.007  24.724 0.0000000000
43829  -36.065  -40.005  24.011 0.0000000000
42763  -35.875  -40.302  23.317 0.0000000000
50690  -32.755  -32.434  21.802 0.0000000000
56923  -47.472  -25.140  28.449 0.0000000000
120023  -47.221  -26.016  28.171 0.0000000000
55960  -48.822  -26.364  26.751 0.0000000000
55956  -48.137  -26.429  27.236 0.0000000000
55060  -48.282  -26.934  26.776 0.0000000000
55066  -47.986  -27.606  26.604 0.0000000000
55067  -48.859  -27.097  26.218 0.0000000000
57054  -51.349  -25.217  20.440 0.0000000000
57994  -51.429  -24.888  20.684 0.0000000000
57044  -51.458  -25.742  20.864 0.0000000000
56064  -51.271  -26.368  20.862 0.0000000000
55147  -50.965  -26.971  21.023 0.0000000000
55162  -48.497  -27.126  19.748 0.0000000000
55143  -47.097  -27.854  19.887 0.0000000000
137347  -46.623  -28.209  20.318 0.0000000000
54257  -46.283  -28.045  19.744 0.0000000000
54256  -45.467  -28.233  19.709 0.0000000000
55160  -46.636  -27.471  19.188 0.0000000000
57078  -47.018  -25.832  18.109 0.0000000000
56088  -46.084  -26.721  18.167 0.0000000000
56105  -45.639  -26.424  17.579 0.0000000000
57076  -45.883  -25.783  17.272 0.0000000000
61829  -49.071  -20.090  13.825 0.0000000000
61819  -48.422  -20.480  14.327 0.0000000000
43581  -18.048  -39.478  40.288 0.0000000000
43610  -17.755  -39.584  38.776 0.0000000000
43596  -18.138  -39.610  39.460 0.0000000000
42580  -19.162  -40.696  36.568 0.0000000000
42579  -18.612  -40.270  36.397 0.0000000000
130529  -18.563  -40.391  35.007 0.0000000000
42610  -18.621  -40.437  33.965 0.0000000000
42694  -25.387  -40.873  28.046 0.0000000000
42693  -24.700  -40.804  28.290 0.0000000000
42713  -24.896  -40.527  27.478 0.0000000000
43797  -25.169  -39.693  25.145 0.0000000000
136609  -24.719  -39.736  25.728 0.0000000000
43796  -24.332  -39.651  25.050 0.0000000000
43795  -23.453  -39.559  25.133 0.0000000000
42755  -24.288  -40.407  24.414 0.0000000000
41703  -23.785  -41.215  24.331 0.0000000000
41704  -24.726  -41.180  24.326 0.0000000000
39865  -26.478  -42.894  25.421 0.0000000000
39864  -25.774  -43.224  25.533 0.0000000000
122281  -36.881  -41.480  30.727 0.0000000000
121795  -37.270  -41.550  29.979 0.0000000000
41664  -37.186  -41.881  27.808 0.0000000000
40718  -36.887  -42.161  27.084 0.0000000000
41663  -36.380  -41.551  27.491 0.0000000000
40739  -36.424  -42.630  26.620 0.0000000000
51560  -36.012  -30.957  24.149 0.0000000000
117860  -36.874  -30.629  24.306 0.0000000000
52472  -37.556  -30.285  25.589 0.0000000000
52473  -38.455  -30.165  25.382 0.0000000000
54173  -37.391  -28.551  28.626 0.0000000000
53303  -37.467  -28.901  28.004 0.0000000000
54175  -39.538  -28.162  28.250 0.0000000000
54186  -39.128  -28.621  27.575 0.0000000000
53315  -39.760  -29.093  27.123 0.0000000000
53328  -39.318  -29.476  26.569 0.0000000000
119261  -41.117  -28.045  29.359 0.0000000000
54177  -41.543  -28.656  28.939 0.0000000000
47484  -39.453  -35.312  36.572 0.0000000000
120655  -39.443  -36.124  35.867 0.0000000000
47505  -39.294  -35.297  35.510 0.0000000000
122357  -38.502  -34.539  34.391 0.0000000000
47516  -38.293  -35.329  34.244 0.0000000000
46545  -37.024  -36.254  33.269 0.0000000000
49588  -37.629  -32.813  32.800 0.0000000000
49569  -38.019  -33.143  33.638 0.0000000000
123842  -37.241  -33.461  32.285 0.0000000000
48570  -35.475  -35.027  31.132 0.0000000000
122680  -35.829  -35.196  31.679 0.0000000000
47541  -35.434  -35.924  31.403 0.0000000000
46575  -35.846  -36.449  31.966 0.0000000000
46586  -35.330  -36.583  30.521 0.0000000000
46601  -35.422  -36.868  29.425 0.0000000000
47559  -34.816  -36.099  29.868 0.0000000000
136636  -34.685  -36.125  27.497 0.0000000000
46619  -35.130  -36.703  27.714 0.0000000000
117249  -34.362  -36.200  26.187 0.0000000000
46641  -33.879  -36.175  25.407 0.0000000000
48622  -34.263  -34.364  26.501 0.0000000000
48635  -34.044  -34.559  25.815 0.0000000000
137365  -33.982  -33.943  25.379 0.0000000000
49648  -35.166  -33.032  28.365 0.0000000000
50649  -35.147  -32.162  26.205 0.0000000000
50633  -34.876  -32.790  26.873 0.0000000000
49695  -34.206  -33.100  25.252 0.0000000000
50674  -34.402  -32.352  24.670 0.0000000000
51558  -34.865  -31.939  24.823 0.0000000000
51549  -35.834  -31.307  25.087 0.0000000000
60832  -52.341  -20.698  17.533 0.0000000000
134537  -51.382  -20.697  16.977 0.0000000000
61787  -51.926  -20.123  16.711 0.0000000000
61804  -51.374  -19.638  15.891 0.0000000000
62696  -51.990  -19.111  15.316 0.0000000000
62695  -50.923  -19.445  15.042 0.0000000000
62709  -52.173  -18.807  14.394 0.0000000000
40578  -21.709  -42.212  37.010 0.0000000000
40566  -22.439  -42.585  37.634 0.0000000000
40599  -23.543  -42.403  35.267 0.0000000000
40620  -22.928  -42.193  34.947 0.0000000000
40621  -23.421  -42.203  34.491 0.0000000000
41553  -23.242  -41.948  33.794 0.0000000000
41567  -23.834  -42.021  33.277 0.0000000000
39760  -26.796  -43.059  35.765 0.0000000000
39759  -25.973  -43.095  35.812 0.0000000000
40624  -26.621  -42.740  34.396 0.0000000000
41587  -26.662  -42.192  32.273 0.0000000000
116098  -25.960  -42.193  32.059 0.0000000000
41585  -25.120  -42.070  31.960 0.0000000000
41622  -25.443  -41.752  30.662 0.0000000000
41633  -25.641  -41.613  30.003 0.0000000000
42673  -27.198  -41.115  29.297 0.0000000000
42696  -28.089  -40.331  28.457 0.0000000000
42716  -27.986  -40.070  27.728 0.0000000000
42697  -28.863  -39.893  28.105 0.0000000000
51579  -37.821  -31.142  22.252 0.0000000000
50692  -37.966  -32.240  22.055 0.0000000000
50693  -38.642  -32.761  22.399 0.0000000000
51561  -40.959  -31.447  24.328 0.0000000000
50675  -40.922  -32.265  24.242 0.0000000000
124696  -40.217  -34.204  23.543 0.0000000000
48611  -42.682  -34.890  27.428 0.0000000000
124236  -42.942  -35.584  27.769 0.0000000000
47571  -44.594  -36.478  29.232 0.0000000000
46621  -45.111  -37.669  28.728 0.0000000000
127729  -45.801  -36.673  28.881 0.0000000000
125421  -45.033  -34.044  27.003 0.0000000000
40555  -32.584  -43.011  38.173 0.0000000000
39716  -32.938  -43.236  37.818 0.0000000000
40556  -33.274  -42.736  38.014 0.0000000000
40588  -35.198  -42.069  36.245 0.0000000000
40587  -34.456  -42.413  36.586 0.0000000000
40610  -34.795  -42.108  36.058 0.0000000000
40632  -35.133  -41.670  35.326 0.0000000000
122259  -36.132  -41.620  35.069 0.0000000000
42582  -37.612  -40.713  36.267 0.0000000000
41529  -37.103  -41.524  35.906 0.0000000000
41543  -37.254  -41.659  35.277 0.0000000000
40649  -38.251  -41.903  33.541 0.0000000000
40634  -37.954  -41.727  34.227 0.0000000000
127810  -37.433  -41.665  33.977 0.0000000000
40657  -37.327  -41.785  33.214 0.0000000000
41615  -37.591  -42.002  32.110 0.0000000000
117049  -38.695  -42.334  32.057 0.0000000000
40671  -39.599  -42.438  30.337 0.0000000000
40680  -40.582  -42.354  29.894 0.0000000000
40699  -40.588  -42.343  28.899 0.0000000000
45643  -39.196  -37.652  35.406 0.0000000000
45656  -38.306  -38.104  34.182 0.0000000000
44688  -38.600  -39.094  32.451 0.0000000000
136061  -38.919  -39.287  33.167 0.0000000000
43700  -39.067  -39.557  31.746 0.0000000000
43692  -39.383  -39.751  32.602 0.0000000000
44740  -37.082  -38.590  28.069 0.0000000000
44715  -37.578  -38.688  29.467 0.0000000000
44725  -37.660  -38.878  28.601 0.0000000000
43764  -39.162  -39.947  28.083 0.0000000000
43738  -39.056  -39.676  28.857 0.0000000000
132791  -39.643  -40.023  29.310 0.0000000000
43724  -39.874  -40.220  30.080 0.0000000000
42682  -40.375  -40.738  29.372 0.0000000000
42683  -40.938  -41.589  29.387 0.0000000000
136494  -40.112  -41.879  25.950 0.0000000000
136740  -40.666  -41.918  26.882 0.0000000000
41682  -40.617  -42.275  26.535 0.0000000000
40756  -40.687  -42.821  26.309 0.0000000000
40755  -40.559  -43.048  25.828 0.0000000000
46655  -33.183  -36.343  24.459 0.0000000000
45737  -32.575  -37.037  23.251 0.0000000000
43563  -17.422  -39.008  41.581 0.0000000000
40512  -21.392  -42.132  41.259 0.0000000000
38843  -26.036  -44.321  39.874 0.0000000000
41485  -30.160  -41.894  39.539 0.0000000000
41495  -30.875  -41.823  39.111 0.0000000000
42555  -33.260  -40.289  37.977 0.0000000000
43616  -32.817  -39.397  38.294 0.0000000000
45571  -33.210  -37.208  39.576 0.0000000000
45582  -33.571  -37.747  38.553 0.0000000000
44631  -34.365  -38.018  37.807 0.0000000000
46475  -36.308  -36.119  37.811 0.0000000000
121148  -36.692  -35.381  38.013 0.0000000000
47460  -37.152  -34.563  38.195 0.0000000000
48453  -38.039  -34.013  38.046 0.0000000000
47474  -39.209  -35.133  37.112 0.0000000000
135751  -38.521  -33.510  37.863 0.0000000000
50508  -39.110  -32.462  37.634 0.0000000000
50509  -39.399  -31.934  37.285 0.0000000000
50520  -39.489  -32.428  36.647 0.0000000000
54096  -37.555  -28.563  34.504 0.0000000000
127085  -37.329  -26.104  34.691 0.0000000000
55892  -37.160  -26.022  33.659 0.0000000000
133554  -38.595  -24.631  33.268 0.0000000000
56891  -38.602  -25.196  32.653 0.0000000000
55901  -39.126  -25.732  31.957 0.0000000000
56892  -39.985  -25.196  32.349 0.0000000000
56878  -41.546  -24.948  33.112 0.0000000000
55902  -40.471  -25.802  31.907 0.0000000000
55903  -41.451  -26.033  32.135 0.0000000000
55016  -41.469  -26.876  31.127 0.0000000000
55917  -41.844  -26.627  31.737 0.0000000000
55018  -42.975  -27.499  31.516 0.0000000000
55017  -42.255  -27.265  31.288 0.0000000000
54150  -42.933  -28.391  30.723 0.0000000000
54134  -43.339  -28.137  31.218 0.0000000000
57853  -44.968  -24.905  31.101 0.0000000000
55919  -44.341  -25.993  31.996 0.0000000000
55021  -44.755  -28.023  31.038 0.0000000000
55020  -44.275  -27.776  31.486 0.0000000000
54136  -44.576  -28.703  31.111 0.0000000000
53267  -44.322  -29.158  31.066 0.0000000000
53284  -44.566  -29.791  30.837 0.0000000000
52418  -44.686  -30.444  30.595 0.0000000000
53285  -45.218  -30.300  30.769 0.0000000000
52429  -45.666  -30.569  30.417 0.0000000000
52420  -45.603  -31.111  30.505 0.0000000000
52421  -46.099  -31.369  30.160 0.0000000000
51500  -46.005  -31.921  30.347 0.0000000000
51507  -46.426  -32.163  29.963 0.0000000000
127861  -46.210  -28.316  28.829 0.0000000000
54178  -46.202  -29.133  28.582 0.0000000000
52446  -46.430  -30.925  28.114 0.0000000000
52438  -46.413  -30.907  29.010 0.0000000000
119749  -46.535  -31.669  28.845 0.0000000000
51515  -46.597  -32.313  29.391 0.0000000000
50638  -46.553  -32.311  28.669 0.0000000000
50626  -46.609  -33.081  28.878 0.0000000000
50652  -45.799  -32.285  27.219 0.0000000000
50666  -45.177  -31.980  26.336 0.0000000000
55077  -50.105  -27.151  25.198 0.0000000000
54211  -49.480  -27.711  24.876 0.0000000000
54210  -48.570  -28.047  25.255 0.0000000000
54223  -48.777  -28.143  24.643 0.0000000000
54241  -48.823  -28.239  21.890 0.0000000000
54235  -49.756  -28.064  22.566 0.0000000000
132395  -47.942  -28.485  22.489 0.0000000000
53362  -46.528  -29.030  23.756 0.0000000000
53356  -47.244  -28.820  24.915 0.0000000000
53355  -46.608  -29.140  24.662 0.0000000000
52490  -46.097  -29.681  25.187 0.0000000000
52488  -44.779  -30.533  24.454 0.0000000000
51572  -43.979  -31.093  24.135 0.0000000000
50678  -44.053  -32.491  24.923 0.0000000000
52506  -42.633  -31.075  21.811 0.0000000000
50694  -42.523  -32.229  22.022 0.0000000000
50703  -42.382  -32.141  21.374 0.0000000000
49724  -42.692  -32.696  21.607 0.0000000000
129013  -42.225  -31.814  20.918 0.0000000000
54246  -43.766  -28.887  19.684 0.0000000000
53380  -43.414  -29.448  20.412 0.0000000000
53388  -42.982  -29.354  19.604 0.0000000000
52527  -41.687  -30.548  18.427 0.0000000000
52528  -41.875  -30.454  19.179 0.0000000000
51608  -41.847  -31.293  18.488 0.0000000000
50716  -42.452  -32.231  19.662 0.0000000000
59011  -49.183  -23.158  17.829 0.0000000000
58996  -48.949  -23.889  18.188 0.0000000000
59010  -48.494  -23.362  17.508 0.0000000000
59023  -46.767  -23.549  16.293 0.0000000000
58049  -47.289  -24.016  17.091 0.0000000000
58048  -46.438  -24.320  16.636 0.0000000000
57088  -45.259  -25.443  16.563 0.0000000000
57101  -44.840  -24.870  15.792 0.0000000000
60854  -46.857  -21.667  14.535 0.0000000000
59940  -46.556  -22.396  15.086 0.0000000000
59959  -45.524  -22.521  14.045 0.0000000000
58078  -44.245  -24.283  14.077 0.0000000000
57099  -43.436  -25.665  14.786 0.0000000000
132121  -16.748  -39.546  37.346 0.0000000000
43624  -16.427  -39.608  37.992 0.0000000000
43642  -16.514  -39.501  36.554 0.0000000000
43669  -15.917  -39.308  34.324 0.0000000000
117470  -15.418  -39.398  35.046 0.0000000000
44684  -14.833  -38.733  31.730 0.0000000000
44709  -16.151  -38.392  29.259 0.0000000000
44708  -15.576  -38.680  29.377 0.0000000000
44717  -15.936  -38.686  28.610 0.0000000000
43750  -16.296  -39.281  27.400 0.0000000000
41539  -20.592  -41.511  35.463 0.0000000000
126704  -20.963  -40.710  32.021 0.0000000000
42612  -20.085  -40.951  33.208 0.0000000000
43699  -20.267  -40.280  31.508 0.0000000000
42631  -19.631  -40.305  32.056 0.0000000000
122027  -19.865  -39.737  30.634 0.0000000000
43718  -22.203  -39.932  28.944 0.0000000000
43731  -22.453  -39.759  28.131 0.0000000000
44738  -20.493  -38.712  27.181 0.0000000000
43729  -20.848  -39.324  28.610 0.0000000000
44713  -20.028  -39.164  28.883 0.0000000000
44712  -19.239  -39.011  29.266 0.0000000000
44721  -19.234  -38.620  28.162 0.0000000000
44720  -18.389  -38.563  28.805 0.0000000000
44736  -18.833  -38.401  27.151 0.0000000000
40748  -23.552  -42.752  25.116 0.0000000000
40747  -22.652  -42.578  25.218 0.0000000000
40585  -32.485  -42.860  36.569 0.0000000000
40584  -31.611  -42.927  36.640 0.0000000000
41573  -32.379  -40.809  33.967 0.0000000000
41555  -32.052  -41.213  34.690 0.0000000000
41572  -31.449  -40.890  33.937 0.0000000000
132135  -30.794  -40.959  33.397 0.0000000000
41591  -31.459  -40.688  32.969 0.0000000000
42660  -35.260  -40.715  30.426 0.0000000000
42640  -34.425  -40.629  31.452 0.0000000000
42659  -34.502  -40.507  30.752 0.0000000000
42677  -32.398  -39.847  29.744 0.0000000000
42657  -32.952  -40.107  30.472 0.0000000000
42656  -31.901  -40.140  30.603 0.0000000000
118870  -31.045  -40.348  31.074 0.0000000000
121732  -31.061  -40.122  30.326 0.0000000000
42675  -30.655  -39.984  29.709 0.0000000000
43784  -31.830  -39.755  26.654 0.0000000000
43759  -31.365  -39.445  27.318 0.0000000000
43783  -31.054  -39.636  26.436 0.0000000000
43782  -30.115  -39.570  26.403 0.0000000000
42732  -31.210  -40.028  25.954 0.0000000000
38973  -37.163  -44.626  27.052 0.0000000000
117436  -36.020  -43.583  26.621 0.0000000000
38986  -35.658  -44.061  26.869 0.0000000000
39823  -33.959  -44.099  27.843 0.0000000000
39838  -34.646  -43.961  27.171 0.0000000000
120742  -33.773  -43.584  27.231 0.0000000000
124368  -33.045  -42.095  26.403 0.0000000000
39837  -32.937  -43.366  27.418 0.0000000000
39835  -31.261  -43.343  27.592 0.0000000000
40716  -31.743  -42.635  26.872 0.0000000000
40715  -30.874  -42.714  26.847 0.0000000000
40733  -30.430  -42.089  26.171 0.0000000000
40714  -30.014  -42.872  26.806 0.0000000000
53265  -36.696  -29.284  31.212 0.0000000000
124613  -36.674  -28.762  30.585 0.0000000000
54133  -36.601  -28.186  31.253 0.0000000000
55013  -36.724  -27.411  31.836 0.0000000000
55004  -36.904  -26.835  32.377 0.0000000000
52388  -37.679  -30.459  33.316 0.0000000000
52405  -36.944  -30.504  31.277 0.0000000000
47597  -45.736  -36.557  27.168 0.0000000000
47607  -45.182  -35.946  25.910 0.0000000000
47628  -44.136  -34.684  24.005 0.0000000000
48654  -43.537  -34.125  23.461 0.0000000000
38871  -28.747  -43.877  38.214 0.0000000000
39731  -28.391  -43.601  37.458 0.0000000000
39732  -29.275  -43.569  37.613 0.0000000000
39749  -29.881  -43.168  37.037 0.0000000000
131937  -30.154  -42.709  36.389 0.0000000000
50701  -36.577  -32.455  21.335 0.0000000000
52445  -42.195  -30.496  27.362 0.0000000000
51521  -42.930  -31.380  27.499 0.0000000000
51522  -43.418  -32.085  28.182 0.0000000000
51514  -43.960  -31.797  29.003 0.0000000000
51505  -44.362  -31.504  29.848 0.0000000000
45598  -37.385  -37.891  37.460 0.0000000000
138634  -37.866  -38.414  37.329 0.0000000000
44645  -38.515  -38.055  37.258 0.0000000000
44666  -39.432  -38.707  35.637 0.0000000000
44768  -35.348  -38.188  25.913 0.0000000000
44777  -35.152  -38.853  24.738 0.0000000000
44786  -35.300  -39.353  24.041 0.0000000000
43827  -34.701  -39.261  23.271 0.0000000000
43836  -33.884  -39.315  21.820 0.0000000000
50691  -33.504  -31.945  21.817 0.0000000000
57053  -50.895  -25.817  20.281 0.0000000000
56063  -50.468  -26.610  20.444 0.0000000000
56077  -49.863  -26.220  19.815 0.0000000000
56076  -48.875  -26.479  19.497 0.0000000000
56075  -48.016  -26.688  19.177 0.0000000000
55182  -47.206  -26.852  18.908 0.0000000000
56090  -47.536  -26.243  18.620 0.0000000000
139659  -47.149  -25.252  17.807 0.0000000000
42537  -18.665  -39.980  38.826 0.0000000000
42566  -19.268  -40.723  37.388 0.0000000000
41538  -19.741  -41.092  35.898 0.0000000000
42730  -26.167  -40.231  27.013 0.0000000000
42729  -25.505  -40.207  26.846 0.0000000000
43778  -26.132  -39.842  26.307 0.0000000000
43798  -26.082  -39.699  25.374 0.0000000000
42757  -26.005  -40.288  24.587 0.0000000000
41705  -25.631  -41.011  24.364 0.0000000000
129651  -26.376  -40.845  24.494 0.0000000000
40751  -26.894  -42.186  24.993 0.0000000000
39866  -27.166  -42.877  25.669 0.0000000000
41651  -38.439  -42.155  28.973 0.0000000000
40697  -38.242  -42.277  28.117 0.0000000000
40719  -37.846  -42.497  27.316 0.0000000000
52471  -36.788  -30.578  25.970 0.0000000000
52459  -37.184  -30.123  26.309 0.0000000000
53313  -37.486  -29.731  26.690 0.0000000000
54163  -38.860  -27.756  28.851 0.0000000000
55043  -41.649  -27.764  30.183 0.0000000000
118486  -39.498  -34.012  36.059 0.0000000000
48503  -39.409  -34.655  35.738 0.0000000000
119437  -39.273  -33.949  35.465 0.0000000000
127550  -38.045  -34.652  33.896 0.0000000000
49602  -37.010  -33.174  31.703 0.0000000000
48572  -36.821  -33.953  31.882 0.0000000000
49601  -36.495  -33.660  31.211 0.0000000000
139300  -34.751  -35.406  30.035 0.0000000000
47558  -34.564  -35.483  29.273 0.0000000000
126358  -34.471  -35.427  27.631 0.0000000000
47582  -34.357  -34.928  27.038 0.0000000000
48610  -34.402  -34.147  27.203 0.0000000000
136471  -35.974  -31.482  28.010 0.0000000000
51519  -35.681  -31.848  27.510 0.0000000000
51548  -35.258  -31.794  25.343 0.0000000000
121646  -35.724  -31.492  25.905 0.0000000000
40553  -23.084  -43.010  38.227 0.0000000000
40567  -23.301  -42.809  37.303 0.0000000000
40600  -24.367  -42.713  35.609 0.0000000000
40625  -27.424  -42.524  34.372 0.0000000000
40644  -26.867  -42.551  33.637 0.0000000000
40655  -27.133  -42.313  32.869 0.0000000000
41588  -27.375  -41.983  32.146 0.0000000000
41608  -26.684  -41.958  31.467 0.0000000000
41624  -27.683  -41.321  30.576 0.0000000000
42653  -28.117  -40.865  29.848 0.0000000000
137529  -28.979  -40.368  29.592 0.0000000000
52504  -38.456  -30.731  22.762 0.0000000000
52505  -39.289  -31.072  22.896 0.0000000000
51569  -39.825  -31.551  23.157 0.0000000000
50676  -41.232  -32.783  24.776 0.0000000000
125261  -40.725  -33.122  24.355 0.0000000000
127063  -43.808  -34.746  28.867 0.0000000000
48603  -44.291  -35.653  29.317 0.0000000000
46614  -45.532  -36.477  29.224 0.0000000000
48614  -46.050  -34.745  28.619 0.0000000000
41505  -33.547  -42.003  38.089 0.0000000000
40557  -33.899  -42.421  37.647 0.0000000000
41506  -34.089  -41.800  37.746 0.0000000000
40570  -34.931  -42.235  36.747 0.0000000000
40571  -35.513  -42.021  36.358 0.0000000000
41544  -38.772  -41.363  34.887 0.0000000000
40614  -38.414  -41.614  34.459 0.0000000000
40659  -39.624  -42.385  32.430 0.0000000000
40667  -40.425  -42.354  31.675 0.0000000000
40673  -40.855  -42.206  31.143 0.0000000000
40681  -40.972  -42.130  30.349 0.0000000000
45655  -37.670  -37.753  33.571 0.0000000000
136085  -37.429  -38.081  32.923 0.0000000000
44687  -37.774  -38.519  32.341 0.0000000000
44697  -38.258  -38.921  31.590 0.0000000000
118001  -37.728  -39.430  27.124 0.0000000000
43786  -38.377  -40.001  26.873 0.0000000000
42721  -39.130  -40.293  27.326 0.0000000000
42738  -39.793  -40.916  27.073 0.0000000000
41695  -39.333  -41.473  25.639 0.0000000000
47612  -32.789  -35.514  24.200 0.0000000000
135137  -31.162  -40.856  39.074 0.0000000000
42525  -30.819  -39.976  39.588 0.0000000000
45572  -33.937  -36.889  39.173 0.0000000000
46473  -34.637  -36.571  38.682 0.0000000000
46459  -34.323  -36.142  39.589 0.0000000000
57827  -37.715  -24.468  34.854 0.0000000000
57828  -38.173  -23.848  34.698 0.0000000000
58808  -38.819  -23.566  34.292 0.0000000000
123154  -39.134  -24.007  33.539 0.0000000000
56879  -42.294  -24.961  33.204 0.0000000000
55904  -42.225  -26.230  32.321 0.0000000000
56895  -42.660  -25.635  32.788 0.0000000000
55905  -43.032  -26.345  32.380 0.0000000000
55005  -43.367  -27.030  31.962 0.0000000000
57859  -45.474  -24.633  30.453 0.0000000000
55920  -44.651  -26.541  31.406 0.0000000000
124712  -44.923  -26.246  30.921 0.0000000000
55928  -44.931  -27.116  30.854 0.0000000000
54137  -45.057  -28.926  30.851 0.0000000000
54167  -45.389  -29.016  30.416 0.0000000000
53295  -45.676  -29.912  30.144 0.0000000000
54187  -46.545  -29.087  27.645 0.0000000000
51523  -46.288  -31.825  27.746 0.0000000000
55090  -51.178  -26.921  24.194 0.0000000000
55089  -50.653  -27.623  23.884 0.0000000000
54240  -47.120  -28.632  22.203 0.0000000000
53369  -46.331  -28.966  22.709 0.0000000000
53361  -45.719  -29.395  23.445 0.0000000000
52499  -45.194  -29.897  24.008 0.0000000000
53360  -44.870  -29.793  23.172 0.0000000000
52497  -43.544  -30.990  23.306 0.0000000000
51583  -43.033  -31.572  22.894 0.0000000000
52507  -43.113  -30.843  22.422 0.0000000000
52510  -42.990  -30.440  21.602 0.0000000000
118422  -42.455  -30.854  21.168 0.0000000000
54274  -43.497  -28.386  18.310 0.0000000000
54263  -43.255  -28.842  18.983 0.0000000000
54262  -42.575  -28.924  18.275 0.0000000000
53403  -41.906  -29.352  17.815 0.0000000000
53402  -41.584  -29.956  17.642 0.0000000000
59913  -48.848  -22.670  17.252 0.0000000000
59925  -47.757  -22.635  16.343 0.0000000000
59040  -47.099  -22.722  15.876 0.0000000000
59060  -44.975  -22.711  13.364 0.0000000000
59051  -44.594  -23.510  13.737 0.0000000000
42550  -15.082  -39.873  39.211 0.0000000000
43658  -17.146  -39.582  35.187 0.0000000000
130350  -16.655  -39.484  35.749 0.0000000000
43670  -16.817  -39.466  34.392 0.0000000000
43680  -16.402  -39.235  33.570 0.0000000000
43688  -15.973  -38.866  32.778 0.0000000000
44685  -15.588  -38.608  32.006 0.0000000000
44693  -16.266  -38.367  31.122 0.0000000000
44700  -16.191  -38.202  30.157 0.0000000000
128866  -16.920  -38.350  28.776 0.0000000000
41565  -21.639  -41.387  33.405 0.0000000000
42621  -21.655  -41.069  32.442 0.0000000000
42632  -21.697  -40.769  31.631 0.0000000000
42648  -21.080  -40.463  31.328 0.0000000000
127703  -22.635  -39.421  26.540 0.0000000000
125375  -21.827  -39.326  27.509 0.0000000000
44739  -21.192  -38.858  26.727 0.0000000000
44753  -19.301  -38.504  26.390 0.0000000000
42743  -19.485  -40.175  24.806 0.0000000000
41689  -20.498  -41.427  24.909 0.0000000000
40746  -20.724  -42.088  25.582 0.0000000000
40729  -21.083  -42.619  26.543 0.0000000000
40631  -33.442  -41.830  35.513 0.0000000000
40630  -32.518  -41.727  35.385 0.0000000000
128074  -33.175  -40.744  33.739 0.0000000000
121092  -34.847  -40.344  29.169 0.0000000000
42679  -34.693  -40.410  29.927 0.0000000000
121820  -34.160  -40.115  29.346 0.0000000000
42698  -33.651  -39.832  28.715 0.0000000000
43722  -32.820  -39.651  28.954 0.0000000000
43721  -31.987  -39.538  29.026 0.0000000000
43736  -32.484  -39.516  28.237 0.0000000000
42717  -32.692  -40.081  26.705 0.0000000000
129833  -32.617  -40.724  26.249 0.0000000000
38957  -32.821  -44.435  28.799 0.0000000000
39821  -32.447  -43.853  28.235 0.0000000000
52435  -36.486  -30.354  28.448 0.0000000000
53291  -36.910  -29.121  28.682 0.0000000000
55039  -37.310  -27.846  29.612 0.0000000000
55027  -38.730  -26.945  30.248 0.0000000000
55926  -39.584  -26.626  30.725 0.0000000000
51444  -38.979  -31.794  35.344 0.0000000000
50543  -38.746  -32.684  34.725 0.0000000000
50572  -37.791  -32.404  33.081 0.0000000000
51461  -37.890  -31.339  33.262 0.0000000000
50571  -37.410  -32.294  32.224 0.0000000000
50587  -36.775  -32.914  30.958 0.0000000000
49634  -35.824  -33.069  29.774 0.0000000000
50615  -36.202  -32.438  29.640 0.0000000000
50624  -36.202  -32.011  29.165 0.0000000000
128043  -36.502  -31.418  29.339 0.0000000000
51512  -36.201  -31.493  28.657 0.0000000000
116178  -36.426  -30.968  28.809 0.0000000000
47629  -45.691  -35.464  23.767 0.0000000000
39729  -25.648  -43.588  37.400 0.0000000000
117172  -26.613  -43.596  37.100 0.0000000000
39761  -27.561  -42.940  35.860 0.0000000000
39747  -27.973  -43.218  36.654 0.0000000000
40626  -28.346  -42.134  34.383 0.0000000000
40646  -28.493  -41.866  33.433 0.0000000000
41569  -29.294  -41.521  33.333 0.0000000000
139913  -42.005  -31.337  26.158 0.0000000000
50663  -41.736  -32.374  25.376 0.0000000000
49669  -41.698  -33.956  25.898 0.0000000000
122321  -42.586  -34.126  27.098 0.0000000000
49660  -43.113  -34.156  27.997 0.0000000000
122456  -35.944  -40.342  37.365 0.0000000000
42568  -36.919  -40.288  36.884 0.0000000000
43645  -38.770  -39.304  36.578 0.0000000000
42583  -38.720  -40.178  36.056 0.0000000000
41545  -38.948  -40.758  35.335 0.0000000000
135208  -39.426  -40.741  34.696 0.0000000000
42606  -39.705  -40.944  33.868 0.0000000000
42627  -40.394  -41.427  32.454 0.0000000000
128501  -36.502  -37.827  29.714 0.0000000000
45675  -37.133  -38.298  30.133 0.0000000000
124010  -36.472  -37.912  29.006 0.0000000000
44724  -36.982  -38.430  28.795 0.0000000000
44741  -37.092  -38.882  27.383 0.0000000000
44757  -36.462  -38.503  26.991 0.0000000000
44758  -36.987  -39.324  26.556 0.0000000000
43819  -37.191  -40.354  25.094 0.0000000000
42765  -36.944  -41.111  23.902 0.0000000000
42777  -36.314  -40.900  23.256 0.0000000000
42791  -35.354  -41.013  22.201 0.0000000000
43838  -35.245  -39.943  22.860 0.0000000000
49703  -32.912  -33.123  23.387 0.0000000000
49710  -31.844  -33.827  22.317 0.0000000000
49711  -32.440  -33.022  22.511 0.0000000000
49720  -32.108  -33.127  21.661 0.0000000000
124630  -31.958  -33.352  20.857 0.0000000000
49731  -32.573  -33.253  20.323 0.0000000000
134103  -46.374  -25.142  29.285 0.0000000000
127257  -45.949  -26.165  29.454 0.0000000000
55947  -46.270  -26.851  29.048 0.0000000000
55948  -46.810  -26.698  28.321 0.0000000000
55054  -47.002  -27.367  27.818 0.0000000000
56929  -47.901  -25.758  27.741 0.0000000000
54188  -47.159  -28.105  27.201 0.0000000000
54197  -47.525  -28.349  26.403 0.0000000000
54209  -47.742  -28.464  25.725 0.0000000000
55127  -51.358  -27.140  21.794 0.0000000000
55126  -50.430  -27.503  21.389 0.0000000000
55125  -49.407  -27.810  21.131 0.0000000000
55145  -48.964  -27.501  20.396 0.0000000000
54250  -48.384  -28.033  20.925 0.0000000000
54249  -47.334  -28.196  20.715 0.0000000000
54248  -46.476  -28.477  20.950 0.0000000000
118468  -45.072  -28.609  20.409 0.0000000000
54255  -44.609  -28.502  19.680 0.0000000000
54265  -45.042  -28.005  18.915 0.0000000000
55181  -46.532  -26.981  18.631 0.0000000000
55180  -45.799  -27.390  18.580 0.0000000000
54264  -44.314  -27.937  18.257 0.0000000000
55198  -44.426  -27.333  17.577 0.0000000000
55214  -44.193  -26.810  16.908 0.0000000000
123673  -49.674  -20.135  15.276 0.0000000000
60857  -48.952  -20.714  15.473 0.0000000000
60880  -48.091  -20.926  15.039 0.0000000000
60879  -47.561  -21.023  14.396 0.0000000000
60895  -46.301  -21.684  13.739 0.0000000000
43579  -16.514  -39.305  40.136 0.0000000000
43595  -17.308  -39.371  39.581 0.0000000000
43625  -17.346  -39.627  37.917 0.0000000000
129324  -17.369  -39.609  36.990 0.0000000000
43643  -18.059  -39.880  36.638 0.0000000000
42603  -17.836  -39.883  35.321 0.0000000000
43681  -18.069  -39.913  33.431 0.0000000000
43690  -18.274  -39.868  32.712 0.0000000000
42652  -24.204  -41.154  29.838 0.0000000000
42651  -23.362  -40.882  30.148 0.0000000000
42669  -23.602  -40.701  29.326 0.0000000000
42692  -23.886  -40.571  28.517 0.0000000000
43732  -23.364  -40.075  27.801 0.0000000000
127481  -24.742  -40.035  26.576 0.0000000000
43753  -24.069  -40.143  27.116 0.0000000000
125515  -23.283  -39.700  26.814 0.0000000000
43775  -23.027  -39.460  25.931 0.0000000000
41702  -22.883  -41.131  24.363 0.0000000000
40761  -25.302  -41.896  24.557 0.0000000000
40749  -25.087  -42.764  25.019 0.0000000000
117016  -36.025  -41.298  31.846 0.0000000000
120649  -35.470  -41.078  31.708 0.0000000000
41613  -35.945  -41.125  30.950 0.0000000000
42661  -35.845  -40.913  30.126 0.0000000000
42681  -36.124  -40.944  29.589 0.0000000000
41636  -36.772  -41.290  29.268 0.0000000000
42701  -36.080  -40.833  28.873 0.0000000000
41648  -35.916  -40.882  27.972 0.0000000000
41662  -35.543  -41.359  27.060 0.0000000000
40738  -35.476  -42.419  26.556 0.0000000000
51577  -36.128  -30.823  22.283 0.0000000000
52502  -36.759  -30.569  22.811 0.0000000000
52494  -37.306  -30.471  23.491 0.0000000000
122300  -38.073  -30.438  23.340 0.0000000000
52485  -38.956  -30.307  24.624 0.0000000000
52474  -39.421  -30.197  25.284 0.0000000000
53312  -36.984  -29.732  27.222 0.0000000000
53327  -38.342  -29.505  26.572 0.0000000000
135304  -38.248  -28.818  27.556 0.0000000000
115959  -39.877  -29.937  26.007 0.0000000000
132777  -40.761  -29.810  26.897 0.0000000000
53305  -41.087  -28.949  28.182 0.0000000000
134251  -41.361  -29.345  27.970 0.0000000000
53307  -42.728  -29.685  29.094 0.0000000000
53293  -43.093  -29.421  29.852 0.0000000000
128976  -39.325  -36.025  36.890 0.0000000000
46504  -39.466  -36.660  36.414 0.0000000000
46531  -39.097  -36.722  35.376 0.0000000000
47504  -38.872  -35.270  34.878 0.0000000000
46530  -38.567  -36.264  34.698 0.0000000000
126847  -38.029  -37.119  34.191 0.0000000000
137233  -37.445  -36.961  33.663 0.0000000000
45666  -36.171  -37.328  31.539 0.0000000000
48539  -38.033  -33.951  33.798 0.0000000000
48538  -37.641  -34.379  33.318 0.0000000000
48555  -36.452  -34.894  32.196 0.0000000000
47531  -37.066  -35.086  32.971 0.0000000000
47530  -36.349  -35.875  32.576 0.0000000000
45672  -35.798  -37.158  30.823 0.0000000000
45679  -35.882  -37.312  30.044 0.0000000000
45688  -35.722  -37.352  27.952 0.0000000000
46600  -34.855  -36.290  29.078 0.0000000000
45705  -35.410  -37.312  27.184 0.0000000000
45704  -34.934  -37.293  26.308 0.0000000000
45728  -34.136  -37.461  24.911 0.0000000000
45738  -33.296  -37.707  23.511 0.0000000000
45727  -33.527  -37.203  24.363 0.0000000000
47603  -33.933  -35.403  25.658 0.0000000000
47602  -33.432  -35.585  24.941 0.0000000000
47613  -33.102  -34.759  24.484 0.0000000000
48644  -33.370  -34.078  24.560 0.0000000000
49658  -34.712  -33.426  27.554 0.0000000000
49668  -34.469  -33.545  26.698 0.0000000000
49704  -33.425  -33.377  24.146 0.0000000000
50683  -33.536  -32.603  23.637 0.0000000000
139556  -33.794  -31.980  23.183 0.0000000000
117746  -34.677  -31.756  24.126 0.0000000000
51567  -34.377  -31.614  23.269 0.0000000000
51576  -34.742  -31.273  22.475 0.0000000000
126877  -35.452  -30.942  22.550 0.0000000000
118990  -49.777  -24.168  18.689 0.0000000000
58998  -51.137  -23.309  18.849 0.0000000000
59902  -50.616  -22.815  18.305 0.0000000000
59915  -50.867  -22.197  17.951 0.0000000000
60830  -50.224  -21.726  17.219 0.0000000000
60845  -50.546  -20.988  16.750 0.0000000000
62678  -53.570  -19.195  16.872 0.0000000000
62677  -52.528  -19.460  16.326 0.0000000000
62694  -50.071  -19.711  14.753 0.0000000000
62707  -49.814  -19.762  13.812 0.0000000000
62718  -51.447  -19.139  13.612 0.0000000000
62717  -50.556  -19.523  13.301 0.0000000000
40564  -21.077  -41.971  38.409 0.0000000000
135876  -20.503  -41.636  37.995 0.0000000000
126159  -21.029  -42.009  37.566 0.0000000000
41527  -21.279  -41.969  36.068 0.0000000000
125429  -21.943  -42.065  35.577 0.0000000000
40579  -22.626  -42.438  36.699 0.0000000000
41541  -22.283  -42.022  34.960 0.0000000000
41551  -21.980  -41.746  34.246 0.0000000000
41566  -22.521  -41.681  33.605 0.0000000000
41584  -23.060  -41.383  32.257 0.0000000000
41605  -23.715  -41.446  31.603 0.0000000000
40582  -25.138  -43.019  36.058 0.0000000000
40601  -25.310  -42.821  35.115 0.0000000000
40623  -25.210  -42.630  34.145 0.0000000000
118777  -26.042  -42.676  33.793 0.0000000000
40643  -25.317  -42.472  33.286 0.0000000000
40642  -24.494  -42.340  33.663 0.0000000000
41568  -24.609  -42.120  32.743 0.0000000000
137930  -24.392  -41.791  32.006 0.0000000000
41620  -23.989  -41.312  30.674 0.0000000000
41621  -24.836  -41.507  30.317 0.0000000000
41632  -25.048  -41.363  29.544 0.0000000000
130124  -26.133  -40.946  28.165 0.0000000000
41634  -26.420  -41.492  29.685 0.0000000000
42672  -26.378  -41.223  28.912 0.0000000000
42715  -26.574  -40.467  27.545 0.0000000000
124661  -27.291  -40.183  27.451 0.0000000000
43755  -27.796  -39.756  26.843 0.0000000000
43800  -28.888  -39.742  25.655 0.0000000000
51586  -36.284  -31.359  21.709 0.0000000000
50702  -37.446  -33.071  21.589 0.0000000000
49722  -37.457  -33.886  21.201 0.0000000000
52487  -40.553  -30.849  24.249 0.0000000000
51570  -40.474  -31.660  23.678 0.0000000000
50686  -40.428  -32.819  23.797 0.0000000000
49713  -39.321  -33.341  22.806 0.0000000000
116067  -45.854  -36.765  28.187 0.0000000000
39714  -31.371  -43.274  38.298 0.0000000000
39734  -31.499  -43.499  37.772 0.0000000000
39715  -32.199  -43.371  37.981 0.0000000000
39752  -32.926  -43.217  36.988 0.0000000000
40586  -33.295  -42.725  36.540 0.0000000000
39736  -33.532  -42.925  37.472 0.0000000000
117256  -34.021  -42.442  36.380 0.0000000000
40609  -33.591  -42.302  36.070 0.0000000000
41558  -34.979  -41.299  34.370 0.0000000000
41576  -35.693  -41.304  33.774 0.0000000000
123722  -36.191  -41.233  37.010 0.0000000000
41528  -36.215  -41.766  36.284 0.0000000000
40612  -36.529  -41.675  35.288 0.0000000000
40613  -37.499  -41.670  34.793 0.0000000000
40648  -36.554  -41.507  34.143 0.0000000000
41577  -36.353  -41.448  33.271 0.0000000000
118240  -37.380  -41.787  31.253 0.0000000000
41628  -37.733  -41.866  30.627 0.0000000000
40666  -39.452  -42.461  31.367 0.0000000000
40670  -38.627  -42.243  30.695 0.0000000000
41637  -38.356  -42.096  29.890 0.0000000000
39839  -40.630  -42.922  26.862 0.0000000000
45615  -39.500  -37.398  36.240 0.0000000000
129741  -39.310  -38.488  35.297 0.0000000000
139869  -39.274  -38.991  34.735 0.0000000000
44681  -38.950  -39.032  34.030 0.0000000000
44682  -39.449  -39.607  34.272 0.0000000000
43693  -39.940  -40.634  32.785 0.0000000000
130744  -40.357  -40.953  32.161 0.0000000000
124366  -37.719  -38.691  30.082 0.0000000000
123239  -38.307  -39.087  30.041 0.0000000000
43737  -38.361  -39.381  28.346 0.0000000000
134747  -39.088  -39.593  30.333 0.0000000000
43710  -39.614  -40.041  31.045 0.0000000000
42662  -40.381  -40.730  30.783 0.0000000000
42643  -40.825  -41.438  31.090 0.0000000000
41638  -41.106  -41.952  29.819 0.0000000000
41652  -41.002  -41.896  28.981 0.0000000000
41665  -40.556  -41.606  27.257 0.0000000000
42723  -40.831  -41.829  28.081 0.0000000000
40722  -40.805  -42.084  28.272 0.0000000000
131956  -40.654  -42.451  27.285 0.0000000000
40743  -40.691  -42.798  26.695 0.0000000000
39859  -40.673  -43.236  26.450 0.0000000000
54994  -37.026  -27.848  33.843 0.0000000000
54993  -36.829  -27.396  33.342 0.0000000000
56864  -37.520  -25.209  35.169 0.0000000000
137669  -17.566  -39.218  40.855 0.0000000000
43546  -18.257  -39.289  42.080 0.0000000000
42506  -18.897  -39.905  40.769 0.0000000000
42522  -19.529  -40.530  40.359 0.0000000000
41493  -20.051  -41.077  39.930 0.0000000000
128207  -20.559  -41.419  40.309 0.0000000000
41494  -20.556  -41.485  39.592 0.0000000000
40538  -21.637  -42.366  39.803 0.0000000000
40539  -22.186  -42.820  39.466 0.0000000000
40526  -22.069  -42.875  40.320 0.0000000000
39708  -22.896  -43.180  39.162 0.0000000000
39709  -23.698  -43.499  38.851 0.0000000000
38842  -25.128  -44.208  40.187 0.0000000000
122536  -25.274  -44.062  39.208 0.0000000000
38858  -26.183  -44.201  38.928 0.0000000000
38844  -26.817  -44.311  39.550 0.0000000000
38845  -27.587  -44.204  39.585 0.0000000000
38860  -28.910  -43.803  38.685 0.0000000000
129877  -29.062  -43.657  38.956 0.0000000000
38847  -29.733  -43.457  38.730 0.0000000000
39698  -30.104  -43.018  39.212 0.0000000000
39699  -30.703  -42.983  38.747 0.0000000000
40541  -31.211  -42.623  38.732 0.0000000000
40554  -31.972  -42.737  38.405 0.0000000000
127934  -32.414  -41.258  38.443 0.0000000000
124412  -33.069  -41.234  38.186 0.0000000000
44630  -33.121  -38.611  38.373 0.0000000000
139512  -34.475  -39.161  37.636 0.0000000000
44632  -35.466  -38.351  37.561 0.0000000000
45597  -36.229  -37.568  37.548 0.0000000000
46489  -37.033  -36.879  37.555 0.0000000000
46490  -37.892  -36.471  37.491 0.0000000000
46491  -38.784  -36.471  37.252 0.0000000000
47447  -36.034  -34.698  38.880 0.0000000000
47472  -37.930  -35.636  37.568 0.0000000000
47473  -38.863  -35.652  37.275 0.0000000000
48472  -39.437  -34.528  36.889 0.0000000000
49501  -39.089  -33.285  37.513 0.0000000000
127133  -39.397  -33.789  37.119 0.0000000000
122689  -39.512  -33.895  36.617 0.0000000000
49517  -39.505  -33.274  36.376 0.0000000000
50531  -39.402  -32.789  35.930 0.0000000000
51445  -39.301  -31.910  36.134 0.0000000000
51428  -39.317  -31.201  37.265 0.0000000000
52371  -38.917  -31.005  35.816 0.0000000000
53235  -38.053  -29.505  34.761 0.0000000000
133084  -37.574  -29.242  34.060 0.0000000000
55891  -36.894  -26.814  33.154 0.0000000000
55913  -37.434  -26.390  32.110 0.0000000000
56876  -37.811  -25.149  33.455 0.0000000000
56890  -37.620  -25.686  32.974 0.0000000000
55914  -38.242  -26.303  31.555 0.0000000000
58809  -39.747  -23.348  33.947 0.0000000000
57833  -40.229  -24.013  33.366 0.0000000000
57834  -41.208  -24.240  33.487 0.0000000000
57844  -40.688  -24.767  32.936 0.0000000000
55927  -40.539  -26.653  30.898 0.0000000000
55029  -41.075  -27.149  30.505 0.0000000000
55030  -42.317  -27.788  30.734 0.0000000000
54149  -42.333  -28.228  30.315 0.0000000000
54166  -42.700  -28.759  30.099 0.0000000000
56896  -44.005  -25.208  32.452 0.0000000000
55906  -43.840  -26.428  32.222 0.0000000000
55006  -43.974  -27.204  31.958 0.0000000000
54151  -43.655  -28.831  31.025 0.0000000000
130098  -43.953  -29.411  30.836 0.0000000000
52428  -44.183  -30.646  29.990 0.0000000000
52419  -44.788  -31.218  30.459 0.0000000000
51506  -44.857  -32.120  30.408 0.0000000000
50605  -45.343  -32.576  30.540 0.0000000000
49618  -45.822  -33.381  30.513 0.0000000000
49619  -46.433  -33.662  30.158 0.0000000000
55045  -45.991  -27.766  29.325 0.0000000000
50618  -46.587  -32.947  29.839 0.0000000000
48594  -46.523  -34.295  30.020 0.0000000000
49650  -46.645  -33.766  29.477 0.0000000000
49662  -46.313  -33.776  28.567 0.0000000000
49661  -45.655  -34.140  27.838 0.0000000000
49671  -45.692  -33.276  27.531 0.0000000000
49687  -44.486  -33.838  26.051 0.0000000000
49686  -44.001  -33.701  25.208 0.0000000000
53344  -47.131  -28.926  25.597 0.0000000000
54231  -49.785  -28.076  23.488 0.0000000000
54230  -48.876  -28.282  23.953 0.0000000000
138332  -47.988  -28.505  23.067 0.0000000000
116160  -48.028  -28.500  23.647 0.0000000000
54229  -48.022  -28.488  24.421 0.0000000000
52478  -46.206  -29.943  25.934 0.0000000000
120428  -45.735  -30.320  25.645 0.0000000000
51564  -45.082  -30.748  25.231 0.0000000000
51552  -44.657  -31.704  25.359 0.0000000000
50664  -43.849  -33.134  24.903 0.0000000000
49698  -43.603  -33.624  24.512 0.0000000000
49707  -43.280  -33.476  23.709 0.0000000000
49715  -43.166  -33.547  22.898 0.0000000000
50687  -42.841  -32.346  22.827 0.0000000000
49706  -42.962  -33.045  23.080 0.0000000000
49725  -43.245  -33.473  21.952 0.0000000000
49738  -43.139  -33.093  20.979 0.0000000000
53381  -43.992  -29.299  20.942 0.0000000000
52515  -42.827  -30.139  20.850 0.0000000000
52514  -42.254  -30.604  20.426 0.0000000000
53387  -42.276  -29.838  19.391 0.0000000000
52521  -42.098  -30.370  19.805 0.0000000000
51595  -42.117  -31.698  20.210 0.0000000000
50717  -43.169  -32.872  19.976 0.0000000000
58035  -48.345  -24.665  18.224 0.0000000000
58034  -47.567  -24.695  17.746 0.0000000000
139025  -47.882  -23.507  17.187 0.0000000000
58033  -46.861  -24.815  17.298 0.0000000000
134534  -45.250  -26.105  17.062 0.0000000000
56122  -44.508  -26.129  16.558 0.0000000000
56121  -43.613  -26.572  16.205 0.0000000000
130000  -47.144  -22.045  15.306 0.0000000000
59039  -46.303  -23.122  15.534 0.0000000000
59052  -45.165  -23.079  14.304 0.0000000000
58079  -44.822  -23.797  14.636 0.0000000000
58064  -45.201  -24.162  15.474 0.0000000000
57100  -44.094  -25.186  15.296 0.0000000000
56132  -43.149  -26.403  15.242 0.0000000000
55222  -42.836  -27.103  15.798 0.0000000000
43594  -16.483  -39.435  39.354 0.0000000000
115853  -15.903  -39.650  38.727 0.0000000000
43623  -15.673  -39.702  37.946 0.0000000000
43656  -15.876  -39.460  35.823 0.0000000000
42665  -14.968  -39.566  29.941 0.0000000000
135195  -15.295  -38.529  30.530 0.0000000000
43713  -15.069  -38.805  30.092 0.0000000000
41526  -20.467  -41.583  36.382 0.0000000000
41549  -19.905  -41.198  34.930 0.0000000000
41564  -20.747  -41.270  33.704 0.0000000000
42605  -19.961  -41.185  34.040 0.0000000000
42604  -19.251  -40.913  34.415 0.0000000000
43691  -18.861  -40.066  32.216 0.0000000000
43698  -18.621  -39.628  31.520 0.0000000000
42668  -22.677  -40.390  29.615 0.0000000000
42667  -22.035  -40.305  30.083 0.0000000000
43708  -21.313  -39.964  29.998 0.0000000000
43730  -21.641  -39.521  28.369 0.0000000000
43716  -20.691  -39.550  29.446 0.0000000000
121822  -20.531  -39.731  30.133 0.0000000000
43705  -18.822  -39.399  30.734 0.0000000000
44702  -18.046  -38.929  30.462 0.0000000000
126634  -17.653  -38.612  29.959 0.0000000000
130908  -17.603  -38.382  28.493 0.0000000000
44719  -17.158  -38.359  27.964 0.0000000000
44751  -17.765  -38.645  26.522 0.0000000000
44734  -16.758  -38.674  27.444 0.0000000000
41691  -22.297  -41.809  24.707 0.0000000000
39750  -31.373  -43.291  37.168 0.0000000000
40606  -30.884  -42.528  36.148 0.0000000000
116967  -30.942  -41.901  35.463 0.0000000000
40629  -31.697  -41.656  35.283 0.0000000000
40628  -30.234  -41.605  34.803 0.0000000000
41571  -30.548  -41.203  34.056 0.0000000000
41570  -30.078  -41.188  33.365 0.0000000000
41589  -29.653  -41.159  32.590 0.0000000000
42626  -34.834  -40.913  31.967 0.0000000000
42625  -34.027  -40.638  32.101 0.0000000000
42624  -33.082  -40.393  32.154 0.0000000000
42658  -33.878  -40.228  30.231 0.0000000000
42638  -32.570  -40.286  31.348 0.0000000000
42623  -32.071  -40.437  32.166 0.0000000000
42622  -31.052  -40.618  31.994 0.0000000000
41611  -29.537  -40.972  31.747 0.0000000000
42635  -29.647  -40.680  31.028 0.0000000000
115881  -29.766  -40.180  29.690 0.0000000000
42674  -29.372  -40.002  28.946 0.0000000000
43720  -31.141  -39.612  29.004 0.0000000000
43734  -30.791  -39.502  28.175 0.0000000000
43733  -29.884  -39.650  28.132 0.0000000000
43757  -29.548  -39.526  27.197 0.0000000000
43781  -29.239  -39.543  26.291 0.0000000000
42745  -29.351  -40.169  25.478 0.0000000000
38989  -38.787  -44.196  26.705 0.0000000000
39856  -37.997  -43.532  26.658 0.0000000000
38988  -37.486  -44.093  26.685 0.0000000000
39854  -34.346  -43.246  26.724 0.0000000000
40737  -34.495  -42.582  26.534 0.0000000000
41678  -33.715  -41.789  26.402 0.0000000000
41677  -32.858  -41.424  26.253 0.0000000000
122092  -32.125  -41.139  26.030 0.0000000000
41676  -31.380  -40.779  25.830 0.0000000000
41675  -30.646  -41.270  25.752 0.0000000000
129267  -29.866  -40.839  25.489 0.0000000000
118783  -29.074  -40.725  25.278 0.0000000000
40753  -28.273  -41.988  25.414 0.0000000000
40730  -27.941  -42.751  25.878 0.0000000000
38846  -28.381  -43.941  39.213 0.0000000000
38861  -29.500  -43.599  38.616 0.0000000000
38870  -27.922  -44.005  38.063 0.0000000000
38960  -36.255  -44.644  27.379 0.0000000000
38971  -34.467  -44.469  28.105 0.0000000000
38987  -36.536  -44.080  26.733 0.0000000000
39685  -29.433  -43.123  39.394 0.0000000000
39713  -30.449  -43.355  38.499 0.0000000000
39728  -24.775  -43.446  37.669 0.0000000000
39735  -32.499  -43.359  37.513 0.0000000000
39737  -33.679  -42.913  36.915 0.0000000000
40537  -21.126  -41.863  40.247 0.0000000000
40565  -21.679  -42.326  38.010 0.0000000000
40589  -35.897  -41.906  35.888 0.0000000000
40598  -22.710  -42.264  35.703 0.0000000000
40602  -26.296  -42.912  35.097 0.0000000000
40641  -23.841  -42.207  33.967 0.0000000000
40717  -32.621  -42.654  26.799 0.0000000000
40754  -29.160  -41.598  25.501 0.0000000000
40762  -26.214  -41.637  24.589 0.0000000000
41514  -19.909  -41.228  37.685 0.0000000000
41515  -20.446  -41.624  37.211 0.0000000000
41517  -34.680  -42.017  37.339 0.0000000000
41559  -39.249  -41.387  34.175 0.0000000000
41607  -25.704  -41.962  31.294 0.0000000000
41612  -30.222  -40.885  32.096 0.0000000000
41674  -29.953  -41.610  25.745 0.0000000000
41692  -27.676  -41.557  24.963 0.0000000000
41694  -30.633  -40.441  25.704 0.0000000000
41696  -40.396  -42.404  25.914 0.0000000000
41707  -27.708  -40.611  24.860 0.0000000000
42553  -31.845  -40.653  38.691 0.0000000000
42565  -18.647  -40.226  37.047 0.0000000000
42595  -18.935  -40.568  35.835 0.0000000000
42611  -19.336  -40.793  33.558 0.0000000000
42614  -40.031  -41.168  33.108 0.0000000000
42620  -20.215  -40.635  32.397 0.0000000000
42633  -22.393  -40.878  31.236 0.0000000000
42642  -40.373  -40.805  31.513 0.0000000000
42655  -30.219  -40.342  30.519 0.0000000000
42671  -25.416  -41.167  28.752 0.0000000000
42700  -35.343  -40.535  28.603 0.0000000000
42722  -40.115  -40.835  27.861 0.0000000000
42731  -30.486  -39.855  25.909 0.0000000000
42748  -38.909  -40.921  25.878 0.0000000000
42764  -36.419  -40.591  23.741 0.0000000000
43608  -14.962  -39.873  38.308 0.0000000000
43626  -18.058  -39.823  37.436 0.0000000000
43632  -37.396  -39.439  37.102 0.0000000000
43633  -38.195  -38.914  37.095 0.0000000000
43671  -17.778  -39.856  34.428 0.0000000000
43687  -15.053  -38.798  32.601 0.0000000000
43704  -14.598  -39.332  30.611 0.0000000000
43706  -19.287  -39.298  30.063 0.0000000000
43714  -15.246  -39.180  29.471 0.0000000000
43717  -21.934  -40.062  29.563 0.0000000000
43735  -31.655  -39.465  28.220 0.0000000000
43751  -22.025  -39.209  26.676 0.0000000000
43761  -33.046  -39.727  27.494 0.0000000000
43779  -27.492  -39.604  26.027 0.0000000000
43780  -28.362  -39.569  26.176 0.0000000000
43785  -37.763  -39.813  26.533 0.0000000000
43801  -29.703  -39.789  25.809 0.0000000000
43813  -23.877  -39.873  24.683 0.0000000000
43814  -24.758  -39.904  24.715 0.0000000000
43815  -25.604  -39.889  24.770 0.0000000000
43816  -26.341  -39.886  24.843 0.0000000000
44692  -15.442  -38.461  31.203 0.0000000000
44699  -15.617  -38.382  29.983 0.0000000000
44701  -17.186  -38.580  30.600 0.0000000000
44711  -17.634  -38.470  29.237 0.0000000000
44722  -20.239  -38.850  27.969 0.0000000000
44733  -16.218  -38.775  27.961 0.0000000000
44735  -17.471  -38.467  27.223 0.0000000000
45628  -39.465  -37.892  35.838 0.0000000000
46656  -33.782  -36.702  24.942 0.0000000000
47492  -39.511  -35.356  36.052 0.0000000000
48557  -37.616  -33.476  32.949 0.0000000000
48582  -35.100  -34.833  30.453 0.0000000000
50606  -45.812  -32.480  30.479 0.0000000000
51452  -38.692  -32.093  34.683 0.0000000000
51471  -37.650  -31.779  32.658 0.0000000000
51563  -43.914  -31.873  24.537 0.0000000000
51588  -42.402  -31.586  21.472 0.0000000000
51601  -41.737  -30.975  19.072 0.0000000000
51602  -41.970  -31.559  19.327 0.0000000000
53394  -42.583  -29.325  18.970 0.0000000000
53410  -41.622  -29.651  16.824 0.0000000000
54242  -49.808  -27.909  21.800 0.0000000000
54272  -41.746  -29.349  17.253 0.0000000000
55179  -44.997  -27.545  18.236 0.0000000000
55196  -42.929  -28.372  17.764 0.0000000000
55212  -42.750  -28.032  17.136 0.0000000000
55221  -42.259  -27.713  15.386 0.0000000000
56106  -46.350  -26.126  17.840 0.0000000000
56133  -43.828  -25.863  15.710 0.0000000000
57109  -43.763  -24.953  14.405 0.0000000000
58047  -45.632  -24.610  16.238 0.0000000000
59024  -47.494  -23.236  16.637 0.0000000000
59038  -45.548  -23.451  15.136 0.0000000000
59960  -46.119  -22.152  14.301 0.0000000000
60843  -48.867  -21.491  16.194 0.0000000000
62708  -50.690  -19.471  14.147 0.0000000000
116653  -29.014  -41.752  33.971 0.0000000000
117538  -23.133  -41.691  33.029 0.0000000000
118263  -35.960  -43.086  26.514 0.0000000000
118684  -27.101  -41.649  30.789 0.0000000000
119005  -30.708  -43.419  37.438 0.0000000000
120707  -38.037  -41.638  34.993 0.0000000000
122448  -26.501  -43.277  36.334 0.0000000000
126361  -27.833  -40.655  29.004 0.0000000000
127585  -28.093  -41.698  32.126 0.0000000000
128548  -41.597  -30.248  17.013 0.0000000000
130589  -26.750  -39.677  25.897 0.0000000000
132709  -17.177  -38.753  26.755 0.0000000000
133033  -16.841  -39.142  32.853 0.0000000000
136054  -33.189  -39.635  28.227 0.0000000000
136814  -31.934  -40.675  33.502 0.0000000000
136962  -39.127  -42.182  33.139 0.0000000000
137161  -43.950  -25.826  32.355 0.0000000000
137490  -46.999  -28.482  21.435 0.0000000000
137974  -46.639  -33.586  29.815 0.0000000000
138293  -15.919  -38.460  31.612 0.0000000000
138357  -21.293  -41.530  34.178 0.0000000000
138627  -35.074  -38.381  25.278 0.0000000000
138765  -31.521  -39.890  26.264 0.0000000000
138775  -39.615  -40.090  34.803 0.0000000000
