#!ascii label  , from subject sub-v1s10x0051057_ses-1 vox2ras=TkReg
1399
84998  -37.420  7.383  0.120 0.0000000000
134614  -39.978  28.354  -6.457 0.0000000000
92081  -36.477  17.132  5.609 0.0000000000
93217  -46.402  19.319  1.657 0.0000000000
95865  -43.235  23.555  -9.837 0.0000000000
97030  -44.568  26.121  -1.327 0.0000000000
94458  -45.442  21.444  -5.487 0.0000000000
93226  -41.123  19.901  -0.370 0.0000000000
86540  -46.385  9.579  13.600 0.0000000000
86627  -40.467  9.376  6.708 0.0000000000
101185  -30.504  33.898  -8.083 0.0000000000
99786  -36.823  29.975  -11.898 0.0000000000
98296  -41.355  27.259  -14.133 0.0000000000
89414  -38.291  13.773  0.883 0.0000000000
123028  -39.832  25.520  1.555 0.0000000000
93173  -44.301  18.737  5.564 0.0000000000
89433  -45.347  13.517  -0.310 0.0000000000
90886  -45.282  15.272  -5.739 0.0000000000
90864  -39.548  15.729  -4.498 0.0000000000
86673  -37.629  9.487  -2.019 0.0000000000
95198  -44.126  20.640  -13.542 0.0000000000
95170  -45.792  21.140  -8.874 0.0000000000
117839  -44.649  19.461  -10.235 0.0000000000
95132  -42.547  22.139  -6.428 0.0000000000
87318  -43.257  10.799  9.936 0.0000000000
132293  -40.595  11.145  10.099 0.0000000000
101691  -31.141  34.641  -4.984 0.0000000000
98782  -39.418  28.678  -12.710 0.0000000000
88709  -35.345  12.563  2.414 0.0000000000
90780  -38.068  15.646  4.736 0.0000000000
97674  -36.815  26.611  -4.853 0.0000000000
97035  -39.799  25.590  -2.272 0.0000000000
95045  -46.210  22.807  1.113 0.0000000000
95017  -45.152  23.208  3.420 0.0000000000
93209  -46.589  19.314  3.939 0.0000000000
90808  -45.754  15.090  3.206 0.0000000000
90820  -48.142  14.906  1.264 0.0000000000
89461  -47.756  13.530  -3.863 0.0000000000
90829  -46.104  16.066  -0.905 0.0000000000
92150  -40.267  17.233  -1.849 0.0000000000
98251  -41.943  27.368  -7.863 0.0000000000
97669  -43.226  26.999  -4.334 0.0000000000
125431  -44.559  26.679  -6.330 0.0000000000
96438  -45.319  23.722  -4.017 0.0000000000
94432  -45.592  21.683  -1.037 0.0000000000
93221  -43.477  19.648  0.644 0.0000000000
95061  -42.677  22.254  -1.934 0.0000000000
116231  -40.719  22.392  -2.839 0.0000000000
86587  -45.154  9.749  8.549 0.0000000000
84946  -42.212  7.892  6.114 0.0000000000
84978  -38.277  7.182  3.667 0.0000000000
100211  -33.264  30.672  -3.502 0.0000000000
99745  -32.915  30.299  -5.537 0.0000000000
99240  -35.939  30.070  -7.294 0.0000000000
99260  -37.754  29.275  -8.915 0.0000000000
97710  -38.860  25.984  -10.484 0.0000000000
130161  -41.380  23.622  -12.931 0.0000000000
95226  -41.408  21.519  -16.114 0.0000000000
97758  -39.682  26.092  -16.582 0.0000000000
123901  -37.069  9.545  6.080 0.0000000000
86651  -36.478  9.570  3.304 0.0000000000
88044  -38.808  11.114  0.546 0.0000000000
117762  -38.814  21.101  2.471 0.0000000000
98174  -42.856  27.492  1.224 0.0000000000
95027  -41.944  21.938  2.692 0.0000000000
92632  -40.519  18.036  5.395 0.0000000000
90795  -41.841  16.031  3.647 0.0000000000
89415  -41.802  13.477  0.785 0.0000000000
131754  -40.977  11.597  -0.758 0.0000000000
88745  -42.592  12.810  -3.234 0.0000000000
88770  -44.133  12.666  -6.311 0.0000000000
90185  -44.203  14.014  -9.303 0.0000000000
125819  -42.670  16.577  -1.802 0.0000000000
123621  -42.375  15.553  -4.711 0.0000000000
121155  -40.621  14.679  -8.563 0.0000000000
84130  -38.255  6.098  1.690 0.0000000000
84144  -38.071  6.270  -0.016 0.0000000000
85872  -37.464  8.401  -0.935 0.0000000000
116239  -43.879  18.363  -14.161 0.0000000000
116970  -45.379  18.748  -11.713 0.0000000000
93872  -43.197  19.685  -11.805 0.0000000000
94489  -42.307  21.111  -9.950 0.0000000000
119525  -36.961  15.933  5.992 0.0000000000
98214  -37.975  27.137  -5.619 0.0000000000
93800  -46.855  20.716  1.481 0.0000000000
133459  -46.596  21.457  2.920 0.0000000000
121989  -46.850  18.891  2.149 0.0000000000
91489  -46.967  15.922  3.194 0.0000000000
91490  -46.846  16.583  1.346 0.0000000000
90824  -46.807  15.997  -0.315 0.0000000000
91494  -45.811  16.837  0.498 0.0000000000
96464  -41.977  24.996  -8.953 0.0000000000
97688  -43.755  27.423  -7.498 0.0000000000
96466  -44.011  24.522  -8.467 0.0000000000
117700  -45.765  21.024  -7.624 0.0000000000
95823  -45.318  23.356  -5.967 0.0000000000
95113  -45.846  21.837  -4.949 0.0000000000
117383  -46.036  22.305  -2.422 0.0000000000
95099  -45.569  21.729  -3.598 0.0000000000
121540  -44.833  21.756  -2.349 0.0000000000
95111  -44.534  21.687  -4.315 0.0000000000
95120  -41.927  22.536  -5.113 0.0000000000
86606  -41.494  9.826  7.660 0.0000000000
86607  -42.563  9.555  7.769 0.0000000000
85830  -40.919  8.770  6.309 0.0000000000
84967  -40.411  7.172  4.772 0.0000000000
84953  -39.252  8.157  4.931 0.0000000000
127804  -30.108  34.030  -6.090 0.0000000000
101165  -31.027  33.042  -5.093 0.0000000000
130473  -32.062  31.822  -6.774 0.0000000000
124410  -34.300  30.464  -6.756 0.0000000000
100237  -32.828  31.938  -7.968 0.0000000000
99778  -35.654  30.892  -11.051 0.0000000000
99771  -35.958  30.197  -9.650 0.0000000000
99267  -36.742  28.995  -10.651 0.0000000000
98256  -38.303  27.545  -9.693 0.0000000000
98270  -38.137  27.340  -11.359 0.0000000000
98783  -41.249  28.231  -13.442 0.0000000000
97733  -40.488  25.815  -13.283 0.0000000000
96498  -40.958  24.533  -14.088 0.0000000000
95906  -41.871  22.666  -14.663 0.0000000000
96519  -40.994  23.749  -15.247 0.0000000000
95924  -39.729  23.741  -17.184 0.0000000000
98302  -40.701  27.337  -15.007 0.0000000000
86620  -32.923  9.255  6.305 0.0000000000
86581  -34.690  9.166  8.192 0.0000000000
121703  -34.412  9.315  6.796 0.0000000000
86601  -36.507  9.943  7.844 0.0000000000
122474  -34.788  9.596  4.967 0.0000000000
89412  -36.527  13.506  1.715 0.0000000000
87366  -35.773  11.054  2.445 0.0000000000
135353  -36.652  11.420  1.635 0.0000000000
136683  -36.773  9.637  1.808 0.0000000000
88714  -38.049  11.824  0.796 0.0000000000
96405  -38.038  24.554  1.552 0.0000000000
94399  -37.632  22.048  1.823 0.0000000000
95043  -39.298  22.462  1.804 0.0000000000
97647  -44.108  26.707  -3.138 0.0000000000
97639  -43.202  26.301  -1.061 0.0000000000
120032  -43.973  26.934  0.215 0.0000000000
93765  -44.402  20.420  4.607 0.0000000000
95015  -43.363  22.245  3.150 0.0000000000
118131  -42.753  19.658  4.508 0.0000000000
93207  -41.159  19.994  3.673 0.0000000000
92634  -41.928  18.286  5.497 0.0000000000
91448  -41.409  16.079  6.366 0.0000000000
91477  -43.075  16.076  5.664 0.0000000000
89419  -45.661  13.948  1.115 0.0000000000
90103  -44.087  14.327  1.594 0.0000000000
89426  -43.624  13.211  0.078 0.0000000000
133594  -41.620  12.219  0.129 0.0000000000
88724  -43.384  12.998  -0.612 0.0000000000
137063  -42.318  12.485  -1.822 0.0000000000
89449  -44.546  13.308  -2.001 0.0000000000
90888  -47.391  14.982  -5.461 0.0000000000
89472  -45.854  13.403  -5.607 0.0000000000
89479  -46.135  14.033  -6.334 0.0000000000
88792  -44.937  12.895  -8.882 0.0000000000
90161  -44.757  14.415  -7.390 0.0000000000
93220  -42.665  19.313  0.356 0.0000000000
135986  -42.993  17.801  0.022 0.0000000000
92678  -42.188  18.141  -0.259 0.0000000000
139682  -39.918  16.494  -3.194 0.0000000000
91538  -41.399  16.260  -3.494 0.0000000000
129137  -41.088  15.326  -5.080 0.0000000000
90159  -41.549  14.581  -6.627 0.0000000000
90144  -39.801  14.671  -5.808 0.0000000000
90169  -39.194  14.814  -7.261 0.0000000000
122956  -42.032  6.183  3.804 0.0000000000
87394  -37.833  10.747  -3.710 0.0000000000
95189  -43.742  22.064  -11.841 0.0000000000
95168  -44.620  22.250  -9.878 0.0000000000
94496  -45.637  20.076  -11.219 0.0000000000
93860  -45.833  19.754  -10.048 0.0000000000
93847  -45.057  20.483  -7.835 0.0000000000
95133  -43.630  21.652  -6.062 0.0000000000
94478  -43.789  20.842  -8.132 0.0000000000
87296  -44.856  10.623  11.722 0.0000000000
86557  -43.151  10.347  11.935 0.0000000000
87327  -40.188  10.810  8.740 0.0000000000
120539  -29.525  35.843  -6.779 0.0000000000
98780  -37.972  28.841  -12.214 0.0000000000
99293  -41.969  29.733  -13.565 0.0000000000
99301  -42.188  29.648  -14.079 0.0000000000
87359  -34.264  10.311  3.820 0.0000000000
90087  -35.650  14.257  2.550 0.0000000000
120347  -37.777  15.542  2.651 0.0000000000
97613  -40.296  27.911  1.002 0.0000000000
96422  -45.564  24.226  -0.132 0.0000000000
96410  -45.026  25.690  1.741 0.0000000000
95030  -45.990  23.114  2.322 0.0000000000
94379  -45.726  21.681  4.102 0.0000000000
92654  -45.664  18.739  5.174 0.0000000000
91479  -44.807  16.576  4.928 0.0000000000
91486  -46.128  16.146  4.223 0.0000000000
90094  -47.407  14.519  2.531 0.0000000000
89429  -47.557  13.616  0.459 0.0000000000
89440  -46.529  13.368  -2.050 0.0000000000
136342  -48.383  13.768  -1.287 0.0000000000
90843  -47.999  14.623  -2.912 0.0000000000
117044  -45.266  15.634  -3.216 0.0000000000
92676  -40.631  18.479  -0.713 0.0000000000
93184  -36.178  19.198  4.136 0.0000000000
99238  -40.903  29.113  -7.480 0.0000000000
98217  -41.263  27.555  -5.831 0.0000000000
98743  -43.585  29.006  -6.970 0.0000000000
97681  -44.226  27.686  -5.389 0.0000000000
136379  -44.453  26.353  -3.867 0.0000000000
96458  -44.732  24.467  -7.515 0.0000000000
96446  -44.692  24.744  -5.584 0.0000000000
96427  -44.806  24.965  -2.718 0.0000000000
96426  -45.753  23.776  -1.163 0.0000000000
94413  -46.263  21.700  0.031 0.0000000000
93805  -46.149  20.746  0.837 0.0000000000
93222  -44.303  19.247  1.055 0.0000000000
93803  -44.208  20.726  0.393 0.0000000000
94409  -43.020  21.369  -0.513 0.0000000000
94408  -42.062  21.319  -0.713 0.0000000000
95110  -43.087  22.265  -4.744 0.0000000000
95080  -41.554  22.452  -2.744 0.0000000000
87319  -44.240  10.587  9.782 0.0000000000
85820  -44.076  8.740  7.334 0.0000000000
84956  -42.674  7.306  5.601 0.0000000000
84101  -40.806  6.592  4.303 0.0000000000
84110  -39.519  6.318  3.450 0.0000000000
84121  -37.681  6.583  2.172 0.0000000000
99222  -33.312  28.941  -3.230 0.0000000000
100222  -32.151  31.398  -4.322 0.0000000000
98206  -33.721  27.901  -4.565 0.0000000000
132776  -34.892  28.038  -5.717 0.0000000000
98738  -36.703  28.363  -6.427 0.0000000000
98739  -37.792  28.635  -6.617 0.0000000000
100692  -32.682  32.777  -9.277 0.0000000000
100240  -34.950  31.075  -8.821 0.0000000000
99755  -37.259  30.376  -8.041 0.0000000000
99244  -39.718  29.615  -7.919 0.0000000000
98756  -39.922  28.745  -8.339 0.0000000000
97068  -40.564  25.865  -8.800 0.0000000000
129653  -41.581  24.168  -10.443 0.0000000000
97724  -38.777  26.808  -11.780 0.0000000000
96485  -40.346  24.523  -11.706 0.0000000000
134512  -42.183  23.238  -11.857 0.0000000000
121659  -43.191  21.976  -13.244 0.0000000000
94517  -42.952  20.404  -15.051 0.0000000000
95234  -39.728  21.492  -17.226 0.0000000000
95923  -38.781  23.670  -18.182 0.0000000000
98808  -40.615  28.764  -15.519 0.0000000000
87338  -38.700  10.431  8.108 0.0000000000
86625  -38.736  9.649  6.425 0.0000000000
87360  -35.146  10.295  3.478 0.0000000000
86646  -36.713  9.468  4.459 0.0000000000
85848  -37.746  8.835  4.402 0.0000000000
85857  -36.947  8.201  3.006 0.0000000000
85860  -36.943  8.020  1.597 0.0000000000
86656  -37.715  9.306  0.608 0.0000000000
93186  -37.875  19.195  4.183 0.0000000000
136356  -41.086  25.597  -3.188 0.0000000000
97631  -41.804  26.728  0.155 0.0000000000
137156  -41.463  26.079  1.554 0.0000000000
130001  -44.060  25.077  2.481 0.0000000000
96395  -42.346  24.735  1.829 0.0000000000
95769  -40.947  23.904  1.674 0.0000000000
122473  -40.180  21.476  2.466 0.0000000000
93205  -39.310  19.593  3.769 0.0000000000
139210  -38.401  17.876  5.344 0.0000000000
90749  -39.192  15.885  6.306 0.0000000000
91475  -39.969  16.076  4.242 0.0000000000
90805  -40.634  15.800  2.375 0.0000000000
90797  -43.920  15.675  3.768 0.0000000000
90816  -41.896  14.917  1.713 0.0000000000
90110  -40.151  13.954  0.814 0.0000000000
124787  -40.267  12.530  0.536 0.0000000000
87372  -39.335  10.629  0.155 0.0000000000
86660  -38.218  9.509  -0.408 0.0000000000
88050  -39.874  11.128  -1.544 0.0000000000
118426  -40.450  11.860  -3.041 0.0000000000
136108  -41.653  12.534  -4.189 0.0000000000
89459  -45.499  13.322  -3.446 0.0000000000
88758  -43.595  12.906  -4.613 0.0000000000
116410  -42.096  12.482  -5.919 0.0000000000
116408  -42.140  12.411  -7.109 0.0000000000
88800  -43.605  12.866  -9.658 0.0000000000
91493  -44.216  17.061  0.217 0.0000000000
117637  -44.318  16.259  -1.209 0.0000000000
90849  -43.880  15.697  -3.652 0.0000000000
91504  -41.499  16.895  -1.886 0.0000000000
91539  -43.029  15.923  -3.326 0.0000000000
90885  -44.017  15.250  -5.572 0.0000000000
90160  -42.637  14.616  -7.018 0.0000000000
130395  -42.437  14.431  -8.718 0.0000000000
84135  -37.615  6.729  0.460 0.0000000000
84136  -38.116  6.170  0.825 0.0000000000
85005  -37.428  7.575  -0.756 0.0000000000
93885  -42.680  18.954  -14.557 0.0000000000
93276  -43.709  18.809  -12.895 0.0000000000
93878  -42.738  19.245  -13.608 0.0000000000
90759  -36.125  15.800  5.490 0.0000000000
132602  -36.914  16.453  5.939 0.0000000000
98215  -38.850  27.313  -5.760 0.0000000000
97676  -38.595  26.607  -5.144 0.0000000000
97677  -39.494  26.806  -5.344 0.0000000000
93799  -46.517  20.317  1.360 0.0000000000
127970  -46.902  19.933  1.835 0.0000000000
92670  -46.571  17.761  2.234 0.0000000000
92669  -46.218  18.048  1.745 0.0000000000
92116  -45.940  17.331  1.084 0.0000000000
92115  -45.271  17.939  1.182 0.0000000000
96474  -42.490  24.223  -9.604 0.0000000000
96465  -43.009  24.784  -8.750 0.0000000000
96475  -43.521  23.993  -9.173 0.0000000000
94465  -45.614  21.549  -5.894 0.0000000000
95134  -45.752  21.637  -6.214 0.0000000000
94459  -45.656  21.644  -5.316 0.0000000000
95100  -46.001  21.978  -4.041 0.0000000000
95112  -45.619  21.653  -4.534 0.0000000000
94452  -44.938  21.445  -4.941 0.0000000000
87289  -45.663  10.373  12.150 0.0000000000
86605  -40.767  9.716  7.259 0.0000000000
86628  -41.259  9.239  6.903 0.0000000000
85829  -40.099  8.988  6.101 0.0000000000
85842  -40.492  8.322  5.734 0.0000000000
85841  -39.689  8.576  5.523 0.0000000000
101178  -30.139  33.810  -7.352 0.0000000000
100683  -30.514  33.188  -7.083 0.0000000000
100684  -31.087  32.714  -7.260 0.0000000000
100232  -32.578  31.743  -7.279 0.0000000000
100687  -31.469  32.852  -8.156 0.0000000000
100266  -36.197  31.780  -11.895 0.0000000000
131742  -35.585  31.797  -11.416 0.0000000000
99785  -36.242  30.436  -11.435 0.0000000000
99779  -35.944  30.197  -10.603 0.0000000000
99273  -36.429  29.666  -11.083 0.0000000000
132873  -37.247  28.534  -11.192 0.0000000000
99274  -36.980  29.196  -11.546 0.0000000000
98287  -41.343  27.391  -13.838 0.0000000000
97734  -40.979  26.088  -13.957 0.0000000000
97108  -40.825  25.471  -14.367 0.0000000000
96509  -40.843  24.588  -14.804 0.0000000000
121149  -40.689  26.077  -14.875 0.0000000000
97125  -40.574  25.334  -15.275 0.0000000000
97745  -40.881  26.735  -14.643 0.0000000000
86642  -32.497  9.772  5.049 0.0000000000
86635  -33.123  9.482  5.524 0.0000000000
86621  -33.766  9.300  6.108 0.0000000000
86636  -33.937  9.519  5.270 0.0000000000
132957  -34.620  9.390  5.866 0.0000000000
89413  -37.347  13.469  1.252 0.0000000000
88711  -36.798  12.861  1.472 0.0000000000
88712  -37.364  12.429  1.150 0.0000000000
88042  -37.302  11.442  1.213 0.0000000000
89421  -38.102  12.812  0.783 0.0000000000
97002  -39.225  26.448  1.554 0.0000000000
96406  -38.978  25.077  1.549 0.0000000000
117267  -38.884  23.975  1.552 0.0000000000
96407  -39.638  24.363  1.556 0.0000000000
133543  -44.152  26.454  -1.861 0.0000000000
97640  -43.971  26.544  -1.419 0.0000000000
134943  -44.158  26.612  -0.735 0.0000000000
128258  -43.794  19.655  4.866 0.0000000000
93764  -43.360  20.542  4.128 0.0000000000
93190  -43.224  18.901  5.317 0.0000000000
92653  -42.297  18.946  4.975 0.0000000000
139289  -42.697  18.338  5.629 0.0000000000
91450  -42.966  16.783  6.311 0.0000000000
92087  -43.998  17.190  6.144 0.0000000000
89428  -46.135  13.703  0.421 0.0000000000
89427  -44.690  13.616  0.373 0.0000000000
89432  -44.353  13.337  -0.532 0.0000000000
88728  -44.002  13.206  -1.337 0.0000000000
89439  -45.432  13.409  -1.305 0.0000000000
90887  -46.531  15.080  -5.751 0.0000000000
90149  -46.571  14.432  -6.077 0.0000000000
124833  -45.887  14.666  -6.278 0.0000000000
90162  -45.532  14.022  -7.044 0.0000000000
90148  -44.934  14.855  -6.490 0.0000000000
93219  -41.964  19.892  0.033 0.0000000000
92672  -41.894  18.977  0.004 0.0000000000
139839  -41.534  19.469  -0.167 0.0000000000
91551  -39.952  16.213  -3.919 0.0000000000
91552  -40.762  16.127  -4.011 0.0000000000
90865  -40.404  15.617  -4.650 0.0000000000
90882  -40.419  14.948  -5.433 0.0000000000
90881  -39.499  15.129  -5.188 0.0000000000
90143  -39.084  14.708  -5.846 0.0000000000
84112  -41.273  6.211  3.736 0.0000000000
129253  -37.293  9.354  -2.815 0.0000000000
131862  -38.549  10.964  -2.925 0.0000000000
94495  -44.689  20.653  -12.305 0.0000000000
95190  -44.628  21.344  -11.357 0.0000000000
120017  -44.992  18.741  -11.098 0.0000000000
93267  -45.779  19.258  -10.826 0.0000000000
93260  -45.468  19.497  -9.804 0.0000000000
93852  -45.433  20.181  -8.581 0.0000000000
93858  -44.914  19.836  -9.278 0.0000000000
133804  -44.655  20.282  -8.497 0.0000000000
93857  -43.409  20.614  -9.132 0.0000000000
128735  -42.278  21.368  -9.141 0.0000000000
85768  -43.432  9.230  12.842 0.0000000000
137521  -40.764  11.020  9.266 0.0000000000
87315  -40.122  11.053  9.654 0.0000000000
102725  -29.506  36.579  -6.197 0.0000000000
99799  -41.460  30.607  -13.006 0.0000000000
127081  -42.364  30.945  -12.829 0.0000000000
100281  -42.025  31.746  -12.608 0.0000000000
90790  -36.462  15.423  3.909 0.0000000000
90085  -35.969  15.037  3.056 0.0000000000
90802  -36.846  15.332  2.830 0.0000000000
90089  -37.278  15.020  2.061 0.0000000000
90792  -38.386  15.855  3.499 0.0000000000
97662  -35.584  26.499  -3.939 0.0000000000
97018  -40.173  26.212  -0.564 0.0000000000
95774  -45.883  23.466  0.490 0.0000000000
95770  -45.613  23.856  1.673 0.0000000000
127364  -46.820  19.810  3.421 0.0000000000
94380  -46.291  21.568  3.654 0.0000000000
93767  -46.485  20.132  4.128 0.0000000000
129700  -45.949  20.295  4.616 0.0000000000
92655  -46.161  18.689  4.482 0.0000000000
92101  -45.695  17.184  4.737 0.0000000000
92102  -46.004  17.812  4.201 0.0000000000
119988  -47.302  15.683  2.433 0.0000000000
90810  -47.270  14.961  3.101 0.0000000000
90817  -47.826  14.521  2.230 0.0000000000
90106  -47.965  13.997  1.982 0.0000000000
90113  -48.263  13.754  1.126 0.0000000000
89436  -48.441  13.719  -0.512 0.0000000000
90826  -48.515  14.206  -0.032 0.0000000000
121974  -47.677  14.991  -1.832 0.0000000000
117222  -46.481  15.678  -1.726 0.0000000000
118567  -46.393  15.506  -3.357 0.0000000000
90841  -45.758  15.665  -2.436 0.0000000000
98237  -41.897  28.653  -7.491 0.0000000000
126225  -42.574  28.931  -7.077 0.0000000000
98748  -43.102  28.889  -7.098 0.0000000000
120846  -44.464  27.109  -6.985 0.0000000000
98230  -44.348  28.573  -6.626 0.0000000000
97682  -44.520  27.854  -6.055 0.0000000000
97671  -44.341  27.071  -4.386 0.0000000000
97049  -44.496  27.150  -5.321 0.0000000000
95169  -45.303  21.869  -9.161 0.0000000000
95867  -44.778  22.728  -9.025 0.0000000000
95858  -45.406  22.534  -8.006 0.0000000000
95811  -45.261  23.632  -4.950 0.0000000000
96430  -44.672  25.011  -3.551 0.0000000000
96431  -45.497  23.770  -3.176 0.0000000000
96425  -45.123  24.789  -1.827 0.0000000000
96428  -45.584  23.862  -2.530 0.0000000000
95064  -45.894  21.978  -1.716 0.0000000000
95780  -46.133  22.512  -1.509 0.0000000000
95051  -46.232  21.980  -0.830 0.0000000000
94412  -45.766  21.549  -0.336 0.0000000000
93804  -45.144  20.653  0.654 0.0000000000
94411  -44.879  21.425  -0.406 0.0000000000
95062  -43.823  22.005  -1.782 0.0000000000
94430  -43.888  21.736  -1.049 0.0000000000
94429  -42.808  21.832  -1.208 0.0000000000
94462  -43.305  21.632  -6.889 0.0000000000
95122  -43.996  21.706  -5.238 0.0000000000
95121  -42.805  22.207  -5.618 0.0000000000
95097  -41.292  22.561  -3.526 0.0000000000
87304  -43.933  10.797  11.249 0.0000000000
117599  -44.039  10.808  10.519 0.0000000000
87330  -43.621  10.343  9.178 0.0000000000
86629  -42.133  9.068  7.110 0.0000000000
85819  -43.074  8.845  7.268 0.0000000000
85832  -42.634  8.391  6.659 0.0000000000
85833  -43.580  8.272  6.736 0.0000000000
84969  -42.209  6.823  5.014 0.0000000000
124840  -41.772  7.432  5.535 0.0000000000
84979  -39.108  6.925  3.927 0.0000000000
84100  -39.940  6.705  4.157 0.0000000000
84109  -38.685  6.497  3.267 0.0000000000
83285  -38.431  6.206  2.526 0.0000000000
84108  -37.880  6.750  2.968 0.0000000000
100212  -34.137  31.231  -3.380 0.0000000000
99740  -34.430  30.040  -3.143 0.0000000000
99739  -33.323  29.723  -3.429 0.0000000000
132309  -32.281  35.569  -4.666 0.0000000000
101692  -31.470  34.103  -4.453 0.0000000000
100228  -31.898  31.660  -5.872 0.0000000000
100225  -31.712  31.844  -4.899 0.0000000000
99744  -32.474  30.617  -5.009 0.0000000000
99224  -32.854  29.163  -4.308 0.0000000000
99227  -33.120  29.508  -5.200 0.0000000000
98732  -34.119  28.281  -5.393 0.0000000000
99228  -33.936  29.151  -5.719 0.0000000000
99750  -35.113  30.249  -7.003 0.0000000000
99232  -35.400  29.433  -6.636 0.0000000000
99233  -36.324  29.318  -6.843 0.0000000000
99234  -37.329  29.418  -7.066 0.0000000000
100246  -33.783  31.837  -9.082 0.0000000000
100247  -34.393  31.497  -9.413 0.0000000000
134019  -36.552  29.911  -9.255 0.0000000000
130684  -36.370  30.396  -8.572 0.0000000000
137259  -37.343  30.044  -8.485 0.0000000000
99243  -38.738  29.866  -7.931 0.0000000000
116759  -39.229  29.693  -8.046 0.0000000000
99253  -39.966  29.530  -8.053 0.0000000000
133990  -39.345  29.205  -8.352 0.0000000000
128607  -39.101  26.275  -9.640 0.0000000000
138118  -39.468  26.670  -9.022 0.0000000000
97078  -39.447  25.579  -9.914 0.0000000000
97080  -41.060  25.212  -9.205 0.0000000000
97087  -39.989  25.022  -10.289 0.0000000000
99281  -38.596  29.326  -12.590 0.0000000000
98276  -38.599  27.629  -12.079 0.0000000000
98277  -39.554  27.219  -12.569 0.0000000000
96491  -40.852  24.281  -13.322 0.0000000000
97101  -40.308  24.906  -12.700 0.0000000000
96492  -40.821  24.051  -12.412 0.0000000000
95888  -41.522  23.535  -12.078 0.0000000000
130202  -42.062  23.177  -12.523 0.0000000000
95889  -42.562  22.684  -12.893 0.0000000000
95894  -41.874  23.155  -13.330 0.0000000000
95213  -41.892  22.025  -15.335 0.0000000000
95214  -42.471  21.785  -14.780 0.0000000000
94529  -42.160  21.011  -15.625 0.0000000000
118922  -42.284  19.945  -15.762 0.0000000000
94528  -41.493  20.212  -16.245 0.0000000000
94540  -40.637  21.134  -16.781 0.0000000000
97134  -39.954  25.349  -16.392 0.0000000000
97133  -39.100  25.575  -17.793 0.0000000000
96526  -38.425  24.637  -18.343 0.0000000000
99307  -41.570  29.155  -14.569 0.0000000000
87313  -37.628  10.347  9.140 0.0000000000
121478  -36.749  9.741  6.952 0.0000000000
87337  -37.842  10.385  8.228 0.0000000000
86624  -37.570  9.778  6.705 0.0000000000
86602  -38.206  10.043  7.240 0.0000000000
138761  -38.124  9.756  6.554 0.0000000000
88037  -34.339  11.480  3.091 0.0000000000
87363  -34.493  10.818  3.327 0.0000000000
88038  -35.056  11.082  2.846 0.0000000000
87365  -36.197  10.290  2.616 0.0000000000
86650  -36.064  9.882  3.566 0.0000000000
138173  -36.575  9.555  3.856 0.0000000000
86647  -37.423  9.270  4.661 0.0000000000
86652  -37.045  9.264  3.972 0.0000000000
85852  -36.775  8.963  3.175 0.0000000000
87369  -37.482  10.596  1.118 0.0000000000
85859  -36.846  9.037  1.765 0.0000000000
87370  -37.918  10.064  0.730 0.0000000000
126714  -37.269  8.803  1.080 0.0000000000
87371  -38.605  10.323  0.371 0.0000000000
94391  -37.973  21.327  2.297 0.0000000000
93203  -37.494  19.737  3.618 0.0000000000
119399  -42.234  26.863  -4.782 0.0000000000
97668  -41.363  26.525  -4.775 0.0000000000
116047  -42.077  26.337  -4.203 0.0000000000
97632  -42.754  26.553  -0.135 0.0000000000
97020  -42.152  26.070  -0.831 0.0000000000
97615  -42.579  27.398  0.750 0.0000000000
98184  -41.756  27.626  1.118 0.0000000000
133978  -42.162  27.478  1.307 0.0000000000
95742  -45.216  23.741  3.156 0.0000000000
96397  -44.796  25.258  2.370 0.0000000000
116494  -44.794  24.334  2.809 0.0000000000
95028  -42.751  22.356  2.804 0.0000000000
95752  -43.051  24.144  2.317 0.0000000000
116256  -42.270  22.970  2.395 0.0000000000
95751  -41.904  23.917  1.908 0.0000000000
137608  -41.435  22.476  2.334 0.0000000000
95026  -40.719  22.579  2.089 0.0000000000
94393  -41.387  21.328  2.846 0.0000000000
92651  -40.654  18.677  4.810 0.0000000000
93206  -40.279  19.753  3.693 0.0000000000
125975  -39.888  18.418  4.947 0.0000000000
92650  -39.215  18.866  4.516 0.0000000000
125972  -39.787  17.592  5.730 0.0000000000
92072  -38.551  16.582  6.235 0.0000000000
92074  -40.179  16.775  6.348 0.0000000000
90783  -41.582  16.006  5.026 0.0000000000
90782  -40.620  15.837  5.288 0.0000000000
91476  -40.888  16.151  4.015 0.0000000000
90794  -40.270  16.182  3.167 0.0000000000
117558  -41.052  16.149  3.051 0.0000000000
90798  -45.130  15.505  3.879 0.0000000000
90786  -44.443  15.971  4.482 0.0000000000
90807  -44.404  15.359  2.921 0.0000000000
90102  -42.883  14.396  1.533 0.0000000000
90090  -42.603  15.229  2.231 0.0000000000
90101  -41.932  14.141  1.212 0.0000000000
123528  -41.313  14.582  1.379 0.0000000000
90111  -41.119  13.910  0.940 0.0000000000
89423  -39.798  13.185  0.616 0.0000000000
139747  -41.302  13.318  0.705 0.0000000000
88722  -41.908  12.221  -0.347 0.0000000000
88045  -40.496  11.491  0.173 0.0000000000
88048  -40.564  11.318  -0.294 0.0000000000
87375  -38.820  10.057  -0.250 0.0000000000
87381  -40.047  10.946  -0.613 0.0000000000
87379  -38.934  10.350  -1.123 0.0000000000
88051  -40.520  11.340  -1.101 0.0000000000
88735  -41.927  12.452  -2.568 0.0000000000
88061  -41.123  11.987  -2.332 0.0000000000
88068  -41.251  12.247  -3.034 0.0000000000
88743  -41.070  12.305  -3.730 0.0000000000
88744  -41.811  12.547  -3.496 0.0000000000
89452  -47.953  13.509  -3.021 0.0000000000
89451  -46.867  13.358  -3.026 0.0000000000
89460  -46.677  13.406  -4.120 0.0000000000
88771  -45.056  12.959  -6.083 0.0000000000
88759  -44.728  13.096  -5.021 0.0000000000
135817  -44.085  12.809  -5.469 0.0000000000
88769  -43.035  12.625  -5.407 0.0000000000
88778  -43.159  12.469  -6.566 0.0000000000
88777  -41.326  12.443  -6.254 0.0000000000
136404  -44.945  13.147  -9.219 0.0000000000
121102  -44.005  12.668  -8.779 0.0000000000
88801  -44.544  12.988  -9.619 0.0000000000
88811  -42.963  13.412  -10.206 0.0000000000
90198  -43.683  13.846  -10.051 0.0000000000
92674  -44.433  18.258  0.927 0.0000000000
120378  -43.861  17.669  0.447 0.0000000000
91497  -42.870  16.828  -1.156 0.0000000000
91498  -43.546  16.687  -0.804 0.0000000000
91506  -43.462  16.290  -1.772 0.0000000000
90840  -44.535  15.838  -2.270 0.0000000000
90839  -43.653  15.917  -2.766 0.0000000000
119674  -40.949  17.305  -1.599 0.0000000000
92151  -40.877  16.857  -2.230 0.0000000000
90866  -41.476  15.758  -4.439 0.0000000000
116818  -42.223  16.261  -3.035 0.0000000000
90848  -42.420  15.880  -3.973 0.0000000000
124195  -43.327  15.701  -4.071 0.0000000000
90884  -42.878  15.238  -5.407 0.0000000000
90147  -43.579  14.839  -6.450 0.0000000000
90171  -40.998  14.494  -7.443 0.0000000000
90172  -41.990  14.456  -7.683 0.0000000000
128355  -41.575  14.529  -8.611 0.0000000000
90183  -42.247  14.487  -9.787 0.0000000000
83286  -39.162  5.704  2.055 0.0000000000
83295  -38.840  5.740  1.167 0.0000000000
83316  -38.614  5.922  -0.355 0.0000000000
93886  -44.401  18.963  -14.172 0.0000000000
93278  -44.984  18.489  -12.927 0.0000000000
139638  -44.636  18.367  -13.712 0.0000000000
93271  -44.526  18.756  -11.939 0.0000000000
93866  -43.868  19.449  -10.967 0.0000000000
133139  -43.375  20.230  -10.111 0.0000000000
93865  -42.676  20.472  -10.883 0.0000000000
90778  -36.266  15.474  5.067 0.0000000000
119109  -37.859  15.636  5.706 0.0000000000
97675  -37.701  26.556  -4.982 0.0000000000
97665  -38.370  26.132  -4.304 0.0000000000
97043  -40.101  25.651  -3.296 0.0000000000
94401  -46.723  21.315  1.112 0.0000000000
95046  -46.506  22.146  1.638 0.0000000000
93796  -46.942  20.645  2.271 0.0000000000
125418  -47.002  19.819  2.595 0.0000000000
93215  -46.861  19.088  3.015 0.0000000000
92110  -46.274  17.455  3.523 0.0000000000
92113  -46.521  17.043  2.962 0.0000000000
122578  -47.522  15.617  1.654 0.0000000000
90825  -47.850  15.155  0.049 0.0000000000
91495  -47.063  16.136  0.574 0.0000000000
118821  -45.854  16.401  -0.098 0.0000000000
125172  -41.951  26.386  -8.224 0.0000000000
98238  -42.988  28.092  -7.506 0.0000000000
97070  -42.612  25.744  -8.367 0.0000000000
97071  -43.728  25.498  -8.155 0.0000000000
97072  -44.333  25.133  -7.786 0.0000000000
95156  -45.746  21.465  -7.911 0.0000000000
95847  -45.514  22.420  -7.425 0.0000000000
95836  -45.657  22.325  -6.575 0.0000000000
126301  -45.732  22.560  -5.160 0.0000000000
95812  -45.875  22.538  -4.406 0.0000000000
95788  -46.047  22.818  -2.844 0.0000000000
95084  -46.014  22.137  -3.217 0.0000000000
95083  -45.645  21.890  -2.658 0.0000000000
95063  -45.163  21.696  -1.694 0.0000000000
119146  -45.006  21.730  -2.951 0.0000000000
95082  -43.725  22.160  -2.582 0.0000000000
95131  -41.777  22.440  -5.990 0.0000000000
87320  -45.943  10.444  9.972 0.0000000000
86584  -42.062  10.255  8.456 0.0000000000
86585  -43.069  9.961  8.479 0.0000000000
85831  -41.755  8.573  6.510 0.0000000000
84955  -40.872  7.614  5.386 0.0000000000
84954  -40.027  7.832  5.195 0.0000000000
84965  -38.761  7.662  4.338 0.0000000000
100657  -33.301  32.443  -3.459 0.0000000000
101703  -30.452  34.428  -5.561 0.0000000000
101160  -30.973  33.806  -4.970 0.0000000000
101164  -30.568  33.488  -5.728 0.0000000000
100681  -31.459  32.242  -6.564 0.0000000000
100229  -32.653  31.391  -6.610 0.0000000000
99230  -33.719  29.992  -6.047 0.0000000000
99749  -33.397  30.816  -6.476 0.0000000000
99752  -34.063  31.004  -7.154 0.0000000000
100234  -34.247  31.295  -7.771 0.0000000000
100718  -34.759  32.913  -11.104 0.0000000000
100248  -34.936  31.104  -9.758 0.0000000000
99770  -35.438  30.669  -10.168 0.0000000000
99266  -36.348  29.609  -10.124 0.0000000000
99259  -36.981  29.199  -9.600 0.0000000000
98765  -38.072  28.421  -9.291 0.0000000000
98262  -37.692  27.941  -10.068 0.0000000000
98263  -38.008  27.255  -10.569 0.0000000000
97716  -38.405  26.574  -10.999 0.0000000000
127262  -40.165  28.023  -12.909 0.0000000000
97726  -40.227  26.529  -12.917 0.0000000000
98278  -40.712  27.329  -13.239 0.0000000000
97107  -40.716  25.154  -13.679 0.0000000000
96499  -41.288  23.756  -13.724 0.0000000000
119981  -41.658  23.233  -14.079 0.0000000000
96510  -41.181  23.869  -14.394 0.0000000000
134867  -41.434  23.308  -14.729 0.0000000000
95915  -41.297  22.732  -15.574 0.0000000000
128298  -40.471  23.278  -16.416 0.0000000000
96518  -40.372  24.426  -16.046 0.0000000000
134048  -40.281  25.902  -15.677 0.0000000000
97751  -40.309  26.602  -15.636 0.0000000000
87353  -31.263  10.143  5.138 0.0000000000
139392  -31.664  9.438  5.912 0.0000000000
86597  -32.672  8.992  7.080 0.0000000000
86598  -33.554  9.188  6.936 0.0000000000
86583  -36.384  9.814  8.517 0.0000000000
127603  -35.922  9.646  7.217 0.0000000000
86623  -36.192  9.521  6.281 0.0000000000
89410  -35.859  13.458  2.154 0.0000000000
88040  -35.408  11.665  2.461 0.0000000000
88041  -36.059  11.792  2.042 0.0000000000
87367  -36.352  10.930  1.977 0.0000000000
133321  -36.649  10.171  1.890 0.0000000000
87368  -36.933  10.744  1.507 0.0000000000
88043  -38.033  10.884  0.812 0.0000000000
95766  -38.205  23.481  1.568 0.0000000000
95042  -38.360  22.623  1.676 0.0000000000
94400  -38.590  21.829  1.992 0.0000000000
97658  -43.662  26.731  -3.434 0.0000000000
97038  -42.924  26.146  -2.823 0.0000000000
97646  -43.538  26.308  -2.051 0.0000000000
97633  -43.620  26.681  -0.124 0.0000000000
97616  -43.518  27.284  0.762 0.0000000000
94378  -44.754  21.812  3.976 0.0000000000
95016  -44.339  22.593  3.442 0.0000000000
136449  -43.634  21.550  3.593 0.0000000000
93781  -42.772  21.050  3.520 0.0000000000
93780  -42.044  21.179  3.187 0.0000000000
130818  -41.318  20.723  3.232 0.0000000000
129090  -41.779  19.530  4.287 0.0000000000
92652  -41.447  18.850  4.825 0.0000000000
92085  -41.471  17.527  5.964 0.0000000000
92075  -41.055  16.693  6.393 0.0000000000
92076  -41.985  16.703  6.396 0.0000000000
91459  -41.992  15.943  6.259 0.0000000000
90784  -42.508  16.034  4.750 0.0000000000
90104  -45.257  14.293  1.706 0.0000000000
90092  -44.865  14.759  2.326 0.0000000000
89418  -44.589  13.958  1.109 0.0000000000
89417  -43.592  13.679  0.869 0.0000000000
89425  -42.877  13.136  0.376 0.0000000000
126031  -42.238  13.104  0.523 0.0000000000
88723  -42.619  12.596  -0.534 0.0000000000
126265  -42.177  12.346  -1.102 0.0000000000
88052  -41.043  11.738  -1.485 0.0000000000
88727  -42.980  12.764  -1.400 0.0000000000
88736  -42.815  12.764  -2.349 0.0000000000
88746  -43.468  13.091  -3.019 0.0000000000
90137  -48.113  14.484  -4.654 0.0000000000
89466  -46.715  13.594  -5.110 0.0000000000
89473  -46.652  13.919  -5.847 0.0000000000
89478  -45.586  13.580  -6.528 0.0000000000
129567  -45.050  12.908  -7.129 0.0000000000
88779  -44.273  12.576  -7.293 0.0000000000
128790  -45.321  13.304  -7.724 0.0000000000
90175  -45.294  13.768  -8.146 0.0000000000
90174  -44.543  14.166  -8.346 0.0000000000
92673  -43.424  18.630  0.590 0.0000000000
131636  -42.604  18.575  0.192 0.0000000000
92123  -42.479  17.404  -0.665 0.0000000000
91521  -40.204  16.746  -2.605 0.0000000000
116612  -40.896  16.555  -2.857 0.0000000000
91537  -40.528  16.399  -3.361 0.0000000000
90883  -41.898  15.279  -5.189 0.0000000000
90146  -42.249  14.778  -5.995 0.0000000000
90145  -41.267  14.829  -5.718 0.0000000000
90158  -40.499  14.568  -6.332 0.0000000000
90170  -40.057  14.608  -7.362 0.0000000000
90157  -39.588  14.619  -6.446 0.0000000000
90156  -38.896  14.755  -6.488 0.0000000000
84103  -42.687  6.376  4.246 0.0000000000
95874  -43.217  22.775  -11.152 0.0000000000
122133  -43.651  22.958  -10.319 0.0000000000
95180  -44.134  22.216  -10.866 0.0000000000
95181  -45.060  21.249  -10.534 0.0000000000
94483  -45.570  21.138  -9.671 0.0000000000
117546  -45.444  19.147  -12.057 0.0000000000
93867  -45.960  19.569  -10.947 0.0000000000
94484  -45.858  20.317  -9.540 0.0000000000
94479  -45.757  20.718  -8.317 0.0000000000
93848  -45.637  20.731  -7.909 0.0000000000
94464  -45.367  21.221  -6.228 0.0000000000
94457  -44.740  21.325  -5.724 0.0000000000
94463  -44.504  21.181  -6.514 0.0000000000
94470  -44.192  21.034  -7.332 0.0000000000
94469  -42.973  21.515  -7.688 0.0000000000
94477  -42.643  21.365  -8.473 0.0000000000
86549  -45.891  10.149  12.928 0.0000000000
86548  -44.683  10.167  12.755 0.0000000000
87295  -43.991  10.614  12.025 0.0000000000
116500  -43.075  10.864  10.651 0.0000000000
86556  -42.297  10.074  11.539 0.0000000000
87303  -42.301  10.885  10.690 0.0000000000
87317  -42.127  11.080  10.071 0.0000000000
115932  -41.581  10.865  9.275 0.0000000000
87328  -41.105  10.558  8.516 0.0000000000
86604  -40.048  9.914  7.249 0.0000000000
102192  -30.656  35.375  -5.308 0.0000000000
102205  -30.047  35.293  -5.781 0.0000000000
101705  -29.622  34.935  -6.805 0.0000000000
101710  -30.114  34.480  -7.920 0.0000000000
99280  -37.587  29.528  -12.251 0.0000000000
99282  -39.699  29.465  -12.881 0.0000000000
99283  -40.873  29.658  -13.058 0.0000000000
98784  -41.444  29.172  -13.323 0.0000000000
98793  -41.645  28.124  -13.945 0.0000000000
98802  -41.876  28.897  -14.051 0.0000000000
135752  -42.088  29.502  -13.892 0.0000000000
136696  -42.590  30.708  -13.585 0.0000000000
89406  -34.831  13.918  2.916 0.0000000000
89409  -35.280  13.483  2.516 0.0000000000
134291  -36.249  14.080  2.041 0.0000000000
90096  -36.882  14.273  1.728 0.0000000000
90812  -38.187  15.242  1.846 0.0000000000
98182  -39.618  27.925  1.017 0.0000000000
97003  -40.112  26.842  1.508 0.0000000000
96421  -45.068  25.288  -0.664 0.0000000000
97021  -44.794  26.052  0.213 0.0000000000
97022  -45.167  25.249  0.260 0.0000000000
96411  -45.172  24.819  2.017 0.0000000000
95018  -45.714  23.121  3.208 0.0000000000
95031  -46.336  22.282  2.791 0.0000000000
95019  -46.044  22.275  3.565 0.0000000000
116204  -45.375  22.529  3.703 0.0000000000
93766  -45.047  21.112  4.443 0.0000000000
93191  -44.780  19.680  5.139 0.0000000000
92637  -45.023  18.254  5.695 0.0000000000
92636  -44.400  17.855  5.999 0.0000000000
92089  -45.402  17.797  5.374 0.0000000000
91480  -45.503  16.619  4.686 0.0000000000
90799  -46.202  15.473  3.871 0.0000000000
91487  -46.484  16.314  3.709 0.0000000000
90800  -46.731  15.477  3.647 0.0000000000
90093  -46.380  14.510  2.536 0.0000000000
135984  -46.399  14.150  1.829 0.0000000000
90112  -47.250  13.845  1.443 0.0000000000
89434  -46.578  13.503  -0.418 0.0000000000
122328  -47.151  13.404  -1.294 0.0000000000
89441  -48.197  13.552  -1.322 0.0000000000
89442  -48.226  13.759  -2.334 0.0000000000
90831  -48.182  14.540  -0.876 0.0000000000
90119  -48.478  14.019  -1.875 0.0000000000
90132  -48.330  14.131  -4.068 0.0000000000
90871  -47.796  15.029  -4.972 0.0000000000
90870  -46.870  15.328  -5.086 0.0000000000
90869  -45.650  15.501  -4.990 0.0000000000
120724  -41.168  19.086  -0.345 0.0000000000
93225  -40.461  19.340  -0.560 0.0000000000
92136  -40.444  17.776  -1.228 0.0000000000
134650  -39.550  16.696  -2.759 0.0000000000
91536  -39.323  16.455  -3.341 0.0000000000
91550  -39.048  16.103  -4.040 0.0000000000
98742  -40.739  28.949  -6.915 0.0000000000
98227  -40.609  27.978  -6.221 0.0000000000
98228  -41.621  28.499  -6.509 0.0000000000
98218  -42.324  27.936  -6.002 0.0000000000
97680  -42.855  27.476  -5.276 0.0000000000
98239  -43.960  28.674  -7.135 0.0000000000
98220  -43.960  28.401  -5.794 0.0000000000
98209  -43.848  27.726  -5.182 0.0000000000
97670  -44.107  27.129  -4.120 0.0000000000
97659  -44.247  26.736  -3.521 0.0000000000
97648  -44.209  26.530  -2.731 0.0000000000
95856  -44.351  23.630  -8.779 0.0000000000
96467  -44.670  24.077  -8.139 0.0000000000
95835  -45.145  23.469  -7.048 0.0000000000
96452  -44.689  24.868  -6.591 0.0000000000
137817  -44.528  25.572  -6.003 0.0000000000
97047  -44.490  26.539  -4.650 0.0000000000
97045  -44.467  26.205  -3.070 0.0000000000
97039  -44.511  26.074  -2.257 0.0000000000
95777  -46.177  22.917  -0.596 0.0000000000
129731  -45.967  23.200  -2.103 0.0000000000
95048  -46.343  22.348  0.038 0.0000000000
94405  -46.449  21.284  0.613 0.0000000000
93216  -45.411  19.892  1.215 0.0000000000
92668  -45.286  18.775  1.368 0.0000000000
122263  -44.290  20.104  0.802 0.0000000000
127120  -43.597  20.316  0.475 0.0000000000
94431  -44.719  21.583  -0.924 0.0000000000
94410  -43.954  21.424  -0.402 0.0000000000
93802  -42.869  20.145  0.315 0.0000000000
93811  -42.436  20.710  -0.164 0.0000000000
93810  -41.591  20.624  -0.439 0.0000000000
116982  -43.222  22.336  -3.884 0.0000000000
136771  -43.143  22.374  -3.170 0.0000000000
95109  -42.113  22.569  -4.206 0.0000000000
118981  -42.272  22.530  -3.379 0.0000000000
95081  -42.477  22.420  -2.642 0.0000000000
87305  -44.926  10.738  11.022 0.0000000000
122936  -45.008  10.633  10.296 0.0000000000
87331  -44.607  10.194  9.145 0.0000000000
86586  -44.072  9.778  8.510 0.0000000000
86609  -44.611  9.297  7.887 0.0000000000
84948  -44.116  7.716  6.194 0.0000000000
84957  -43.617  7.260  5.593 0.0000000000
84102  -41.689  6.495  4.367 0.0000000000
84111  -40.398  6.230  3.599 0.0000000000
84122  -39.130  6.016  2.841 0.0000000000
84129  -37.595  6.639  1.324 0.0000000000
84991  -37.295  7.304  1.009 0.0000000000
100656  -32.440  32.498  -3.628 0.0000000000
101161  -31.457  33.297  -4.229 0.0000000000
100209  -31.845  32.552  -3.905 0.0000000000
131804  -32.705  31.228  -3.697 0.0000000000
127195  -32.727  29.636  -3.897 0.0000000000
98729  -33.203  28.403  -4.065 0.0000000000
98203  -33.642  27.700  -3.705 0.0000000000
98207  -34.227  27.248  -4.151 0.0000000000
98208  -35.030  26.912  -4.549 0.0000000000
98212  -35.582  27.412  -5.525 0.0000000000
98736  -34.746  28.791  -6.088 0.0000000000
98737  -35.648  28.381  -6.280 0.0000000000
98223  -36.520  27.507  -5.877 0.0000000000
98224  -37.385  27.692  -6.099 0.0000000000
98225  -38.297  27.895  -6.223 0.0000000000
98740  -38.763  28.839  -6.763 0.0000000000
101187  -31.945  33.182  -8.943 0.0000000000
100689  -33.093  32.164  -8.783 0.0000000000
100239  -34.347  31.420  -8.527 0.0000000000
100235  -34.972  31.116  -8.022 0.0000000000
99761  -35.497  30.659  -9.181 0.0000000000
118979  -35.629  30.782  -8.284 0.0000000000
117426  -36.346  30.542  -7.894 0.0000000000
99242  -37.833  30.103  -7.789 0.0000000000
99235  -38.318  29.497  -7.307 0.0000000000
98741  -39.715  29.004  -6.904 0.0000000000
99237  -40.188  29.362  -7.560 0.0000000000
99246  -40.854  29.082  -7.688 0.0000000000
98250  -41.053  27.725  -8.151 0.0000000000
98248  -39.556  27.493  -8.676 0.0000000000
97694  -40.186  26.795  -8.564 0.0000000000
97695  -41.146  26.566  -8.340 0.0000000000
97069  -41.493  25.725  -8.601 0.0000000000
96473  -41.537  24.650  -9.585 0.0000000000
98775  -37.887  28.187  -11.710 0.0000000000
97717  -39.098  25.963  -11.476 0.0000000000
97100  -39.767  25.745  -12.425 0.0000000000
97093  -39.692  25.157  -11.697 0.0000000000
96479  -39.909  24.848  -11.029 0.0000000000
96480  -40.577  24.527  -10.765 0.0000000000
95881  -41.916  23.555  -11.277 0.0000000000
118671  -42.549  23.157  -11.371 0.0000000000
95882  -42.762  22.772  -12.009 0.0000000000
95197  -43.186  22.322  -12.520 0.0000000000
95895  -42.403  22.499  -13.840 0.0000000000
94507  -43.188  21.382  -14.146 0.0000000000
94508  -43.767  20.140  -14.402 0.0000000000
93897  -43.545  19.184  -14.651 0.0000000000
93292  -42.212  19.108  -15.224 0.0000000000
116624  -39.432  22.657  -17.589 0.0000000000
95233  -39.027  22.043  -17.747 0.0000000000
98801  -41.292  28.192  -14.509 0.0000000000
117456  -40.334  27.952  -15.705 0.0000000000
116629  -39.295  10.748  9.546 0.0000000000
87324  -37.690  10.493  8.885 0.0000000000
87325  -38.305  10.649  8.771 0.0000000000
87326  -39.161  10.853  8.945 0.0000000000
87339  -39.629  10.427  8.025 0.0000000000
86603  -39.171  10.029  7.242 0.0000000000
86626  -39.651  9.546  6.576 0.0000000000
132879  -34.811  9.900  4.204 0.0000000000
119043  -36.496  9.491  5.372 0.0000000000
87364  -35.628  10.524  2.905 0.0000000000
86638  -37.332  9.408  5.273 0.0000000000
86639  -37.964  9.548  5.952 0.0000000000
137049  -38.631  9.321  5.707 0.0000000000
86640  -39.315  9.210  5.893 0.0000000000
85849  -38.487  8.492  4.685 0.0000000000
85854  -37.985  8.015  4.048 0.0000000000
84977  -37.444  7.559  3.242 0.0000000000
85856  -36.786  8.538  2.393 0.0000000000
84985  -36.975  7.701  2.438 0.0000000000
85863  -37.281  7.993  0.686 0.0000000000
132413  -37.545  8.622  0.424 0.0000000000
93202  -36.639  19.749  3.656 0.0000000000
93185  -37.020  19.207  4.183 0.0000000000
92648  -37.395  18.563  4.676 0.0000000000
97667  -40.331  26.376  -4.890 0.0000000000
97036  -40.751  25.530  -2.404 0.0000000000
97029  -42.535  25.881  -1.821 0.0000000000
97028  -41.449  25.672  -1.611 0.0000000000
97019  -41.107  26.077  -0.649 0.0000000000
97630  -40.756  26.965  0.288 0.0000000000
98183  -40.800  27.752  1.014 0.0000000000
122072  -40.693  25.824  1.538 0.0000000000
97012  -44.675  26.509  1.167 0.0000000000
97605  -44.196  27.005  1.648 0.0000000000
97005  -43.479  26.793  1.952 0.0000000000
95753  -44.077  24.068  2.752 0.0000000000
96396  -43.094  25.350  2.035 0.0000000000
97004  -42.961  26.457  1.841 0.0000000000
96409  -42.213  25.707  1.688 0.0000000000
96408  -41.420  24.904  1.616 0.0000000000
117291  -40.429  24.657  1.567 0.0000000000
95044  -40.049  22.732  1.825 0.0000000000
95025  -40.105  22.102  2.133 0.0000000000
134627  -39.756  20.850  2.729 0.0000000000
93779  -40.490  20.434  3.222 0.0000000000
93778  -39.744  20.195  3.279 0.0000000000
93777  -38.879  20.346  3.066 0.0000000000
93187  -38.620  19.220  4.185 0.0000000000
92649  -38.332  18.544  4.732 0.0000000000
92630  -37.709  17.913  5.266 0.0000000000
91458  -37.668  16.281  6.161 0.0000000000
90748  -38.454  15.961  6.307 0.0000000000
118751  -38.760  15.661  5.579 0.0000000000
90750  -39.997  15.853  6.321 0.0000000000
90781  -39.684  15.726  5.438 0.0000000000
116191  -39.025  15.892  4.464 0.0000000000
90793  -39.348  16.077  3.327 0.0000000000
90803  -38.754  15.732  2.533 0.0000000000
90813  -39.166  15.337  1.743 0.0000000000
91478  -43.934  16.393  5.274 0.0000000000
90785  -43.441  16.025  4.604 0.0000000000
90796  -42.875  15.834  3.749 0.0000000000
90091  -43.645  14.957  2.201 0.0000000000
121275  -42.431  15.717  2.899 0.0000000000
90806  -41.638  15.658  2.455 0.0000000000
90815  -41.022  15.237  1.740 0.0000000000
90814  -40.123  15.351  1.706 0.0000000000
90109  -39.212  13.951  0.741 0.0000000000
89422  -38.941  13.064  0.612 0.0000000000
88716  -39.638  12.339  0.554 0.0000000000
88717  -40.912  12.189  0.359 0.0000000000
135300  -40.240  11.919  0.428 0.0000000000
86657  -38.263  9.648  0.166 0.0000000000
86659  -37.818  8.928  -0.184 0.0000000000
86666  -37.756  9.153  -1.071 0.0000000000
86667  -38.279  9.792  -1.159 0.0000000000
86674  -38.286  10.305  -2.028 0.0000000000
88060  -40.439  11.553  -2.021 0.0000000000
88059  -39.607  11.347  -2.500 0.0000000000
88067  -39.426  11.598  -3.508 0.0000000000
88075  -40.248  12.110  -4.048 0.0000000000
89450  -45.488  13.354  -2.431 0.0000000000
88738  -44.443  13.274  -2.805 0.0000000000
88747  -44.302  13.192  -3.869 0.0000000000
89465  -45.585  13.306  -4.524 0.0000000000
134677  -43.240  12.993  -3.788 0.0000000000
88757  -42.508  12.742  -4.234 0.0000000000
88756  -41.900  12.559  -4.943 0.0000000000
88754  -40.309  12.329  -4.987 0.0000000000
118805  -40.486  12.396  -5.922 0.0000000000
88790  -43.447  12.448  -7.679 0.0000000000
117229  -42.838  12.467  -8.498 0.0000000000
92121  -44.820  17.365  0.619 0.0000000000
91499  -45.063  16.335  -0.637 0.0000000000
92120  -43.591  17.125  -0.074 0.0000000000
132451  -44.212  16.660  -0.329 0.0000000000
90828  -45.314  15.955  -1.526 0.0000000000
126727  -44.862  15.601  -3.968 0.0000000000
92677  -41.461  18.372  -0.503 0.0000000000
91522  -41.496  16.564  -2.614 0.0000000000
91523  -42.853  16.250  -2.490 0.0000000000
90868  -44.287  15.535  -4.678 0.0000000000
129057  -43.762  14.560  -7.479 0.0000000000
90173  -43.229  14.371  -8.261 0.0000000000
90184  -43.208  14.275  -9.569 0.0000000000
83279  -40.986  5.885  3.049 0.0000000000
84095  -43.154  6.786  4.998 0.0000000000
84143  -37.621  6.833  -0.423 0.0000000000
84947  -43.120  7.738  6.209 0.0000000000
84966  -39.576  7.392  4.568 0.0000000000
84968  -41.293  6.976  4.948 0.0000000000
85840  -38.932  8.871  5.291 0.0000000000
85843  -41.345  8.093  5.951 0.0000000000
85853  -37.326  8.517  3.685 0.0000000000
85865  -37.462  8.142  -0.126 0.0000000000
86573  -37.989  9.900  9.605 0.0000000000
86608  -43.556  9.364  7.849 0.0000000000
86619  -32.054  9.162  6.451 0.0000000000
86622  -35.291  9.443  6.546 0.0000000000
86634  -31.779  9.760  5.349 0.0000000000
86637  -35.549  9.495  5.583 0.0000000000
86645  -35.738  9.683  4.498 0.0000000000
86648  -38.113  9.189  5.109 0.0000000000
86653  -36.583  9.491  2.418 0.0000000000
86654  -37.219  9.802  1.306 0.0000000000
87288  -44.973  10.412  12.340 0.0000000000
87294  -42.978  10.692  11.285 0.0000000000
87302  -39.943  10.916  10.111 0.0000000000
87312  -37.089  10.151  8.925 0.0000000000
87329  -42.592  10.583  9.244 0.0000000000
87332  -45.664  10.164  9.253 0.0000000000
87336  -37.115  10.186  8.425 0.0000000000
87340  -40.544  10.258  7.870 0.0000000000
87373  -40.026  10.931  0.027 0.0000000000
87376  -39.497  10.581  -0.348 0.0000000000
87380  -39.537  10.713  -1.080 0.0000000000
87388  -39.113  10.809  -1.890 0.0000000000
88039  -34.859  11.830  2.684 0.0000000000
88046  -41.197  11.762  -0.159 0.0000000000
88710  -36.201  12.727  1.864 0.0000000000
88715  -38.859  12.088  0.609 0.0000000000
88718  -41.589  12.820  0.471 0.0000000000
88719  -42.297  12.611  0.113 0.0000000000
88720  -42.958  12.824  -0.078 0.0000000000
88726  -41.668  12.157  -1.713 0.0000000000
88737  -43.674  13.062  -2.139 0.0000000000
88755  -41.055  12.411  -4.549 0.0000000000
88768  -41.188  12.463  -5.421 0.0000000000
88780  -45.077  12.830  -8.062 0.0000000000
88791  -44.436  12.625  -8.134 0.0000000000
88812  -43.893  13.411  -10.109 0.0000000000
89416  -42.553  13.621  0.889 0.0000000000
89424  -40.726  13.124  0.644 0.0000000000
89430  -48.305  13.666  0.263 0.0000000000
89435  -47.868  13.504  -0.451 0.0000000000
89453  -48.238  13.794  -3.532 0.0000000000
89462  -48.132  13.949  -4.570 0.0000000000
89467  -47.491  14.034  -5.277 0.0000000000
89485  -45.244  13.195  -8.617 0.0000000000
89490  -44.420  13.401  -9.606 0.0000000000
90088  -36.476  14.700  2.345 0.0000000000
90097  -37.736  14.480  1.432 0.0000000000
90098  -38.674  14.637  1.238 0.0000000000
90099  -39.644  14.694  1.199 0.0000000000
90100  -40.568  14.648  1.279 0.0000000000
90105  -47.318  14.132  2.216 0.0000000000
90107  -48.388  13.964  1.411 0.0000000000
90114  -48.495  13.819  0.409 0.0000000000
90116  -48.587  13.817  -0.666 0.0000000000
90127  -48.426  14.047  -3.199 0.0000000000
90136  -47.809  14.557  -5.197 0.0000000000
90150  -47.209  14.530  -5.690 0.0000000000
90186  -44.943  13.594  -8.976 0.0000000000
90751  -40.692  15.866  6.321 0.0000000000
90760  -37.733  15.855  6.084 0.0000000000
90761  -38.566  15.752  6.140 0.0000000000
90762  -39.421  15.691  6.116 0.0000000000
90763  -40.288  15.697  6.123 0.0000000000
90764  -41.279  15.796  6.139 0.0000000000
90765  -42.224  15.852  5.919 0.0000000000
90779  -37.155  15.521  4.952 0.0000000000
90787  -45.462  15.945  4.412 0.0000000000
90791  -37.404  15.623  3.670 0.0000000000
90804  -39.713  15.843  2.416 0.0000000000
90809  -46.869  14.945  3.334 0.0000000000
90821  -48.525  14.286  0.733 0.0000000000
90830  -47.265  15.547  -0.965 0.0000000000
90842  -46.981  15.377  -2.619 0.0000000000
90850  -46.003  15.548  -4.167 0.0000000000
90851  -47.175  15.323  -4.258 0.0000000000
90852  -48.106  14.708  -4.047 0.0000000000
90867  -43.201  15.540  -4.717 0.0000000000
91445  -39.045  16.221  6.390 0.0000000000
91446  -39.712  16.204  6.445 0.0000000000
91447  -40.520  16.117  6.462 0.0000000000
91449  -42.230  16.214  6.336 0.0000000000
91460  -42.660  16.143  6.223 0.0000000000
91461  -43.510  16.561  6.092 0.0000000000
91462  -44.423  16.910  5.812 0.0000000000
91463  -45.162  17.130  5.330 0.0000000000
92073  -39.346  16.792  6.290 0.0000000000
92082  -38.048  17.221  5.822 0.0000000000
92083  -38.858  17.399  5.802 0.0000000000
92084  -40.661  17.396  5.983 0.0000000000
92086  -42.469  17.562  6.097 0.0000000000
92088  -44.774  17.501  5.840 0.0000000000
92109  -46.044  16.948  4.056 0.0000000000
92117  -46.704  16.920  2.109 0.0000000000
92124  -43.060  17.150  -0.513 0.0000000000
92629  -36.886  17.902  5.199 0.0000000000
92631  -39.086  18.142  5.161 0.0000000000
92633  -41.156  18.224  5.355 0.0000000000
92635  -43.508  17.862  6.036 0.0000000000
92646  -35.577  18.596  4.532 0.0000000000
92660  -46.429  18.456  3.629 0.0000000000
92665  -46.568  18.144  2.805 0.0000000000
93174  -45.103  19.032  5.408 0.0000000000
93188  -40.035  19.139  4.334 0.0000000000
93189  -40.887  19.342  4.256 0.0000000000
93192  -45.538  19.660  5.053 0.0000000000
93193  -46.142  19.520  4.663 0.0000000000
93208  -42.164  20.357  3.731 0.0000000000
93261  -45.720  19.506  -10.291 0.0000000000
93266  -45.586  19.035  -10.730 0.0000000000
93277  -44.742  18.418  -13.023 0.0000000000
93284  -42.807  18.932  -14.758 0.0000000000
93285  -44.401  18.294  -13.989 0.0000000000
93286  -44.722  18.414  -13.674 0.0000000000
93293  -43.186  18.831  -14.660 0.0000000000
93294  -43.951  18.488  -14.314 0.0000000000
93782  -44.228  21.095  4.161 0.0000000000
93783  -46.216  20.935  4.153 0.0000000000
93784  -46.697  20.659  3.345 0.0000000000
93794  -38.221  20.741  2.666 0.0000000000
93795  -40.678  21.078  2.790 0.0000000000
93806  -46.642  20.877  1.008 0.0000000000
93812  -43.403  20.865  0.083 0.0000000000
93853  -45.704  20.375  -8.713 0.0000000000
93859  -45.758  19.909  -9.479 0.0000000000
93873  -45.765  19.206  -11.235 0.0000000000
93879  -44.902  19.223  -13.209 0.0000000000
93896  -42.646  19.339  -15.232 0.0000000000
93909  -41.819  19.443  -15.795 0.0000000000
94377  -42.732  21.710  3.146 0.0000000000
94392  -39.454  21.616  2.251 0.0000000000
94394  -46.767  21.428  1.987 0.0000000000
94402  -44.212  21.174  0.044 0.0000000000
94403  -44.981  21.151  0.161 0.0000000000
94404  -45.914  21.205  0.295 0.0000000000
94453  -45.587  21.585  -5.031 0.0000000000
94471  -45.298  20.861  -7.071 0.0000000000
94472  -45.600  21.257  -6.898 0.0000000000
94490  -45.841  20.186  -10.243 0.0000000000
94538  -39.615  21.221  -17.179 0.0000000000
94539  -40.096  20.719  -16.935 0.0000000000
95029  -43.495  23.099  2.826 0.0000000000
95041  -37.559  22.929  1.597 0.0000000000
95049  -46.543  21.860  0.648 0.0000000000
95098  -44.250  21.919  -3.399 0.0000000000
95123  -45.817  21.823  -5.671 0.0000000000
95145  -45.760  21.525  -7.081 0.0000000000
95155  -45.399  22.118  -8.517 0.0000000000
95225  -40.521  22.086  -16.700 0.0000000000
95750  -41.308  23.163  1.992 0.0000000000
95754  -44.620  23.580  3.159 0.0000000000
95755  -45.286  24.071  2.633 0.0000000000
95767  -39.626  23.380  1.629 0.0000000000
95768  -40.473  23.248  1.752 0.0000000000
95799  -46.003  22.626  -3.556 0.0000000000
95824  -45.818  22.081  -5.696 0.0000000000
95846  -45.105  23.397  -7.810 0.0000000000
95857  -44.954  23.106  -8.358 0.0000000000
95866  -44.049  23.231  -9.532 0.0000000000
95873  -42.642  23.473  -10.560 0.0000000000
96418  -45.345  24.727  1.032 0.0000000000
96437  -44.599  25.120  -4.560 0.0000000000
96472  -40.752  24.739  -9.898 0.0000000000
96486  -41.096  23.996  -11.453 0.0000000000
96527  -39.429  24.602  -17.469 0.0000000000
96990  -43.730  26.139  2.219 0.0000000000
96991  -44.314  25.979  2.333 0.0000000000
97006  -44.601  26.304  2.041 0.0000000000
97013  -45.068  25.738  0.943 0.0000000000
97027  -40.451  25.676  -1.456 0.0000000000
97037  -41.777  25.661  -2.562 0.0000000000
97044  -41.939  25.875  -3.453 0.0000000000
97060  -44.155  26.468  -7.439 0.0000000000
97061  -44.448  25.816  -7.160 0.0000000000
97079  -40.214  25.368  -9.509 0.0000000000
97086  -39.417  25.376  -10.797 0.0000000000
97589  -44.037  26.672  2.156 0.0000000000
97600  -39.469  27.640  1.289 0.0000000000
97601  -40.396  27.748  1.140 0.0000000000
97602  -41.360  27.588  1.192 0.0000000000
97603  -42.863  27.168  1.575 0.0000000000
97604  -43.531  27.143  1.690 0.0000000000
97614  -41.311  27.699  0.927 0.0000000000
97617  -44.101  27.171  0.868 0.0000000000
97673  -35.916  26.685  -4.768 0.0000000000
97678  -40.378  27.159  -5.575 0.0000000000
97679  -41.791  27.173  -5.309 0.0000000000
97689  -44.616  27.891  -6.898 0.0000000000
97696  -42.761  26.817  -7.850 0.0000000000
97697  -43.499  26.349  -7.875 0.0000000000
97703  -39.746  26.002  -9.145 0.0000000000
97709  -38.517  26.716  -10.129 0.0000000000
97725  -39.410  26.421  -12.267 0.0000000000
97746  -41.093  26.433  -14.142 0.0000000000
98185  -43.657  27.332  1.250 0.0000000000
98211  -34.504  27.533  -5.041 0.0000000000
98213  -37.116  27.039  -5.473 0.0000000000
98216  -39.735  27.559  -5.958 0.0000000000
98219  -43.484  28.318  -6.020 0.0000000000
98221  -44.326  28.363  -6.225 0.0000000000
98226  -39.191  28.136  -6.333 0.0000000000
98229  -42.884  28.847  -6.785 0.0000000000
98240  -44.344  28.573  -7.103 0.0000000000
98247  -38.878  28.192  -8.843 0.0000000000
98249  -40.295  27.913  -8.357 0.0000000000
98257  -38.962  27.108  -9.340 0.0000000000
98269  -37.575  27.859  -10.922 0.0000000000
98310  -40.055  27.273  -15.994 0.0000000000
98726  -32.992  28.859  -3.786 0.0000000000
98731  -33.371  28.685  -4.893 0.0000000000
98733  -43.912  28.855  -6.624 0.0000000000
98734  -44.202  28.692  -6.524 0.0000000000
98744  -44.125  28.880  -6.854 0.0000000000
98755  -38.586  29.199  -8.595 0.0000000000
98757  -40.828  28.840  -8.063 0.0000000000
98764  -37.493  28.605  -9.639 0.0000000000
98769  -37.215  28.449  -10.347 0.0000000000
98781  -38.551  28.431  -12.362 0.0000000000
98794  -41.773  28.936  -13.786 0.0000000000
99226  -32.634  29.958  -4.622 0.0000000000
99231  -34.555  29.693  -6.397 0.0000000000
99236  -39.298  29.472  -7.488 0.0000000000
99241  -36.896  30.103  -7.551 0.0000000000
99245  -40.369  29.388  -7.891 0.0000000000
99252  -38.340  29.896  -8.184 0.0000000000
99254  -40.453  29.351  -8.007 0.0000000000
99294  -42.356  30.257  -13.682 0.0000000000
99742  -32.443  30.613  -4.334 0.0000000000
99748  -32.571  31.017  -5.746 0.0000000000
99753  -34.733  30.821  -7.415 0.0000000000
99754  -35.496  30.660  -7.664 0.0000000000
99756  -37.980  30.182  -8.039 0.0000000000
99796  -36.659  30.769  -12.097 0.0000000000
99800  -42.192  30.494  -13.343 0.0000000000
99801  -42.722  31.167  -13.235 0.0000000000
100210  -32.305  31.778  -3.848 0.0000000000
100221  -31.824  32.014  -4.249 0.0000000000
100226  -32.189  31.218  -5.007 0.0000000000
100233  -33.378  31.434  -7.365 0.0000000000
100238  -33.636  31.689  -8.244 0.0000000000
100255  -34.531  31.743  -10.279 0.0000000000
100674  -31.260  32.409  -5.573 0.0000000000
100675  -31.445  32.506  -4.596 0.0000000000
100680  -30.772  32.875  -6.358 0.0000000000
100685  -31.944  32.212  -7.529 0.0000000000
100688  -32.310  32.491  -8.471 0.0000000000
100705  -34.884  32.183  -10.990 0.0000000000
100719  -35.403  32.827  -11.453 0.0000000000
101171  -29.841  34.193  -6.684 0.0000000000
101172  -30.254  33.567  -6.540 0.0000000000
101179  -30.764  33.306  -7.782 0.0000000000
101186  -31.195  33.697  -8.577 0.0000000000
101706  -29.886  34.674  -6.150 0.0000000000
101708  -29.804  34.502  -7.296 0.0000000000
102193  -31.408  35.507  -4.914 0.0000000000
102204  -29.637  35.923  -5.980 0.0000000000
102208  -29.678  35.320  -6.255 0.0000000000
102211  -29.741  35.268  -7.620 0.0000000000
102710  -30.676  36.362  -4.855 0.0000000000
115808  -42.618  19.769  -12.558 0.0000000000
116461  -45.813  20.267  -9.170 0.0000000000
116736  -44.876  16.703  0.109 0.0000000000
117113  -37.020  15.694  5.703 0.0000000000
117562  -40.924  21.827  2.462 0.0000000000
117754  -43.285  15.519  2.859 0.0000000000
118924  -38.874  23.170  1.603 0.0000000000
119468  -32.620  30.712  -3.852 0.0000000000
119940  -43.754  21.661  -12.670 0.0000000000
120136  -44.519  26.292  -0.505 0.0000000000
121131  -47.648  13.447  -2.179 0.0000000000
121503  -36.707  12.120  1.538 0.0000000000
123202  -42.028  26.998  1.572 0.0000000000
123298  -47.500  13.670  -4.650 0.0000000000
123946  -45.786  18.060  4.881 0.0000000000
124304  -47.443  15.177  -3.486 0.0000000000
124642  -44.365  27.871  -7.134 0.0000000000
124895  -31.848  34.763  -4.591 0.0000000000
125510  -41.512  11.925  -0.904 0.0000000000
125600  -39.699  11.394  0.375 0.0000000000
125888  -40.544  28.831  -13.028 0.0000000000
125962  -34.209  32.410  -3.407 0.0000000000
126115  -37.251  17.158  5.759 0.0000000000
126183  -37.508  28.837  -11.811 0.0000000000
126763  -36.123  31.169  -11.681 0.0000000000
127106  -41.004  27.001  1.438 0.0000000000
127501  -44.545  26.027  -5.396 0.0000000000
127641  -32.939  31.657  -3.547 0.0000000000
128045  -45.278  20.385  4.787 0.0000000000
129164  -45.065  10.435  9.683 0.0000000000
129448  -32.340  9.450  5.743 0.0000000000
129759  -40.953  26.668  -13.621 0.0000000000
129772  -41.772  28.960  -7.109 0.0000000000
130772  -37.144  7.158  1.839 0.0000000000
130934  -29.694  36.522  -5.645 0.0000000000
132016  -44.389  15.711  -3.162 0.0000000000
132281  -35.841  9.778  7.958 0.0000000000
132410  -42.133  16.577  -2.201 0.0000000000
132426  -44.068  26.571  -2.364 0.0000000000
132637  -45.676  20.904  4.435 0.0000000000
133164  -37.302  10.059  7.584 0.0000000000
133438  -44.322  26.673  0.188 0.0000000000
133480  -38.579  22.894  -18.111 0.0000000000
134147  -41.290  26.781  -13.979 0.0000000000
134728  -37.336  7.082  2.555 0.0000000000
135115  -40.996  26.890  -5.296 0.0000000000
135748  -42.831  26.393  -3.653 0.0000000000
136337  -36.370  26.990  -5.331 0.0000000000
136848  -30.862  32.924  -5.685 0.0000000000
137015  -39.208  27.988  -12.531 0.0000000000
137189  -41.582  28.923  -7.238 0.0000000000
137702  -43.994  20.040  -9.656 0.0000000000
137713  -43.825  26.588  -2.749 0.0000000000
137795  -40.252  27.887  1.019 0.0000000000
138094  -44.447  28.308  -6.416 0.0000000000
138115  -46.324  21.958  3.328 0.0000000000
138191  -40.955  17.796  5.634 0.0000000000
138441  -40.206  23.869  1.609 0.0000000000
138771  -41.667  29.896  -13.261 0.0000000000
138794  -36.073  27.823  -6.138 0.0000000000
