#!ascii label  , from subject sub-v1s10x0051111_ses-1 vox2ras=TkReg
1129
56026  10.029  -30.742  75.445 0.0000000000
49159  4.350  -37.672  59.973 0.0000000000
48990  2.626  -37.310  74.929 0.0000000000
57064  2.413  -29.227  71.893 0.0000000000
60927  4.742  -25.627  65.636 0.0000000000
51954  6.464  -34.043  77.688 0.0000000000
137472  4.996  -30.359  76.563 0.0000000000
140371  14.301  -30.695  75.437 0.0000000000
50934  9.823  -34.587  75.492 0.0000000000
47168  5.804  -38.267  75.066 0.0000000000
148697  3.555  -22.892  75.111 0.0000000000
137531  2.936  -26.640  68.432 0.0000000000
64478  6.845  -21.373  72.892 0.0000000000
47257  1.502  -39.503  70.887 0.0000000000
51047  3.689  -36.546  68.232 0.0000000000
128409  2.367  -32.442  73.122 0.0000000000
59851  3.290  -25.928  76.074 0.0000000000
53113  5.900  -33.263  65.435 0.0000000000
55185  3.272  -30.907  62.320 0.0000000000
59067  3.352  -28.021  58.177 0.0000000000
60945  9.378  -25.656  63.692 0.0000000000
55039  8.556  -32.076  77.071 0.0000000000
56004  6.977  -31.184  76.437 0.0000000000
136200  11.883  -29.670  76.179 0.0000000000
53017  12.267  -33.107  75.646 0.0000000000
54049  10.496  -32.506  77.482 0.0000000000
50907  7.803  -34.736  77.036 0.0000000000
147244  4.388  -22.541  74.273 0.0000000000
144677  1.389  -37.920  73.049 0.0000000000
50016  2.033  -36.616  71.661 0.0000000000
125762  2.945  -34.960  74.113 0.0000000000
58916  6.102  -26.438  76.788 0.0000000000
57995  4.350  -28.466  76.561 0.0000000000
48112  4.012  -37.862  75.489 0.0000000000
46196  4.156  -39.846  74.097 0.0000000000
47189  2.538  -39.254  74.280 0.0000000000
45222  1.691  -41.334  72.177 0.0000000000
54121  3.397  -32.929  70.357 0.0000000000
52047  4.800  -34.645  67.586 0.0000000000
55121  4.185  -31.185  68.532 0.0000000000
142840  3.337  -25.808  66.806 0.0000000000
57139  3.623  -29.239  64.618 0.0000000000
59023  2.734  -27.484  63.128 0.0000000000
57178  2.073  -28.989  60.420 0.0000000000
130376  3.611  -26.600  61.845 0.0000000000
50924  4.656  -35.184  76.547 0.0000000000
51961  4.024  -33.898  75.827 0.0000000000
135714  5.871  -32.385  76.892 0.0000000000
56985  6.465  -29.348  76.370 0.0000000000
145749  15.578  -31.010  73.746 0.0000000000
53031  14.113  -32.712  72.328 0.0000000000
53025  12.942  -32.922  73.863 0.0000000000
50959  10.952  -34.673  73.981 0.0000000000
48972  7.661  -36.404  75.615 0.0000000000
48951  6.429  -36.037  76.598 0.0000000000
60835  2.867  -26.097  73.311 0.0000000000
58065  2.902  -28.110  69.769 0.0000000000
62669  3.589  -25.531  72.045 0.0000000000
62692  3.957  -24.540  70.805 0.0000000000
61792  5.828  -24.444  69.270 0.0000000000
58035  12.370  -28.430  74.029 0.0000000000
134515  19.161  -29.204  72.439 0.0000000000
132065  20.228  -27.800  74.276 0.0000000000
58001  16.163  -27.886  75.002 0.0000000000
145333  13.873  -27.563  74.718 0.0000000000
45274  2.310  -41.516  68.442 0.0000000000
147376  2.563  -39.438  67.612 0.0000000000
49045  2.243  -37.721  69.310 0.0000000000
52008  3.268  -34.460  70.736 0.0000000000
55097  2.434  -31.219  72.155 0.0000000000
55056  2.166  -31.932  75.469 0.0000000000
57016  1.458  -29.901  75.003 0.0000000000
138120  1.641  -27.904  73.766 0.0000000000
61732  3.152  -24.661  75.503 0.0000000000
49088  4.029  -38.253  66.099 0.0000000000
49100  5.596  -37.065  64.400 0.0000000000
51112  6.341  -35.246  62.667 0.0000000000
56133  3.718  -29.544  66.671 0.0000000000
54190  4.711  -31.519  63.760 0.0000000000
141599  4.724  -33.935  60.132 0.0000000000
54247  3.214  -32.710  59.619 0.0000000000
56233  2.352  -30.845  57.033 0.0000000000
150340  7.673  -20.541  70.951 0.0000000000
132684  8.417  -23.664  68.375 0.0000000000
62746  9.758  -23.421  66.503 0.0000000000
59963  7.592  -26.242  64.720 0.0000000000
59051  5.715  -27.099  60.638 0.0000000000
55047  9.182  -31.719  76.860 0.0000000000
55054  8.572  -31.719  76.041 0.0000000000
56042  9.461  -30.579  74.396 0.0000000000
56997  11.416  -30.217  76.323 0.0000000000
56002  11.020  -30.825  77.196 0.0000000000
56003  10.309  -31.107  77.032 0.0000000000
55038  9.677  -31.804  77.229 0.0000000000
48287  3.581  -38.913  58.705 0.0000000000
49169  3.559  -37.454  58.582 0.0000000000
135849  1.937  -37.981  74.199 0.0000000000
49989  2.553  -36.559  73.899 0.0000000000
139923  3.020  -36.072  74.714 0.0000000000
54100  15.926  -31.962  71.495 0.0000000000
48977  3.511  -37.523  75.375 0.0000000000
47172  2.896  -38.980  74.730 0.0000000000
48123  2.301  -38.063  74.697 0.0000000000
136999  1.658  -38.899  73.831 0.0000000000
55106  2.683  -31.396  70.999 0.0000000000
54120  3.881  -31.733  69.526 0.0000000000
138879  3.331  -30.104  69.607 0.0000000000
60914  4.213  -25.496  66.276 0.0000000000
142832  3.280  -26.733  65.143 0.0000000000
143765  3.501  -26.325  64.157 0.0000000000
59993  2.777  -27.062  62.423 0.0000000000
59966  4.870  -25.995  64.210 0.0000000000
50915  5.051  -34.501  76.890 0.0000000000
51957  4.782  -34.050  76.582 0.0000000000
128833  6.049  -32.899  77.316 0.0000000000
133437  6.569  -30.356  76.449 0.0000000000
58928  7.134  -27.054  75.914 0.0000000000
56009  14.992  -30.658  74.707 0.0000000000
54076  13.912  -32.242  73.715 0.0000000000
54067  13.308  -32.070  75.007 0.0000000000
134372  10.691  -33.961  75.563 0.0000000000
51969  11.793  -33.679  74.695 0.0000000000
50948  10.205  -34.589  74.901 0.0000000000
49966  8.540  -35.486  75.460 0.0000000000
51953  7.020  -34.115  77.786 0.0000000000
49943  7.217  -35.537  76.683 0.0000000000
50913  6.389  -34.953  77.425 0.0000000000
49957  4.981  -35.865  76.555 0.0000000000
61752  3.412  -24.900  74.110 0.0000000000
60851  2.686  -26.775  71.887 0.0000000000
62655  3.733  -24.642  73.829 0.0000000000
63552  5.690  -22.722  73.065 0.0000000000
62666  4.244  -24.194  72.673 0.0000000000
62678  5.512  -23.791  71.731 0.0000000000
61775  4.543  -24.391  70.103 0.0000000000
62677  6.480  -23.572  71.583 0.0000000000
56990  16.738  -28.675  74.809 0.0000000000
46274  1.968  -40.643  69.839 0.0000000000
47271  1.952  -39.879  69.259 0.0000000000
126028  1.463  -38.962  70.131 0.0000000000
51992  2.907  -34.326  72.424 0.0000000000
50994  2.617  -35.790  71.768 0.0000000000
53038  2.847  -33.601  71.990 0.0000000000
53037  2.758  -32.961  71.470 0.0000000000
54091  2.431  -31.997  72.496 0.0000000000
55042  4.791  -32.000  76.607 0.0000000000
53018  3.347  -33.209  75.748 0.0000000000
56007  3.266  -31.094  76.370 0.0000000000
58919  3.772  -27.555  76.416 0.0000000000
56988  2.998  -29.128  76.277 0.0000000000
58946  2.363  -27.797  75.359 0.0000000000
133879  1.382  -29.150  74.548 0.0000000000
136865  2.478  -26.846  75.033 0.0000000000
59882  2.779  -26.022  74.767 0.0000000000
60804  3.158  -25.371  75.887 0.0000000000
51991  12.868  -33.594  72.421 0.0000000000
51997  13.671  -33.133  71.146 0.0000000000
48134  6.508  -38.458  74.074 0.0000000000
47209  6.214  -39.042  73.319 0.0000000000
47210  5.569  -39.490  73.620 0.0000000000
45200  3.064  -40.801  73.430 0.0000000000
44170  4.208  -41.177  72.685 0.0000000000
46244  1.605  -40.499  71.422 0.0000000000
45249  1.747  -40.995  70.683 0.0000000000
49068  3.077  -37.580  67.797 0.0000000000
132623  2.918  -38.843  66.715 0.0000000000
49079  3.389  -37.392  67.358 0.0000000000
52067  5.320  -34.576  66.618 0.0000000000
51076  4.925  -36.261  66.240 0.0000000000
126401  5.947  -34.916  65.211 0.0000000000
51100  6.324  -35.556  63.695 0.0000000000
53129  6.447  -33.859  64.023 0.0000000000
58067  2.839  -27.744  68.966 0.0000000000
57090  3.124  -29.268  68.141 0.0000000000
58079  2.867  -28.222  67.192 0.0000000000
56167  3.482  -29.831  63.525 0.0000000000
56166  3.989  -30.115  64.189 0.0000000000
55184  3.797  -31.053  62.707 0.0000000000
53166  5.013  -32.483  62.252 0.0000000000
54215  4.098  -32.198  61.199 0.0000000000
53203  3.898  -32.747  59.883 0.0000000000
55197  2.968  -31.603  60.942 0.0000000000
58135  2.445  -28.420  59.779 0.0000000000
134345  2.491  -30.288  58.386 0.0000000000
57212  2.524  -29.672  57.781 0.0000000000
65514  6.856  -20.031  69.857 0.0000000000
63568  8.372  -22.133  70.266 0.0000000000
64513  8.842  -21.624  68.848 0.0000000000
61859  10.498  -24.341  63.892 0.0000000000
143131  9.444  -24.728  65.220 0.0000000000
61854  8.812  -24.873  65.810 0.0000000000
59975  8.648  -26.125  63.960 0.0000000000
149627  6.729  -27.256  62.714 0.0000000000
60003  7.950  -27.426  61.893 0.0000000000
126954  7.011  -32.813  77.749 0.0000000000
54053  6.924  -32.582  77.462 0.0000000000
55040  7.443  -32.062  76.980 0.0000000000
56011  13.069  -29.909  76.303 0.0000000000
55046  13.326  -31.722  75.872 0.0000000000
54057  12.556  -31.929  76.408 0.0000000000
53014  11.371  -33.152  76.520 0.0000000000
51949  10.286  -33.704  76.560 0.0000000000
50910  9.120  -34.560  76.342 0.0000000000
51950  9.405  -33.942  76.922 0.0000000000
53009  8.046  -33.371  77.476 0.0000000000
64444  4.316  -21.316  76.112 0.0000000000
63537  3.832  -22.752  74.763 0.0000000000
64448  4.642  -20.547  75.643 0.0000000000
65468  5.083  -20.151  74.914 0.0000000000
65476  5.553  -19.994  74.343 0.0000000000
133958  1.309  -38.846  72.141 0.0000000000
48161  1.260  -38.215  71.529 0.0000000000
49022  1.554  -37.325  72.609 0.0000000000
132821  2.594  -36.197  72.629 0.0000000000
126484  2.810  -34.081  73.797 0.0000000000
57990  5.587  -28.198  76.473 0.0000000000
56984  4.804  -29.379  76.544 0.0000000000
58912  5.551  -27.148  76.684 0.0000000000
58917  5.049  -26.709  76.856 0.0000000000
59849  4.487  -25.883  76.983 0.0000000000
61713  4.198  -24.376  77.451 0.0000000000
48122  4.766  -38.466  75.277 0.0000000000
47188  4.667  -39.366  74.589 0.0000000000
47171  3.609  -38.959  74.988 0.0000000000
46197  3.020  -40.136  74.055 0.0000000000
137301  2.725  -40.543  73.479 0.0000000000
45209  2.243  -41.626  72.821 0.0000000000
46199  2.103  -39.932  73.612 0.0000000000
47229  1.495  -39.586  72.742 0.0000000000
52015  3.939  -34.348  69.459 0.0000000000
51046  4.035  -36.070  67.907 0.0000000000
53071  4.206  -33.821  69.076 0.0000000000
54130  4.685  -32.677  68.138 0.0000000000
54144  5.039  -32.557  67.335 0.0000000000
60899  2.903  -26.256  67.348 0.0000000000
59010  2.840  -27.704  66.558 0.0000000000
130764  2.909  -27.146  65.983 0.0000000000
58100  3.249  -28.801  64.135 0.0000000000
57158  2.992  -29.566  63.013 0.0000000000
56190  2.304  -30.346  61.114 0.0000000000
59033  2.462  -27.720  62.324 0.0000000000
59040  2.660  -27.699  60.770 0.0000000000
60021  3.430  -27.278  60.272 0.0000000000
61874  10.221  -25.177  62.472 0.0000000000
60002  8.865  -26.780  61.602 0.0000000000
137547  9.968  -25.591  61.042 0.0000000000
149709  4.060  -35.850  75.651 0.0000000000
50937  3.289  -35.726  75.052 0.0000000000
51960  4.387  -34.361  76.135 0.0000000000
53015  4.456  -33.707  76.326 0.0000000000
55035  5.545  -31.942  76.722 0.0000000000
132544  6.507  -31.861  76.722 0.0000000000
55997  6.094  -31.161  76.617 0.0000000000
56982  5.875  -29.999  76.522 0.0000000000
57993  6.180  -28.497  76.361 0.0000000000
55072  16.092  -31.005  72.665 0.0000000000
54090  15.172  -32.085  72.310 0.0000000000
54081  14.912  -31.986  72.789 0.0000000000
51962  12.375  -33.207  75.014 0.0000000000
51979  11.986  -33.901  74.050 0.0000000000
50969  11.644  -34.433  73.071 0.0000000000
48133  7.234  -37.791  74.409 0.0000000000
48109  6.810  -37.376  75.278 0.0000000000
49954  7.586  -35.832  75.956 0.0000000000
48960  7.106  -36.374  76.040 0.0000000000
48110  5.738  -37.436  75.514 0.0000000000
48963  4.722  -37.159  75.685 0.0000000000
48964  4.534  -36.558  75.870 0.0000000000
58972  2.251  -27.670  72.054 0.0000000000
142010  2.946  -28.636  70.585 0.0000000000
59902  2.512  -27.196  71.688 0.0000000000
60859  2.842  -26.705  71.294 0.0000000000
127986  3.185  -26.410  69.436 0.0000000000
62667  3.962  -24.635  72.698 0.0000000000
62693  3.585  -25.022  71.014 0.0000000000
61795  3.602  -25.442  69.801 0.0000000000
61813  3.824  -25.123  68.810 0.0000000000
61812  4.338  -24.931  68.470 0.0000000000
60896  5.655  -25.155  67.241 0.0000000000
57012  11.338  -29.496  75.058 0.0000000000
55084  17.815  -30.346  72.275 0.0000000000
58017  22.144  -27.760  74.081 0.0000000000
58938  21.531  -27.407  74.656 0.0000000000
58027  20.875  -28.385  73.462 0.0000000000
57028  19.345  -28.851  73.140 0.0000000000
57029  18.336  -29.242  73.224 0.0000000000
56055  17.172  -30.201  72.708 0.0000000000
56008  15.495  -29.710  74.997 0.0000000000
56992  14.985  -28.917  75.489 0.0000000000
58926  14.688  -27.556  74.995 0.0000000000
133234  13.703  -28.476  75.507 0.0000000000
58005  12.660  -28.849  75.644 0.0000000000
58022  12.067  -28.879  75.396 0.0000000000
138747  2.434  -38.952  68.114 0.0000000000
130201  2.884  -37.255  68.843 0.0000000000
50027  1.909  -36.893  70.991 0.0000000000
50026  2.648  -36.449  70.333 0.0000000000
51015  3.428  -36.005  69.581 0.0000000000
53045  3.073  -33.408  70.868 0.0000000000
54112  2.804  -32.432  70.956 0.0000000000
56078  2.478  -30.618  71.994 0.0000000000
51971  3.118  -34.055  74.890 0.0000000000
53022  2.664  -33.257  74.722 0.0000000000
54077  2.182  -32.491  74.463 0.0000000000
139214  3.373  -30.197  76.391 0.0000000000
56029  1.691  -31.024  75.160 0.0000000000
145244  1.668  -31.250  74.477 0.0000000000
56059  1.682  -30.286  73.569 0.0000000000
57046  1.803  -29.552  73.166 0.0000000000
57057  2.133  -29.013  72.498 0.0000000000
58959  1.952  -27.404  73.029 0.0000000000
61745  3.100  -25.517  74.249 0.0000000000
62630  3.289  -24.040  75.218 0.0000000000
138670  4.222  -23.668  77.558 0.0000000000
62619  3.397  -23.389  76.674 0.0000000000
63522  4.006  -22.119  76.540 0.0000000000
46243  5.985  -40.355  71.439 0.0000000000
46195  4.897  -39.734  73.906 0.0000000000
132769  4.338  -36.686  66.675 0.0000000000
49101  4.791  -38.129  65.345 0.0000000000
50142  5.742  -36.752  61.277 0.0000000000
57082  3.088  -29.428  69.033 0.0000000000
56117  3.843  -30.236  68.078 0.0000000000
55143  4.710  -31.166  65.916 0.0000000000
56145  3.976  -29.631  65.622 0.0000000000
55154  4.312  -30.552  65.424 0.0000000000
54166  5.621  -32.320  65.043 0.0000000000
53165  5.779  -33.257  62.616 0.0000000000
148930  5.410  -34.280  61.294 0.0000000000
51141  4.892  -35.485  60.279 0.0000000000
52186  4.264  -34.833  59.041 0.0000000000
129964  2.378  -31.034  59.706 0.0000000000
55231  2.557  -31.919  58.391 0.0000000000
66420  5.678  -19.745  73.119 0.0000000000
65491  5.912  -20.022  72.226 0.0000000000
64477  7.314  -21.039  72.314 0.0000000000
63569  7.989  -22.719  70.790 0.0000000000
61809  7.145  -24.391  68.892 0.0000000000
60895  6.731  -25.179  67.070 0.0000000000
62732  8.843  -23.630  67.617 0.0000000000
60911  7.685  -25.115  66.749 0.0000000000
60926  6.236  -26.033  65.203 0.0000000000
59978  5.479  -26.479  63.649 0.0000000000
60019  4.845  -26.839  61.055 0.0000000000
127480  4.028  -27.059  59.846 0.0000000000
60033  5.070  -26.835  58.954 0.0000000000
56015  9.608  -31.310  76.214 0.0000000000
57013  11.036  -30.161  75.708 0.0000000000
138293  10.989  -30.540  76.870 0.0000000000
56014  10.695  -30.696  76.442 0.0000000000
48286  3.759  -38.157  59.243 0.0000000000
49168  3.867  -37.178  59.302 0.0000000000
49000  2.273  -37.387  74.407 0.0000000000
49978  2.708  -36.698  74.612 0.0000000000
55085  17.145  -30.914  72.135 0.0000000000
54099  16.666  -31.699  71.163 0.0000000000
54088  16.550  -31.493  71.860 0.0000000000
48978  3.146  -37.066  75.243 0.0000000000
48989  2.834  -37.818  75.122 0.0000000000
56087  2.615  -30.643  71.407 0.0000000000
130449  2.915  -30.474  70.625 0.0000000000
57073  2.701  -29.977  71.006 0.0000000000
60928  3.929  -25.718  65.561 0.0000000000
60937  4.390  -25.824  64.886 0.0000000000
59967  4.004  -25.973  64.091 0.0000000000
60936  5.280  -25.877  65.020 0.0000000000
51955  5.775  -34.026  77.363 0.0000000000
127596  5.797  -33.281  77.241 0.0000000000
127176  6.204  -33.233  77.534 0.0000000000
54066  13.962  -31.724  74.482 0.0000000000
55045  13.831  -31.470  75.238 0.0000000000
143381  10.274  -34.268  75.621 0.0000000000
50933  10.476  -34.269  75.282 0.0000000000
147323  10.065  -34.737  74.709 0.0000000000
49965  9.477  -34.979  75.134 0.0000000000
49977  8.879  -35.617  74.914 0.0000000000
50935  8.922  -35.034  75.665 0.0000000000
50909  6.877  -34.741  77.563 0.0000000000
50914  5.592  -34.867  77.242 0.0000000000
62644  3.522  -24.105  74.564 0.0000000000
132939  3.633  -23.411  74.698 0.0000000000
63543  6.200  -21.758  73.389 0.0000000000
62664  6.124  -23.170  72.326 0.0000000000
63560  7.018  -22.802  72.018 0.0000000000
46257  1.709  -40.261  70.571 0.0000000000
128919  1.687  -39.743  70.044 0.0000000000
53032  2.635  -33.170  72.633 0.0000000000
54102  2.641  -32.691  72.023 0.0000000000
55999  5.028  -31.161  76.643 0.0000000000
55043  3.726  -31.984  76.334 0.0000000000
56006  4.151  -31.128  76.501 0.0000000000
139882  3.614  -26.548  76.293 0.0000000000
58929  3.039  -28.137  75.915 0.0000000000
131808  3.143  -26.933  75.695 0.0000000000
135071  2.998  -26.008  75.407 0.0000000000
47186  5.864  -38.645  74.617 0.0000000000
128528  5.917  -39.020  74.029 0.0000000000
45207  3.090  -41.446  73.019 0.0000000000
45262  1.968  -41.526  70.119 0.0000000000
141610  3.229  -37.145  68.296 0.0000000000
147515  3.417  -37.072  67.861 0.0000000000
53097  5.536  -33.531  66.255 0.0000000000
130089  5.602  -35.022  65.948 0.0000000000
52086  5.809  -34.223  65.745 0.0000000000
52104  6.326  -34.756  64.315 0.0000000000
52105  6.267  -34.005  64.919 0.0000000000
58999  2.818  -27.199  68.318 0.0000000000
58070  2.803  -27.964  68.066 0.0000000000
56179  3.116  -30.389  62.593 0.0000000000
133105  3.649  -30.579  63.028 0.0000000000
54202  3.732  -31.504  61.958 0.0000000000
54216  3.445  -31.812  61.128 0.0000000000
133187  3.059  -31.301  61.578 0.0000000000
140242  3.066  -28.217  59.108 0.0000000000
137578  2.677  -28.620  58.951 0.0000000000
58143  3.019  -28.269  58.164 0.0000000000
129572  7.872  -20.157  69.530 0.0000000000
128462  8.458  -20.727  69.208 0.0000000000
61868  10.063  -25.102  63.369 0.0000000000
61853  10.272  -24.137  64.796 0.0000000000
61860  9.801  -24.932  64.258 0.0000000000
134865  9.048  -25.471  64.513 0.0000000000
60952  8.908  -26.285  63.160 0.0000000000
59988  8.048  -26.764  63.465 0.0000000000
125568  8.460  -26.881  62.559 0.0000000000
54062  7.959  -32.413  77.243 0.0000000000
54063  7.179  -32.484  77.448 0.0000000000
55048  8.068  -31.932  76.600 0.0000000000
56043  8.593  -30.649  74.119 0.0000000000
56995  12.449  -29.291  76.102 0.0000000000
56000  12.776  -30.877  76.389 0.0000000000
56012  12.178  -30.090  76.428 0.0000000000
54060  10.752  -31.944  77.523 0.0000000000
55036  11.188  -31.501  77.355 0.0000000000
54059  11.278  -32.452  77.204 0.0000000000
53006  10.848  -33.205  76.994 0.0000000000
53007  10.016  -33.171  77.292 0.0000000000
54061  8.887  -32.271  77.205 0.0000000000
54051  8.516  -32.710  77.334 0.0000000000
54052  7.539  -32.772  77.536 0.0000000000
66403  4.905  -19.390  74.805 0.0000000000
64458  5.783  -20.582  74.215 0.0000000000
48154  1.286  -38.026  72.338 0.0000000000
147224  2.894  -35.679  73.822 0.0000000000
49999  2.192  -36.708  73.125 0.0000000000
50971  2.846  -35.926  73.239 0.0000000000
127050  2.988  -34.969  73.462 0.0000000000
57994  6.031  -27.380  76.542 0.0000000000
58911  5.819  -26.708  76.754 0.0000000000
59845  5.805  -25.825  77.114 0.0000000000
59846  5.266  -25.784  77.197 0.0000000000
60795  5.491  -24.992  77.609 0.0000000000
60799  4.778  -25.127  77.459 0.0000000000
47160  4.127  -38.432  75.321 0.0000000000
47170  4.383  -38.955  75.056 0.0000000000
46188  2.838  -39.532  74.288 0.0000000000
46198  2.522  -39.902  73.876 0.0000000000
45201  2.287  -40.691  73.263 0.0000000000
48147  1.605  -38.264  73.737 0.0000000000
47211  1.719  -39.476  73.499 0.0000000000
136039  1.398  -38.716  73.073 0.0000000000
53056  3.902  -33.382  69.749 0.0000000000
52031  4.154  -34.791  68.767 0.0000000000
54131  4.388  -32.250  68.752 0.0000000000
54145  4.680  -31.773  67.928 0.0000000000
136155  3.151  -25.902  67.421 0.0000000000
60916  2.887  -26.487  66.329 0.0000000000
60915  2.992  -26.018  66.610 0.0000000000
59982  2.966  -27.344  63.972 0.0000000000
145291  3.221  -27.210  64.690 0.0000000000
59024  2.910  -28.114  63.689 0.0000000000
58099  2.923  -28.864  63.335 0.0000000000
143485  2.614  -28.158  62.985 0.0000000000
58110  2.451  -28.750  62.379 0.0000000000
59992  3.333  -26.588  62.501 0.0000000000
133324  2.650  -27.381  61.567 0.0000000000
60007  3.025  -26.889  61.720 0.0000000000
133344  2.989  -27.270  60.929 0.0000000000
60006  3.488  -26.883  61.137 0.0000000000
61867  10.707  -24.493  63.012 0.0000000000
61873  10.806  -24.510  62.155 0.0000000000
61882  10.316  -25.101  61.586 0.0000000000
50925  4.341  -35.125  75.968 0.0000000000
53012  5.595  -33.161  76.971 0.0000000000
53013  5.017  -33.377  76.689 0.0000000000
54056  5.306  -32.701  76.756 0.0000000000
55041  6.980  -32.100  76.888 0.0000000000
55032  6.642  -32.418  77.106 0.0000000000
56005  6.428  -30.998  76.534 0.0000000000
56986  6.229  -29.811  76.469 0.0000000000
140073  5.857  -30.271  76.603 0.0000000000
56981  5.994  -29.342  76.485 0.0000000000
55061  15.800  -30.961  73.147 0.0000000000
54074  15.348  -31.469  72.996 0.0000000000
55062  15.107  -31.478  73.568 0.0000000000
138791  13.281  -32.490  74.063 0.0000000000
53024  13.552  -32.608  73.498 0.0000000000
54069  12.627  -32.669  75.877 0.0000000000
143432  12.781  -32.649  75.189 0.0000000000
50946  11.234  -34.229  74.429 0.0000000000
50958  11.517  -34.371  73.719 0.0000000000
50970  11.134  -34.725  73.337 0.0000000000
49986  10.544  -34.915  73.582 0.0000000000
49008  9.445  -35.688  72.930 0.0000000000
48987  7.961  -36.724  75.187 0.0000000000
48988  7.398  -36.964  75.410 0.0000000000
135370  7.132  -37.503  75.050 0.0000000000
50911  8.315  -34.724  76.600 0.0000000000
50922  8.370  -34.981  76.095 0.0000000000
50912  7.859  -35.012  76.495 0.0000000000
49956  6.893  -36.033  76.464 0.0000000000
48961  6.590  -36.439  76.180 0.0000000000
48974  6.507  -36.931  75.655 0.0000000000
48975  6.085  -36.872  75.837 0.0000000000
48103  5.426  -37.059  75.746 0.0000000000
48962  5.972  -36.534  76.207 0.0000000000
49958  4.435  -35.860  76.000 0.0000000000
49968  3.901  -36.646  75.560 0.0000000000
59895  2.272  -26.968  72.268 0.0000000000
147076  2.290  -27.173  72.057 0.0000000000
150579  2.469  -26.811  71.997 0.0000000000
138332  3.285  -26.181  71.931 0.0000000000
131339  3.066  -26.545  71.329 0.0000000000
60873  3.189  -26.479  70.453 0.0000000000
61778  3.301  -26.221  70.750 0.0000000000
63545  4.004  -23.403  74.230 0.0000000000
63553  4.618  -23.306  73.502 0.0000000000
62679  4.474  -24.135  71.728 0.0000000000
62680  3.945  -24.675  71.730 0.0000000000
61776  3.638  -25.062  70.301 0.0000000000
129240  3.507  -25.558  68.950 0.0000000000
62707  3.866  -24.793  70.053 0.0000000000
134593  5.785  -24.183  70.115 0.0000000000
129826  5.148  -24.445  69.482 0.0000000000
61811  5.247  -24.685  68.724 0.0000000000
61829  4.876  -24.949  67.857 0.0000000000
61810  6.317  -24.621  68.647 0.0000000000
58029  11.795  -28.921  74.507 0.0000000000
58036  11.537  -28.940  73.391 0.0000000000
58039  12.172  -28.446  72.940 0.0000000000
56066  19.140  -29.418  72.125 0.0000000000
143038  18.941  -29.808  71.720 0.0000000000
56067  18.504  -30.115  72.031 0.0000000000
126638  18.519  -29.751  72.322 0.0000000000
57997  20.243  -27.073  74.910 0.0000000000
58920  20.891  -26.868  75.143 0.0000000000
151025  20.798  -27.443  74.545 0.0000000000
58018  21.065  -27.997  73.991 0.0000000000
57027  20.329  -28.538  73.201 0.0000000000
57008  20.062  -28.379  73.581 0.0000000000
56039  17.721  -29.741  72.871 0.0000000000
56023  17.529  -29.620  73.290 0.0000000000
57011  16.386  -29.527  74.544 0.0000000000
56991  15.866  -28.798  75.180 0.0000000000
58002  15.246  -28.063  75.200 0.0000000000
58941  15.258  -27.045  74.793 0.0000000000
58942  14.373  -27.288  74.720 0.0000000000
58003  14.394  -28.274  75.383 0.0000000000
58927  13.861  -27.879  75.087 0.0000000000
58004  13.166  -28.442  75.345 0.0000000000
58943  13.333  -28.029  74.911 0.0000000000
58952  13.065  -27.974  74.448 0.0000000000
58028  12.558  -28.477  74.860 0.0000000000
44233  2.332  -42.292  68.101 0.0000000000
48176  1.794  -38.577  69.460 0.0000000000
48184  2.018  -39.125  68.897 0.0000000000
48183  2.273  -38.341  68.678 0.0000000000
49054  2.733  -37.674  68.448 0.0000000000
49030  1.527  -37.361  71.727 0.0000000000
49038  1.487  -37.703  70.887 0.0000000000
50993  2.978  -35.124  71.343 0.0000000000
51005  2.502  -36.122  71.148 0.0000000000
51004  3.142  -35.516  70.540 0.0000000000
52016  3.624  -34.917  69.932 0.0000000000
54101  2.575  -31.939  71.651 0.0000000000
55096  2.552  -31.153  71.649 0.0000000000
137023  3.987  -34.602  75.643 0.0000000000
50936  3.468  -34.815  75.169 0.0000000000
51965  3.509  -33.972  75.379 0.0000000000
139321  2.803  -32.257  76.025 0.0000000000
53021  2.923  -33.273  75.231 0.0000000000
54073  2.340  -32.589  75.100 0.0000000000
56987  3.987  -29.327  76.434 0.0000000000
142947  1.737  -29.586  75.630 0.0000000000
56999  2.273  -29.790  76.114 0.0000000000
56045  1.515  -30.521  74.341 0.0000000000
55073  1.724  -31.006  73.845 0.0000000000
58032  1.508  -28.352  74.584 0.0000000000
58037  1.529  -28.804  73.714 0.0000000000
58043  1.839  -28.748  72.985 0.0000000000
133024  1.750  -28.121  73.055 0.0000000000
131058  1.976  -27.118  73.816 0.0000000000
132718  3.068  -25.084  75.621 0.0000000000
59883  2.603  -26.389  73.948 0.0000000000
60829  3.050  -25.214  75.026 0.0000000000
61744  3.226  -24.684  74.758 0.0000000000
61731  3.317  -24.099  76.091 0.0000000000
53030  14.813  -32.426  71.996 0.0000000000
53029  15.369  -32.160  71.846 0.0000000000
53036  14.280  -32.679  71.574 0.0000000000
46209  5.749  -39.738  72.852 0.0000000000
46227  5.843  -40.059  72.139 0.0000000000
46211  4.337  -40.364  73.338 0.0000000000
44234  2.207  -42.246  68.894 0.0000000000
48208  3.272  -38.560  66.440 0.0000000000
48222  3.125  -39.412  66.237 0.0000000000
48221  3.681  -39.064  65.920 0.0000000000
148883  4.159  -39.485  65.385 0.0000000000
51045  4.427  -35.640  67.523 0.0000000000
51063  4.123  -36.401  67.322 0.0000000000
51062  4.576  -35.970  66.875 0.0000000000
50082  5.210  -36.534  65.616 0.0000000000
50096  5.197  -37.260  65.288 0.0000000000
48235  4.987  -38.687  64.523 0.0000000000
49115  5.675  -37.365  63.638 0.0000000000
50126  6.316  -36.157  62.846 0.0000000000
49128  6.111  -36.825  62.228 0.0000000000
51127  6.203  -35.930  61.916 0.0000000000
132666  2.833  -27.898  70.746 0.0000000000
57083  2.986  -28.907  69.600 0.0000000000
57100  3.271  -29.227  67.268 0.0000000000
56118  3.473  -29.604  67.629 0.0000000000
56132  3.974  -30.004  67.042 0.0000000000
55144  4.419  -30.564  66.436 0.0000000000
141646  3.545  -28.903  65.480 0.0000000000
57128  3.543  -29.024  66.066 0.0000000000
147802  3.833  -29.395  65.271 0.0000000000
55173  4.000  -30.475  63.795 0.0000000000
55163  4.191  -30.532  64.584 0.0000000000
55162  4.343  -30.986  64.220 0.0000000000
55153  4.458  -31.102  65.019 0.0000000000
54178  4.898  -31.576  64.638 0.0000000000
54177  5.545  -32.229  64.137 0.0000000000
54189  5.358  -32.262  63.165 0.0000000000
53183  4.728  -32.747  61.393 0.0000000000
53182  5.254  -33.208  61.811 0.0000000000
52155  5.099  -33.640  61.021 0.0000000000
52170  5.170  -34.651  60.739 0.0000000000
52185  4.630  -34.759  59.870 0.0000000000
51154  4.452  -35.482  59.508 0.0000000000
53222  3.643  -33.420  59.301 0.0000000000
53223  2.952  -33.241  58.986 0.0000000000
144689  2.067  -29.625  61.047 0.0000000000
56201  2.310  -30.693  60.340 0.0000000000
132324  2.098  -29.851  60.332 0.0000000000
56212  2.445  -31.029  58.901 0.0000000000
138908  2.530  -31.030  57.918 0.0000000000
55245  2.480  -31.798  57.327 0.0000000000
65492  5.003  -19.902  71.259 0.0000000000
148565  7.014  -20.399  71.531 0.0000000000
146704  6.833  -20.481  72.158 0.0000000000
64486  7.830  -21.359  71.666 0.0000000000
63559  7.716  -22.303  71.562 0.0000000000
64493  8.210  -21.764  71.011 0.0000000000
62705  8.281  -23.256  69.233 0.0000000000
62706  7.822  -23.569  69.645 0.0000000000
62717  7.838  -23.971  69.050 0.0000000000
134171  7.063  -24.696  68.285 0.0000000000
61827  7.394  -24.858  67.646 0.0000000000
62745  10.302  -22.839  65.962 0.0000000000
64536  9.414  -21.423  67.187 0.0000000000
63602  9.399  -22.193  67.608 0.0000000000
62731  9.431  -23.076  67.296 0.0000000000
130868  7.899  -25.791  65.349 0.0000000000
60910  8.188  -25.283  65.969 0.0000000000
127540  7.424  -25.588  65.971 0.0000000000
59955  7.112  -26.029  65.328 0.0000000000
59965  5.845  -26.277  64.456 0.0000000000
59977  6.458  -26.740  63.926 0.0000000000
59038  6.296  -27.283  61.379 0.0000000000
59032  5.943  -27.120  62.203 0.0000000000
59039  5.551  -27.009  61.433 0.0000000000
125456  4.777  -26.903  60.240 0.0000000000
60018  8.094  -27.348  60.975 0.0000000000
56027  8.775  -31.111  75.212 0.0000000000
56057  9.281  -30.415  73.399 0.0000000000
56013  11.499  -30.402  76.579 0.0000000000
55037  10.544  -31.476  77.330 0.0000000000
55031  10.249  -31.963  77.501 0.0000000000
149387  3.391  -37.086  58.166 0.0000000000
50169  3.557  -36.627  58.517 0.0000000000
49011  1.806  -37.400  73.528 0.0000000000
50960  2.918  -35.898  74.326 0.0000000000
48113  3.319  -38.319  75.208 0.0000000000
143406  2.676  -38.408  74.893 0.0000000000
47173  2.370  -38.746  74.506 0.0000000000
47190  2.058  -39.276  74.068 0.0000000000
48135  1.931  -38.567  74.253 0.0000000000
55115  3.300  -31.988  70.365 0.0000000000
142050  3.750  -32.545  69.908 0.0000000000
56096  3.372  -30.996  70.157 0.0000000000
55114  3.673  -30.611  69.103 0.0000000000
131569  3.579  -25.720  66.214 0.0000000000
60930  3.112  -26.253  65.740 0.0000000000
60929  3.438  -25.937  65.596 0.0000000000
59968  3.477  -26.309  65.010 0.0000000000
132577  3.247  -26.749  64.388 0.0000000000
59981  3.101  -26.797  63.387 0.0000000000
59980  3.709  -26.293  63.294 0.0000000000
59979  4.529  -26.253  63.392 0.0000000000
50916  4.600  -34.649  76.449 0.0000000000
51956  5.349  -33.683  76.915 0.0000000000
54055  5.897  -32.696  77.060 0.0000000000
146080  7.138  -31.070  76.309 0.0000000000
56998  6.759  -29.084  76.125 0.0000000000
58007  6.801  -28.060  75.914 0.0000000000
58945  7.206  -28.047  75.393 0.0000000000
55053  14.842  -31.390  74.191 0.0000000000
54071  14.315  -31.862  73.917 0.0000000000
54072  13.589  -32.145  74.270 0.0000000000
53019  13.099  -32.402  74.606 0.0000000000
51958  11.582  -33.350  75.905 0.0000000000
51963  11.714  -33.497  75.324 0.0000000000
51964  11.078  -33.944  75.094 0.0000000000
51970  10.761  -34.340  74.737 0.0000000000
50947  10.592  -34.524  74.553 0.0000000000
48971  8.171  -36.081  75.303 0.0000000000
49967  7.841  -35.882  75.709 0.0000000000
51952  7.628  -34.166  77.497 0.0000000000
141492  7.419  -35.220  76.823 0.0000000000
50908  7.319  -34.886  77.324 0.0000000000
49944  6.779  -35.551  76.910 0.0000000000
48952  5.707  -36.119  76.552 0.0000000000
49945  5.865  -35.548  77.002 0.0000000000
49946  5.134  -35.200  76.956 0.0000000000
61753  3.275  -25.567  73.599 0.0000000000
146438  2.579  -26.620  72.406 0.0000000000
60842  3.091  -26.059  72.731 0.0000000000
61761  3.474  -25.652  72.591 0.0000000000
62668  3.721  -25.047  72.852 0.0000000000
63544  5.271  -22.168  73.781 0.0000000000
62665  5.095  -23.606  72.572 0.0000000000
62691  4.928  -23.990  70.886 0.0000000000
135855  5.894  -23.909  71.036 0.0000000000
62690  6.650  -23.866  70.755 0.0000000000
57041  19.663  -28.864  72.818 0.0000000000
57998  19.626  -27.444  74.694 0.0000000000
140310  17.162  -29.271  74.307 0.0000000000
58000  17.124  -27.826  74.961 0.0000000000
58924  16.658  -27.102  74.966 0.0000000000
58951  13.651  -27.656  74.579 0.0000000000
45275  2.140  -41.473  69.293 0.0000000000
46293  2.174  -40.690  68.840 0.0000000000
127472  1.715  -39.254  69.560 0.0000000000
127682  1.631  -38.127  70.142 0.0000000000
50982  2.831  -35.460  72.239 0.0000000000
52000  2.937  -34.708  71.894 0.0000000000
51999  3.020  -34.006  71.432 0.0000000000
145778  2.220  -31.212  72.734 0.0000000000
53016  4.023  -33.370  76.077 0.0000000000
54065  3.658  -32.827  76.156 0.0000000000
55050  2.805  -31.466  76.213 0.0000000000
57996  3.629  -28.530  76.367 0.0000000000
57015  2.120  -28.837  75.751 0.0000000000
129395  1.540  -29.028  75.206 0.0000000000
58023  1.773  -28.347  75.225 0.0000000000
58947  1.864  -27.650  74.887 0.0000000000
58954  1.739  -27.603  74.350 0.0000000000
59874  2.151  -26.935  74.509 0.0000000000
60820  3.037  -25.477  75.299 0.0000000000
61717  3.065  -24.781  76.358 0.0000000000
51990  13.585  -33.145  71.975 0.0000000000
51998  13.014  -33.594  71.661 0.0000000000
48146  6.726  -38.496  73.406 0.0000000000
45206  3.571  -40.965  73.125 0.0000000000
46229  1.628  -40.457  72.449 0.0000000000
45236  1.643  -41.363  71.387 0.0000000000
129209  2.710  -38.814  67.321 0.0000000000
47308  2.798  -39.536  66.904 0.0000000000
129965  2.991  -38.120  67.089 0.0000000000
49078  3.489  -37.811  66.727 0.0000000000
128244  4.850  -35.309  67.045 0.0000000000
51061  5.147  -35.522  66.428 0.0000000000
51075  5.511  -35.754  65.565 0.0000000000
50095  5.679  -36.382  64.787 0.0000000000
50110  6.006  -36.496  63.806 0.0000000000
144482  6.067  -36.012  64.236 0.0000000000
52120  6.417  -34.597  63.414 0.0000000000
142671  2.847  -28.417  69.054 0.0000000000
141795  2.843  -28.378  68.512 0.0000000000
57101  2.947  -28.724  67.826 0.0000000000
57138  3.757  -29.625  64.253 0.0000000000
144566  3.806  -29.882  63.945 0.0000000000
55172  4.124  -30.959  63.403 0.0000000000
54201  4.444  -31.599  62.731 0.0000000000
126043  4.392  -32.076  61.877 0.0000000000
53202  4.449  -32.967  60.466 0.0000000000
54229  3.869  -32.326  60.558 0.0000000000
54230  3.231  -32.125  60.353 0.0000000000
57188  2.262  -29.182  59.621 0.0000000000
134042  2.301  -30.214  59.450 0.0000000000
57200  2.493  -29.424  58.719 0.0000000000
148731  2.445  -30.380  57.527 0.0000000000
65501  5.899  -20.081  70.568 0.0000000000
148390  7.725  -20.369  70.392 0.0000000000
64492  8.365  -21.360  70.423 0.0000000000
65513  8.284  -20.742  70.066 0.0000000000
140982  8.542  -22.380  69.484 0.0000000000
63581  8.723  -22.664  68.715 0.0000000000
62757  10.043  -23.832  65.678 0.0000000000
61842  9.320  -24.290  66.130 0.0000000000
60925  8.627  -25.371  65.269 0.0000000000
151504  8.012  -26.397  64.190 0.0000000000
59976  7.356  -26.702  64.089 0.0000000000
128262  7.573  -27.233  62.704 0.0000000000
59037  7.191  -27.459  61.242 0.0000000000
53011  6.680  -33.236  77.791 0.0000000000
129542  6.576  -32.753  77.498 0.0000000000
55049  7.338  -31.464  76.476 0.0000000000
56016  7.255  -30.862  76.067 0.0000000000
132868  13.677  -30.801  76.075 0.0000000000
56001  11.824  -30.948  76.968 0.0000000000
132347  11.785  -31.880  77.003 0.0000000000
54058  11.980  -32.732  76.396 0.0000000000
51959  10.905  -33.587  76.095 0.0000000000
50920  10.323  -33.912  76.155 0.0000000000
50921  9.834  -34.429  75.914 0.0000000000
135532  9.221  -34.740  75.882 0.0000000000
143683  9.865  -34.183  76.331 0.0000000000
150419  8.811  -34.401  76.787 0.0000000000
51951  8.450  -34.178  77.172 0.0000000000
54050  9.600  -32.441  77.367 0.0000000000
53008  9.033  -33.255  77.327 0.0000000000
53010  7.232  -33.325  77.764 0.0000000000
63525  3.988  -22.196  75.464 0.0000000000
150958  4.217  -22.056  74.802 0.0000000000
63536  4.912  -21.641  74.475 0.0000000000
66398  4.601  -19.488  75.860 0.0000000000
64459  5.190  -20.857  74.757 0.0000000000
64470  5.805  -21.250  74.105 0.0000000000
64469  6.408  -20.960  73.622 0.0000000000
143806  1.325  -38.944  71.424 0.0000000000
48168  1.357  -38.558  70.820 0.0000000000
150138  1.808  -36.926  72.142 0.0000000000
148388  1.762  -37.057  72.948 0.0000000000
50007  1.951  -36.840  72.589 0.0000000000
134624  2.304  -36.375  72.149 0.0000000000
129216  2.994  -35.153  72.787 0.0000000000
129117  2.829  -34.126  73.088 0.0000000000
53028  2.551  -33.216  73.411 0.0000000000
56983  5.475  -29.432  76.503 0.0000000000
138745  4.473  -30.259  76.506 0.0000000000
57991  5.086  -28.438  76.609 0.0000000000
58913  5.236  -27.599  76.655 0.0000000000
139672  5.561  -26.375  76.902 0.0000000000
58918  4.666  -27.567  76.668 0.0000000000
138928  4.235  -26.674  76.612 0.0000000000
59850  3.718  -25.884  76.594 0.0000000000
60800  3.848  -25.214  77.066 0.0000000000
48121  5.400  -38.111  75.284 0.0000000000
47169  5.181  -38.778  74.982 0.0000000000
46186  3.928  -39.419  74.616 0.0000000000
46187  3.280  -39.462  74.484 0.0000000000
144384  3.549  -39.841  74.220 0.0000000000
45208  2.698  -41.350  73.049 0.0000000000
129095  1.897  -41.154  72.901 0.0000000000
46212  1.814  -40.273  73.180 0.0000000000
127741  1.467  -39.636  71.833 0.0000000000
52032  3.858  -35.299  69.121 0.0000000000
51027  4.032  -35.706  68.489 0.0000000000
52048  4.330  -35.228  68.146 0.0000000000
52030  4.478  -34.253  68.398 0.0000000000
140590  4.162  -32.829  69.342 0.0000000000
53070  4.465  -33.253  68.646 0.0000000000
53084  4.808  -33.525  67.900 0.0000000000
53098  5.222  -33.634  67.103 0.0000000000
146861  5.347  -32.862  66.624 0.0000000000
133456  2.962  -26.287  68.190 0.0000000000
59003  2.765  -27.426  67.486 0.0000000000
59950  2.772  -26.894  66.909 0.0000000000
58090  3.169  -28.071  65.576 0.0000000000
59014  3.192  -27.281  65.273 0.0000000000
59018  3.218  -27.959  64.592 0.0000000000
145424  3.462  -28.666  64.878 0.0000000000
57148  3.397  -29.438  63.797 0.0000000000
55186  2.741  -30.700  61.815 0.0000000000
57167  2.514  -29.872  62.059 0.0000000000
136801  2.092  -28.897  61.315 0.0000000000
58118  2.282  -28.004  61.468 0.0000000000
140750  2.279  -28.231  60.583 0.0000000000
59052  2.744  -27.944  60.014 0.0000000000
60035  3.229  -27.796  59.644 0.0000000000
60959  9.153  -26.364  62.410 0.0000000000
60958  9.726  -25.924  61.839 0.0000000000
60964  9.810  -25.633  60.273 0.0000000000
49959  3.526  -36.231  75.331 0.0000000000
49969  2.984  -36.574  75.012 0.0000000000
50926  3.812  -35.397  75.474 0.0000000000
54064  4.476  -32.905  76.438 0.0000000000
54054  6.274  -32.512  77.055 0.0000000000
55033  6.281  -32.054  76.792 0.0000000000
55034  5.887  -32.067  76.787 0.0000000000
55998  5.655  -31.213  76.629 0.0000000000
134205  5.705  -30.460  76.555 0.0000000000
136243  5.788  -29.076  76.454 0.0000000000
57989  5.895  -28.306  76.383 0.0000000000
58915  6.383  -27.193  76.464 0.0000000000
58914  6.741  -27.387  76.164 0.0000000000
54089  15.828  -31.772  72.088 0.0000000000
54080  15.604  -31.572  72.519 0.0000000000
130700  14.518  -32.384  72.578 0.0000000000
54075  14.631  -31.921  73.368 0.0000000000
53023  14.233  -32.336  73.163 0.0000000000
53027  13.836  -32.686  72.944 0.0000000000
51984  13.391  -33.100  72.728 0.0000000000
50968  12.198  -34.044  72.775 0.0000000000
53020  12.801  -32.786  74.506 0.0000000000
51968  12.436  -33.321  74.310 0.0000000000
51978  12.542  -33.440  73.665 0.0000000000
50957  12.070  -33.950  73.413 0.0000000000
50980  11.842  -34.569  72.425 0.0000000000
49998  10.004  -35.238  73.248 0.0000000000
48998  7.991  -37.323  74.261 0.0000000000
48120  6.505  -37.995  74.895 0.0000000000
125538  6.186  -37.652  75.298 0.0000000000
49953  8.082  -35.401  75.827 0.0000000000
48959  7.470  -36.161  75.931 0.0000000000
49942  7.475  -35.470  76.413 0.0000000000
49955  7.292  -35.990  76.235 0.0000000000
137732  7.366  -36.522  75.760 0.0000000000
48973  7.009  -36.862  75.583 0.0000000000
48111  4.804  -37.812  75.477 0.0000000000
148622  4.394  -37.574  75.543 0.0000000000
128449  5.207  -36.548  76.121 0.0000000000
48976  4.144  -37.264  75.572 0.0000000000
58052  2.309  -28.395  71.987 0.0000000000
57074  2.698  -29.312  71.291 0.0000000000
58062  2.634  -28.543  71.387 0.0000000000
137579  2.543  -27.811  71.500 0.0000000000
58985  2.753  -27.350  71.036 0.0000000000
142983  2.544  -26.823  71.817 0.0000000000
59913  2.848  -26.840  71.020 0.0000000000
138737  2.900  -27.314  70.058 0.0000000000
59925  3.048  -26.795  70.014 0.0000000000
58996  2.949  -26.892  69.125 0.0000000000
144789  3.062  -26.415  68.765 0.0000000000
62654  3.853  -24.035  74.147 0.0000000000
125409  3.938  -24.500  73.479 0.0000000000
62681  3.735  -25.106  71.866 0.0000000000
132593  3.551  -25.528  70.477 0.0000000000
61796  3.404  -25.938  69.663 0.0000000000
60884  3.158  -26.139  68.770 0.0000000000
60883  2.923  -26.098  67.996 0.0000000000
60898  3.299  -25.748  68.141 0.0000000000
61831  3.435  -25.648  67.548 0.0000000000
61793  4.271  -24.780  69.312 0.0000000000
61830  3.873  -25.252  67.806 0.0000000000
60897  4.526  -25.263  67.050 0.0000000000
60913  5.125  -25.408  66.396 0.0000000000
56041  10.419  -30.127  74.718 0.0000000000
57030  10.740  -29.520  73.875 0.0000000000
58040  11.461  -28.938  72.248 0.0000000000
57009  18.912  -28.675  73.615 0.0000000000
56053  18.641  -29.361  72.719 0.0000000000
56054  17.793  -29.992  72.499 0.0000000000
55071  16.970  -30.573  72.469 0.0000000000
128508  16.532  -30.544  72.857 0.0000000000
56025  15.899  -30.399  74.164 0.0000000000
127281  14.695  -29.803  75.526 0.0000000000
58940  16.497  -26.656  74.675 0.0000000000
58925  15.640  -27.221  74.839 0.0000000000
135363  15.689  -26.738  74.530 0.0000000000
56993  14.142  -29.014  75.708 0.0000000000
56010  13.955  -29.843  76.075 0.0000000000
56994  13.264  -29.017  75.910 0.0000000000
58944  13.073  -28.135  74.850 0.0000000000
58021  12.684  -28.585  75.235 0.0000000000
58006  12.159  -29.000  75.810 0.0000000000
56996  11.745  -29.489  75.862 0.0000000000
47289  2.323  -39.847  68.313 0.0000000000
48196  2.712  -38.226  67.883 0.0000000000
50043  3.404  -36.721  68.859 0.0000000000
49046  2.045  -37.307  70.223 0.0000000000
50036  2.786  -36.921  69.512 0.0000000000
51028  3.788  -36.095  68.824 0.0000000000
53057  3.589  -33.891  70.199 0.0000000000
56088  2.550  -30.001  71.692 0.0000000000
50949  3.126  -35.105  74.630 0.0000000000
51972  2.903  -34.076  74.386 0.0000000000
53026  2.549  -33.241  74.102 0.0000000000
54082  2.216  -32.429  73.764 0.0000000000
56017  2.483  -30.673  76.180 0.0000000000
56018  1.832  -30.369  75.718 0.0000000000
55051  2.169  -31.286  75.848 0.0000000000
55063  1.882  -31.838  74.840 0.0000000000
126642  1.889  -31.758  74.130 0.0000000000
127906  2.097  -31.625  73.323 0.0000000000
55086  1.945  -30.763  73.175 0.0000000000
57033  1.456  -29.700  74.036 0.0000000000
56070  1.959  -30.228  73.010 0.0000000000
135376  2.233  -29.922  72.432 0.0000000000
133957  2.031  -28.221  72.491 0.0000000000
58965  2.060  -27.564  72.436 0.0000000000
59890  2.337  -26.688  73.077 0.0000000000
62643  3.404  -23.375  75.092 0.0000000000
61714  3.208  -24.758  77.119 0.0000000000
61716  3.292  -23.994  77.164 0.0000000000
62616  3.892  -23.250  77.367 0.0000000000
63526  3.685  -22.893  75.925 0.0000000000
56056  9.917  -30.239  73.779 0.0000000000
53035  15.094  -32.284  71.197 0.0000000000
150105  14.736  -32.315  70.666 0.0000000000
47187  5.354  -39.209  74.350 0.0000000000
46210  5.163  -40.063  73.156 0.0000000000
45221  4.914  -41.258  72.170 0.0000000000
46329  2.907  -40.238  66.397 0.0000000000
50057  3.722  -36.770  67.636 0.0000000000
50069  3.786  -37.067  67.021 0.0000000000
49077  4.144  -37.430  66.456 0.0000000000
143342  4.700  -36.961  66.033 0.0000000000
48220  4.419  -38.881  65.402 0.0000000000
47356  4.560  -39.417  64.618 0.0000000000
50127  6.008  -36.885  63.038 0.0000000000
49158  5.094  -37.233  60.537 0.0000000000
150117  2.987  -29.307  70.563 0.0000000000
56105  3.365  -29.818  68.564 0.0000000000
57091  2.903  -28.872  68.651 0.0000000000
55133  4.397  -30.768  67.521 0.0000000000
55132  4.860  -31.387  66.946 0.0000000000
54157  5.477  -32.591  65.871 0.0000000000
57115  3.148  -28.886  66.846 0.0000000000
57114  3.643  -29.280  66.317 0.0000000000
56155  3.958  -29.783  64.673 0.0000000000
56154  4.100  -30.077  65.023 0.0000000000
56144  4.110  -29.976  65.980 0.0000000000
54167  5.066  -31.716  65.490 0.0000000000
53130  6.165  -33.048  64.552 0.0000000000
53146  6.309  -33.809  63.239 0.0000000000
52135  6.148  -34.298  62.570 0.0000000000
52136  5.571  -33.957  61.860 0.0000000000
51113  5.837  -34.877  61.728 0.0000000000
51140  5.562  -35.670  61.071 0.0000000000
50155  5.129  -36.350  60.461 0.0000000000
50156  4.508  -36.815  59.929 0.0000000000
50168  4.173  -36.329  59.313 0.0000000000
51155  3.931  -35.608  58.678 0.0000000000
55198  2.614  -31.062  61.044 0.0000000000
54231  2.649  -31.492  60.277 0.0000000000
145544  2.851  -32.131  59.814 0.0000000000
55219  2.577  -31.670  59.405 0.0000000000
54248  2.748  -32.459  59.159 0.0000000000
54268  2.626  -32.804  58.482 0.0000000000
66412  5.315  -19.531  73.961 0.0000000000
66411  6.073  -20.313  73.634 0.0000000000
65482  6.703  -20.754  72.934 0.0000000000
65483  6.336  -20.284  72.846 0.0000000000
63550  7.331  -21.821  72.246 0.0000000000
62676  7.310  -23.233  71.240 0.0000000000
61774  6.723  -24.021  70.035 0.0000000000
62688  8.178  -22.998  70.001 0.0000000000
61790  7.249  -23.996  69.564 0.0000000000
61791  6.514  -24.285  69.416 0.0000000000
61828  6.511  -24.916  67.833 0.0000000000
60912  6.112  -25.426  66.469 0.0000000000
143318  9.065  -22.150  68.251 0.0000000000
62747  9.081  -23.967  66.947 0.0000000000
61843  8.567  -24.677  66.513 0.0000000000
61826  8.308  -24.419  67.488 0.0000000000
151467  6.926  -25.447  66.450 0.0000000000
130050  5.676  -25.673  65.771 0.0000000000
59991  4.173  -26.419  62.436 0.0000000000
59989  6.127  -26.984  63.134 0.0000000000
59990  5.179  -26.674  62.789 0.0000000000
60005  4.142  -26.623  61.492 0.0000000000
60020  4.030  -26.824  60.656 0.0000000000
60034  3.664  -27.517  59.311 0.0000000000
59049  7.316  -27.450  60.443 0.0000000000
60032  5.479  -26.975  59.732 0.0000000000
144617  4.195  -27.163  58.984 0.0000000000
50923  7.783  -35.338  76.142 0.0000000000
51086  6.012  -35.573  64.633 0.0000000000
53147  6.104  -33.013  63.606 0.0000000000
54068  12.975  -32.305  75.654 0.0000000000
54070  2.651  -32.649  75.553 0.0000000000
54158  5.152  -31.996  66.383 0.0000000000
55044  14.357  -31.254  74.752 0.0000000000
56178  3.605  -30.157  63.403 0.0000000000
57992  6.494  -28.259  76.185 0.0000000000
58084  3.143  -28.511  66.297 0.0000000000
58950  14.236  -27.237  74.529 0.0000000000
59031  6.957  -27.431  62.038 0.0000000000
59944  2.814  -26.717  67.799 0.0000000000
59956  3.064  -26.717  65.660 0.0000000000
59964  6.788  -26.423  64.659 0.0000000000
60004  4.948  -26.796  61.899 0.0000000000
60022  2.997  -27.609  60.313 0.0000000000
60048  3.528  -27.872  58.688 0.0000000000
60801  3.154  -25.316  76.634 0.0000000000
60938  3.729  -26.000  64.894 0.0000000000
60951  9.604  -25.785  62.833 0.0000000000
61760  3.517  -25.308  73.340 0.0000000000
61777  3.491  -25.705  71.262 0.0000000000
61794  3.657  -25.181  69.560 0.0000000000
61808  7.751  -24.433  68.323 0.0000000000
61890  10.376  -24.920  60.667 0.0000000000
62629  3.422  -23.561  75.775 0.0000000000
62653  4.076  -24.095  73.544 0.0000000000
62689  7.459  -23.521  70.311 0.0000000000
62776  11.052  -23.670  63.463 0.0000000000
63551  6.611  -22.289  72.694 0.0000000000
63590  8.989  -22.883  67.990 0.0000000000
63618  9.903  -22.264  66.756 0.0000000000
64460  4.491  -21.390  75.202 0.0000000000
64485  8.117  -20.893  70.941 0.0000000000
64504  8.532  -21.468  69.728 0.0000000000
65490  7.511  -20.692  71.531 0.0000000000
126725  6.594  -25.716  65.878 0.0000000000
126874  2.212  -30.624  72.619 0.0000000000
128153  11.167  -33.671  75.562 0.0000000000
130051  2.729  -28.875  58.023 0.0000000000
131077  8.311  -25.913  64.663 0.0000000000
134066  5.746  -24.859  68.065 0.0000000000
137180  2.714  -32.215  56.844 0.0000000000
141864  3.748  -25.515  66.928 0.0000000000
144206  6.336  -20.181  71.451 0.0000000000
145648  3.135  -30.030  62.924 0.0000000000
146444  7.059  -35.229  77.133 0.0000000000
146616  3.482  -25.515  68.227 0.0000000000
146676  7.069  -27.080  63.378 0.0000000000
147268  3.131  -29.683  70.088 0.0000000000
147337  5.786  -27.501  76.541 0.0000000000
147443  6.630  -37.206  75.411 0.0000000000
148490  3.291  -25.885  68.694 0.0000000000
148853  4.545  -37.617  65.863 0.0000000000
150052  15.372  -30.959  74.193 0.0000000000
150068  4.683  -26.924  59.548 0.0000000000
150197  3.213  -25.897  66.178 0.0000000000
150768  2.511  -32.449  57.153 0.0000000000
151202  4.573  -36.079  59.939 0.0000000000
