#!ascii label  , from subject sub-v1s10x0051153_ses-1 vox2ras=TkReg
1513
10136  -17.704  -87.614  -40.845 0.5000000000
9138  -16.079  -88.114  -40.165 0.6000000238
123383  -25.340  -82.079  -42.954 0.3000000119
9123  -16.657  -88.358  -38.915 0.5000000000
14192  -22.270  -82.839  -43.503 0.4000000060
15143  -23.748  -81.748  -43.207 0.4000000060
16103  -24.803  -80.924  -44.093 0.4000000060
15132  -25.057  -81.687  -43.696 0.3000000119
16087  -22.686  -81.633  -42.940 0.4000000060
11155  -15.985  -86.026  -41.111 0.5000000000
126091  -16.263  -86.437  -41.851 0.5000000000
10152  -17.109  -87.177  -41.604 0.5000000000
11145  -16.316  -85.597  -39.802 0.6000000238
127819  -15.446  -86.615  -40.611 0.5000000000
10134  -15.622  -87.547  -40.905 0.6000000238
15118  -25.957  -81.894  -42.397 0.3000000119
9121  -14.668  -88.117  -39.753 0.5000000000
136077  -21.079  -83.110  -43.513 0.5000000000
13147  -21.425  -83.644  -43.133 0.5000000000
10120  -14.344  -87.602  -39.573 0.6000000238
9122  -15.378  -88.407  -39.581 0.5000000000
15130  -20.964  -81.878  -43.425 0.5000000000
15141  -21.710  -82.449  -43.564 0.4000000060
16088  -23.714  -80.951  -43.340 0.4000000060
17141  -24.975  -80.717  -43.797 0.3000000119
16090  -25.589  -80.990  -43.384 0.3000000119
16085  -20.471  -81.624  -42.983 0.4000000060
137336  -21.893  -81.540  -42.603 0.4000000060
16069  -22.971  -81.146  -42.371 0.4000000060
16067  -20.996  -81.562  -42.007 0.4000000060
14158  -14.229  -83.682  -41.202 0.6999999881
135963  -15.286  -83.594  -41.223 0.6999999881
14159  -16.115  -83.523  -41.623 0.6999999881
11169  -17.630  -86.438  -41.869 0.5000000000
13119  -13.369  -84.396  -40.761 0.6999999881
12087  -14.023  -84.635  -40.056 0.6999999881
13109  -16.150  -84.287  -39.640 0.8000000119
12101  -16.648  -85.020  -40.361 0.5000000000
12089  -16.556  -85.072  -38.788 0.6999999881
12118  -18.725  -85.218  -42.253 0.5000000000
13095  -14.883  -84.467  -38.779 0.6999999881
125662  -18.923  -84.803  -42.701 0.4000000060
14191  -20.039  -83.392  -43.132 0.5000000000
15105  -26.445  -81.935  -41.627 0.3000000119
12088  -16.321  -85.285  -38.103 0.6000000238
14190  -19.034  -83.768  -43.158 0.5000000000
15140  -20.614  -82.501  -43.429 0.5000000000
15106  -26.738  -81.301  -42.048 0.3000000119
11134  -15.719  -86.146  -38.511 0.5000000000
15129  -20.087  -82.021  -43.202 0.5000000000
16065  -19.432  -81.660  -41.499 0.4000000060
16066  -20.174  -81.670  -42.019 0.4000000060
16068  -21.901  -81.382  -41.375 0.4000000060
17129  -23.752  -80.710  -41.636 0.4000000060
139708  -24.675  -80.592  -42.623 0.4000000060
125386  -20.172  -81.529  -40.002 0.3000000119
16047  -21.118  -81.499  -40.947 0.4000000060
15113  -10.852  -83.111  -41.929 0.5000000000
14155  -11.265  -84.233  -40.995 0.6000000238
16022  -11.724  -82.014  -40.293 0.6000000238
15100  -12.622  -83.573  -40.689 0.6000000238
14157  -13.395  -83.951  -41.118 0.6000000238
15124  -9.558  -82.835  -42.731 0.5000000000
16060  -10.357  -82.858  -42.780 0.5000000000
14167  -9.966  -83.692  -41.678 0.6000000238
125083  -11.859  -84.466  -40.547 0.6000000238
13107  -12.359  -84.849  -40.320 0.6999999881
12115  -16.985  -84.753  -41.941 0.6000000238
14134  -26.482  -83.101  -38.744 0.3000000119
16037  -8.504  -82.386  -41.037 0.6999999881
15110  -8.762  -83.215  -41.388 0.6000000238
14166  -9.367  -83.846  -41.238 0.6000000238
14154  -10.320  -84.173  -41.188 0.6000000238
13105  -10.915  -85.096  -39.954 0.6999999881
13094  -13.449  -85.044  -39.059 0.6999999881
13131  -17.325  -84.150  -42.547 0.6000000238
144497  -17.737  -84.542  -42.842 0.6000000238
12117  -18.332  -85.076  -42.520 0.5000000000
145216  -8.824  -81.846  -42.428 0.6999999881
15099  -8.531  -82.975  -40.502 0.6000000238
14143  -9.002  -83.995  -39.484 0.6000000238
13116  -9.596  -84.506  -39.878 0.6000000238
12085  -11.829  -85.412  -38.865 0.6999999881
124090  -14.302  -84.654  -37.777 0.6999999881
14189  -18.334  -84.119  -43.041 0.5000000000
15093  -26.238  -82.459  -40.597 0.3000000119
17111  -8.542  -81.397  -40.346 0.6999999881
16021  -8.467  -82.142  -39.994 0.6000000238
15087  -8.479  -82.755  -39.531 0.6999999881
13093  -10.274  -84.663  -38.378 0.6000000238
13081  -11.229  -84.989  -38.134 0.6000000238
13085  -16.075  -84.724  -37.604 0.6999999881
15126  -17.557  -82.784  -42.691 0.5000000000
15127  -18.290  -82.615  -42.817 0.5000000000
14142  -8.640  -83.319  -39.023 0.6000000238
13080  -9.863  -84.135  -37.535 0.6000000238
13067  -13.646  -84.580  -36.669 0.6000000238
144652  -15.660  -85.096  -36.549 0.6000000238
11112  -15.660  -85.592  -36.686 0.6000000238
16082  -17.846  -82.033  -42.348 0.5000000000
16071  -26.715  -80.953  -42.176 0.3000000119
131833  -8.324  -82.520  -38.546 0.6999999881
14095  -8.700  -83.207  -37.213 0.6000000238
14130  -8.992  -83.816  -38.584 0.6000000238
145173  -10.978  -84.252  -36.917 0.6000000238
13066  -12.341  -84.480  -36.731 0.5000000000
13047  -14.021  -84.422  -35.304 0.5000000000
11111  -15.165  -86.256  -36.129 0.5000000000
11133  -14.717  -86.803  -38.217 0.5000000000
16064  -18.413  -81.651  -41.522 0.5000000000
16008  -19.754  -81.493  -38.597 0.3000000119
16027  -19.967  -81.500  -39.236 0.3000000119
125655  -20.889  -81.484  -40.197 0.3000000119
16048  -22.181  -81.209  -40.370 0.4000000060
134765  -22.746  -81.086  -41.160 0.4000000060
10090  -14.422  -87.082  -36.633 0.5000000000
130082  -19.238  -81.519  -39.071 0.3000000119
138835  -19.457  -81.535  -39.843 0.3000000119
144084  -21.509  -81.389  -40.456 0.4000000060
17139  -11.381  -81.686  -43.548 0.5000000000
16081  -10.697  -82.396  -43.440 0.5000000000
17128  -11.842  -80.591  -42.264 0.5000000000
147437  -11.392  -81.623  -41.426 0.5000000000
17156  -11.346  -81.253  -45.367 0.5000000000
16110  -10.711  -81.934  -44.908 0.5000000000
16099  -10.835  -82.128  -44.333 0.5000000000
16061  -11.105  -82.468  -42.279 0.5000000000
16039  -11.324  -82.245  -41.142 0.5000000000
15090  -12.727  -82.490  -40.155 0.6000000238
15101  -13.393  -83.187  -40.764 0.6000000238
17147  -9.923  -81.595  -44.685 0.5000000000
14169  -14.247  -83.373  -41.199 0.6000000238
145311  -15.416  -82.908  -41.782 0.8000000119
123120  -25.930  -83.892  -37.271 0.3000000119
18207  -10.017  -80.491  -44.666 0.6000000238
18200  -9.389  -80.656  -43.736 0.6000000238
16097  -9.429  -82.274  -43.811 0.6000000238
16040  -14.910  -81.837  -40.466 0.4000000060
14119  -26.685  -83.542  -38.021 0.3000000119
124675  -9.102  -80.377  -42.627 0.6999999881
15114  -15.732  -82.554  -41.796 0.5000000000
14171  -15.959  -83.011  -42.039 0.6000000238
15080  -27.294  -82.396  -39.524 0.3000000119
136731  -27.050  -82.125  -40.288 0.3000000119
18188  -9.066  -79.900  -40.828 0.6999999881
16042  -16.345  -81.553  -40.700 0.4000000060
15094  -27.192  -81.498  -41.215 0.3000000119
17112  -8.712  -80.627  -40.675 0.6000000238
17092  -8.437  -81.374  -39.390 0.6999999881
16062  -16.409  -81.876  -41.672 0.4000000060
17116  -26.253  -80.687  -42.099 0.3000000119
17093  -8.685  -80.492  -39.603 0.6000000238
17074  -8.467  -80.742  -38.691 0.6999999881
14096  -9.412  -83.629  -36.904 0.6000000238
14080  -11.599  -83.751  -35.524 0.5000000000
14098  -12.132  -83.995  -35.940 0.5000000000
12058  -15.126  -85.301  -35.473 0.6000000238
124943  -16.897  -81.473  -39.757 0.4000000060
16044  -18.092  -81.531  -40.637 0.4000000060
15988  -17.730  -81.508  -36.939 0.3000000119
131126  -19.112  -81.504  -38.142 0.3000000119
15990  -19.559  -81.455  -37.315 0.3000000119
15991  -20.592  -81.365  -37.818 0.3000000119
16029  -21.534  -81.309  -39.641 0.4000000060
17115  -25.036  -80.507  -41.543 0.3000000119
15065  -8.908  -83.181  -36.295 0.6000000238
136907  -11.050  -83.580  -34.939 0.5000000000
144136  -11.834  -83.627  -34.813 0.5000000000
14082  -13.197  -83.970  -34.770 0.5000000000
12043  -14.765  -85.482  -34.888 0.5000000000
10077  -14.515  -86.896  -35.531 0.6000000238
138807  -13.933  -87.575  -36.230 0.5000000000
125388  -17.819  -81.522  -39.731 0.3000000119
130083  -18.105  -81.501  -37.950 0.3000000119
14078  -9.771  -83.480  -36.021 0.5000000000
14046  -13.103  -83.940  -33.881 0.5000000000
12042  -14.206  -85.711  -34.096 0.5000000000
11068  -13.504  -86.292  -33.480 0.5000000000
18221  -13.255  -79.854  -46.042 0.5000000000
17149  -12.166  -80.933  -45.035 0.5000000000
128796  -12.437  -79.975  -42.817 0.5000000000
141749  -12.989  -79.250  -42.149 0.5000000000
147632  -12.439  -79.726  -41.800 0.5000000000
17127  -11.622  -80.821  -41.199 0.5000000000
19267  -11.009  -79.487  -45.549 0.5000000000
17148  -11.361  -81.595  -44.620 0.5000000000
18184  -12.460  -80.351  -39.461 0.4000000060
18213  -10.766  -80.563  -45.401 0.5000000000
16002  -12.826  -80.944  -39.017 0.4000000060
14102  -27.057  -84.140  -37.393 0.3000000119
19260  -10.338  -79.394  -44.679 0.6000000238
16024  -13.069  -81.569  -39.355 0.4000000060
16025  -14.244  -81.719  -39.699 0.4000000060
18201  -9.848  -79.233  -43.458 0.6000000238
18194  -9.443  -79.522  -42.554 0.6000000238
14135  -27.630  -82.953  -38.665 0.3000000119
19244  -9.701  -78.932  -41.549 0.6000000238
16026  -15.856  -81.469  -39.895 0.4000000060
19233  -9.561  -79.187  -40.733 0.6000000238
141362  -15.743  -81.446  -38.799 0.4000000060
16005  -16.547  -81.477  -38.801 0.4000000060
16031  -27.658  -81.037  -40.990 0.3000000119
131041  -9.339  -79.488  -40.116 0.6999999881
16006  -17.501  -81.519  -38.801 0.3000000119
130084  -17.058  -81.521  -37.734 0.3000000119
18209  -12.952  -80.001  -44.565 0.5000000000
18208  -12.526  -80.279  -43.922 0.5000000000
18202  -13.018  -79.511  -43.305 0.5000000000
19245  -13.614  -78.736  -41.441 0.4000000060
18219  -12.097  -80.119  -46.322 0.5000000000
18196  -12.867  -79.210  -41.115 0.4000000060
18189  -12.374  -79.871  -39.989 0.4000000060
19273  -12.280  -79.430  -46.741 0.6000000238
17075  -12.932  -80.099  -38.677 0.4000000060
17076  -13.342  -80.456  -38.084 0.4000000060
131315  -27.582  -83.643  -37.918 0.3000000119
13087  -28.017  -84.163  -37.471 0.3000000119
131574  -9.841  -78.750  -42.276 0.6000000238
16003  -14.308  -81.348  -38.647 0.4000000060
128359  -15.033  -81.486  -39.284 0.4000000060
16004  -15.109  -81.415  -38.166 0.4000000060
15986  -15.247  -81.378  -37.154 0.4000000060
130085  -16.017  -81.495  -37.894 0.3000000119
15987  -16.274  -81.476  -36.826 0.3000000119
18183  -9.194  -79.574  -39.333 0.6000000238
18216  -13.645  -79.531  -45.148 0.5000000000
19262  -13.573  -79.303  -43.896 0.5000000000
19255  -14.561  -78.429  -42.671 0.4000000060
19246  -14.401  -78.380  -41.740 0.4000000060
19274  -13.108  -79.388  -46.660 0.5000000000
123822  -13.876  -79.348  -46.045 0.5000000000
19236  -14.248  -78.424  -40.758 0.4000000060
19279  -12.580  -78.743  -47.011 0.6000000238
19281  -14.096  -78.403  -46.578 0.6000000238
19220  -13.388  -78.900  -39.557 0.4000000060
20308  -11.375  -78.216  -45.472 0.6000000238
20323  -11.978  -78.341  -46.712 0.6000000238
19206  -14.004  -78.820  -38.294 0.4000000060
141170  -13.726  -80.027  -37.260 0.4000000060
19253  -10.468  -78.300  -43.592 0.6000000238
17060  -13.780  -80.720  -37.573 0.4000000060
139383  -14.171  -80.047  -36.537 0.4000000060
15965  -14.665  -81.078  -36.720 0.4000000060
137796  -15.048  -80.365  -35.554 0.4000000060
15081  -28.171  -81.796  -39.423 0.3000000119
15073  -28.478  -82.401  -38.625 0.3000000119
134279  -10.899  -77.664  -43.760 0.6000000238
15966  -15.295  -81.100  -36.135 0.4000000060
16051  -27.646  -80.786  -40.908 0.3000000119
146275  -28.140  -81.181  -39.966 0.3000000119
147505  -10.063  -78.323  -41.569 0.6000000238
19218  -9.762  -78.857  -39.746 0.6000000238
20262  -10.870  -76.989  -41.681 0.6999999881
21372  -12.040  -76.194  -43.002 0.6999999881
20245  -10.410  -77.667  -41.133 0.6000000238
143585  -11.438  -76.324  -41.654 0.6999999881
22524  -12.395  -75.413  -42.585 0.6999999881
20246  -10.823  -76.873  -40.525 0.6000000238
23812  -12.839  -74.680  -43.239 0.6999999881
122680  -13.320  -73.749  -43.454 0.6000000238
22515  -11.748  -75.722  -41.237 0.6999999881
23797  -13.099  -73.967  -42.471 0.6999999881
133435  -14.329  -78.725  -43.873 0.5000000000
19256  -15.117  -78.226  -43.198 0.5000000000
19275  -14.516  -78.811  -46.118 0.5000000000
19268  -15.337  -78.271  -45.448 0.5000000000
19263  -15.163  -78.329  -44.336 0.5000000000
20279  -15.779  -77.820  -42.726 0.5000000000
19247  -15.118  -78.044  -42.129 0.4000000060
19237  -15.080  -78.062  -41.018 0.4000000060
21411  -13.438  -77.011  -46.745 0.6000000238
20340  -15.307  -77.440  -46.369 0.6000000238
20325  -15.812  -77.840  -45.843 0.6000000238
20310  -16.345  -77.859  -45.158 0.6000000238
127326  -14.822  -78.305  -39.358 0.4000000060
20309  -11.870  -77.310  -45.869 0.6000000238
21413  -15.533  -76.710  -46.402 0.6000000238
20341  -16.103  -77.197  -46.100 0.6000000238
19221  -14.042  -78.647  -39.016 0.4000000060
21388  -11.587  -77.073  -44.721 0.6000000238
144093  -12.313  -76.674  -46.051 0.6000000238
22567  -13.559  -76.072  -46.515 0.6000000238
22569  -15.186  -75.931  -46.464 0.6000000238
22570  -16.188  -76.189  -46.282 0.6000000238
18161  -14.136  -79.341  -37.106 0.4000000060
19177  -15.378  -78.801  -35.984 0.4000000060
21389  -12.069  -76.429  -45.190 0.6000000238
22551  -13.254  -75.577  -46.052 0.6000000238
22553  -14.707  -75.144  -46.215 0.6000000238
22554  -16.704  -75.167  -46.125 0.6000000238
136989  -18.154  -74.934  -45.765 0.6000000238
18135  -14.754  -79.288  -36.036 0.4000000060
18136  -15.200  -79.605  -35.385 0.4000000060
21379  -11.388  -76.925  -43.566 0.6000000238
22541  -13.017  -75.005  -45.238 0.5000000000
23837  -13.647  -74.942  -45.678 0.6000000238
23839  -15.268  -74.454  -45.919 0.6000000238
23840  -16.796  -74.171  -45.832 0.6000000238
133611  -18.362  -74.080  -45.653 0.6999999881
20278  -10.912  -77.420  -42.853 0.6999999881
21380  -11.935  -76.250  -44.088 0.6000000238
23824  -13.726  -74.351  -45.056 0.6000000238
25077  -15.179  -73.792  -45.325 0.6000000238
25079  -17.667  -73.613  -45.600 0.6000000238
25081  -19.360  -73.593  -45.424 0.6000000238
25069  -20.774  -73.219  -44.756 0.6000000238
25066  -16.029  -73.000  -45.077 0.6000000238
26283  -17.859  -72.546  -45.205 0.6000000238
25067  -19.329  -72.547  -44.862 0.6000000238
123831  -20.409  -72.799  -44.254 0.6000000238
23813  -13.188  -74.352  -44.320 0.6000000238
23825  -14.472  -73.678  -44.768 0.6000000238
26279  -17.630  -71.772  -44.732 0.5000000000
26269  -19.110  -71.834  -44.305 0.6000000238
25055  -20.045  -72.624  -43.878 0.6000000238
26277  -15.618  -72.373  -44.518 0.5000000000
22516  -12.198  -75.213  -41.673 0.6999999881
25045  -13.527  -73.011  -42.711 0.6999999881
26266  -14.373  -72.327  -43.605 0.5000000000
26267  -15.165  -71.881  -43.979 0.6000000238
27470  -17.279  -71.122  -44.268 0.5000000000
26268  -18.299  -71.225  -44.116 0.5000000000
27464  -16.718  -70.707  -43.787 0.6000000238
34178  -9.572  -64.911  -37.168 0.6000000238
34186  -10.378  -64.701  -37.628 0.6000000238
33169  -10.478  -65.307  -38.663 0.6000000238
135021  -15.690  -78.032  -43.647 0.5000000000
20294  -15.975  -77.988  -44.494 0.5000000000
20280  -16.676  -77.678  -42.335 0.5000000000
20247  -15.908  -77.789  -40.759 0.5000000000
19222  -15.386  -78.040  -40.071 0.4000000060
21398  -16.913  -76.883  -45.882 0.5000000000
20326  -16.659  -77.527  -45.507 0.5000000000
20313  -18.986  -77.967  -45.136 0.5000000000
124550  -15.640  -78.077  -39.267 0.4000000060
19209  -16.725  -78.153  -38.376 0.4000000060
20328  -18.421  -77.382  -45.430 0.5000000000
138877  -19.234  -77.230  -45.454 0.5000000000
19192  -15.182  -78.425  -37.795 0.4000000060
19193  -16.126  -78.330  -37.639 0.4000000060
124898  -16.407  -78.468  -36.641 0.4000000060
22557  -19.232  -75.663  -45.685 0.5000000000
138255  -20.140  -75.778  -45.611 0.5000000000
137403  -18.764  -76.534  -45.662 0.5000000000
141561  -15.547  -78.553  -36.960 0.4000000060
23842  -19.781  -74.656  -45.607 0.6000000238
22558  -21.136  -75.522  -45.624 0.6000000238
25082  -20.352  -73.682  -45.346 0.6000000238
23844  -21.597  -74.560  -45.523 0.5000000000
23815  -21.309  -73.585  -43.584 0.4000000060
25071  -22.307  -73.548  -44.538 0.4000000060
25072  -22.998  -73.676  -44.399 0.4000000060
25048  -19.543  -73.317  -43.221 0.6000000238
23814  -20.444  -73.356  -43.564 0.6000000238
137180  -21.569  -74.150  -42.959 0.5000000000
23801  -22.356  -74.178  -42.806 0.4000000060
142207  -23.220  -73.931  -43.244 0.4000000060
23802  -23.273  -74.253  -42.243 0.4000000060
22507  -11.635  -75.531  -40.338 0.6999999881
25054  -19.470  -72.284  -43.784 0.6000000238
23780  -20.413  -74.553  -41.795 0.5000000000
144683  -22.344  -74.441  -41.815 0.4000000060
27461  -14.149  -71.717  -43.062 0.6000000238
26258  -18.113  -71.101  -43.520 0.5000000000
26259  -18.696  -71.773  -43.555 0.5000000000
23779  -19.372  -74.544  -41.523 0.5000000000
145490  -20.968  -74.695  -41.167 0.5000000000
23760  -21.850  -74.609  -40.984 0.4000000060
23744  -22.846  -74.061  -40.163 0.4000000060
27463  -15.653  -71.052  -43.730 0.6000000238
25040  -17.907  -73.588  -41.526 0.5000000000
33131  -9.458  -65.833  -35.718 0.6999999881
33147  -9.959  -65.161  -36.315 0.6000000238
33132  -10.578  -65.814  -35.518 0.6999999881
34179  -10.579  -64.777  -36.973 0.6000000238
32056  -11.759  -66.653  -34.923 0.6000000238
133569  -12.152  -64.120  -38.376 0.6000000238
123287  -11.910  -65.394  -36.353 0.6000000238
32057  -12.156  -66.510  -35.475 0.6000000238
30917  -12.189  -67.952  -34.319 0.6000000238
28567  -12.577  -70.043  -33.912 0.6000000238
33176  -11.132  -65.983  -39.219 0.5000000000
34188  -13.012  -64.123  -38.267 0.6000000238
147010  -12.431  -65.201  -36.883 0.6000000238
30948  -12.763  -67.204  -36.024 0.6000000238
29754  -12.498  -68.764  -35.038 0.6000000238
20264  -16.447  -77.680  -41.342 0.5000000000
33177  -12.158  -65.605  -39.348 0.5000000000
34204  -12.694  -64.298  -39.021 0.5000000000
30949  -13.161  -67.901  -36.505 0.5000000000
30935  -12.808  -68.383  -35.853 0.5000000000
20296  -17.809  -78.057  -44.474 0.4000000060
123963  -18.276  -77.974  -43.550 0.5000000000
20249  -17.502  -77.820  -40.545 0.5000000000
20233  -16.158  -77.861  -39.936 0.4000000060
138035  -13.265  -65.217  -39.457 0.5000000000
33159  -13.717  -64.681  -38.401 0.5000000000
30960  -13.629  -67.906  -37.165 0.5000000000
29766  -13.372  -68.900  -36.549 0.5000000000
134711  -18.682  -78.146  -44.539 0.5000000000
19224  -17.276  -78.033  -39.091 0.4000000060
146425  -17.869  -78.336  -37.631 0.4000000060
19195  -18.432  -78.318  -37.191 0.4000000060
32094  -12.676  -66.466  -39.925 0.5000000000
33171  -14.181  -64.633  -38.966 0.5000000000
32078  -14.049  -66.795  -37.821 0.6000000238
30961  -14.341  -67.901  -37.831 0.6000000238
19194  -17.065  -78.344  -37.581 0.4000000060
32104  -14.404  -66.647  -40.375 0.6000000238
32096  -15.570  -66.226  -39.630 0.6000000238
32079  -14.934  -66.769  -38.532 0.6999999881
21400  -20.746  -76.541  -45.478 0.4000000060
26228  -12.530  -71.963  -39.610 0.6000000238
22559  -22.013  -75.417  -45.587 0.5000000000
22561  -23.648  -75.334  -45.257 0.4000000060
25012  -12.413  -73.408  -39.556 0.6000000238
23845  -22.436  -74.552  -45.383 0.4000000060
126804  -12.535  -73.780  -40.107 0.6000000238
25039  -13.289  -73.472  -41.684 0.6000000238
127214  -24.400  -73.971  -44.108 0.4000000060
27452  -14.078  -71.411  -42.518 0.6000000238
23777  -12.899  -74.117  -41.661 0.6999999881
28662  -16.156  -70.422  -43.269 0.6000000238
28660  -17.040  -70.037  -42.594 0.6000000238
27454  -17.691  -70.828  -43.042 0.5000000000
130743  -17.992  -71.647  -42.868 0.5000000000
33122  -10.191  -66.612  -34.910 0.6999999881
32035  -11.049  -67.059  -34.298 0.6999999881
137918  -11.690  -67.877  -33.451 0.6000000238
32018  -11.844  -67.575  -33.951 0.6000000238
143135  -12.030  -68.687  -32.815 0.6000000238
29746  -12.320  -69.010  -34.143 0.6000000238
28554  -13.017  -70.913  -33.586 0.6999999881
28568  -13.026  -70.732  -34.510 0.6000000238
29747  -12.638  -69.809  -34.828 0.6000000238
20282  -18.768  -78.091  -42.776 0.5000000000
20281  -17.898  -77.909  -42.339 0.5000000000
20265  -17.230  -77.766  -41.385 0.5000000000
125491  -18.124  -77.932  -41.192 0.5000000000
28577  -13.216  -70.420  -35.396 0.6000000238
27348  -13.570  -71.442  -34.125 0.5000000000
123177  -18.929  -78.276  -41.789 0.5000000000
20235  -17.784  -77.984  -39.803 0.5000000000
128985  -18.605  -78.275  -38.176 0.4000000060
28595  -14.541  -69.959  -37.511 0.6000000238
29767  -13.959  -69.545  -37.024 0.6000000238
28569  -13.714  -71.236  -35.007 0.5000000000
20297  -19.655  -78.208  -44.586 0.5000000000
27429  -12.675  -70.923  -39.936 0.6000000238
29809  -13.121  -69.106  -40.713 0.4000000060
30981  -13.443  -68.183  -40.834 0.6000000238
32085  -15.730  -66.692  -39.225 0.6000000238
29791  -15.220  -67.944  -38.551 0.6000000238
28585  -14.237  -70.421  -36.682 0.6000000238
20331  -21.187  -77.082  -45.261 0.4000000060
124690  -21.089  -78.076  -44.388 0.4000000060
133578  -13.233  -70.616  -40.549 0.5000000000
29810  -14.081  -68.602  -41.117 0.5000000000
30982  -14.476  -67.500  -40.795 0.6000000238
32105  -15.835  -66.584  -40.154 0.6999999881
30976  -16.341  -67.708  -39.805 0.6000000238
29792  -15.823  -68.480  -39.058 0.6000000238
28596  -15.124  -70.385  -37.955 0.6000000238
21402  -22.420  -76.229  -45.367 0.5000000000
27430  -13.273  -71.525  -40.511 0.6000000238
29811  -15.233  -68.048  -41.178 0.6000000238
30984  -16.282  -67.523  -40.518 0.6000000238
29803  -16.263  -68.802  -39.657 0.6000000238
27384  -15.567  -70.926  -38.351 0.6000000238
126092  -15.427  -71.251  -37.483 0.6000000238
21403  -23.257  -76.089  -45.235 0.4000000060
123146  -13.729  -70.717  -41.181 0.5000000000
29821  -14.768  -68.999  -41.533 0.6000000238
30996  -16.537  -68.251  -41.153 0.6000000238
28623  -16.165  -69.882  -39.659 0.6000000238
27399  -15.816  -70.636  -39.053 0.6000000238
26241  -13.491  -72.296  -40.945 0.6000000238
27443  -13.783  -71.615  -41.614 0.6000000238
28657  -14.147  -70.787  -42.033 0.6000000238
29823  -16.636  -68.811  -41.672 0.6000000238
29812  -17.103  -68.929  -41.013 0.6000000238
28659  -16.557  -69.914  -42.686 0.6000000238
28661  -15.274  -70.802  -43.215 0.6000000238
27445  -17.485  -71.385  -42.218 0.5000000000
132059  -17.268  -73.055  -40.959 0.5000000000
30916  -8.973  -67.983  -34.292 0.6999999881
32016  -10.740  -67.528  -33.711 0.6999999881
29730  -8.163  -69.453  -33.612 0.6999999881
30873  -8.718  -68.926  -33.119 0.6999999881
30891  -9.300  -68.301  -33.545 0.6999999881
30893  -11.186  -67.933  -33.095 0.6999999881
126866  -11.712  -68.296  -32.893 0.6000000238
29716  -12.327  -69.266  -32.442 0.6000000238
28530  -13.322  -70.818  -31.457 0.5000000000
28553  -12.648  -70.152  -32.971 0.6999999881
28541  -13.248  -71.077  -32.569 0.5000000000
124549  -14.037  -71.911  -32.792 0.5000000000
124677  -14.170  -71.975  -33.670 0.5000000000
20266  -19.946  -78.410  -41.705 0.4000000060
124184  -18.924  -78.210  -40.747 0.5000000000
19227  -20.027  -78.424  -39.764 0.5000000000
19226  -19.214  -78.300  -39.174 0.5000000000
19211  -19.585  -78.223  -38.316 0.4000000060
124204  -20.852  -78.344  -43.561 0.4000000060
20250  -19.852  -78.414  -40.708 0.4000000060
27362  -14.647  -71.575  -35.398 0.6000000238
28586  -14.870  -70.798  -37.095 0.6000000238
126034  -15.207  -71.618  -35.964 0.6000000238
27385  -15.943  -71.715  -37.928 0.6000000238
126319  -15.790  -71.929  -36.118 0.6000000238
28624  -16.702  -69.993  -40.480 0.6000000238
26229  -16.347  -71.878  -39.406 0.6000000238
26183  -16.802  -72.440  -36.744 0.6000000238
28636  -17.121  -69.587  -41.206 0.6000000238
26215  -16.387  -72.177  -38.471 0.5000000000
148189  -16.936  -71.485  -40.882 0.6000000238
129565  -16.802  -72.444  -40.216 0.5000000000
26242  -17.192  -72.012  -41.279 0.5000000000
29713  -7.956  -70.194  -33.298 0.6999999881
29714  -8.211  -69.573  -32.652 0.6999999881
29715  -8.672  -68.948  -32.120 0.6999999881
30875  -10.503  -68.324  -32.486 0.6999999881
30859  -10.769  -68.626  -31.751 0.6000000238
30876  -11.358  -68.400  -32.318 0.6999999881
29705  -12.335  -69.174  -31.555 0.4000000060
122076  -8.187  -71.787  -32.747 0.6999999881
122201  -8.215  -70.622  -32.493 0.6999999881
29702  -8.415  -69.774  -31.821 0.6000000238
29704  -10.147  -68.974  -31.248 0.6000000238
29706  -12.808  -69.872  -31.050 0.5000000000
122256  -6.832  -73.307  -33.590 0.6999999881
121557  -8.029  -72.573  -32.415 0.6999999881
27288  -13.972  -71.433  -30.888 0.5000000000
143048  -6.007  -73.824  -32.126 0.6999999881
27289  -14.708  -72.056  -31.199 0.5000000000
121555  -5.604  -73.682  -31.699 0.6000000238
121546  -4.971  -72.430  -31.512 0.6000000238
122533  -5.292  -71.425  -31.531 0.6000000238
129637  -5.466  -70.261  -32.151 0.5000000000
29682  -4.689  -69.653  -30.385 0.5000000000
20251  -20.748  -78.423  -40.337 0.4000000060
19212  -20.103  -78.318  -38.946 0.4000000060
26199  -16.550  -72.325  -37.582 0.6000000238
30842  -11.087  -68.953  -31.059 0.5000000000
30860  -11.559  -68.698  -31.544 0.5000000000
146976  -8.425  -71.443  -32.131 0.6000000238
28508  -9.024  -71.171  -31.087 0.6000000238
29684  -9.819  -69.738  -30.985 0.6000000238
29685  -10.654  -69.420  -30.701 0.6000000238
30843  -11.770  -69.054  -30.712 0.5000000000
29687  -12.308  -69.239  -30.632 0.5000000000
27269  -13.441  -70.524  -30.415 0.5000000000
121568  -7.463  -73.213  -32.370 0.6999999881
26131  -8.353  -72.556  -31.240 0.6000000238
27267  -8.765  -72.098  -30.751 0.6000000238
28491  -9.914  -71.289  -29.889 0.6000000238
28492  -10.591  -70.864  -29.297 0.6000000238
28511  -14.182  -71.256  -30.041 0.5000000000
121547  -6.643  -73.611  -31.016 0.6999999881
26130  -7.835  -73.218  -30.919 0.6000000238
26111  -8.093  -73.189  -29.371 0.6000000238
27255  -8.693  -72.629  -28.721 0.6000000238
27256  -9.708  -71.851  -28.867 0.6000000238
26115  -5.969  -73.157  -30.390 0.6000000238
24879  -6.991  -73.445  -29.971 0.6000000238
26105  -6.970  -72.766  -28.915 0.6000000238
27242  -8.346  -72.563  -27.934 0.6000000238
27266  -5.816  -72.497  -30.195 0.6000000238
27253  -6.181  -72.011  -29.421 0.6000000238
27240  -6.636  -71.904  -28.713 0.6000000238
27241  -7.425  -72.239  -28.192 0.6000000238
122122  -5.591  -71.440  -30.223 0.5000000000
141836  -5.396  -70.629  -30.409 0.5000000000
28489  -5.683  -70.780  -29.531 0.5000000000
28490  -6.186  -71.227  -28.938 0.6000000238
28477  -7.322  -71.360  -27.748 0.6000000238
20236  -20.892  -78.233  -39.363 0.4000000060
29681  -3.913  -69.262  -30.690 0.5000000000
29663  -5.337  -69.903  -29.068 0.5000000000
28475  -5.941  -70.429  -28.739 0.6000000238
28467  -6.953  -70.449  -27.704 0.6000000238
30818  -3.555  -68.184  -29.314 0.5000000000
30819  -4.407  -68.622  -28.974 0.5000000000
29662  -4.752  -69.419  -29.396 0.4000000060
29650  -5.774  -69.567  -28.534 0.5000000000
29641  -6.692  -69.476  -27.709 0.6000000238
129733  -11.842  -69.299  -30.009 0.6000000238
30823  -12.962  -69.260  -29.210 0.5000000000
29666  -13.321  -69.786  -29.608 0.5000000000
29665  -11.615  -69.529  -29.652 0.6000000238
30821  -12.147  -69.329  -29.243 0.5000000000
28493  -13.873  -70.600  -29.648 0.5000000000
28478  -10.948  -70.868  -28.474 0.6999999881
28479  -11.495  -70.282  -28.071 0.6999999881
27243  -9.311  -72.262  -27.779 0.6000000238
27235  -10.072  -71.845  -27.240 0.6999999881
132733  -8.764  -72.219  -27.337 0.6000000238
27227  -10.031  -71.628  -26.591 0.6999999881
28468  -7.679  -70.967  -27.195 0.6000000238
28460  -8.971  -70.892  -26.186 0.6999999881
29642  -7.319  -69.884  -27.128 0.6000000238
29634  -8.548  -69.800  -26.057 0.6999999881
33074  -3.444  -66.673  -29.559 0.5000000000
31964  -4.372  -67.634  -28.858 0.5000000000
30806  -5.112  -68.190  -28.656 0.4000000060
30795  -6.496  -68.505  -27.950 0.6000000238
30796  -7.082  -68.783  -27.156 0.6000000238
33075  -4.431  -66.790  -29.213 0.5000000000
31965  -5.252  -67.410  -28.837 0.4000000060
31955  -6.719  -67.581  -28.233 0.5000000000
29653  -13.510  -69.364  -28.820 0.5000000000
30809  -13.034  -68.955  -28.590 0.5000000000
30807  -12.178  -69.413  -28.324 0.6000000238
30797  -12.639  -68.926  -27.695 0.5000000000
30798  -13.178  -68.534  -27.843 0.5000000000
28470  -11.280  -70.946  -26.959 0.6999999881
28462  -10.763  -71.165  -26.183 0.6999999881
28461  -9.859  -71.192  -25.995 0.6000000238
29633  -7.736  -69.319  -26.547 0.6999999881
29635  -9.428  -70.305  -25.653 0.6000000238
30785  -7.565  -68.492  -26.568 0.6000000238
33096  -6.122  -66.221  -30.123 0.5000000000
31966  -6.270  -67.224  -28.813 0.4000000060
31947  -6.990  -67.895  -27.547 0.6000000238
34130  -6.476  -65.660  -30.920 0.4000000060
33077  -6.635  -66.574  -29.411 0.4000000060
33078  -7.262  -66.082  -29.267 0.5000000000
33062  -7.028  -66.864  -28.740 0.5000000000
29643  -12.020  -69.970  -27.103 0.6000000238
124170  -13.037  -68.466  -27.056 0.5000000000
28463  -11.489  -70.613  -26.283 0.6000000238
30787  -12.848  -69.048  -25.823 0.5000000000
28455  -11.238  -70.495  -25.601 0.6000000238
29628  -10.871  -70.049  -25.016 0.6000000238
29629  -11.680  -69.929  -25.042 0.5000000000
29627  -9.922  -69.734  -25.142 0.6000000238
30786  -8.167  -68.658  -25.966 0.6999999881
30774  -9.540  -68.719  -24.945 0.5000000000
31948  -7.382  -67.362  -27.159 0.6000000238
33054  -7.587  -66.538  -27.545 0.5000000000
131917  -7.293  -65.435  -29.919 0.4000000060
33063  -7.428  -66.375  -28.430 0.5000000000
40801  -6.246  -58.065  -28.232 0.4000000060
41867  -7.008  -58.415  -27.938 0.3000000119
40818  -6.855  -58.925  -28.779 0.4000000060
30777  -13.428  -68.496  -25.262 0.5000000000
39732  -6.354  -59.786  -29.332 0.3000000119
39733  -7.180  -60.077  -29.622 0.4000000060
29617  -11.262  -69.499  -24.645 0.5000000000
30776  -12.806  -69.036  -24.796 0.5000000000
38681  -7.099  -61.548  -32.281 0.3000000119
39749  -7.389  -60.844  -30.518 0.4000000060
30761  -10.103  -68.161  -24.488 0.5000000000
38697  -7.368  -61.836  -33.206 0.3000000119
31927  -8.645  -67.367  -25.342 0.6000000238
33041  -7.736  -66.784  -26.614 0.6999999881
33030  -8.611  -66.542  -25.569 0.6000000238
34094  -7.609  -65.612  -28.691 0.5000000000
33055  -8.055  -65.831  -26.936 0.5000000000
34082  -7.810  -65.666  -27.938 0.4000000060
122941  -8.699  -65.212  -26.889 0.4000000060
39688  -6.796  -60.013  -26.792 0.3000000119
40783  -7.024  -59.123  -27.446 0.3000000119
40785  -8.106  -59.706  -28.117 0.3000000119
40803  -8.317  -60.068  -28.764 0.3000000119
40819  -7.726  -59.733  -29.219 0.4000000060
30764  -12.654  -68.653  -24.175 0.5000000000
38665  -7.733  -61.227  -31.619 0.4000000060
39734  -7.987  -60.498  -30.067 0.4000000060
30763  -11.981  -68.433  -23.951 0.5000000000
38682  -7.810  -61.584  -32.576 0.4000000060
38683  -8.482  -61.489  -32.553 0.4000000060
31916  -9.862  -67.178  -24.451 0.5000000000
31917  -10.691  -67.557  -24.119 0.5000000000
37626  -8.715  -62.285  -33.170 0.4000000060
33031  -9.174  -66.829  -24.949 0.5000000000
34067  -8.719  -65.716  -26.130 0.5000000000
34058  -9.238  -66.001  -25.330 0.5000000000
35265  -7.728  -64.610  -30.124 0.3000000119
34113  -8.074  -64.481  -29.322 0.4000000060
34084  -9.114  -64.616  -27.282 0.4000000060
139572  -9.397  -65.354  -25.837 0.4000000060
38622  -7.317  -60.817  -26.370 0.3000000119
39689  -7.759  -60.018  -26.980 0.3000000119
128883  -9.239  -60.473  -29.074 0.4000000060
39735  -8.618  -60.482  -29.676 0.4000000060
31929  -15.008  -67.379  -25.517 0.4000000060
39751  -9.520  -60.354  -31.373 0.4000000060
31920  -14.570  -67.580  -24.602 0.4000000060
38666  -8.591  -60.994  -31.801 0.4000000060
39766  -9.351  -60.749  -32.030 0.4000000060
30747  -13.137  -68.231  -23.896 0.4000000060
122847  -10.296  -61.172  -32.745 0.4000000060
33019  -10.513  -66.615  -24.136 0.5000000000
37627  -8.974  -61.934  -33.066 0.4000000060
122780  -9.093  -63.301  -31.789 0.3000000119
33018  -9.815  -66.260  -24.659 0.5000000000
35248  -9.646  -63.666  -28.746 0.3000000119
39701  -8.653  -60.422  -26.872 0.3000000119
39716  -8.871  -60.373  -28.196 0.3000000119
39717  -9.778  -60.400  -28.379 0.4000000060
136047  -10.041  -60.249  -29.333 0.4000000060
40832  -11.036  -59.471  -30.797 0.3000000119
39736  -9.557  -60.331  -30.253 0.4000000060
133791  -16.672  -66.490  -25.873 0.4000000060
33045  -18.059  -66.261  -26.055 0.4000000060
39752  -10.302  -59.989  -31.460 0.4000000060
31904  -13.907  -67.822  -23.920 0.4000000060
31902  -12.066  -67.650  -23.665 0.4000000060
127835  -10.500  -61.954  -33.183 0.3000000119
33000  -12.209  -66.836  -23.470 0.4000000060
36488  -9.092  -62.824  -32.806 0.3000000119
37612  -10.818  -62.217  -33.065 0.3000000119
36473  -9.903  -63.101  -31.161 0.3000000119
34068  -9.264  -64.976  -26.530 0.4000000060
39669  -9.152  -60.871  -25.594 0.3000000119
39703  -10.301  -60.308  -27.751 0.4000000060
39718  -10.550  -60.075  -28.699 0.4000000060
39737  -10.720  -59.713  -29.707 0.4000000060
34071  -18.826  -66.074  -26.592 0.4000000060
33034  -17.318  -66.376  -25.529 0.4000000060
33021  -15.710  -66.851  -23.954 0.4000000060
39767  -10.876  -60.555  -32.502 0.4000000060
33001  -13.774  -67.110  -23.466 0.4000000060
38685  -11.393  -61.635  -33.044 0.3000000119
131034  -13.016  -66.561  -23.319 0.4000000060
37593  -10.807  -62.462  -32.256 0.3000000119
32998  -11.089  -66.056  -23.806 0.5000000000
37592  -10.051  -62.756  -32.596 0.3000000119
37579  -10.720  -62.613  -30.761 0.3000000119
34047  -11.121  -65.228  -23.997 0.5000000000
35232  -9.690  -63.999  -27.728 0.3000000119
34069  -9.888  -64.750  -26.115 0.4000000060
35231  -8.914  -64.332  -28.112 0.4000000060
131374  -9.809  -60.590  -25.732 0.3000000119
40820  -11.353  -58.858  -29.956 0.3000000119
143021  -11.667  -58.965  -30.476 0.3000000119
40844  -11.423  -59.896  -31.981 0.3000000119
33023  -17.337  -66.449  -24.446 0.4000000060
34060  -18.993  -66.315  -25.642 0.3000000119
39768  -11.957  -60.725  -32.695 0.3000000119
33003  -15.308  -66.639  -23.330 0.4000000060
33022  -16.491  -66.614  -24.193 0.4000000060
38651  -11.910  -61.511  -31.083 0.3000000119
37580  -11.326  -62.155  -30.222 0.3000000119
138418  -12.225  -65.272  -23.446 0.4000000060
36459  -10.112  -63.115  -29.764 0.3000000119
36436  -10.913  -63.196  -27.661 0.3000000119
35233  -10.338  -63.746  -27.297 0.3000000119
136192  -11.034  -64.046  -25.105 0.3000000119
41902  -12.728  -59.186  -31.468 0.3000000119
41903  -13.113  -58.838  -31.280 0.3000000119
143463  -13.363  -60.137  -31.631 0.3000000119
33035  -18.217  -66.359  -24.963 0.3000000119
33004  -16.173  -66.434  -23.382 0.4000000060
33024  -18.072  -66.391  -24.069 0.4000000060
136832  -11.965  -61.597  -29.560 0.3000000119
32985  -14.748  -66.120  -22.982 0.4000000060
34015  -15.717  -65.892  -22.816 0.4000000060
36460  -10.798  -62.721  -29.466 0.3000000119
140372  -10.875  -62.922  -28.489 0.3000000119
35182  -11.736  -64.827  -23.712 0.3000000119
35213  -10.934  -63.809  -26.058 0.3000000119
39719  -12.639  -60.927  -29.374 0.3000000119
37569  -11.900  -62.017  -28.354 0.3000000119
34016  -17.069  -65.295  -22.680 0.3000000119
37568  -11.423  -62.629  -28.026 0.3000000119
35184  -13.537  -64.485  -23.116 0.3000000119
142579  -11.314  -63.282  -26.428 0.3000000119
145358  -11.834  -64.106  -23.855 0.3000000119
38640  -13.007  -61.034  -28.247 0.3000000119
38631  -14.037  -60.703  -27.010 0.3000000119
123686  -12.535  -61.791  -27.684 0.3000000119
148218  -14.353  -64.728  -22.811 0.3000000119
38630  -13.314  -61.278  -27.325 0.3000000119
38625  -14.257  -60.884  -26.117 0.3000000119
35220  -9.783  -64.335  -26.912 0.4000000060
36458  -9.307  -63.584  -29.852 0.3000000119
145763  -10.377  -63.186  -28.879 0.3000000119
142520  -16.549  -84.396  -41.178 0.6000000238
11183  -16.970  -85.823  -42.234 0.5000000000
10151  -16.138  -87.133  -41.677 0.5000000000
10121  -14.998  -87.411  -40.385 0.5000000000
11184  -17.493  -85.809  -42.251 0.5000000000
13146  -20.482  -83.901  -42.936 0.5000000000
13108  -15.347  -84.241  -39.774 0.6999999881
15103  -14.991  -82.695  -41.406 0.6999999881
13096  -16.026  -84.414  -38.543 0.6999999881
137325  -19.452  -85.119  -42.198 0.4000000060
131849  -15.411  -84.538  -37.676 0.6999999881
15138  -18.672  -83.234  -43.087 0.5000000000
16050  -27.281  -80.983  -41.579 0.3000000119
16083  -18.757  -81.926  -42.388 0.5000000000
16045  -18.970  -81.570  -40.595 0.3000000119
16023  -12.367  -81.798  -39.758 0.6000000238
15089  -12.066  -82.810  -40.294 0.6000000238
17094  -11.618  -81.311  -40.582 0.5000000000
16059  -8.898  -82.599  -42.119 0.6000000238
13106  -11.686  -85.266  -39.735 0.6999999881
13104  -9.560  -84.354  -38.981 0.6000000238
126849  -11.011  -85.251  -39.106 0.6000000238
12086  -12.575  -85.302  -38.679 0.6999999881
15125  -16.977  -82.880  -42.541 0.5000000000
14188  -18.046  -84.065  -43.023 0.6000000238
12127  -17.910  -85.111  -42.641 0.5000000000
139526  -12.802  -84.798  -37.311 0.6000000238
13084  -14.845  -84.611  -36.947 0.6999999881
13064  -10.404  -83.939  -36.701 0.5000000000
13048  -14.822  -84.906  -35.324 0.5000000000
17117  -27.005  -80.617  -41.465 0.3000000119
127310  -8.123  -81.924  -37.933 0.6000000238
13029  -14.376  -84.925  -34.568 0.5000000000
140617  -21.184  -81.314  -38.895 0.3000000119
16041  -15.610  -81.888  -41.158 0.5000000000
135402  -25.976  -80.377  -41.196 0.3000000119
126103  -13.973  -84.984  -33.932 0.5000000000
18185  -12.833  -79.587  -39.389 0.4000000060
21397  -12.861  -76.579  -46.469 0.6000000238
21371  -11.433  -76.637  -42.445 0.6999999881
22531  -12.753  -75.007  -44.242 0.6000000238
26276  -14.836  -72.797  -44.237 0.6000000238
134616  -14.015  -76.560  -46.671 0.6000000238
20312  -18.134  -78.025  -45.080 0.5000000000
148054  -15.222  -78.278  -38.668 0.4000000060
22555  -17.617  -75.511  -45.920 0.6000000238
22556  -18.410  -75.682  -45.767 0.5000000000
123540  -15.993  -73.841  -45.684 0.6000000238
23826  -22.008  -73.850  -45.157 0.4000000060
23776  -12.507  -74.537  -41.248 0.6000000238
26257  -13.879  -72.084  -42.551 0.6999999881
139427  -12.200  -64.502  -37.395 0.6000000238
125647  -17.335  -77.804  -43.452 0.4000000060
20314  -20.457  -78.029  -44.894 0.4000000060
23828  -23.656  -74.060  -44.613 0.4000000060
23798  -19.006  -73.931  -42.392 0.4000000060
22500  -12.000  -74.788  -39.884 0.6000000238
33133  -11.495  -65.977  -35.487 0.6000000238
133494  -13.726  -65.750  -37.836 0.6000000238
19238  -18.605  -78.183  -39.877 0.5000000000
32095  -13.893  -66.013  -40.017 0.5000000000
28578  -13.971  -70.852  -35.859 0.6000000238
135919  -13.295  -67.251  -40.522 0.4000000060
137072  -14.740  -70.249  -42.310 0.5000000000
135928  -21.860  -77.818  -44.505 0.5000000000
30977  -16.574  -68.146  -40.323 0.6000000238
28649  -15.303  -69.475  -42.076 0.5000000000
122369  -4.335  -72.767  -32.275 0.6000000238
30841  -3.987  -69.121  -29.725 0.5000000000
28510  -10.321  -70.271  -30.307 0.5000000000
26117  -8.266  -72.963  -30.321 0.6000000238
146111  -9.322  -72.061  -29.515 0.6000000238
29652  -11.261  -70.085  -29.092 0.6000000238
26109  -6.504  -73.075  -29.744 0.6000000238
31963  -3.717  -67.204  -29.133 0.5000000000
30808  -12.675  -69.052  -28.495 0.5000000000
29626  -9.002  -69.259  -25.447 0.6000000238
33076  -5.651  -66.790  -29.358 0.5000000000
31939  -8.216  -67.806  -25.727 0.6000000238
40817  -5.945  -58.827  -28.746 0.3000000119
29630  -12.328  -69.597  -25.099 0.5000000000
34112  -7.614  -65.122  -29.270 0.3000000119
31919  -13.939  -68.049  -24.783 0.4000000060
30765  -13.306  -68.428  -24.397 0.4000000060
34095  -8.055  -64.811  -28.502 0.4000000060
35266  -8.483  -64.032  -29.957 0.3000000119
34059  -9.963  -65.332  -25.193 0.5000000000
33033  -16.601  -66.559  -25.104 0.4000000060
39690  -9.400  -60.567  -26.411 0.3000000119
37594  -11.538  -61.942  -32.848 0.3000000119
34032  -12.289  -65.998  -23.391 0.4000000060
35221  -10.395  -64.094  -26.499 0.3000000119
38668  -12.415  -60.930  -31.900 0.3000000119
35199  -10.695  -64.862  -24.704 0.4000000060
39671  -10.486  -60.315  -25.482 0.3000000119
38652  -12.582  -60.791  -30.725 0.3000000119
34033  -14.072  -65.435  -22.918 0.4000000060
38639  -12.413  -61.503  -28.593 0.3000000119
12009  -9.600  -85.692  -31.643 0.5000000000
11042  -11.132  -86.217  -32.297 0.5000000000
130991  -12.656  -85.923  -32.618 0.4000000060
11996  -9.068  -85.512  -30.824 0.5000000000
11997  -9.925  -85.261  -31.030 0.5000000000
12010  -10.682  -85.613  -31.620 0.5000000000
12011  -11.639  -85.634  -31.829 0.5000000000
12012  -12.319  -85.467  -32.161 0.5000000000
12013  -12.943  -85.205  -32.800 0.4000000060
12969  -8.946  -84.744  -29.807 0.4000000060
11981  -10.003  -84.878  -30.706 0.5000000000
12988  -11.168  -84.533  -31.418 0.5000000000
13015  -12.788  -84.313  -33.055 0.4000000060
13981  -9.903  -83.698  -30.570 0.5000000000
14001  -10.459  -83.727  -31.346 0.5000000000
11998  -10.628  -85.052  -31.114 0.5000000000
14000  -9.809  -83.014  -31.016 0.5000000000
14002  -11.225  -83.910  -31.756 0.5000000000
15037  -9.958  -83.101  -32.700 0.5000000000
14043  -10.812  -83.396  -32.879 0.5000000000
14062  -10.496  -83.463  -34.275 0.4000000060
130672  -9.531  -83.030  -30.340 0.5000000000
135347  -9.393  -82.487  -32.768 0.5000000000
14042  -10.114  -83.319  -33.557 0.5000000000
128000  -10.078  -83.481  -35.107 0.5000000000
18090  -9.284  -79.190  -32.573 0.5000000000
15022  -9.364  -82.197  -30.583 0.5000000000
16990  -9.524  -80.690  -31.805 0.5000000000
15927  -9.451  -81.739  -32.182 0.5000000000
142925  -9.528  -80.780  -32.572 0.5000000000
15934  -9.137  -81.809  -33.218 0.5000000000
15942  -8.946  -81.420  -34.136 0.5000000000
15051  -8.943  -82.500  -34.073 0.5000000000
15057  -9.120  -83.124  -35.269 0.5000000000
127456  -9.677  -79.819  -32.763 0.5000000000
18105  -9.661  -78.987  -33.312 0.5000000000
19163  -10.308  -77.828  -35.518 0.5000000000
17008  -9.402  -80.383  -34.375 0.5000000000
18134  -9.811  -79.305  -35.589 0.5000000000
132312  -10.170  -78.673  -36.057 0.5000000000
17028  -9.265  -80.163  -35.294 0.5000000000
137456  -9.589  -79.184  -36.449 0.5000000000
17027  -8.580  -80.836  -35.839 0.5000000000
18159  -8.522  -80.159  -37.228 0.5000000000
137784  -8.710  -82.209  -34.892 0.5000000000
15056  -8.585  -82.502  -35.804 0.5000000000
15064  -8.442  -82.551  -36.716 0.5000000000
21340  -11.542  -75.911  -37.956 0.5000000000
21348  -11.481  -76.006  -38.803 0.6000000238
19189  -10.474  -78.199  -37.363 0.5000000000
19188  -9.784  -78.813  -37.824 0.5000000000
124706  -10.642  -77.658  -38.945 0.5000000000
19203  -9.703  -78.860  -38.758 0.5000000000
137611  -10.105  -78.350  -39.075 0.5000000000
17047  -8.343  -80.845  -36.759 0.5000000000
18171  -8.723  -80.114  -38.018 0.5000000000
15964  -8.347  -81.695  -36.279 0.5000000000
23724  -12.059  -73.724  -38.932 0.5000000000
23738  -11.937  -74.504  -38.968 0.5000000000
20232  -11.045  -76.853  -39.416 0.6000000238
30964  -7.633  -67.514  -38.129 0.5000000000
32077  -7.806  -66.103  -37.565 0.6000000238
30959  -7.526  -67.711  -37.668 0.5000000000
33144  -7.550  -66.546  -37.095 0.5000000000
33146  -8.854  -65.347  -36.596 0.6000000238
32054  -7.787  -66.640  -36.319 0.6000000238
30947  -7.379  -68.189  -36.818 0.5000000000
32032  -7.657  -67.555  -35.569 0.6000000238
30932  -6.939  -69.009  -35.527 0.5000000000
32033  -8.483  -67.401  -34.944 0.6000000238
30915  -8.081  -68.220  -34.692 0.6000000238
122242  -7.024  -69.729  -35.182 0.5000000000
30889  -7.819  -69.090  -34.375 0.6000000238
30890  -8.562  -68.731  -33.986 0.6000000238
121572  -7.373  -71.042  -34.948 0.5000000000
121571  -7.291  -70.324  -34.579 0.5000000000
122340  -6.503  -73.288  -34.214 0.5000000000
122641  -6.030  -73.773  -33.408 0.6000000238
126197  -3.768  -72.628  -32.964 0.6000000238
122238  -3.973  -73.939  -33.158 0.5000000000
121556  -7.383  -72.583  -34.203 0.6000000238
122210  -7.746  -71.459  -34.376 0.5000000000
121559  -5.477  -73.885  -32.465 0.5000000000
122349  -5.985  -71.045  -33.146 0.6000000238
122251  -4.867  -71.815  -32.222 0.6000000238
121549  -5.511  -70.828  -32.028 0.6000000238
17097  -25.057  -80.321  -40.316 0.3000000119
138868  -24.454  -80.163  -38.466 0.3000000119
16012  -23.313  -80.706  -39.480 0.3000000119
17052  -23.677  -80.125  -36.674 0.3000000119
16010  -21.903  -81.101  -38.824 0.3000000119
17114  -24.030  -80.594  -40.380 0.3000000119
14063  -11.567  -83.492  -34.081 0.4000000060
18160  -9.084  -79.377  -37.296 0.5000000000
20231  -10.517  -77.586  -40.063 0.5000000000
34195  -9.638  -65.105  -38.006 0.5000000000
14024  -12.195  -83.930  -32.607 0.4000000060
14023  -11.490  -83.710  -32.317 0.5000000000
15029  -9.609  -82.337  -31.493 0.5000000000
18075  -8.670  -79.833  -31.198 0.5000000000
146480  -9.602  -80.220  -32.227 0.5000000000
19142  -9.145  -78.547  -33.137 0.5000000000
19153  -9.901  -78.100  -34.655 0.5000000000
18120  -9.771  -79.524  -34.680 0.5000000000
19204  -10.316  -78.275  -38.296 0.5000000000
17096  -24.228  -80.439  -39.397 0.3000000119
15993  -22.244  -80.829  -38.096 0.3000000119
140713  -23.661  -80.306  -38.016 0.3000000119
17078  -23.547  -80.500  -38.676 0.3000000119
17077  -23.003  -80.540  -38.077 0.3000000119
17051  -22.686  -80.460  -36.716 0.3000000119
34035  -17.449  -65.855  -23.074 0.3000000119
9105  -14.796  -88.531  -39.122 0.5000000000
9106  -15.682  -88.654  -38.455 0.5000000000
9137  -15.195  -87.994  -40.276 0.5000000000
10135  -16.576  -87.738  -40.992 0.5000000000
11041  -10.119  -86.109  -32.370 0.5000000000
11043  -12.048  -86.299  -32.413 0.5000000000
11044  -13.106  -85.915  -33.018 0.5000000000
11067  -12.704  -86.608  -33.018 0.5000000000
11087  -14.557  -86.328  -34.712 0.5000000000
11100  -15.080  -85.961  -35.365 0.6000000238
11101  -15.400  -85.475  -35.975 0.6000000238
11123  -15.085  -86.456  -37.097 0.5000000000
11124  -15.881  -85.763  -37.528 0.6000000238
11135  -16.251  -85.656  -38.892 0.5000000000
11154  -15.577  -86.940  -41.281 0.5000000000
11168  -16.883  -86.503  -41.991 0.5000000000
11185  -18.132  -85.658  -42.137 0.5000000000
11979  -8.657  -85.361  -30.042 0.5000000000
11980  -9.400  -85.065  -30.369 0.5000000000
11999  -11.948  -84.980  -31.590 0.5000000000
12028  -13.557  -85.454  -33.454 0.5000000000
12075  -16.152  -85.042  -37.248 0.6999999881
12076  -16.330  -84.862  -38.138 0.6999999881
12097  -12.475  -85.305  -39.528 0.6999999881
12098  -16.591  -84.899  -39.449 0.5000000000
12107  -16.679  -85.386  -41.534 0.6000000238
12116  -17.484  -85.120  -42.531 0.6000000238
12128  -19.893  -84.603  -42.565 0.4000000060
12970  -9.615  -84.400  -30.220 0.5000000000
12987  -10.330  -84.410  -30.864 0.5000000000
13002  -11.864  -84.272  -31.859 0.5000000000
13003  -12.412  -84.696  -32.229 0.4000000060
13016  -13.419  -84.676  -33.528 0.4000000060
13028  -13.779  -84.427  -34.280 0.5000000000
13046  -12.946  -84.176  -35.775 0.5000000000
13049  -15.311  -84.994  -35.989 0.6000000238
13065  -11.464  -84.542  -37.236 0.6000000238
13068  -14.812  -84.705  -36.092 0.6999999881
13069  -15.603  -84.794  -36.831 0.6000000238
13082  -12.183  -85.041  -37.851 0.6000000238
13083  -13.128  -85.001  -37.909 0.6999999881
13092  -9.514  -84.170  -38.218 0.6000000238
13097  -16.419  -84.694  -38.985 0.6999999881
13110  -16.440  -84.581  -39.922 0.8000000119
13117  -10.817  -84.654  -40.610 0.6000000238
13118  -11.537  -84.871  -40.339 0.6999999881
13120  -14.573  -84.156  -40.837 0.6999999881
13121  -16.139  -84.035  -40.645 0.8000000119
13126  -16.696  -83.733  -42.134 0.6000000238
13132  -18.033  -84.612  -42.947 0.5000000000
13144  -18.296  -84.719  -42.820 0.5000000000
13145  -19.457  -84.219  -42.940 0.5000000000
13966  -9.403  -83.572  -29.931 0.5000000000
14021  -10.048  -83.030  -31.800 0.5000000000
14022  -10.720  -83.434  -32.059 0.5000000000
14044  -11.610  -83.537  -33.143 0.5000000000
14045  -12.350  -83.713  -33.501 0.4000000060
14061  -9.513  -83.210  -34.334 0.5000000000
14064  -12.460  -83.680  -34.348 0.5000000000
14079  -10.739  -83.661  -35.800 0.5000000000
14081  -12.391  -83.820  -35.187 0.5000000000
14097  -11.376  -84.073  -36.394 0.6000000238
14113  -8.566  -83.245  -38.103 0.6000000238
14114  -9.109  -83.723  -37.745 0.6000000238
14120  -28.396  -83.302  -38.006 0.3000000119
14152  -8.719  -83.471  -39.968 0.6000000238
14153  -9.113  -84.070  -40.394 0.6000000238
14156  -12.576  -84.320  -40.763 0.6000000238
14165  -8.788  -83.587  -40.782 0.6000000238
14168  -10.668  -83.755  -41.586 0.5000000000
14170  -15.127  -83.152  -41.594 0.6999999881
14176  -16.816  -83.273  -42.425 0.6000000238
14177  -17.505  -83.634  -42.736 0.5000000000
14178  -18.001  -83.467  -42.958 0.6000000238
14181  -24.524  -82.670  -42.488 0.3000000119
15045  -9.370  -82.891  -33.440 0.5000000000
15072  -8.308  -82.576  -37.608 0.5000000000
15088  -11.421  -83.156  -40.928 0.6000000238
15091  -13.474  -82.116  -39.975 0.4000000060
15095  -27.736  -81.457  -40.323 0.3000000119
15102  -14.144  -82.550  -40.649 0.6000000238
15111  -9.403  -83.246  -41.940 0.6000000238
15112  -10.121  -83.237  -42.157 0.5000000000
15115  -16.390  -82.612  -42.208 0.5000000000
15116  -17.010  -82.251  -42.288 0.5000000000
15128  -19.146  -82.362  -42.947 0.5000000000
15133  -25.561  -81.425  -43.281 0.3000000119
15139  -19.578  -82.843  -43.150 0.5000000000
15142  -22.661  -82.329  -43.182 0.4000000060
15144  -24.776  -81.310  -44.008 0.4000000060
15918  -9.450  -81.406  -31.207 0.5000000000
15950  -8.554  -81.653  -35.541 0.5000000000
15951  -8.839  -81.075  -34.989 0.5000000000
15983  -8.223  -81.780  -37.172 0.6000000238
15984  -13.585  -81.098  -38.373 0.4000000060
15985  -14.367  -81.175  -37.575 0.4000000060
15989  -18.701  -81.483  -37.196 0.3000000119
16001  -8.281  -81.609  -38.580 0.6999999881
16007  -18.426  -81.525  -38.899 0.3000000119
16009  -20.495  -81.424  -38.570 0.3000000119
16011  -22.729  -80.780  -38.767 0.3000000119
16028  -20.699  -81.437  -39.406 0.3000000119
16030  -22.438  -81.010  -39.543 0.3000000119
16038  -8.843  -80.758  -41.851 0.6999999881
16043  -17.163  -81.507  -40.703 0.4000000060
16046  -20.351  -81.591  -40.979 0.3000000119
16049  -23.052  -80.883  -40.370 0.4000000060
16063  -17.431  -81.689  -41.628 0.5000000000
16070  -26.200  -81.163  -42.721 0.3000000119
16079  -9.214  -82.357  -43.101 0.6000000238
16080  -9.795  -82.621  -43.530 0.5000000000
16084  -19.645  -81.819  -42.675 0.5000000000
16086  -21.737  -81.868  -43.283 0.5000000000
16089  -25.216  -81.074  -44.068 0.3000000119
16098  -10.066  -82.323  -44.314 0.5000000000
16100  -22.361  -82.062  -43.257 0.4000000060
16101  -23.348  -81.652  -43.062 0.4000000060
16102  -24.282  -81.067  -43.784 0.4000000060
17029  -14.566  -79.892  -35.930 0.4000000060
17048  -8.932  -79.924  -36.347 0.5000000000
17049  -14.567  -80.521  -36.215 0.4000000060
17059  -8.334  -81.025  -37.768 0.5000000000
17061  -14.146  -80.630  -36.911 0.4000000060
17063  -22.628  -80.603  -37.521 0.3000000119
17064  -23.296  -80.370  -37.409 0.3000000119
17095  -12.059  -81.141  -39.791 0.6000000238
17100  -27.987  -80.482  -40.059 0.3000000119
17113  -11.979  -80.516  -40.250 0.5000000000
17130  -25.541  -80.777  -42.798 0.3000000119
17131  -26.182  -80.958  -42.712 0.3000000119
17138  -9.029  -81.561  -43.236 0.6999999881
17140  -24.461  -80.804  -43.771 0.4000000060
17146  -9.450  -81.846  -44.119 0.5000000000
17155  -10.547  -81.293  -45.094 0.5000000000
17161  -12.099  -80.669  -45.897 0.5000000000
18076  -9.382  -79.874  -31.875 0.5000000000
18089  -8.735  -79.306  -31.904 0.5000000000
18148  -14.376  -79.513  -36.498 0.4000000060
18172  -9.203  -79.442  -38.333 0.6000000238
18173  -13.326  -79.853  -38.008 0.4000000060
18190  -12.785  -79.306  -40.191 0.4000000060
18193  -9.245  -79.704  -41.671 0.6999999881
18195  -12.209  -79.943  -40.908 0.5000000000
18214  -11.617  -80.486  -45.916 0.5000000000
18215  -12.753  -80.262  -45.648 0.5000000000
18220  -12.604  -80.063  -46.315 0.5000000000
19152  -9.426  -78.332  -33.876 0.5000000000
19162  -10.155  -78.575  -35.334 0.5000000000
19174  -9.898  -78.695  -36.915 0.5000000000
19175  -10.514  -78.090  -36.456 0.5000000000
19176  -14.765  -78.885  -36.819 0.4000000060
19178  -16.153  -78.592  -35.654 0.4000000060
19190  -13.766  -79.308  -37.788 0.4000000060
19191  -14.370  -78.798  -37.682 0.4000000060
19205  -13.413  -79.255  -38.637 0.4000000060
19207  -14.603  -78.502  -38.462 0.4000000060
19208  -15.874  -78.165  -38.476 0.4000000060
19210  -17.621  -78.218  -38.324 0.4000000060
19219  -10.227  -78.163  -39.692 0.5000000000
19223  -16.428  -77.982  -39.154 0.4000000060
19225  -18.182  -78.163  -39.072 0.5000000000
19234  -10.055  -78.379  -40.630 0.6000000238
19235  -13.480  -78.765  -40.453 0.4000000060
19239  -19.327  -78.348  -40.054 0.5000000000
19254  -13.775  -78.832  -42.675 0.4000000060
19261  -10.776  -78.383  -44.601 0.6000000238
19272  -11.687  -79.470  -46.310 0.6000000238
19280  -13.295  -78.585  -46.891 0.6000000238
20234  -16.968  -77.860  -39.847 0.4000000060
20248  -16.705  -77.743  -40.627 0.5000000000
20263  -15.799  -77.712  -41.685 0.5000000000
20277  -10.326  -78.058  -42.338 0.6000000238
20283  -19.536  -78.338  -42.675 0.5000000000
20293  -11.159  -77.587  -44.387 0.6000000238
20295  -16.904  -77.972  -44.454 0.5000000000
20298  -20.406  -78.233  -44.296 0.4000000060
20311  -17.280  -77.939  -45.044 0.6000000238
20315  -21.176  -77.695  -44.944 0.4000000060
20324  -14.986  -78.189  -46.256 0.6000000238
20327  -17.558  -77.458  -45.435 0.5000000000
20329  -19.806  -77.746  -45.209 0.5000000000
20330  -20.545  -77.413  -45.236 0.5000000000
20337  -12.772  -77.773  -46.912 0.6000000238
20338  -13.542  -77.871  -46.810 0.6000000238
20339  -14.316  -77.472  -46.639 0.6000000238
21356  -11.266  -76.121  -39.893 0.6000000238
21362  -11.268  -76.255  -40.888 0.6999999881
21363  -11.923  -75.952  -42.078 0.6999999881
21390  -21.945  -77.143  -45.075 0.4000000060
21396  -12.355  -77.344  -46.484 0.6000000238
21399  -17.830  -76.554  -45.775 0.5000000000
21401  -21.574  -76.342  -45.460 0.5000000000
21412  -14.773  -76.653  -46.574 0.6000000238
22490  -11.690  -75.105  -38.244 0.5000000000
22499  -11.673  -75.332  -39.334 0.6000000238
22508  -12.058  -75.014  -40.800 0.6999999881
22530  -12.431  -75.558  -43.591 0.6999999881
22540  -12.417  -75.640  -44.689 0.6000000238
22550  -12.609  -75.919  -45.701 0.6000000238
22552  -13.896  -75.295  -46.164 0.6000000238
22560  -22.850  -75.366  -45.427 0.4000000060
22568  -14.282  -75.869  -46.519 0.6000000238
23723  -11.652  -74.206  -38.342 0.5000000000
23739  -12.271  -74.071  -39.581 0.5000000000
23755  -12.376  -74.335  -40.404 0.6000000238
23761  -22.492  -74.337  -40.447 0.4000000060
23781  -21.452  -74.485  -42.019 0.4000000060
23782  -22.847  -74.429  -41.209 0.4000000060
23783  -23.782  -74.208  -41.428 0.4000000060
23796  -12.661  -74.666  -42.126 0.6999999881
23799  -19.846  -74.160  -42.605 0.6000000238
23800  -20.800  -74.200  -42.793 0.5000000000
23816  -21.970  -73.732  -43.506 0.4000000060
23817  -22.649  -73.555  -43.854 0.4000000060
23818  -23.561  -73.638  -43.978 0.4000000060
23827  -22.801  -73.950  -44.960 0.4000000060
23838  -14.352  -74.506  -45.641 0.6000000238
23841  -18.878  -74.769  -45.675 0.6000000238
23843  -20.719  -74.598  -45.583 0.5000000000
23846  -23.257  -74.568  -45.198 0.4000000060
23847  -23.964  -74.704  -45.097 0.4000000060
23851  -15.667  -75.201  -46.248 0.6000000238
24891  -6.492  -73.394  -30.443 0.6000000238
24892  -7.139  -73.512  -30.612 0.6000000238
24910  -7.317  -73.455  -31.430 0.6999999881
24932  -3.545  -73.805  -33.671 0.5000000000
25025  -12.761  -73.251  -40.209 0.6000000238
25026  -13.256  -73.052  -40.893 0.6000000238
25038  -12.823  -73.819  -40.870 0.6000000238
25041  -18.446  -73.581  -42.186 0.4000000060
25046  -18.198  -72.755  -42.509 0.5000000000
25047  -18.838  -73.019  -42.974 0.4000000060
25052  -13.855  -73.044  -43.546 0.6999999881
25053  -14.295  -73.145  -44.059 0.6000000238
25056  -21.082  -73.147  -44.194 0.4000000060
25057  -21.838  -73.338  -44.073 0.4000000060
25065  -13.790  -73.694  -44.246 0.6000000238
25068  -20.061  -72.911  -44.808 0.6000000238
25070  -21.538  -73.416  -44.673 0.6000000238
25078  -16.872  -73.279  -45.436 0.6000000238
25080  -18.566  -73.049  -45.356 0.6000000238
25083  -21.197  -73.773  -45.271 0.4000000060
26110  -7.349  -73.231  -29.399 0.6000000238
26116  -7.619  -73.376  -30.057 0.6000000238
26139  -8.358  -72.215  -32.026 0.6000000238
26200  -17.269  -72.801  -37.301 0.6000000238
26214  -12.119  -72.835  -39.099 0.6000000238
26240  -12.978  -72.519  -40.278 0.6000000238
26253  -13.616  -72.593  -41.712 0.6000000238
26254  -17.603  -72.478  -41.900 0.5000000000
26265  -13.894  -72.384  -43.131 0.6000000238
26270  -19.794  -72.404  -44.240 0.6000000238
26278  -16.612  -71.988  -44.708 0.5000000000
26280  -18.707  -72.270  -44.922 0.6000000238
26282  -16.985  -72.495  -45.082 0.5000000000
27226  -9.392  -71.555  -26.467 0.6999999881
27232  -8.032  -71.952  -27.468 0.6000000238
27233  -8.622  -71.577  -26.810 0.6000000238
27234  -9.399  -72.034  -26.959 0.6999999881
27244  -10.268  -71.624  -28.158 0.6000000238
27254  -7.818  -73.024  -28.633 0.6000000238
27268  -9.292  -71.669  -30.345 0.6000000238
27287  -8.618  -71.690  -31.524 0.6000000238
27304  -13.945  -71.672  -31.835 0.5000000000
27324  -13.566  -71.512  -33.357 0.5000000000
27363  -15.551  -71.985  -35.393 0.6000000238
27374  -14.695  -71.149  -36.284 0.6000000238
27375  -15.325  -71.460  -36.643 0.6000000238
27376  -15.998  -71.949  -36.959 0.6000000238
27400  -15.969  -71.421  -38.793 0.6000000238
27416  -16.150  -70.901  -39.623 0.6000000238
27417  -16.550  -71.265  -40.290 0.6000000238
27431  -17.044  -70.512  -41.021 0.6000000238
27444  -17.218  -70.960  -41.605 0.6000000238
27453  -14.529  -70.922  -42.833 0.6000000238
27462  -14.762  -71.446  -43.407 0.6000000238
27465  -17.613  -70.729  -43.546 0.5000000000
27469  -16.146  -71.444  -44.254 0.6000000238
28454  -10.388  -70.618  -25.521 0.6000000238
28459  -8.108  -70.415  -26.619 0.6999999881
28469  -10.814  -71.270  -27.588 0.6999999881
28476  -6.644  -71.084  -28.307 0.6000000238
28494  -14.494  -71.053  -29.227 0.5000000000
28509  -9.621  -70.710  -30.711 0.6000000238
28527  -8.611  -70.804  -31.719 0.6000000238
28528  -9.038  -70.189  -31.279 0.6000000238
28529  -12.739  -70.083  -32.006 0.6000000238
28584  -13.548  -69.992  -36.237 0.6000000238
28609  -15.627  -69.816  -38.867 0.6000000238
28634  -12.832  -70.043  -40.321 0.4000000060
28635  -13.706  -69.745  -41.020 0.5000000000
28648  -14.366  -69.960  -41.695 0.6000000238
28650  -17.134  -69.920  -41.828 0.6000000238
28651  -17.309  -70.496  -42.460 0.6000000238
28658  -15.536  -70.138  -42.697 0.5000000000
28663  -17.026  -70.297  -43.168 0.6000000238
28664  -17.364  -70.434  -43.017 0.5000000000
29618  -12.029  -69.269  -24.458 0.5000000000
29636  -12.075  -69.988  -25.858 0.6000000238
29651  -6.356  -70.024  -28.203 0.6000000238
29664  -11.039  -69.845  -29.969 0.5000000000
29667  -14.037  -70.193  -28.998 0.5000000000
29683  -5.194  -70.059  -29.981 0.5000000000
29686  -11.373  -69.289  -30.386 0.6000000238
29688  -12.879  -69.677  -30.293 0.5000000000
29703  -9.195  -69.304  -31.489 0.6000000238
29729  -7.542  -69.872  -34.006 0.5000000000
29731  -12.267  -69.241  -33.283 0.6000000238
29745  -7.206  -69.436  -34.765 0.6000000238
29755  -12.921  -69.443  -35.688 0.5000000000
29778  -13.897  -68.709  -37.277 0.6000000238
29779  -14.442  -68.961  -37.769 0.6000000238
29780  -15.090  -69.309  -38.278 0.6000000238
29804  -16.678  -68.956  -40.347 0.6000000238
29822  -15.959  -68.525  -41.665 0.5000000000
29824  -16.997  -69.109  -41.530 0.6000000238
29825  -16.225  -69.301  -42.189 0.6000000238
29826  -16.786  -69.449  -42.106 0.6000000238
30746  -12.577  -68.153  -23.798 0.4000000060
30762  -11.113  -68.609  -24.249 0.5000000000
30773  -8.764  -68.255  -25.337 0.6999999881
30775  -10.449  -69.167  -24.693 0.5000000000
30820  -5.130  -69.068  -28.747 0.4000000060
30822  -12.583  -69.289  -29.183 0.5000000000
30844  -12.636  -69.412  -29.802 0.5000000000
30858  -9.781  -68.743  -31.948 0.6999999881
30861  -11.979  -68.838  -31.304 0.5000000000
30874  -9.524  -68.513  -32.729 0.6999999881
30892  -10.209  -68.005  -33.215 0.6999999881
30894  -12.024  -68.257  -33.482 0.6000000238
30914  -7.358  -68.587  -35.151 0.5000000000
30933  -7.089  -68.237  -35.930 0.6000000238
30934  -12.418  -67.650  -35.186 0.6000000238
30966  -16.030  -67.388  -39.301 0.6000000238
30983  -15.695  -67.224  -40.683 0.6000000238
30985  -16.809  -68.281  -40.878 0.6000000238
30995  -16.059  -67.828  -41.041 0.6000000238
30997  -16.889  -68.611  -41.248 0.6000000238
31903  -12.980  -67.558  -23.551 0.4000000060
31905  -14.833  -67.272  -23.850 0.4000000060
31918  -11.414  -67.846  -23.900 0.5000000000
31921  -15.334  -67.136  -24.669 0.4000000060
31928  -9.293  -67.740  -24.861 0.6000000238
31930  -15.889  -66.869  -25.661 0.4000000060
31938  -7.707  -67.732  -26.350 0.6000000238
31954  -5.964  -67.935  -28.471 0.5000000000
31956  -7.253  -67.145  -28.016 0.5000000000
32015  -9.845  -67.715  -33.924 0.6999999881
32017  -11.476  -67.519  -33.795 0.6000000238
32034  -9.485  -67.308  -34.610 0.6999999881
32036  -11.653  -67.088  -34.390 0.6999999881
32037  -12.012  -67.133  -34.589 0.6000000238
32055  -9.031  -66.683  -35.268 0.6999999881
32070  -12.613  -65.973  -36.445 0.6000000238
32071  -13.280  -66.708  -36.990 0.5000000000
32076  -7.524  -66.851  -37.661 0.5000000000
32086  -16.149  -66.799  -39.823 0.6999999881
32093  -11.615  -66.795  -39.701 0.5000000000
32999  -11.697  -66.279  -23.562 0.5000000000
33002  -13.862  -66.297  -23.166 0.4000000060
33005  -16.980  -66.304  -23.556 0.4000000060
33006  -17.644  -66.256  -23.656 0.4000000060
33020  -11.341  -66.970  -23.727 0.4000000060
33032  -15.986  -66.766  -24.730 0.4000000060
33042  -8.172  -66.370  -26.169 0.5000000000
33094  -4.030  -66.185  -29.789 0.5000000000
33095  -5.039  -66.255  -29.996 0.5000000000
33097  -6.900  -65.928  -30.086 0.4000000060
33123  -11.223  -66.509  -34.891 0.6999999881
33130  -8.459  -66.117  -36.043 0.6999999881
33145  -7.980  -65.867  -36.901 0.6000000238
33148  -11.005  -65.191  -36.176 0.6000000238
33149  -13.022  -65.129  -37.428 0.6000000238
33158  -8.569  -65.393  -37.412 0.6000000238
33160  -14.509  -65.571  -38.638 0.5000000000
33170  -11.600  -64.736  -38.764 0.5000000000
33178  -14.260  -65.145  -39.332 0.5000000000
33179  -14.916  -65.523  -39.307 0.6000000238
33185  -15.040  -65.993  -39.884 0.6000000238
34014  -14.939  -65.307  -22.714 0.3000000119
34031  -11.668  -65.596  -23.612 0.4000000060
34034  -16.643  -65.915  -22.916 0.4000000060
34036  -18.315  -65.944  -23.367 0.3000000119
34046  -10.493  -65.713  -24.369 0.5000000000
34083  -8.394  -65.029  -27.584 0.4000000060
34180  -11.395  -64.772  -36.891 0.6000000238
34187  -11.273  -64.465  -37.641 0.6000000238
34196  -13.060  -64.001  -38.769 0.5000000000
34197  -13.508  -64.152  -38.822 0.5000000000
34205  -13.562  -64.277  -39.052 0.5000000000
35200  -11.326  -64.421  -24.256 0.3000000119
35212  -10.477  -64.482  -25.626 0.3000000119
35247  -8.724  -64.107  -29.030 0.4000000060
35275  -7.631  -64.540  -31.023 0.3000000119
36430  -10.905  -63.501  -26.864 0.3000000119
36448  -10.340  -63.471  -28.125 0.3000000119
37611  -9.777  -62.308  -33.183 0.4000000060
38623  -8.373  -60.778  -26.198 0.3000000119
38667  -11.947  -61.586  -32.360 0.3000000119
38684  -9.474  -61.580  -32.803 0.4000000060
38686  -12.088  -61.330  -32.779 0.3000000119
38698  -8.222  -61.872  -33.077 0.4000000060
39691  -10.295  -60.368  -26.317 0.3000000119
39702  -9.375  -60.468  -27.412 0.4000000060
39748  -6.552  -60.751  -30.111 0.3000000119
39750  -8.085  -60.823  -30.917 0.4000000060
39754  -14.080  -59.573  -31.487 0.3000000119
40784  -7.609  -59.328  -27.784 0.3000000119
40802  -7.458  -59.042  -28.376 0.3000000119
40833  -11.925  -59.441  -31.155 0.3000000119
40845  -12.307  -59.898  -31.951 0.3000000119
40846  -12.946  -59.582  -31.804 0.3000000119
40847  -13.685  -59.266  -31.647 0.3000000119
41866  -6.393  -57.969  -27.930 0.4000000060
41893  -12.420  -58.623  -30.267 0.3000000119
41915  -13.163  -58.993  -31.617 0.3000000119
121548  -5.466  -72.903  -30.818 0.6000000238
121550  -6.503  -73.722  -31.747 0.6999999881
121551  -5.374  -71.220  -32.172 0.6000000238
121552  -5.259  -73.298  -31.307 0.6000000238
121553  -8.001  -72.958  -31.783 0.6000000238
121558  -4.495  -71.895  -32.858 0.6000000238
121560  -4.473  -73.695  -32.503 0.6000000238
121562  -5.393  -70.908  -31.198 0.6000000238
121564  -3.499  -73.279  -33.279 0.5000000000
121567  -7.208  -71.264  -35.522 0.5000000000
122060  -8.095  -71.114  -33.354 0.6999999881
122177  -5.425  -71.966  -30.862 0.6000000238
122241  -7.107  -70.388  -35.332 0.5000000000
122282  -6.561  -73.626  -32.721 0.6999999881
122334  -7.431  -72.958  -33.285 0.6999999881
122339  -4.938  -74.115  -33.268 0.5000000000
122387  -5.146  -70.198  -30.988 0.5000000000
122561  -5.882  -73.515  -30.978 0.6000000238
122635  -3.909  -73.269  -32.758 0.5000000000
122894  -20.234  -78.099  -38.349 0.4000000060
123760  -12.585  -72.811  -39.697 0.6000000238
123819  -13.702  -81.440  -39.167 0.4000000060
124390  -11.388  -62.375  -28.981 0.3000000119
124940  -11.910  -62.325  -27.625 0.3000000119
125387  -18.682  -81.538  -39.770 0.3000000119
125748  -11.407  -81.623  -42.350 0.5000000000
125948  -20.989  -74.605  -40.352 0.5000000000
126020  -9.839  -78.860  -34.164 0.5000000000
126406  -14.118  -78.502  -39.872 0.4000000060
126603  -11.945  -83.815  -40.722 0.6000000238
126837  -12.312  -58.894  -30.695 0.3000000119
126867  -8.357  -82.070  -39.197 0.6999999881
126921  -8.983  -79.985  -40.084 0.6999999881
126946  -12.168  -69.299  -29.934 0.6000000238
127019  -9.977  -60.404  -32.120 0.4000000060
127809  -24.083  -80.587  -43.194 0.4000000060
128199  -11.390  -62.070  -31.664 0.3000000119
128912  -14.963  -72.334  -33.158 0.5000000000
129311  -15.229  -66.697  -40.382 0.6000000238
129607  -13.058  -65.512  -23.207 0.4000000060
129629  -11.753  -69.639  -28.925 0.6000000238
129960  -11.962  -80.909  -43.753 0.5000000000
130231  -12.607  -60.461  -32.049 0.3000000119
130280  -10.906  -64.543  -38.213 0.6000000238
130667  -10.306  -67.269  -34.300 0.6999999881
131668  -15.691  -83.996  -40.468 0.6999999881
132342  -13.603  -60.711  -27.685 0.3000000119
132429  -8.735  -72.512  -29.796 0.6000000238
132476  -4.852  -73.437  -31.816 0.6000000238
132697  -14.532  -78.898  -45.265 0.5000000000
133303  -9.466  -80.618  -33.445 0.5000000000
133371  -16.395  -77.845  -43.527 0.5000000000
133375  -10.912  -83.441  -33.591 0.4000000060
134668  -18.705  -84.391  -42.986 0.4000000060
134671  -11.945  -68.624  -32.099 0.4000000060
135312  -9.744  -79.642  -33.760 0.5000000000
135315  -8.056  -67.069  -25.859 0.6000000238
136234  -19.958  -81.469  -37.972 0.3000000119
136547  -21.160  -81.616  -43.085 0.5000000000
136902  -11.287  -85.203  -31.415 0.5000000000
136914  -16.060  -74.537  -46.041 0.6000000238
136940  -7.289  -68.045  -26.912 0.6000000238
137107  -10.605  -71.471  -26.849 0.6999999881
137402  -19.985  -76.936  -45.504 0.4000000060
137465  -8.803  -60.568  -30.849 0.4000000060
137576  -6.793  -58.292  -28.183 0.3000000119
138011  -5.798  -68.742  -28.405 0.5000000000
138288  -15.304  -66.011  -39.139 0.6999999881
139042  -17.060  -76.079  -46.055 0.6000000238
139116  -8.032  -72.024  -33.637 0.6000000238
139134  -7.896  -70.736  -33.961 0.5000000000
139291  -7.862  -72.512  -32.923 0.6999999881
139683  -14.488  -66.847  -23.398 0.4000000060
140082  -10.292  -60.007  -30.291 0.4000000060
140134  -16.382  -72.242  -36.245 0.6000000238
140399  -19.102  -66.366  -24.795 0.3000000119
140482  -10.693  -84.436  -37.452 0.6000000238
141508  -17.542  -74.584  -45.831 0.6000000238
141821  -18.194  -77.990  -40.427 0.5000000000
142224  -15.195  -73.160  -44.770 0.5000000000
142697  -7.460  -67.342  -36.495 0.5000000000
142741  -9.647  -82.576  -32.221 0.5000000000
143005  -19.682  -81.574  -40.539 0.4000000060
143090  -9.853  -84.416  -40.635 0.6000000238
143498  -10.245  -84.842  -39.416 0.6000000238
143699  -8.807  -80.044  -38.793 0.5000000000
143873  -19.461  -76.459  -45.601 0.5000000000
143900  -13.819  -79.001  -46.567 0.6000000238
144091  -18.420  -71.826  -44.652 0.6000000238
144125  -8.381  -60.130  -27.541 0.3000000119
144129  -8.614  -81.599  -41.439 0.6999999881
144450  -20.646  -78.083  -38.670 0.4000000060
144743  -17.041  -81.522  -36.952 0.3000000119
145122  -8.984  -82.893  -34.626 0.5000000000
145459  -13.077  -85.008  -40.108 0.6999999881
145502  -8.156  -66.807  -35.573 0.6000000238
145960  -8.067  -71.368  -33.889 0.5000000000
145976  -12.557  -69.222  -26.737 0.6000000238
145983  -7.486  -67.199  -37.202 0.5000000000
146193  -14.065  -79.731  -36.812 0.4000000060
146706  -19.411  -78.335  -41.228 0.4000000060
146781  -14.271  -67.315  -23.662 0.4000000060
146840  -6.224  -69.259  -28.160 0.6000000238
147066  -10.027  -78.872  -34.869 0.5000000000
147356  -14.737  -78.258  -40.197 0.4000000060
147464  -10.263  -84.796  -40.148 0.6000000238
147546  -11.426  -84.570  -40.627 0.6000000238
147769  -21.792  -83.041  -43.660 0.5000000000
