#!ascii label  , from subject sub-v1s10x0051153_ses-1 vox2ras=TkReg
1970
13125  -4.394  -84.413  -41.822 0.5000000000
11120  -0.985  -86.797  -37.540 0.5000000000
10084  -0.846  -87.406  -36.196 0.5000000000
10068  -0.387  -87.945  -35.567 0.5000000000
15137  -5.774  -82.731  -44.248 0.5000000000
14175  -5.326  -83.597  -42.823 0.5000000000
15123  -5.677  -82.725  -42.896 0.5000000000
135319  -5.095  -83.852  -41.879 0.5000000000
14164  -5.374  -83.499  -41.220 0.6000000238
13114  -3.763  -84.838  -40.017 0.5000000000
143279  0.729  -88.795  -34.436 0.5000000000
137623  -1.300  -86.511  -37.999 0.5000000000
9027  0.454  -89.255  -33.223 0.5000000000
11121  -1.590  -86.389  -37.490 0.6000000238
10052  -0.689  -88.149  -34.727 0.6000000238
12073  -2.620  -85.672  -37.241 0.6000000238
10069  -1.176  -87.631  -35.379 0.6000000238
9041  -0.887  -88.444  -33.691 0.6999999881
12066  -2.717  -85.952  -36.332 0.6999999881
10053  -1.455  -87.874  -34.482 0.6999999881
11098  -3.234  -86.135  -35.394 0.6999999881
10054  -2.262  -87.589  -34.232 0.6999999881
10036  -1.674  -88.187  -33.423 0.6999999881
125151  -5.704  -82.029  -43.368 0.5000000000
16078  -5.579  -81.663  -42.456 0.6000000238
18205  -5.857  -80.124  -43.321 0.6000000238
140583  -5.485  -80.867  -42.227 0.6000000238
13102  -3.802  -84.851  -39.162 0.5000000000
9028  -0.318  -89.134  -32.895 0.5000000000
8116  0.271  -90.251  -32.308 0.5000000000
7284  -1.833  -90.557  -33.167 0.6999999881
8117  -1.231  -90.105  -31.944 0.6999999881
7272  -1.724  -90.322  -32.103 0.6999999881
12083  -2.484  -85.729  -38.180 0.6000000238
12074  -3.258  -85.263  -37.754 0.6999999881
9014  -1.514  -89.554  -31.931 0.6999999881
12067  -3.432  -85.245  -36.742 0.6999999881
12055  -3.410  -85.546  -35.979 0.6999999881
10020  -2.681  -88.275  -32.142 0.6999999881
12040  -3.916  -85.737  -34.806 0.6999999881
11080  -3.446  -86.476  -34.411 0.6999999881
11058  -3.022  -87.278  -33.932 0.6999999881
10021  -3.267  -87.754  -31.887 0.6999999881
12026  -4.063  -85.987  -33.865 0.6999999881
12027  -4.494  -85.323  -33.305 0.6999999881
11060  -4.039  -86.284  -32.664 0.6999999881
12007  -4.593  -85.538  -32.210 0.6999999881
18211  -6.110  -80.235  -44.451 0.5000000000
18212  -6.476  -79.481  -44.820 0.6000000238
19259  -6.520  -78.501  -43.966 0.6000000238
145802  -5.961  -79.429  -43.044 0.6000000238
19251  -6.073  -78.738  -42.880 0.6000000238
142795  -5.513  -81.886  -40.970 0.6000000238
18192  -5.447  -80.178  -41.604 0.6000000238
14141  -5.413  -83.477  -39.741 0.6000000238
8140  -3.404  -89.830  -33.810 0.6999999881
13091  -4.499  -84.422  -38.798 0.6999999881
7285  -2.523  -90.305  -32.664 0.6999999881
123132  -4.019  -89.563  -34.612 0.6999999881
8141  -4.655  -89.209  -34.449 0.6999999881
15086  -5.290  -83.323  -38.988 0.6999999881
125583  -4.064  -89.506  -33.650 0.6999999881
8153  -5.424  -88.992  -35.208 0.6999999881
127612  -4.529  -84.357  -37.956 0.6999999881
14112  -4.763  -83.652  -37.686 0.6999999881
8118  -2.607  -89.621  -31.698 0.6999999881
8120  -3.737  -89.517  -31.943 0.6999999881
9031  -4.556  -89.091  -33.569 0.6999999881
9042  -5.049  -88.645  -34.099 0.6999999881
13063  -4.141  -84.637  -36.604 0.6999999881
14094  -4.680  -83.423  -36.848 0.6999999881
9004  -3.719  -88.745  -31.127 0.6999999881
9032  -4.866  -88.772  -32.773 0.6999999881
13027  -4.589  -84.323  -34.828 0.6999999881
10007  -4.290  -88.288  -30.845 0.6999999881
9005  -4.297  -88.849  -31.092 0.6999999881
14040  -4.919  -84.354  -33.866 0.6999999881
11037  -4.289  -86.411  -31.453 0.6999999881
8995  -4.912  -88.365  -30.824 0.6999999881
13000  -4.954  -84.719  -32.806 0.6999999881
11004  -4.740  -86.765  -30.550 0.6999999881
12008  -5.081  -84.996  -31.957 0.6999999881
19270  -7.135  -78.728  -46.241 0.5000000000
20321  -7.589  -78.042  -45.859 0.6000000238
20307  -7.869  -77.265  -45.363 0.6000000238
129241  -8.440  -76.588  -46.080 0.5000000000
21386  -8.219  -76.510  -44.830 0.6000000238
21409  -7.426  -76.569  -47.164 0.5000000000
19271  -7.419  -77.847  -46.597 0.5000000000
137074  -6.781  -77.532  -43.566 0.6000000238
146632  -7.996  -75.803  -43.535 0.6000000238
20275  -6.092  -77.906  -42.284 0.6000000238
21377  -7.053  -76.736  -43.227 0.6000000238
136470  -5.232  -81.324  -40.647 0.6000000238
137907  -5.340  -82.025  -40.162 0.6999999881
123114  -5.158  -80.564  -40.690 0.6999999881
126340  -5.195  -82.541  -38.746 0.6999999881
17110  -4.941  -81.041  -39.962 0.6999999881
9055  -6.165  -88.485  -35.576 0.6999999881
15070  -4.877  -82.754  -37.432 0.6999999881
129242  -5.294  -81.269  -38.077 0.6999999881
9043  -5.724  -88.157  -34.699 0.6999999881
10085  -7.168  -87.764  -36.202 0.6999999881
15071  -5.288  -81.809  -37.196 0.6999999881
10039  -5.516  -88.001  -33.548 0.6999999881
10071  -6.389  -87.637  -35.202 0.6999999881
124724  -7.228  -86.832  -37.284 0.6999999881
14060  -5.287  -82.922  -34.842 0.6000000238
10022  -5.546  -88.188  -32.275 0.6999999881
10055  -6.113  -87.315  -34.248 0.6999999881
10072  -7.204  -87.297  -35.693 0.6999999881
10086  -7.877  -87.515  -36.329 0.6999999881
10108  -8.449  -87.280  -37.570 0.6999999881
14059  -4.957  -83.671  -34.576 0.6999999881
9993  -5.569  -87.825  -30.540 0.6999999881
11038  -6.770  -87.181  -31.865 0.6000000238
127150  -6.941  -86.635  -33.083 0.6999999881
11082  -7.162  -86.439  -34.418 0.6999999881
123153  -5.782  -83.548  -32.501 0.6000000238
11995  -4.890  -85.655  -31.042 0.6999999881
12967  -5.616  -85.280  -30.209 0.6999999881
11005  -5.480  -87.133  -30.169 0.6999999881
136176  -6.886  -86.799  -29.887 0.6000000238
11039  -7.434  -86.461  -32.335 0.6000000238
13998  -5.790  -83.898  -31.681 0.6000000238
12986  -5.888  -84.197  -30.738 0.6000000238
11962  -6.475  -85.395  -29.670 0.6000000238
11006  -7.449  -86.152  -29.827 0.5000000000
141637  -7.418  -86.586  -30.513 0.5000000000
11021  -7.831  -86.200  -31.511 0.5000000000
139835  -6.504  -83.368  -30.291 0.6000000238
13963  -7.252  -83.464  -29.539 0.5000000000
12948  -6.826  -84.394  -29.598 0.5000000000
21387  -8.773  -75.788  -45.561 0.6000000238
22548  -8.466  -75.123  -46.701 0.6000000238
23810  -9.208  -74.135  -43.648 0.5000000000
26264  -9.262  -71.887  -44.381 0.6999999881
22566  -8.005  -75.644  -47.167 0.5000000000
23849  -7.198  -74.954  -46.793 0.6000000238
23834  -7.578  -74.040  -46.405 0.6000000238
22564  -5.828  -75.643  -46.834 0.6000000238
22565  -6.992  -75.736  -47.120 0.6000000238
23794  -8.489  -74.436  -42.638 0.4000000060
23833  -6.093  -74.693  -46.471 0.6000000238
21370  -7.464  -75.946  -42.945 0.5000000000
144381  -6.889  -76.493  -42.502 0.6000000238
20260  -5.982  -77.831  -41.443 0.6000000238
142495  -4.845  -80.688  -39.346 0.6999999881
18182  -5.069  -79.533  -39.649 0.6000000238
140861  -5.421  -80.582  -37.951 0.6999999881
15063  -5.558  -81.935  -36.208 0.6000000238
15963  -5.658  -81.117  -36.474 0.6000000238
15050  -5.859  -82.321  -34.307 0.6000000238
125125  -7.722  -86.222  -34.245 0.6000000238
11083  -8.340  -86.440  -34.735 0.6000000238
10073  -8.247  -87.055  -35.665 0.6999999881
10098  -8.353  -87.990  -36.894 0.6999999881
138200  -8.903  -87.928  -38.332 0.6999999881
15044  -5.962  -82.519  -33.460 0.6000000238
126298  -8.120  -85.990  -32.563 0.6000000238
124909  -8.850  -87.731  -39.173 0.6999999881
147044  -6.204  -82.854  -31.182 0.6000000238
11978  -7.993  -85.621  -29.777 0.4000000060
11022  -8.619  -85.842  -31.609 0.4000000060
11040  -9.057  -86.010  -32.549 0.5000000000
11063  -8.487  -86.192  -33.638 0.6000000238
127618  -9.003  -87.498  -35.803 0.6000000238
8183  -8.769  -89.074  -38.136 0.6000000238
145287  -6.836  -82.565  -30.246 0.5000000000
15013  -7.723  -82.573  -29.532 0.5000000000
13964  -8.030  -83.468  -29.241 0.5000000000
11964  -8.221  -85.013  -29.517 0.5000000000
11064  -9.563  -86.384  -33.323 0.4000000060
11084  -9.215  -86.638  -34.292 0.6000000238
27468  -8.913  -71.538  -44.508 0.6000000238
25064  -9.348  -72.703  -44.991 0.6000000238
129744  -9.059  -70.919  -43.046 0.6000000238
124529  -6.322  -73.696  -46.102 0.6000000238
25062  -7.183  -72.303  -45.285 0.5000000000
27466  -6.418  -71.688  -44.460 0.6000000238
26263  -5.064  -71.757  -44.292 0.6000000238
25044  -9.271  -72.628  -42.881 0.6000000238
25073  -5.125  -74.016  -46.014 0.6999999881
26272  -4.538  -72.639  -44.728 0.6000000238
27455  -3.279  -71.267  -43.383 0.6000000238
22523  -7.748  -75.269  -42.340 0.5000000000
23775  -8.620  -73.639  -42.186 0.6000000238
23823  -3.396  -74.191  -45.184 0.6000000238
26271  -3.514  -72.629  -44.351 0.6999999881
22522  -7.157  -75.984  -42.038 0.5000000000
25059  -3.413  -73.409  -44.678 0.6999999881
20261  -6.221  -77.128  -41.197 0.6000000238
23809  -2.126  -73.896  -44.168 0.6000000238
134909  -5.425  -79.166  -38.856 0.6000000238
131114  -5.902  -78.057  -39.898 0.6000000238
20229  -5.849  -78.373  -39.110 0.6000000238
18158  -5.390  -79.536  -37.249 0.6000000238
141646  -5.516  -80.564  -35.844 0.6000000238
147051  -5.571  -80.669  -34.387 0.6000000238
18073  -6.961  -79.697  -31.602 0.6000000238
15925  -6.022  -81.842  -32.811 0.6000000238
18074  -7.900  -79.448  -31.408 0.6000000238
15911  -6.987  -81.228  -30.596 0.6000000238
10074  -9.658  -87.616  -35.559 0.6000000238
9071  -9.633  -88.794  -36.672 0.6000000238
9083  -9.166  -89.045  -37.420 0.6000000238
15912  -7.525  -81.254  -30.162 0.5000000000
15015  -9.043  -82.676  -29.811 0.5000000000
13965  -8.758  -83.474  -29.510 0.5000000000
7333  -9.615  -90.446  -37.877 0.6000000238
11065  -10.581  -86.567  -33.076 0.4000000060
10075  -10.396  -87.907  -35.193 0.6000000238
9072  -10.283  -89.321  -36.232 0.6000000238
27450  -7.733  -70.555  -43.177 0.6000000238
28654  -6.752  -70.240  -42.353 0.5000000000
28655  -8.106  -70.173  -42.402 0.6000000238
28646  -8.341  -69.928  -41.460 0.5000000000
27467  -7.834  -71.566  -44.555 0.6000000238
28653  -5.414  -70.281  -42.313 0.6000000238
27460  -9.186  -71.035  -43.927 0.5000000000
28656  -8.736  -70.456  -42.290 0.5000000000
27442  -9.009  -70.934  -41.854 0.5000000000
27448  -4.931  -70.626  -43.055 0.5000000000
27449  -6.254  -70.655  -43.088 0.6000000238
27447  -3.794  -70.668  -42.848 0.5000000000
26252  -9.175  -71.718  -42.542 0.6000000238
132670  -2.364  -72.475  -43.372 0.6999999881
26260  -2.555  -71.630  -43.100 0.6000000238
26251  -2.354  -72.338  -42.210 0.6000000238
21355  -6.689  -76.595  -40.126 0.5000000000
124513  -0.584  -74.599  -43.609 0.5000000000
25043  -2.082  -73.175  -42.874 0.6999999881
20244  -6.332  -77.266  -39.795 0.5000000000
19187  -5.403  -78.800  -37.030 0.5000000000
18147  -5.302  -79.274  -36.380 0.6000000238
143667  -6.286  -78.644  -33.659 0.6000000238
18103  -5.575  -79.674  -33.772 0.5000000000
19139  -6.895  -78.714  -32.991 0.6000000238
18087  -5.803  -79.922  -32.966 0.6000000238
16980  -8.526  -80.305  -30.705 0.5000000000
11066  -11.478  -86.770  -32.924 0.5000000000
10058  -11.459  -87.994  -33.890 0.5000000000
8154  -11.092  -89.797  -35.763 0.6000000238
7313  -10.555  -90.269  -36.544 0.6000000238
28631  -6.062  -69.681  -40.731 0.6000000238
144533  -7.149  -69.727  -40.830 0.6000000238
28630  -4.876  -69.706  -40.711 0.6000000238
28633  -8.814  -70.074  -40.638 0.5000000000
28643  -4.541  -69.969  -41.523 0.6000000238
27441  -3.459  -70.363  -41.783 0.6999999881
27428  -9.069  -70.608  -40.992 0.6000000238
27440  -2.578  -71.296  -41.631 0.6000000238
27446  -2.822  -70.955  -42.593 0.6000000238
144936  -8.852  -73.008  -41.393 0.6000000238
23773  -1.933  -74.336  -41.311 0.6000000238
25022  -2.568  -73.878  -40.855 0.6000000238
22506  -7.330  -75.614  -40.862 0.5000000000
131068  -6.127  -77.841  -38.551 0.5000000000
23791  -0.293  -74.512  -42.766 0.5000000000
23772  -1.198  -74.501  -41.900 0.6000000238
19173  -5.495  -78.643  -36.344 0.5000000000
20172  -6.721  -77.803  -34.686 0.6000000238
19149  -5.577  -78.780  -34.702 0.5000000000
19141  -8.435  -78.315  -33.126 0.5000000000
147575  -8.125  -78.979  -32.067 0.5000000000
9033  -12.041  -88.159  -33.715 0.6000000238
9058  -11.481  -89.156  -35.016 0.6000000238
28606  -5.869  -69.960  -39.106 0.6000000238
28616  -6.480  -69.568  -39.920 0.5000000000
28617  -7.259  -69.513  -39.509 0.5000000000
27410  -4.891  -70.266  -39.418 0.6999999881
29797  -7.865  -69.281  -39.248 0.5000000000
132046  -4.085  -70.681  -39.665 0.6999999881
27427  -4.367  -69.912  -40.119 0.6000000238
134497  -8.600  -69.653  -39.495 0.5000000000
26238  -2.830  -71.702  -40.575 0.6000000238
26239  -9.177  -71.709  -40.613 0.6000000238
25008  -2.829  -74.097  -39.966 0.6999999881
25024  -9.067  -73.039  -40.698 0.6000000238
23752  -2.104  -74.425  -40.336 0.6000000238
131983  -8.354  -74.462  -40.438 0.6000000238
123188  -0.851  -74.341  -39.882 0.6999999881
23751  -1.240  -74.479  -40.776 0.6999999881
21346  -6.739  -76.604  -39.284 0.5000000000
128866  -7.472  -75.558  -40.221 0.5000000000
23771  -0.502  -74.382  -41.680 0.6000000238
20219  -6.372  -77.236  -38.028 0.5000000000
25021  0.688  -73.336  -40.935 0.5000000000
21316  -6.817  -76.830  -36.686 0.6000000238
20208  -5.776  -78.091  -36.877 0.5000000000
25020  1.425  -73.560  -41.663 0.6000000238
20196  -5.873  -78.162  -35.954 0.5000000000
19151  -7.008  -78.096  -33.801 0.6000000238
20165  -8.858  -77.979  -33.710 0.5000000000
28607  -6.715  -69.985  -38.420 0.6999999881
29788  -7.193  -69.163  -38.403 0.5000000000
29789  -7.505  -68.340  -38.324 0.5000000000
27382  -5.807  -71.592  -37.980 0.8000000119
27395  -6.183  -70.786  -38.275 0.6999999881
147853  -7.715  -68.010  -38.443 0.5000000000
30971  -8.620  -68.231  -39.125 0.5000000000
26196  -4.736  -72.858  -37.918 0.6999999881
26211  -5.073  -71.927  -38.305 0.6999999881
27394  -5.426  -70.974  -38.677 0.8000000119
27409  -3.926  -71.759  -39.364 0.6999999881
30972  -9.515  -68.035  -39.462 0.5000000000
23720  -2.789  -74.393  -38.344 0.6999999881
26209  -3.799  -72.901  -39.065 0.6999999881
27411  -9.080  -70.914  -39.843 0.6000000238
129130  -9.194  -69.907  -39.438 0.5000000000
23706  -1.655  -74.165  -37.852 0.6000000238
23734  -2.230  -74.438  -39.322 0.6000000238
25010  -9.250  -73.633  -39.749 0.6000000238
24989  -0.628  -73.684  -38.702 0.6999999881
23733  -1.416  -74.431  -39.175 0.6999999881
21347  -7.256  -76.094  -38.843 0.6000000238
23736  -8.027  -75.024  -39.952 0.6000000238
25006  0.308  -73.107  -40.038 0.6000000238
21328  -7.462  -76.112  -37.778 0.6000000238
21304  -6.995  -76.972  -35.905 0.6000000238
137782  2.523  -72.710  -40.823 0.6000000238
20173  -7.621  -77.525  -34.390 0.6000000238
20174  -8.519  -77.446  -34.272 0.5000000000
134136  -6.629  -71.443  -37.024 0.6000000238
28594  -7.063  -69.738  -37.427 0.5000000000
29777  -7.370  -68.710  -37.592 0.5000000000
32084  -7.864  -66.763  -38.142 0.5000000000
26197  -5.402  -72.354  -37.579 0.8000000119
125456  -9.518  -66.028  -38.725 0.5000000000
24977  -4.308  -73.703  -37.484 0.6999999881
27412  -9.434  -71.181  -39.117 0.6000000238
28590  4.497  -70.928  -37.108 0.6000000238
23707  -2.389  -74.366  -37.661 0.8000000119
28591  3.969  -70.261  -37.531 0.6000000238
26195  -0.951  -72.941  -37.336 0.6999999881
23696  -1.958  -74.119  -37.076 0.8000000119
25011  -9.321  -72.726  -39.739 0.6000000238
27390  3.697  -71.256  -38.683 0.6000000238
24974  -0.482  -72.903  -38.204 0.6000000238
22489  -8.025  -75.661  -38.501 0.6000000238
22482  -8.485  -75.523  -37.500 0.6000000238
27407  2.000  -71.304  -40.249 0.6000000238
27424  1.861  -72.082  -40.655 0.6000000238
26207  0.321  -71.742  -39.470 0.6000000238
21317  -7.451  -76.396  -36.296 0.6000000238
22474  -8.727  -75.633  -36.539 0.6000000238
26236  1.027  -72.470  -40.601 0.5000000000
21307  -9.359  -76.508  -35.356 0.5000000000
20186  -9.645  -77.236  -34.994 0.5000000000
21320  -10.547  -76.662  -36.219 0.5000000000
30945  -6.845  -69.622  -35.805 0.5000000000
30946  -6.848  -68.927  -36.111 0.5000000000
26182  -6.374  -72.213  -36.592 0.6000000238
132896  -6.896  -71.563  -36.201 0.5000000000
24978  -4.957  -73.112  -37.132 0.8000000119
26167  -5.850  -72.805  -36.233 0.6999999881
23699  -4.058  -74.327  -36.135 0.8000000119
23708  -3.091  -74.451  -37.345 0.8000000119
29799  -9.687  -69.779  -39.353 0.6000000238
32091  -9.862  -67.067  -39.287 0.5000000000
29750  4.541  -69.748  -35.038 0.6000000238
24963  -2.163  -73.964  -36.196 0.8000000119
29800  -10.297  -68.934  -39.630 0.5000000000
29761  2.748  -69.127  -37.034 0.6999999881
28582  4.274  -70.109  -36.703 0.6000000238
142466  -1.248  -72.686  -36.780 0.8000000119
24993  -9.588  -73.276  -38.855 0.6000000238
27413  -10.089  -71.399  -38.838 0.6000000238
124870  -10.591  -69.858  -39.360 0.6000000238
29773  2.176  -69.249  -38.022 0.6000000238
23710  -9.213  -74.811  -37.733 0.6000000238
24992  -9.364  -74.005  -38.970 0.6000000238
27397  -10.323  -72.163  -38.683 0.6000000238
28612  3.054  -70.850  -39.253 0.6000000238
27392  -0.009  -71.097  -39.163 0.6000000238
26194  -0.533  -72.014  -37.810 0.5000000000
23711  -9.883  -74.586  -37.542 0.6000000238
27391  0.526  -70.770  -39.636 0.6000000238
22467  -9.040  -75.911  -35.822 0.6000000238
22484  -10.236  -75.333  -37.107 0.6000000238
146578  -10.845  -75.873  -37.046 0.5000000000
20211  -11.239  -76.962  -37.403 0.5000000000
20210  -10.936  -77.404  -36.834 0.5000000000
20221  -11.321  -76.789  -38.211 0.5000000000
122563  -7.097  -72.026  -35.519 0.6000000238
24956  -5.560  -73.338  -35.658 0.6999999881
29711  4.743  -69.897  -32.476 0.6000000238
29743  4.754  -70.032  -34.318 0.6000000238
23690  -3.554  -74.330  -35.579 0.8000000119
32092  -10.741  -66.995  -39.513 0.5000000000
30907  3.233  -68.368  -34.994 0.6000000238
24943  -2.735  -73.571  -34.583 0.8000000119
144863  -11.187  -67.595  -39.787 0.5000000000
30926  3.204  -68.658  -35.676 0.6999999881
26165  -1.916  -72.349  -35.349 0.8000000119
28621  -11.262  -70.416  -39.264 0.6000000238
29801  -11.413  -69.414  -39.659 0.6000000238
30954  1.635  -68.695  -37.471 0.8000000119
27373  -1.319  -71.205  -36.671 0.6999999881
136870  -10.138  -73.449  -38.352 0.6000000238
27414  -11.050  -71.236  -38.932 0.6000000238
29774  1.134  -68.812  -38.515 0.6999999881
29787  -0.102  -69.239  -39.175 0.6999999881
27372  -0.816  -71.026  -37.587 0.6000000238
24979  -10.375  -73.951  -37.895 0.6000000238
26227  -11.718  -71.958  -39.027 0.6000000238
28603  1.414  -69.929  -39.485 0.6000000238
24995  -11.504  -73.353  -38.554 0.5000000000
23713  -11.327  -74.609  -37.821 0.5000000000
24957  -6.000  -73.275  -34.918 0.6000000238
122317  -6.853  -72.614  -34.925 0.5000000000
29680  4.179  -69.558  -30.033 0.6000000238
121561  -5.571  -73.847  -34.125 0.6999999881
29699  4.611  -69.715  -31.674 0.6000000238
23691  -4.249  -74.285  -35.283 0.6999999881
24945  -4.686  -74.196  -34.023 0.6000000238
30884  3.414  -68.255  -33.410 0.6000000238
30867  4.202  -68.967  -32.314 0.6000000238
24944  -3.328  -73.979  -34.278 0.6000000238
24931  -3.082  -73.358  -33.900 0.6999999881
30927  2.388  -68.347  -35.461 0.8000000119
137005  -2.349  -72.360  -34.781 0.6999999881
27347  -3.654  -71.605  -34.136 0.6000000238
30940  2.030  -68.531  -36.448 0.8000000119
28575  -2.520  -70.557  -35.741 0.8000000119
137869  -3.536  -69.816  -35.973 0.6999999881
30956  -0.232  -68.152  -38.065 0.6999999881
29776  -0.684  -68.630  -38.644 0.6999999881
29762  -1.864  -69.200  -37.022 0.6000000238
29752  -2.655  -69.371  -36.384 0.8000000119
124701  3.685  -68.617  -28.650 0.6000000238
30836  3.945  -68.642  -30.890 0.6000000238
32010  2.665  -68.211  -32.849 0.6999999881
122277  -5.143  -71.240  -33.979 0.6000000238
30908  2.410  -68.196  -34.498 0.6999999881
30909  1.704  -68.200  -34.895 0.6999999881
139847  -4.364  -70.966  -34.768 0.6999999881
28576  -4.417  -70.182  -35.506 0.6000000238
30928  1.488  -68.117  -35.853 0.8000000119
32050  0.205  -67.481  -35.913 0.6000000238
126456  -1.282  -67.751  -36.982 0.5000000000
145657  -3.592  -68.945  -36.271 0.6999999881
121569  -4.857  -69.086  -35.481 0.6999999881
121573  -6.515  -69.499  -34.230 0.6000000238
30942  0.302  -67.854  -37.201 0.8000000119
30944  -2.158  -67.913  -36.552 0.6000000238
140163  -2.330  -68.562  -36.778 0.6000000238
31943  3.358  -67.558  -27.460 0.6000000238
31953  3.382  -67.354  -28.290 0.6000000238
30837  3.259  -67.994  -30.771 0.6999999881
147373  3.769  -68.426  -30.296 0.6000000238
30868  3.323  -68.378  -32.208 0.6999999881
31999  1.968  -68.365  -32.467 0.6999999881
32026  1.835  -68.236  -34.020 0.6999999881
32027  1.257  -68.182  -34.403 0.6000000238
122293  -6.625  -70.578  -34.391 0.6000000238
32028  0.429  -67.910  -34.939 0.6000000238
32051  -1.142  -67.313  -35.793 0.6000000238
140102  -7.001  -70.268  -33.506 0.5000000000
122722  -5.687  -69.089  -33.608 0.6000000238
29712  -5.145  -69.500  -32.537 0.5000000000
29701  -4.804  -69.679  -31.470 0.5000000000
124634  -3.259  -68.517  -33.063 0.6000000238
30872  -4.272  -68.933  -32.826 0.5000000000
31935  2.029  -67.087  -26.305 0.6000000238
33037  2.892  -67.010  -27.012 0.6000000238
31961  2.996  -67.027  -29.277 0.6999999881
33048  3.070  -66.843  -27.737 0.6999999881
145447  2.014  -67.261  -30.469 0.6999999881
31989  1.883  -68.082  -31.353 0.6999999881
136833  1.707  -68.300  -31.845 0.6000000238
32012  1.393  -68.346  -33.412 0.5000000000
32013  0.887  -68.213  -33.656 0.6999999881
124395  0.936  -68.172  -32.402 0.6000000238
131847  0.157  -68.015  -34.157 0.6000000238
30910  -0.749  -67.986  -33.891 0.6000000238
30869  -0.405  -68.319  -32.528 0.6000000238
30912  -3.305  -68.137  -34.349 0.6000000238
30871  -2.244  -68.603  -32.182 0.5000000000
30856  -2.176  -68.529  -31.245 0.5000000000
30817  -2.805  -68.138  -29.812 0.5000000000
30760  -1.451  -68.919  -24.959 0.6999999881
31915  -1.530  -68.019  -25.329 0.6999999881
31901  -1.407  -68.387  -24.423 0.6999999881
31936  1.074  -67.396  -26.469 0.6000000238
31937  -1.110  -67.431  -26.678 0.6999999881
33017  -1.418  -67.013  -25.259 0.6999999881
34056  -0.746  -65.267  -25.472 0.6999999881
35196  0.341  -64.546  -24.916 0.6000000238
33038  2.344  -66.697  -26.839 0.6999999881
31945  -0.434  -67.007  -27.341 0.6999999881
31946  -1.069  -66.490  -27.126 0.6999999881
34057  -1.215  -65.217  -26.182 0.6999999881
34077  2.222  -65.976  -27.730 0.6999999881
33051  1.106  -65.831  -27.565 0.6999999881
34066  -1.270  -65.238  -26.805 0.6999999881
33091  1.155  -66.834  -30.593 0.6999999881
33101  0.853  -67.009  -30.893 0.6000000238
32001  0.952  -68.295  -32.478 0.6000000238
33114  0.242  -66.960  -31.310 0.6000000238
34139  -1.131  -65.258  -32.260 0.6000000238
32014  0.357  -68.266  -33.099 0.6000000238
30854  -0.379  -68.146  -31.666 0.6000000238
33103  -0.829  -66.226  -31.693 0.6000000238
31990  -1.047  -67.811  -31.080 0.5000000000
130608  -1.583  -66.546  -31.005 0.6000000238
34126  -2.388  -66.019  -31.229 0.6000000238
133639  -1.724  -68.504  -31.694 0.5000000000
30838  -1.748  -68.037  -30.665 0.5000000000
33092  -2.424  -66.768  -30.109 0.5000000000
30731  -1.231  -69.385  -23.611 0.6999999881
33016  -0.634  -66.481  -24.441 0.6999999881
34045  -0.146  -65.477  -24.659 0.6000000238
141089  1.009  -63.898  -24.325 0.6000000238
36403  1.103  -62.996  -24.614 0.6000000238
38582  1.038  -61.003  -25.085 0.4000000060
35219  -0.775  -63.818  -26.763 0.6000000238
36419  0.011  -63.409  -25.964 0.5000000000
36418  0.873  -62.590  -25.363 0.5000000000
39683  -0.467  -60.236  -25.641 0.4000000060
39666  -1.295  -59.616  -25.703 0.5000000000
33073  2.471  -66.441  -29.054 0.6999999881
34078  1.544  -65.576  -27.954 0.8000000119
34080  -0.493  -64.935  -27.755 0.6999999881
37558  -0.682  -62.350  -27.162 0.5000000000
124588  -0.385  -61.393  -26.725 0.4000000060
39699  -0.568  -60.470  -26.349 0.4000000060
39700  -1.249  -59.978  -26.785 0.4000000060
39712  -2.411  -59.793  -27.738 0.4000000060
34093  1.414  -65.557  -28.768 0.8000000119
35244  0.833  -65.304  -29.110 0.8000000119
35229  -0.132  -64.845  -28.371 0.8000000119
35246  -0.536  -64.337  -28.424 0.8000000119
37565  -1.026  -63.354  -28.034 0.6000000238
38636  -1.050  -62.236  -27.598 0.5000000000
38637  -1.687  -61.611  -27.823 0.4000000060
39711  -1.756  -60.495  -27.471 0.4000000060
34123  1.384  -66.348  -29.966 0.6999999881
34124  0.910  -66.074  -30.232 0.8000000119
34125  0.518  -65.690  -30.606 0.6999999881
35287  -0.379  -64.885  -31.650 0.5000000000
37566  -1.566  -62.506  -28.218 0.5000000000
132425  -2.461  -60.963  -28.065 0.4000000060
39713  -3.180  -59.996  -28.397 0.4000000060
34137  0.232  -65.826  -31.181 0.6000000238
35303  -0.609  -65.182  -32.032 0.5000000000
141598  -0.897  -64.682  -32.105 0.5000000000
125116  -1.909  -64.968  -32.612 0.6000000238
34140  -1.646  -65.614  -32.112 0.6000000238
34141  -3.110  -65.096  -32.664 0.6000000238
31900  -0.929  -67.797  -23.772 0.6000000238
31884  -0.460  -68.014  -23.001 0.5000000000
34030  0.385  -65.644  -23.880 0.5000000000
142474  1.014  -64.227  -23.633 0.4000000060
37494  1.017  -62.566  -24.265 0.5000000000
37510  1.177  -61.561  -24.830 0.5000000000
38598  0.367  -60.522  -25.109 0.5000000000
128695  -1.452  -60.107  -25.276 0.5000000000
40752  -2.080  -58.931  -25.824 0.5000000000
39668  -2.872  -59.354  -25.781 0.5000000000
40765  -2.251  -58.624  -26.444 0.5000000000
126273  -4.028  -58.043  -26.693 0.5000000000
143469  -0.105  -64.663  -29.096 0.6999999881
36455  -0.692  -64.092  -29.034 0.6000000238
36456  -1.212  -63.686  -29.440 0.5000000000
37574  -1.234  -63.225  -28.465 0.5000000000
40781  -3.272  -58.227  -27.608 0.5000000000
41864  -3.964  -57.715  -27.264 0.5000000000
35262  0.714  -65.531  -29.828 0.8000000119
35263  0.362  -65.070  -29.421 0.6999999881
35273  -0.184  -64.714  -30.750 0.6000000238
37575  -1.692  -63.007  -28.993 0.5000000000
38647  -2.937  -62.247  -29.152 0.4000000060
38638  -3.081  -61.371  -28.700 0.5000000000
40798  -3.574  -58.738  -28.239 0.4000000060
40799  -4.417  -58.407  -28.330 0.5000000000
35274  -0.834  -64.282  -31.361 0.5000000000
36485  -2.171  -64.022  -31.859 0.5000000000
36469  -2.159  -63.578  -30.677 0.6000000238
37577  -3.320  -62.714  -29.764 0.5000000000
37578  -4.151  -62.461  -29.979 0.5000000000
38649  -4.466  -61.592  -29.561 0.5000000000
35304  -2.228  -64.611  -32.503 0.5000000000
36501  -3.073  -64.070  -32.332 0.5000000000
36470  -3.040  -63.618  -31.215 0.5000000000
37589  -3.716  -63.141  -30.540 0.5000000000
35305  -3.446  -64.574  -32.810 0.6000000238
35306  -4.158  -64.272  -33.853 0.6000000238
31883  0.557  -67.230  -22.505 0.5000000000
32984  1.108  -66.197  -22.262 0.5000000000
34029  1.014  -64.952  -23.235 0.5000000000
35177  0.939  -64.263  -22.956 0.4000000060
36385  0.539  -63.138  -23.463 0.4000000060
32968  1.151  -66.763  -21.885 0.5000000000
34028  1.046  -64.845  -22.408 0.4000000060
37495  0.296  -62.030  -24.135 0.5000000000
38584  -0.629  -61.484  -24.333 0.6000000238
38600  -1.444  -60.899  -24.761 0.5000000000
130230  -2.331  -60.684  -25.227 0.5000000000
38601  -3.310  -61.312  -25.548 0.4000000060
38618  -3.830  -60.477  -25.940 0.4000000060
39686  -4.832  -60.006  -26.401 0.4000000060
35136  1.056  -64.922  -21.811 0.4000000060
35157  0.831  -64.406  -22.114 0.4000000060
36369  0.693  -63.782  -22.792 0.4000000060
36386  -0.656  -62.908  -23.419 0.5000000000
37511  -1.089  -62.285  -23.922 0.5000000000
37512  -2.167  -62.150  -24.376 0.5000000000
36370  -0.193  -63.515  -22.677 0.4000000060
36387  -2.111  -63.426  -23.199 0.4000000060
36404  -2.977  -63.034  -24.288 0.5000000000
37529  -3.306  -62.727  -24.933 0.4000000060
142026  -3.674  -62.348  -25.529 0.4000000060
38619  -4.683  -61.183  -26.256 0.4000000060
37545  -4.987  -61.922  -26.304 0.4000000060
33987  0.731  -65.437  -20.546 0.4000000060
35138  0.302  -64.560  -21.421 0.4000000060
35158  0.125  -63.997  -22.000 0.4000000060
33967  -0.566  -65.319  -19.279 0.4000000060
125052  -1.549  -64.956  -20.678 0.4000000060
35159  -1.025  -64.076  -22.010 0.4000000060
35178  -2.786  -64.122  -22.682 0.4000000060
36388  -3.149  -63.716  -23.710 0.5000000000
36405  -3.676  -63.565  -24.635 0.5000000000
36420  -4.119  -63.176  -25.476 0.4000000060
146654  -4.190  -62.613  -25.807 0.4000000060
35161  -3.654  -64.565  -22.197 0.4000000060
35180  -4.567  -64.443  -23.409 0.4000000060
36407  -5.310  -63.807  -24.720 0.4000000060
36421  -5.009  -63.428  -25.455 0.4000000060
131287  -5.579  -62.891  -25.751 0.4000000060
33944  -0.032  -65.129  -18.757 0.4000000060
33945  -0.936  -65.045  -18.705 0.3000000119
33969  -2.000  -65.082  -19.998 0.3000000119
132077  -2.836  -64.561  -21.721 0.4000000060
37419  -0.378  -63.010  -18.600 0.4000000060
147946  -1.125  -64.524  -18.488 0.3000000119
35108  -2.145  -64.751  -19.334 0.3000000119
35109  -2.760  -64.733  -19.937 0.4000000060
36343  -4.760  -63.665  -20.802 0.5000000000
35163  -5.188  -64.413  -22.697 0.4000000060
35181  -5.362  -64.238  -23.482 0.4000000060
36408  -6.122  -63.568  -24.361 0.4000000060
37533  -7.290  -62.146  -25.312 0.3000000119
37457  -4.410  -62.941  -20.502 0.5000000000
37458  -5.155  -62.810  -20.872 0.5000000000
36359  -5.717  -64.044  -21.916 0.4000000060
36373  -6.645  -63.533  -22.870 0.4000000060
36390  -6.811  -63.304  -23.691 0.3000000119
36309  0.014  -63.711  -18.367 0.4000000060
37442  0.391  -62.174  -18.991 0.4000000060
37444  -1.806  -62.590  -19.354 0.4000000060
136783  -2.549  -63.319  -19.358 0.5000000000
36342  -3.922  -63.851  -20.264 0.5000000000
38520  0.026  -61.542  -19.776 0.4000000060
37445  -2.741  -62.588  -19.764 0.5000000000
37455  -2.988  -61.768  -20.451 0.5000000000
38537  -4.657  -62.208  -20.821 0.4000000060
37471  -6.741  -62.486  -21.632 0.4000000060
37480  -7.667  -62.632  -22.707 0.3000000119
39609  -2.672  -60.973  -21.162 0.3000000119
38546  -3.473  -61.264  -21.122 0.3000000119
38548  -5.246  -61.751  -21.142 0.3000000119
124772  0.366  -62.938  -18.521 0.4000000060
38532  0.720  -60.993  -20.473 0.3000000119
38533  -0.114  -60.910  -20.815 0.4000000060
38550  -7.038  -61.621  -21.667 0.3000000119
139632  1.764  -60.700  -19.722 0.3000000119
39605  1.154  -59.415  -20.635 0.3000000119
23836  -9.211  -74.279  -45.716 0.6000000238
26281  -8.122  -72.585  -45.716 0.5000000000
131971  -4.394  -68.295  -34.886 0.6000000238
32031  -2.698  -67.786  -35.274 0.6000000238
10083  0.041  -87.812  -36.446 0.5000000000
130501  -2.041  -86.505  -36.358 0.6000000238
13115  -4.378  -84.435  -40.330 0.5000000000
10070  -1.994  -87.341  -35.154 0.6999999881
9029  -1.105  -88.969  -32.561 0.6999999881
10037  -2.421  -87.850  -33.167 0.6999999881
13045  -4.404  -84.308  -35.653 0.6999999881
10038  -3.063  -87.472  -32.881 0.6999999881
11059  -3.528  -86.734  -33.418 0.6999999881
19243  -5.844  -78.620  -41.868 0.5000000000
8131  -4.192  -89.395  -32.703 0.6999999881
15062  -4.965  -82.623  -36.569 0.6999999881
14077  -4.736  -83.531  -35.345 0.6999999881
9018  -4.936  -88.712  -31.524 0.6999999881
13014  -5.467  -83.942  -33.137 0.6999999881
22539  -9.180  -74.926  -45.187 0.6000000238
10040  -6.194  -87.341  -32.982 0.6999999881
15941  -5.811  -81.362  -34.578 0.6000000238
15036  -6.109  -82.157  -31.817 0.6000000238
12968  -6.160  -84.512  -29.974 0.5000000000
125251  -5.358  -73.165  -45.533 0.6999999881
15933  -5.923  -81.618  -33.686 0.6000000238
10056  -9.074  -86.954  -35.193 0.6000000238
9070  -9.034  -88.335  -36.922 0.6000000238
130416  -6.412  -81.238  -31.389 0.5000000000
15913  -8.385  -81.264  -30.034 0.5000000000
10057  -10.678  -87.550  -34.352 0.5000000000
26273  -5.806  -72.440  -44.969 0.6000000238
25060  -4.269  -73.549  -45.279 0.6999999881
23754  -8.513  -73.850  -41.251 0.6000000238
18119  -5.305  -79.511  -34.654 0.5000000000
16988  -5.734  -80.806  -32.948 0.5000000000
16978  -6.877  -80.444  -31.113 0.6000000238
16989  -6.220  -80.361  -32.048 0.5000000000
16968  -7.561  -80.586  -30.493 0.5000000000
8185  -9.731  -89.823  -37.124 0.6000000238
9044  -11.124  -88.386  -34.646 0.6000000238
10043  -12.399  -87.439  -33.370 0.5000000000
26225  -3.338  -72.312  -39.786 0.6000000238
28600  4.175  -71.035  -37.928 0.6000000238
27423  2.673  -71.998  -40.452 0.6000000238
21305  -7.752  -76.599  -35.567 0.6000000238
28601  3.368  -70.392  -38.400 0.6000000238
24953  -1.845  -73.225  -35.689 0.8000000119
29785  1.705  -69.465  -38.863 0.6000000238
26213  -10.904  -72.667  -38.531 0.6000000238
28605  -0.107  -70.195  -39.229 0.6000000238
24980  -11.100  -73.982  -37.967 0.6000000238
27361  -2.398  -71.578  -35.130 0.8000000119
28583  -1.321  -70.071  -37.357 0.6000000238
28592  -0.749  -69.761  -38.511 0.6999999881
30958  -1.727  -68.311  -37.273 0.6000000238
32029  -0.521  -67.660  -34.960 0.6000000238
129534  -3.843  -68.422  -36.052 0.6999999881
30911  -2.004  -67.945  -34.148 0.6000000238
123374  -3.146  -68.787  -31.990 0.5000000000
33113  0.574  -67.416  -31.338 0.5000000000
30887  -2.197  -68.386  -33.132 0.6000000238
31983  -2.268  -67.676  -30.051 0.5000000000
30772  -1.208  -68.652  -25.692 0.6999999881
142245  -0.104  -68.805  -26.278 0.6000000238
136533  -1.437  -66.787  -26.481 0.6999999881
33052  -0.283  -65.896  -27.627 0.8000000119
35230  -0.795  -64.100  -27.788 0.6000000238
32997  0.095  -66.445  -23.638 0.6000000238
38616  0.686  -61.344  -25.502 0.5000000000
36429  -0.049  -62.834  -26.375 0.5000000000
39730  -3.847  -60.804  -29.024 0.5000000000
32996  0.654  -66.401  -22.963 0.5000000000
40766  -2.999  -58.593  -26.262 0.5000000000
36467  -0.694  -64.229  -30.119 0.6000000238
36468  -1.318  -63.815  -30.497 0.6000000238
36471  -3.941  -63.526  -31.569 0.5000000000
32967  1.304  -66.112  -21.585 0.5000000000
37528  -2.787  -61.741  -25.042 0.5000000000
37496  -2.110  -62.905  -23.764 0.6000000238
33966  0.531  -65.520  -19.452 0.4000000060
33988  -0.120  -65.386  -20.066 0.4000000060
35139  -0.752  -64.542  -21.368 0.4000000060
33968  -1.438  -65.128  -19.314 0.3000000119
35140  -1.886  -64.615  -21.431 0.4000000060
35179  -3.768  -64.413  -23.183 0.5000000000
36406  -4.468  -63.840  -24.821 0.4000000060
35141  -3.603  -64.671  -21.241 0.4000000060
35162  -4.412  -64.571  -22.555 0.4000000060
144308  -5.917  -63.301  -25.181 0.4000000060
37532  -6.394  -62.571  -25.574 0.4000000060
36333  -2.072  -63.637  -18.920 0.3000000119
36335  -3.260  -64.261  -19.882 0.5000000000
35124  -4.276  -64.421  -20.878 0.4000000060
36358  -5.030  -64.206  -21.322 0.5000000000
35142  -4.366  -64.572  -21.679 0.4000000060
37513  -6.886  -62.889  -24.670 0.4000000060
37470  -5.920  -62.596  -21.256 0.5000000000
36360  -6.314  -63.308  -21.677 0.4000000060
37479  -7.064  -63.123  -22.200 0.4000000060
38521  -1.043  -61.655  -19.903 0.5000000000
38522  -2.057  -61.762  -20.066 0.4000000060
38549  -6.193  -61.680  -21.396 0.4000000060
38534  -1.350  -61.114  -20.712 0.4000000060
39606  0.918  -60.217  -20.970 0.3000000119
140339  0.148  -60.033  -21.453 0.3000000119
133902  -0.788  -60.308  -21.435 0.3000000119
10168  -11.172  -87.605  -43.781 0.5000000000
9170  -12.075  -87.792  -43.796 0.5000000000
9172  -13.210  -88.591  -43.512 0.5000000000
9164  -12.744  -88.207  -43.236 0.5000000000
8240  -14.539  -89.404  -42.787 0.5000000000
133564  -13.677  -88.790  -42.598 0.5000000000
8241  -15.082  -89.819  -42.367 0.6000000238
9162  -10.488  -88.074  -42.833 0.5000000000
9163  -11.725  -88.036  -42.998 0.5000000000
9153  -12.223  -88.552  -42.195 0.5000000000
8232  -12.726  -89.026  -41.450 0.5000000000
7392  -15.663  -90.198  -41.951 0.6000000238
8219  -13.351  -89.515  -40.902 0.6000000238
8234  -14.624  -89.498  -42.146 0.6000000238
10166  -9.561  -87.612  -43.171 0.4000000060
10116  -5.297  -86.958  -39.813 0.4000000060
10117  -6.255  -86.481  -39.510 0.4000000060
124570  -6.784  -86.403  -40.977 0.5000000000
11166  -7.669  -86.548  -41.631 0.5000000000
11181  -7.462  -86.516  -42.637 0.5000000000
11182  -8.192  -86.850  -42.334 0.5000000000
11167  -8.123  -86.798  -41.165 0.5000000000
10178  -8.831  -87.073  -43.385 0.5000000000
10165  -8.818  -87.674  -42.351 0.5000000000
7387  -16.813  -90.522  -40.730 0.6000000238
144451  -17.459  -90.586  -40.000 0.6000000238
9161  -9.425  -88.371  -42.191 0.5000000000
9151  -10.076  -88.856  -41.816 0.5000000000
8229  -9.725  -89.410  -41.048 0.5000000000
7371  -15.827  -90.407  -40.322 0.6000000238
9152  -11.165  -88.599  -42.003 0.5000000000
7385  -14.155  -90.045  -40.536 0.6000000238
7372  -16.619  -90.608  -39.632 0.6000000238
7370  -14.784  -90.492  -39.853 0.6000000238
7336  -17.115  -90.960  -37.366 0.6999999881
7355  -15.490  -90.841  -39.125 0.6000000238
6519  -16.166  -91.100  -38.094 0.6999999881
127268  -4.174  -89.145  -36.943 0.6000000238
9080  -5.287  -88.267  -37.475 0.6000000238
124402  -5.826  -88.519  -36.698 0.6000000238
9100  -4.951  -87.693  -38.330 0.5000000000
10106  -5.591  -86.909  -38.715 0.5000000000
146345  -7.055  -86.427  -37.996 0.6000000238
125351  -7.650  -86.441  -40.742 0.5000000000
11142  -7.312  -86.359  -39.327 0.5000000000
10118  -8.181  -86.610  -39.344 0.5000000000
10150  -8.440  -87.395  -41.621 0.5000000000
10119  -8.575  -87.126  -39.642 0.5000000000
9150  -8.794  -88.385  -41.412 0.5000000000
7374  -18.824  -90.944  -39.191 0.6999999881
7373  -18.174  -90.724  -39.657 0.6000000238
7357  -18.885  -91.154  -37.846 0.8000000119
8230  -10.682  -89.241  -41.185 0.5000000000
8217  -11.190  -89.688  -40.559 0.5000000000
146605  -12.294  -90.390  -39.850 0.6000000238
124512  -17.404  -90.732  -38.924 0.6999999881
7337  -18.142  -90.910  -37.022 0.6999999881
7354  -14.421  -91.064  -38.854 0.6000000238
6518  -15.019  -91.407  -38.027 0.6000000238
6481  -15.004  -91.226  -36.579 0.6999999881
7319  -16.393  -90.653  -36.671 0.6999999881
8170  -17.059  -89.741  -36.443 0.6000000238
8164  -3.582  -89.426  -36.446 0.5000000000
8166  -5.239  -89.254  -35.878 0.6000000238
9081  -6.219  -87.708  -37.088 0.6000000238
10107  -7.844  -86.453  -38.384 0.6000000238
124392  -8.724  -86.953  -38.725 0.6000000238
9136  -8.752  -88.664  -40.489 0.5000000000
8209  -8.769  -89.587  -39.449 0.6000000238
6520  -19.263  -91.439  -38.567 0.6999999881
8228  -9.028  -89.258  -40.856 0.5000000000
7348  -9.055  -90.253  -39.583 0.5000000000
7338  -18.907  -90.759  -36.712 0.5000000000
8172  -20.185  -90.257  -36.471 0.6000000238
8216  -10.197  -89.885  -40.551 0.6000000238
7383  -11.487  -90.315  -39.971 0.5000000000
7368  -12.819  -90.773  -39.339 0.5000000000
7320  -17.446  -90.467  -36.698 0.6999999881
7321  -18.204  -90.313  -36.538 0.6000000238
7353  -13.449  -91.188  -38.686 0.5000000000
146667  -17.700  -90.076  -36.419 0.6000000238
9088  -17.655  -88.865  -36.802 0.6000000238
6498  -13.666  -91.614  -37.087 0.5000000000
7317  -14.579  -90.827  -36.277 0.6000000238
8188  -16.290  -89.337  -36.668 0.5000000000
9086  -14.721  -88.889  -38.132 0.5000000000
9139  -17.319  -88.005  -39.827 0.5000000000
8139  -3.194  -89.830  -34.774 0.6000000238
8151  -3.804  -89.530  -35.533 0.6000000238
125814  -2.365  -90.165  -34.812 0.4000000060
8184  -9.017  -89.898  -37.962 0.5000000000
139739  -9.703  -90.666  -39.255 0.5000000000
125924  -19.051  -90.003  -36.383 0.5000000000
6514  -11.742  -91.342  -38.197 0.5000000000
9089  -18.669  -89.179  -36.647 0.5000000000
123539  -19.250  -88.633  -37.243 0.5000000000
8189  -19.643  -89.387  -36.692 0.5000000000
6478  -12.453  -91.137  -36.640 0.5000000000
128391  -18.407  -88.551  -37.237 0.5000000000
134212  -18.713  -88.150  -38.020 0.5000000000
6479  -13.269  -91.281  -36.608 0.6000000238
8167  -13.797  -89.002  -37.090 0.6000000238
127392  -16.792  -88.607  -37.550 0.5000000000
9124  -18.127  -88.047  -38.924 0.6000000238
9085  -14.016  -88.625  -38.045 0.6000000238
9104  -14.248  -88.243  -38.921 0.5000000000
141370  -1.080  -90.623  -32.463 0.4000000060
6495  -10.962  -91.229  -37.748 0.5000000000
142888  -20.446  -88.291  -38.526 0.5000000000
6496  -11.846  -91.303  -37.230 0.5000000000
128723  -12.235  -90.731  -36.239 0.5000000000
9125  -19.044  -87.871  -39.061 0.5000000000
137735  -20.796  -87.981  -39.210 0.5000000000
10122  -20.982  -87.532  -39.753 0.5000000000
10140  -21.729  -86.655  -40.086 0.5000000000
12109  -23.386  -85.332  -41.164 0.5000000000
8157  -12.864  -89.788  -35.968 0.6000000238
9073  -13.636  -88.409  -37.247 0.6000000238
9140  -18.396  -87.724  -39.935 0.5000000000
9084  -13.770  -88.419  -37.878 0.6000000238
10153  -18.113  -87.029  -41.338 0.5000000000
10109  -14.004  -87.719  -38.704 0.5000000000
11143  -14.492  -87.009  -39.100 0.5000000000
9046  -12.258  -88.601  -34.302 0.5000000000
9142  -20.263  -87.492  -39.920 0.5000000000
10139  -20.446  -87.067  -40.210 0.5000000000
10156  -20.962  -86.456  -40.450 0.5000000000
11174  -22.468  -85.693  -40.935 0.5000000000
8143  -12.484  -89.056  -35.031 0.5000000000
10076  -13.669  -87.778  -35.314 0.6000000238
10138  -19.619  -87.120  -40.470 0.5000000000
10155  -19.914  -86.576  -40.635 0.5000000000
12108  -21.929  -85.351  -41.508 0.5000000000
12121  -23.226  -84.857  -41.768 0.5000000000
13136  -23.690  -84.348  -42.003 0.5000000000
129545  -13.760  -87.791  -37.133 0.5000000000
10154  -19.021  -86.805  -40.973 0.5000000000
11186  -18.958  -85.641  -41.772 0.5000000000
10044  -13.168  -87.182  -33.576 0.5000000000
13133  -20.923  -84.397  -42.537 0.5000000000
12120  -21.413  -84.955  -42.098 0.5000000000
13135  -22.783  -84.054  -42.511 0.5000000000
15131  -24.079  -82.059  -43.095 0.4000000060
13148  -22.144  -83.423  -43.239 0.4000000060
19278  -6.891  -78.476  -46.787 0.4000000060
28581  4.640  -70.851  -36.113 0.5000000000
28523  4.681  -70.485  -31.890 0.5000000000
28551  4.672  -71.119  -33.390 0.5000000000
29661  3.696  -69.434  -29.129 0.5000000000
28505  4.219  -70.168  -30.528 0.5000000000
28564  4.892  -70.941  -34.105 0.5000000000
28453  -0.582  -70.049  -24.957 0.5000000000
29603  -1.268  -69.940  -24.017 0.5000000000
30730  -0.771  -69.049  -22.834 0.5000000000
8155  -11.726  -89.654  -35.409 0.5000000000
7335  -11.047  -90.933  -36.895 0.5000000000
8221  -14.918  -89.853  -41.378 0.6000000238
8231  -11.732  -89.000  -41.199 0.6000000238
7384  -13.101  -90.163  -40.112 0.6000000238
6500  -15.438  -91.369  -37.206 0.6999999881
9101  -5.610  -87.397  -37.862 0.6000000238
7382  -10.669  -90.262  -40.115 0.5000000000
6499  -14.572  -91.561  -37.154 0.6000000238
8169  -15.968  -90.004  -36.359 0.6000000238
8187  -15.343  -89.378  -36.834 0.6000000238
6502  -19.394  -91.395  -37.178 0.6999999881
7351  -11.050  -91.131  -38.617 0.5000000000
6516  -13.138  -91.561  -37.840 0.5000000000
134224  -14.084  -89.988  -36.343 0.6000000238
8186  -14.380  -89.234  -37.076 0.6000000238
9087  -15.986  -88.894  -37.231 0.5000000000
10136  -17.704  -87.614  -40.845 0.5000000000
9108  -19.661  -88.211  -38.210 0.5000000000
7304  -12.976  -90.344  -36.113 0.5000000000
9103  -13.852  -88.211  -38.368 0.5000000000
8156  -12.216  -89.733  -35.534 0.5000000000
10089  -13.515  -88.215  -36.396 0.5000000000
9059  -13.085  -88.656  -35.608 0.5000000000
11173  -21.462  -85.779  -40.963 0.5000000000
11171  -19.393  -86.113  -41.166 0.5000000000
11188  -20.915  -85.388  -41.540 0.5000000000
14180  -23.480  -83.216  -42.500 0.5000000000
12119  -20.411  -85.030  -42.112 0.4000000060
14179  -22.638  -83.189  -43.093 0.4000000060
7339  -22.744  -90.215  -36.620 0.5000000000
8192  -22.749  -89.580  -37.235 0.6000000238
8200  -22.187  -89.420  -37.597 0.6000000238
7324  -21.913  -90.545  -36.615 0.6000000238
6484  -21.657  -91.368  -36.118 0.4000000060
9111  -22.725  -88.335  -38.208 0.4000000060
9109  -21.139  -88.548  -38.418 0.4000000060
9110  -22.025  -88.696  -38.284 0.5000000000
8191  -21.621  -89.851  -37.111 0.6000000238
9091  -21.358  -89.204  -37.679 0.5000000000
9090  -20.315  -88.804  -37.544 0.4000000060
7323  -21.041  -90.873  -36.455 0.5000000000
8190  -20.664  -89.610  -36.922 0.5000000000
132808  -20.393  -91.018  -36.369 0.6000000238
6521  -19.537  -91.861  -38.026 0.6000000238
6531  -18.880  -91.293  -39.471 0.6000000238
5736  -18.394  -91.345  -40.085 0.6000000238
6539  -18.408  -90.895  -39.974 0.6000000238
5745  -17.186  -91.185  -41.047 0.6000000238
6547  -17.137  -90.775  -40.958 0.5000000000
6557  -15.953  -90.617  -41.943 0.5000000000
7396  -15.319  -90.241  -42.340 0.4000000060
7405  -14.829  -89.807  -42.813 0.5000000000
9171  -12.672  -88.113  -43.771 0.4000000060
141653  -12.012  -67.659  -40.171 0.4000000060
30975  -12.617  -68.369  -40.511 0.4000000060
28622  -12.138  -70.219  -39.655 0.5000000000
34128  -4.238  -65.707  -30.820 0.5000000000
34142  -3.891  -65.242  -32.157 0.5000000000
127998  -4.866  -65.476  -31.928 0.5000000000
135979  -4.352  -65.165  -32.882 0.4000000060
36512  -4.462  -63.458  -34.094 0.4000000060
34131  -7.196  -65.230  -30.781 0.4000000060
37608  -4.671  -62.929  -32.015 0.4000000060
37637  -4.992  -62.775  -34.240 0.4000000060
36522  -5.405  -63.267  -35.081 0.4000000060
37590  -4.492  -62.800  -30.860 0.4000000060
37609  -5.514  -62.300  -32.490 0.4000000060
35308  -7.328  -64.731  -32.701 0.4000000060
37591  -5.291  -62.281  -31.256 0.4000000060
38680  -6.192  -61.802  -31.762 0.4000000060
36503  -8.211  -62.842  -33.157 0.4000000060
134154  -5.174  -61.330  -29.826 0.4000000060
38663  -5.822  -61.520  -30.529 0.4000000060
39731  -4.844  -60.458  -29.219 0.4000000060
38650  -5.740  -60.654  -29.669 0.4000000060
40768  -5.416  -58.920  -26.761 0.3000000119
41865  -4.800  -57.845  -27.304 0.4000000060
37546  -5.748  -62.096  -26.179 0.3000000119
38621  -6.328  -61.059  -26.422 0.3000000119
40782  -5.725  -58.095  -27.425 0.3000000119
40769  -6.278  -59.015  -27.095 0.3000000119
34144  -6.929  -65.336  -31.822 0.4000000060
34160  -6.479  -65.305  -32.891 0.4000000060
34164  -5.988  -65.169  -33.974 0.4000000060
34143  -5.969  -65.553  -31.910 0.4000000060
35318  -6.503  -64.472  -34.551 0.4000000060
37639  -6.479  -62.744  -34.691 0.4000000060
35276  -8.230  -63.935  -31.047 0.4000000060
134387  -7.657  -63.011  -33.676 0.4000000060
128853  -7.647  -62.330  -33.464 0.4000000060
37625  -6.694  -62.227  -34.060 0.4000000060
13051  -22.404  -84.223  -35.081 0.3000000119
13050  -22.036  -84.447  -35.824 0.3000000119
12044  -21.555  -85.271  -34.644 0.4000000060
12059  -21.639  -85.074  -35.731 0.3000000119
11089  -22.053  -86.509  -34.719 0.3000000119
11102  -21.741  -85.807  -35.258 0.3000000119
11113  -21.952  -85.662  -36.147 0.4000000060
10046  -22.294  -87.611  -33.420 0.3000000119
10078  -22.766  -87.000  -34.995 0.3000000119
11103  -22.472  -86.433  -35.684 0.3000000119
10063  -22.604  -87.229  -34.222 0.3000000119
10064  -23.428  -87.673  -34.737 0.3000000119
10079  -23.573  -87.244  -35.653 0.3000000119
9036  -23.593  -88.887  -33.673 0.3000000119
9049  -23.936  -88.503  -34.465 0.3000000119
9060  -24.116  -88.079  -35.288 0.3000000119
8134  -23.735  -89.954  -33.489 0.3000000119
8144  -24.102  -89.396  -34.268 0.3000000119
8158  -24.006  -89.725  -34.923 0.3000000119
6444  -22.186  -91.612  -32.496 0.3000000119
7286  -23.349  -90.829  -33.197 0.3000000119
7287  -23.695  -90.706  -33.854 0.3000000119
128609  -24.019  -90.115  -34.189 0.3000000119
7295  -23.699  -90.560  -34.612 0.3000000119
6445  -22.893  -91.558  -32.978 0.4000000060
12068  -21.826  -85.180  -36.433 0.3000000119
11088  -21.559  -85.995  -34.234 0.4000000060
12069  -22.140  -85.490  -36.911 0.4000000060
10062  -21.883  -86.765  -33.775 0.3000000119
11104  -23.336  -86.723  -36.305 0.4000000060
9035  -22.830  -88.383  -33.371 0.3000000119
10091  -24.000  -87.128  -36.470 0.4000000060
9061  -24.077  -88.469  -35.804 0.4000000060
8124  -22.290  -89.997  -32.616 0.3000000119
8159  -23.986  -89.107  -35.532 0.4000000060
7277  -21.791  -90.741  -32.397 0.4000000060
136496  -23.682  -89.531  -35.783 0.4000000060
6470  -23.080  -91.224  -35.202 0.3000000119
6443  -21.276  -91.462  -32.119 0.3000000119
14083  -22.732  -84.005  -36.034 0.3000000119
14099  -22.863  -83.944  -36.968 0.3000000119
14100  -23.487  -83.749  -36.687 0.3000000119
13086  -22.470  -84.465  -37.292 0.3000000119
13098  -22.851  -84.486  -37.965 0.3000000119
12029  -20.660  -85.950  -32.841 0.4000000060
12078  -22.443  -85.170  -37.658 0.3000000119
12090  -22.910  -85.035  -38.373 0.3000000119
10028  -21.698  -87.737  -32.935 0.3000000119
10045  -21.532  -87.096  -33.099 0.4000000060
11115  -23.599  -86.703  -37.000 0.4000000060
11126  -23.246  -86.583  -37.563 0.3000000119
11116  -24.020  -87.357  -37.033 0.4000000060
9034  -22.159  -88.345  -32.961 0.3000000119
129578  -20.812  -88.990  -32.582 0.3000000119
9074  -24.127  -88.183  -36.601 0.4000000060
9093  -24.048  -88.014  -37.191 0.4000000060
8123  -21.249  -89.838  -32.501 0.3000000119
7275  -20.197  -89.664  -32.391 0.3000000119
9092  -23.588  -88.384  -37.422 0.4000000060
8202  -23.166  -88.612  -37.764 0.5000000000
7326  -23.325  -89.983  -36.237 0.4000000060
8193  -23.299  -89.074  -37.259 0.4000000060
8201  -22.743  -89.037  -37.822 0.5000000000
141487  -20.247  -92.502  -31.336 0.3000000119
14116  -23.602  -83.677  -37.580 0.3000000119
127532  -24.110  -83.525  -37.192 0.3000000119
10026  -20.008  -87.386  -32.571 0.4000000060
11136  -22.855  -85.899  -38.251 0.4000000060
11147  -22.832  -86.013  -38.529 0.4000000060
9021  -20.454  -88.219  -32.576 0.4000000060
9113  -23.617  -87.847  -37.536 0.4000000060
10125  -22.735  -86.540  -38.658 0.5000000000
10124  -22.468  -87.073  -39.125 0.4000000060
136239  -20.058  -88.848  -32.477 0.3000000119
9129  -22.825  -87.465  -38.443 0.4000000060
8109  -19.415  -89.867  -32.043 0.3000000119
9128  -22.215  -87.880  -38.829 0.4000000060
9127  -21.484  -88.008  -39.030 0.4000000060
146019  -20.004  -90.396  -32.153 0.3000000119
7266  -20.346  -91.138  -31.884 0.3000000119
5639  -19.564  -92.561  -30.997 0.3000000119
14131  -23.367  -83.924  -38.233 0.3000000119
13099  -23.302  -84.503  -38.684 0.3000000119
12092  -23.277  -85.397  -39.267 0.3000000119
9020  -19.599  -88.272  -32.433 0.4000000060
11146  -22.888  -85.908  -39.198 0.5000000000
10142  -22.659  -86.296  -39.411 0.4000000060
9019  -18.874  -88.446  -32.172 0.4000000060
10141  -22.209  -86.726  -39.729 0.4000000060
8098  -18.364  -89.980  -30.533 0.3000000119
8121  -18.824  -89.237  -31.853 0.3000000119
7264  -18.855  -90.091  -31.315 0.3000000119
6434  -19.095  -90.990  -30.883 0.3000000119
5638  -18.676  -92.671  -30.845 0.3000000119
6437  -19.001  -91.827  -30.653 0.3000000119
13100  -23.680  -84.802  -39.443 0.3000000119
129386  -23.790  -85.126  -39.896 0.4000000060
11158  -23.125  -85.861  -40.014 0.4000000060
131310  -18.258  -90.612  -30.215 0.3000000119
7256  -17.766  -90.257  -29.824 0.3000000119
7257  -18.623  -90.560  -30.612 0.3000000119
6433  -18.511  -91.161  -30.393 0.3000000119
6417  -16.958  -91.029  -29.662 0.3000000119
6431  -16.332  -91.839  -30.342 0.3000000119
134321  -17.266  -91.659  -30.169 0.3000000119
5620  -17.084  -92.325  -30.606 0.3000000119
5621  -18.035  -91.945  -30.443 0.3000000119
131722  -24.299  -84.387  -41.292 0.3000000119
12110  -24.022  -85.030  -41.162 0.4000000060
5619  -15.645  -92.302  -30.956 0.3000000119
15092  -25.251  -83.042  -40.400 0.3000000119
14160  -24.585  -83.718  -40.815 0.3000000119
14172  -24.572  -83.514  -41.664 0.3000000119
15104  -25.454  -82.698  -41.403 0.3000000119
15117  -25.194  -82.601  -42.138 0.3000000119
34157  -3.720  -64.689  -33.031 0.5000000000
40800  -5.371  -58.085  -28.283 0.5000000000
131398  -5.589  -59.781  -29.135 0.4000000060
35316  -4.639  -64.439  -34.447 0.4000000060
6503  -19.942  -91.734  -36.799 0.6000000238
8173  -21.067  -90.258  -36.708 0.5000000000
11157  -22.453  -86.133  -40.221 0.4000000060
11175  -23.101  -85.707  -40.581 0.4000000060
13127  -23.778  -84.877  -41.553 0.4000000060
13137  -24.157  -83.774  -42.053 0.3000000119
34129  -5.484  -65.767  -30.903 0.4000000060
34145  -7.414  -64.945  -31.645 0.4000000060
8133  -22.852  -89.231  -33.005 0.3000000119
7278  -22.711  -90.869  -32.681 0.3000000119
11070  -21.300  -86.311  -33.283 0.4000000060
8175  -23.867  -88.837  -36.200 0.4000000060
11069  -20.804  -86.766  -32.785 0.4000000060
10027  -21.003  -87.553  -32.731 0.3000000119
9022  -21.323  -88.302  -32.726 0.3000000119
11127  -23.246  -86.817  -37.581 0.4000000060
7265  -19.566  -90.693  -31.655 0.3000000119
124676  -19.829  -91.684  -31.205 0.3000000119
12103  -23.961  -85.133  -40.448 0.4000000060
8108  -18.317  -89.327  -31.242 0.3000000119
13122  -24.244  -84.660  -40.847 0.3000000119
138158  -16.348  -92.496  -30.916 0.3000000119
5744  -16.505  -91.421  -41.292 0.5000000000
5734  -16.768  -92.075  -40.899 0.5000000000
5735  -17.644  -91.653  -40.516 0.5000000000
5720  -19.081  -92.335  -38.844 0.5000000000
5711  -19.671  -92.255  -37.478 0.4000000060
11086  -13.967  -86.747  -34.055 0.4000000060
6485  -22.525  -90.986  -36.101 0.5000000000
5689  -22.400  -92.101  -35.008 0.3000000119
7325  -23.090  -90.592  -35.978 0.4000000060
6453  -23.247  -91.364  -33.639 0.3000000119
6461  -23.415  -91.179  -34.296 0.3000000119
10011  -18.328  -87.814  -31.998 0.3000000119
10025  -19.021  -87.602  -32.391 0.3000000119
127754  -21.616  -84.676  -33.867 0.3000000119
132715  -17.731  -87.258  -31.662 0.3000000119
11046  -19.273  -86.836  -32.504 0.3000000119
11047  -19.981  -86.436  -32.621 0.3000000119
13017  -21.179  -84.520  -32.997 0.3000000119
12016  -20.438  -85.032  -32.778 0.3000000119
11025  -18.411  -86.768  -32.234 0.3000000119
128295  -19.126  -85.932  -32.514 0.3000000119
132823  -19.963  -85.699  -32.636 0.3000000119
12015  -19.540  -85.051  -32.511 0.3000000119
12030  -21.249  -85.429  -33.418 0.3000000119
11045  -18.208  -85.633  -32.224 0.3000000119
14047  -21.850  -83.947  -33.101 0.3000000119
8244  -13.722  -89.284  -43.430 0.3000000119
6483  -20.764  -91.572  -36.247 0.5000000000
5721  -19.413  -92.139  -38.354 0.4000000060
5728  -18.110  -92.186  -39.930 0.5000000000
6469  -22.293  -91.609  -35.644 0.3000000119
36472  -9.033  -63.652  -30.750 0.3000000119
36487  -8.314  -63.452  -32.255 0.3000000119
38664  -6.803  -61.360  -31.070 0.3000000119
6556  -15.391  -90.855  -42.269 0.4000000060
5029  -15.207  -92.666  -40.877 0.4000000060
3634  -16.124  -95.059  -37.206 0.4000000060
4326  -16.342  -94.210  -38.418 0.4000000060
4998  -16.887  -93.672  -38.906 0.4000000060
4999  -17.695  -93.404  -38.674 0.4000000060
5007  -16.644  -93.289  -39.597 0.4000000060
5018  -17.184  -92.531  -40.142 0.4000000060
5009  -18.340  -92.667  -39.185 0.4000000060
3627  -16.417  -95.667  -36.425 0.3000000119
3635  -16.922  -94.927  -36.976 0.4000000060
4317  -18.157  -94.092  -37.172 0.4000000060
5017  -16.306  -92.903  -40.234 0.4000000060
3646  -15.827  -94.676  -37.908 0.4000000060
4337  -16.114  -93.911  -39.171 0.4000000060
3626  -15.690  -95.569  -36.838 0.3000000119
4315  -16.605  -94.532  -37.691 0.4000000060
4327  -17.120  -94.014  -38.180 0.4000000060
5008  -17.491  -92.995  -39.427 0.4000000060
4990  -17.900  -93.756  -37.922 0.4000000060
5000  -18.515  -93.081  -38.417 0.4000000060
3618  -16.939  -96.017  -35.537 0.3000000119
3628  -17.313  -95.325  -36.217 0.3000000119
4303  -17.705  -94.676  -36.723 0.3000000119
3629  -18.095  -95.017  -35.977 0.3000000119
4981  -19.639  -93.502  -36.282 0.3000000119
5712  -20.004  -92.619  -36.665 0.3000000119
4991  -18.667  -93.420  -37.602 0.3000000119
128412  -20.708  -92.246  -36.119 0.3000000119
144999  -21.175  -91.800  -36.026 0.3000000119
4992  -19.391  -93.027  -37.194 0.3000000119
6504  -20.151  -92.070  -36.649 0.3000000119
4204  -13.612  -94.350  -28.716 0.3000000119
141313  -13.212  -93.743  -28.070 0.3000000119
8087  -16.612  -89.595  -28.972 0.3000000119
5555  -12.818  -92.015  -26.678 0.3000000119
6364  -12.289  -91.141  -26.622 0.3000000119
8072  -12.089  -89.954  -27.620 0.3000000119
8073  -12.892  -89.537  -28.267 0.3000000119
135805  -13.865  -89.458  -28.561 0.3000000119
8074  -14.685  -89.064  -28.505 0.3000000119
8075  -15.686  -89.322  -28.627 0.3000000119
8974  -16.415  -88.636  -28.791 0.3000000119
7190  -12.134  -90.243  -26.709 0.3000000119
8057  -12.578  -89.009  -27.521 0.3000000119
8971  -13.629  -88.754  -28.151 0.3000000119
4980  -18.878  -93.746  -36.797 0.3000000119
4878  -12.378  -93.098  -27.985 0.3000000119
7242  -12.072  -90.775  -28.650 0.3000000119
6379  -11.957  -91.643  -27.416 0.3000000119
5574  -12.553  -92.534  -27.349 0.3000000119
6395  -11.807  -91.276  -28.297 0.3000000119
7209  -11.900  -90.814  -27.459 0.3000000119
129420  -12.133  -89.340  -26.777 0.3000000119
4316  -17.391  -94.348  -37.455 0.4000000060
5001  -19.217  -92.707  -38.057 0.3000000119
5641  -20.743  -92.055  -31.650 0.3000000119
5729  -18.839  -91.878  -39.528 0.5000000000
5730  -19.262  -91.789  -38.917 0.6000000238
5733  -15.918  -92.588  -40.706 0.4000000060
6432  -17.838  -91.119  -30.035 0.3000000119
6480  -14.148  -91.310  -36.542 0.5000000000
6482  -15.705  -91.102  -36.710 0.6999999881
6497  -12.791  -91.503  -37.119 0.5000000000
6501  -16.152  -91.169  -37.104 0.6999999881
6515  -12.394  -91.488  -37.776 0.5000000000
6517  -14.044  -91.542  -37.926 0.6000000238
6538  -17.815  -91.004  -40.547 0.6000000238
6545  -15.971  -91.229  -41.793 0.4000000060
6546  -16.527  -90.910  -41.422 0.5000000000
7227  -11.913  -90.613  -28.090 0.3000000119
7271  -0.527  -90.419  -32.277 0.5000000000
7273  -2.513  -90.050  -31.845 0.6999999881
7274  -3.333  -89.879  -32.597 0.6999999881
7294  -2.646  -90.202  -33.803 0.6999999881
7302  -11.784  -90.309  -35.883 0.5000000000
7303  -12.450  -90.345  -35.981 0.5000000000
7305  -23.522  -90.302  -35.442 0.4000000060
7314  -11.742  -90.865  -36.495 0.5000000000
7315  -12.815  -90.838  -36.294 0.5000000000
7316  -13.601  -90.783  -36.211 0.6000000238
7318  -15.449  -90.714  -36.478 0.6999999881
7322  -19.676  -90.811  -36.486 0.6999999881
7334  -10.277  -90.718  -37.378 0.6000000238
7340  -23.131  -89.651  -36.806 0.4000000060
7349  -9.255  -90.453  -38.660 0.5000000000
7350  -10.177  -90.893  -38.433 0.6000000238
7352  -12.547  -91.264  -38.529 0.5000000000
7356  -18.251  -90.851  -38.422 0.6999999881
7365  -9.835  -90.413  -39.928 0.5000000000
7366  -10.657  -90.770  -39.420 0.5000000000
7367  -11.797  -90.932  -39.186 0.5000000000
7369  -13.776  -90.608  -39.559 0.6000000238
7381  -9.356  -89.890  -40.358 0.6000000238
7386  -15.781  -90.241  -41.327 0.6000000238
7388  -17.699  -90.750  -40.379 0.6000000238
7393  -16.289  -90.624  -41.413 0.5000000000
7404  -14.320  -89.939  -43.160 0.5000000000
8041  -12.269  -88.808  -26.215 0.3000000119
8106  -3.119  -89.177  -31.461 0.6999999881
8107  -3.699  -89.242  -31.378 0.6999999881
8119  -3.125  -89.609  -31.674 0.6999999881
8122  -19.444  -89.063  -32.274 0.3000000119
8130  0.167  -89.756  -32.428 0.5000000000
8132  -21.774  -89.096  -32.706 0.3000000119
8142  -11.984  -89.268  -34.801 0.6000000238
8145  -24.188  -88.890  -35.019 0.3000000119
8152  -4.695  -89.398  -35.304 0.6999999881
8165  -4.470  -89.329  -36.138 0.6000000238
8168  -14.998  -90.134  -36.400 0.6000000238
8171  -18.045  -89.692  -36.425 0.6000000238
8174  -23.494  -89.255  -36.514 0.4000000060
8194  -23.836  -88.614  -36.888 0.4000000060
8199  -8.779  -89.835  -38.780 0.5000000000
8215  -8.872  -89.545  -40.115 0.6000000238
8218  -12.276  -89.646  -40.516 0.6000000238
8220  -14.155  -89.570  -41.345 0.6000000238
8233  -13.678  -89.156  -41.930 0.5000000000
8235  -15.354  -89.850  -41.956 0.6000000238
8239  -14.145  -88.968  -42.762 0.5000000000
8245  -14.377  -89.424  -43.095 0.5000000000
9013  -0.568  -89.836  -32.101 0.6999999881
9015  -2.408  -89.215  -31.705 0.6999999881
9016  -3.183  -88.631  -31.451 0.6999999881
9017  -4.340  -89.218  -31.790 0.6999999881
9030  -1.927  -88.671  -32.342 0.6999999881
9040  -0.122  -88.636  -34.003 0.5000000000
9045  -11.791  -88.651  -34.307 0.6000000238
9047  -12.940  -88.325  -34.636 0.6000000238
9048  -23.166  -88.010  -33.934 0.3000000119
9054  -0.033  -88.370  -34.915 0.5000000000
9056  -10.047  -88.362  -35.933 0.6000000238
9057  -10.742  -88.821  -35.458 0.6000000238
9067  -5.140  -89.004  -36.696 0.6000000238
9068  -5.864  -88.966  -36.059 0.6000000238
9069  -6.476  -88.283  -36.250 0.6999999881
9082  -8.777  -88.297  -37.563 0.6999999881
9102  -8.770  -88.873  -38.923 0.6000000238
9107  -17.716  -88.304  -37.952 0.6000000238
9112  -23.278  -88.000  -37.931 0.5000000000
9120  -8.724  -88.803  -39.713 0.6999999881
9126  -19.988  -87.882  -39.214 0.5000000000
9141  -19.379  -87.545  -40.006 0.5000000000
9154  -13.127  -88.668  -42.412 0.5000000000
9165  -13.489  -88.597  -43.099 0.5000000000
9166  -14.029  -88.948  -43.121 0.5000000000
9992  -4.877  -87.725  -30.527 0.6999999881
9994  -6.246  -87.323  -30.174 0.6000000238
10006  -3.689  -88.069  -31.100 0.6999999881
10008  -5.584  -88.216  -31.196 0.6999999881
10009  -6.260  -87.740  -30.919 0.6999999881
10023  -6.083  -87.773  -31.815 0.6999999881
10024  -12.090  -86.971  -32.939 0.5000000000
10041  -11.035  -87.158  -33.608 0.5000000000
10042  -11.781  -87.459  -33.360 0.5000000000
10059  -12.693  -87.987  -33.837 0.5000000000
10060  -13.500  -87.590  -34.256 0.4000000060
10061  -14.142  -87.108  -34.711 0.4000000060
10080  -24.176  -87.739  -36.172 0.4000000060
10087  -8.641  -87.789  -36.327 0.6999999881
10088  -9.370  -88.046  -36.227 0.6000000238
10096  -6.912  -87.542  -36.570 0.6000000238
10097  -7.684  -87.445  -36.694 0.6999999881
10099  -13.709  -88.013  -37.977 0.6000000238
10100  -14.142  -87.384  -37.725 0.5000000000
10101  -23.718  -87.518  -37.389 0.4000000060
10110  -23.153  -87.151  -37.906 0.4000000060
10123  -21.717  -87.307  -39.548 0.4000000060
10133  -8.457  -87.520  -40.650 0.5000000000
10137  -18.741  -87.344  -40.720 0.5000000000
10991  -6.868  -86.121  -29.614 0.5000000000
11007  -8.142  -85.893  -30.522 0.4000000060
11019  -4.207  -87.417  -30.869 0.6999999881
11020  -6.909  -87.248  -30.647 0.6000000238
11036  -3.741  -87.106  -31.672 0.6999999881
11061  -6.661  -86.696  -33.945 0.6999999881
11062  -7.627  -86.218  -33.327 0.6000000238
11079  -2.767  -86.947  -34.852 0.6999999881
11081  -6.758  -86.800  -34.825 0.6999999881
11085  -10.143  -86.878  -33.932 0.6000000238
11096  -1.650  -87.050  -35.951 0.6000000238
11097  -2.408  -86.651  -35.693 0.6999999881
11099  -7.533  -86.487  -35.019 0.6999999881
11108  -0.553  -87.238  -36.988 0.5000000000
11109  -1.372  -86.765  -36.780 0.6000000238
11110  -2.044  -86.174  -36.955 0.6000000238
11114  -22.573  -86.171  -36.640 0.4000000060
11122  -2.088  -86.008  -37.586 0.6000000238
11125  -22.760  -86.025  -37.439 0.4000000060
11131  -1.398  -86.536  -38.609 0.5000000000
11132  -6.698  -86.428  -38.620 0.5000000000
11144  -15.159  -86.608  -39.699 0.5000000000
11152  -6.976  -86.309  -40.154 0.4000000060
11153  -8.166  -86.757  -40.188 0.5000000000
11156  -21.835  -86.113  -40.507 0.5000000000
11159  -23.410  -85.466  -39.726 0.5000000000
11170  -18.505  -86.292  -41.510 0.5000000000
11172  -20.389  -85.908  -41.015 0.5000000000
11187  -19.915  -85.484  -41.589 0.4000000060
11963  -7.367  -85.345  -29.529 0.5000000000
11976  -5.284  -86.260  -30.194 0.6999999881
11977  -6.121  -86.431  -29.779 0.6000000238
12014  -18.807  -85.098  -32.365 0.3000000119
12041  -4.415  -85.141  -34.335 0.6999999881
12056  -3.771  -85.493  -35.475 0.6999999881
12057  -4.258  -85.036  -35.200 0.6999999881
12077  -22.001  -84.933  -36.928 0.3000000119
12079  -23.023  -85.809  -38.221 0.3000000119
12082  -1.794  -86.188  -38.108 0.5000000000
12084  -3.198  -85.294  -38.677 0.5000000000
12091  -23.243  -85.323  -38.905 0.3000000119
12094  -2.031  -86.172  -38.836 0.5000000000
12102  -23.617  -85.479  -40.567 0.4000000060
12949  -7.697  -84.342  -29.331 0.5000000000
12950  -8.469  -84.220  -29.413 0.5000000000
12951  -9.099  -84.108  -29.692 0.5000000000
12985  -5.399  -84.688  -31.302 0.6000000238
13001  -5.434  -84.308  -32.268 0.6999999881
13030  -21.856  -84.636  -34.943 0.3000000119
13044  -3.984  -84.987  -35.971 0.6999999881
13070  -21.838  -84.791  -36.321 0.3000000119
13071  -22.250  -84.387  -36.569 0.3000000119
13079  -3.985  -84.789  -37.408 0.6999999881
13090  -3.889  -84.852  -38.293 0.6999999881
13103  -4.451  -84.458  -39.611 0.6999999881
13124  -3.771  -84.905  -41.863 0.5000000000
13128  -24.098  -84.445  -41.619 0.4000000060
13134  -21.864  -84.220  -42.616 0.4000000060
13999  -6.050  -83.476  -31.161 0.6000000238
14020  -5.997  -83.115  -31.869 0.6000000238
14041  -5.528  -83.306  -33.943 0.6000000238
14076  -4.678  -83.295  -36.076 0.6999999881
14115  -22.948  -84.031  -37.605 0.3000000119
14129  -4.976  -83.884  -38.495 0.6999999881
14140  -5.082  -84.031  -39.284 0.6999999881
14150  -5.046  -84.101  -40.072 0.5000000000
14151  -5.412  -83.516  -40.505 0.6000000238
14163  -4.817  -84.083  -40.964 0.5000000000
14174  -4.748  -84.230  -42.718 0.5000000000
14193  -22.980  -82.512  -43.000 0.4000000060
15012  -7.069  -82.766  -29.883 0.5000000000
15014  -8.372  -82.090  -29.671 0.5000000000
15019  -7.219  -82.000  -30.096 0.5000000000
15020  -7.840  -81.630  -29.797 0.5000000000
15021  -8.892  -81.844  -30.012 0.5000000000
15028  -6.563  -82.171  -30.757 0.6000000238
15035  -5.986  -82.735  -32.637 0.6000000238
15055  -5.175  -82.628  -35.689 0.6000000238
15077  -4.985  -83.047  -38.233 0.6999999881
15078  -5.053  -82.155  -38.127 0.6999999881
15098  -5.621  -82.747  -40.930 0.6000000238
15109  -5.555  -83.136  -41.886 0.5000000000
15914  -9.043  -81.272  -30.481 0.5000000000
15926  -6.006  -81.248  -32.169 0.6000000238
15949  -5.763  -81.397  -35.570 0.6000000238
15982  -5.532  -80.852  -37.325 0.6000000238
16020  -4.962  -81.616  -39.070 0.6999999881
16058  -5.554  -82.230  -41.753 0.6000000238
16096  -5.754  -81.833  -44.150 0.5000000000
16959  -7.884  -81.007  -30.062 0.5000000000
16969  -8.153  -80.600  -30.339 0.5000000000
16970  -8.644  -80.755  -30.475 0.5000000000
16979  -7.462  -79.967  -30.994 0.5000000000
16981  -9.159  -80.512  -31.027 0.5000000000
16996  -5.574  -80.235  -33.520 0.5000000000
17007  -5.399  -80.190  -34.167 0.6000000238
17026  -5.412  -80.462  -34.954 0.6000000238
17046  -5.410  -80.161  -36.619 0.6000000238
17058  -5.449  -80.203  -37.482 0.6000000238
17073  -5.038  -80.663  -38.630 0.6999999881
17091  -4.970  -80.003  -39.103 0.6999999881
17137  -5.626  -81.086  -43.158 0.6000000238
17145  -5.829  -81.004  -44.203 0.5000000000
18063  -8.035  -80.008  -30.718 0.5000000000
18088  -6.451  -79.468  -32.471 0.6000000238
18104  -6.034  -79.225  -33.302 0.6000000238
18133  -5.229  -79.777  -35.637 0.5000000000
18170  -5.376  -79.889  -38.175 0.6000000238
18199  -5.765  -79.515  -42.369 0.6000000238
18206  -6.154  -79.399  -43.715 0.6000000238
19127  -7.876  -78.607  -32.617 0.5000000000
19128  -8.683  -78.778  -32.525 0.5000000000
19138  -5.667  -78.987  -34.022 0.6000000238
19140  -7.653  -78.296  -33.232 0.5000000000
19150  -6.134  -78.379  -34.299 0.6000000238
19160  -5.376  -78.882  -35.519 0.5000000000
19161  -5.971  -78.255  -35.106 0.5000000000
19202  -5.769  -78.472  -38.272 0.6000000238
19217  -5.424  -78.831  -39.819 0.6000000238
19232  -5.703  -78.532  -40.808 0.6000000238
19252  -6.351  -77.949  -43.032 0.6000000238
19266  -6.958  -78.724  -45.286 0.6000000238
20164  -8.039  -77.861  -33.697 0.5000000000
20175  -9.241  -77.613  -34.350 0.5000000000
20184  -6.518  -77.640  -35.523 0.5000000000
20185  -7.289  -77.236  -35.156 0.6000000238
20197  -6.371  -77.502  -36.355 0.6000000238
20198  -10.580  -77.364  -36.065 0.5000000000
20209  -6.313  -77.350  -37.189 0.5000000000
20218  -5.982  -77.897  -37.739 0.5000000000
20220  -10.956  -77.605  -37.830 0.5000000000
20230  -6.418  -77.208  -38.877 0.5000000000
20243  -6.055  -77.629  -40.613 0.6000000238
20276  -6.473  -77.186  -42.603 0.6000000238
20292  -7.425  -77.042  -44.178 0.6000000238
20306  -7.157  -77.851  -44.681 0.6000000238
20322  -8.021  -77.291  -46.470 0.5000000000
20335  -7.010  -77.541  -47.008 0.5000000000
20336  -7.705  -77.105  -46.952 0.5000000000
21294  -8.137  -76.976  -34.886 0.6000000238
21295  -8.954  -76.938  -34.792 0.5000000000
21306  -8.584  -76.437  -35.371 0.5000000000
21308  -10.105  -76.878  -35.583 0.5000000000
21318  -8.214  -76.045  -36.002 0.6000000238
21319  -9.851  -76.150  -35.896 0.5000000000
21327  -6.770  -76.693  -37.490 0.5000000000
21329  -10.987  -76.507  -36.839 0.5000000000
21330  -11.279  -76.255  -37.447 0.5000000000
21339  -6.777  -76.605  -38.370 0.5000000000
21361  -6.603  -76.569  -40.905 0.5000000000
21369  -6.572  -76.644  -41.772 0.6000000238
21378  -7.747  -76.304  -43.779 0.6000000238
21395  -8.546  -75.775  -46.617 0.6000000238
21410  -8.208  -76.531  -47.026 0.5000000000
21416  -6.610  -77.060  -47.186 0.5000000000
22473  -7.892  -75.947  -36.806 0.6000000238
22475  -9.575  -75.636  -36.438 0.6000000238
22476  -10.360  -75.982  -36.531 0.5000000000
22483  -9.320  -75.277  -37.110 0.6000000238
22485  -11.180  -75.354  -37.516 0.5000000000
22496  -7.119  -76.070  -39.728 0.5000000000
22497  -7.689  -75.602  -39.404 0.6000000238
22498  -8.485  -75.213  -39.098 0.6000000238
22505  -7.018  -76.069  -40.514 0.5000000000
22513  -6.996  -76.049  -41.261 0.5000000000
22514  -7.465  -75.422  -41.506 0.5000000000
22528  -8.379  -75.200  -43.314 0.6000000238
22529  -9.074  -74.801  -44.238 0.6000000238
22538  -8.576  -75.685  -44.301 0.6000000238
22547  -4.924  -75.045  -46.291 0.6000000238
22549  -8.871  -75.028  -46.102 0.6000000238
23671  -3.948  -74.198  -33.938 0.6000000238
23680  -3.079  -74.146  -35.034 0.8000000119
23681  -3.738  -74.269  -34.753 0.6000000238
23682  -4.315  -74.268  -34.550 0.6999999881
23689  -2.858  -74.239  -35.884 0.8000000119
23697  -2.649  -74.338  -36.777 0.8000000119
23698  -3.335  -74.377  -36.451 0.8000000119
23709  -3.821  -74.245  -36.988 0.8000000119
23712  -10.695  -74.582  -37.582 0.6000000238
23718  -1.220  -74.224  -38.525 0.6000000238
23719  -1.952  -74.416  -38.489 0.6000000238
23721  -9.092  -74.632  -38.589 0.6000000238
23722  -9.667  -73.986  -38.102 0.6000000238
23732  -0.865  -74.248  -39.116 0.6999999881
23735  -2.961  -74.161  -39.170 0.6999999881
23737  -8.841  -74.469  -39.630 0.6000000238
23750  -0.397  -74.236  -40.817 0.6000000238
23753  -7.829  -74.951  -40.861 0.6000000238
23774  -8.028  -74.628  -41.774 0.5000000000
23792  -1.510  -74.186  -43.295 0.5000000000
23793  -1.737  -74.230  -42.305 0.6999999881
23795  -9.179  -73.539  -43.015 0.6000000238
23811  -9.426  -73.836  -44.865 0.5000000000
23832  -4.121  -74.541  -45.763 0.6000000238
23835  -8.660  -74.267  -46.322 0.6000000238
23848  -6.566  -75.255  -46.846 0.6000000238
23850  -8.065  -74.856  -46.759 0.6000000238
24954  -2.427  -73.771  -35.342 0.8000000119
24955  -5.027  -73.939  -34.900 0.6999999881
24962  -1.537  -73.346  -36.631 0.8000000119
24964  -4.765  -73.940  -35.827 0.6999999881
24965  -5.203  -73.289  -36.377 0.8000000119
24975  -0.957  -73.681  -37.939 0.6999999881
24976  -3.598  -74.186  -37.855 0.6999999881
24990  -3.468  -73.867  -38.711 0.6999999881
24991  -4.091  -73.386  -38.292 0.6999999881
24994  -10.749  -73.353  -38.311 0.6000000238
25007  -0.370  -73.745  -39.497 0.6999999881
25009  -3.291  -73.508  -39.504 0.6999999881
25023  -2.958  -73.118  -40.326 0.6000000238
25036  -2.344  -73.669  -41.834 0.6000000238
25037  -8.800  -72.800  -41.990 0.6000000238
25049  -2.063  -73.482  -43.663 0.6000000238
25050  -2.657  -73.038  -44.073 0.6999999881
25051  -9.532  -72.827  -43.995 0.6000000238
25061  -6.355  -72.897  -45.645 0.6000000238
25063  -8.904  -72.612  -45.538 0.5000000000
25074  -7.318  -73.025  -46.009 0.6000000238
25075  -8.411  -73.217  -46.103 0.6000000238
25076  -9.208  -73.414  -45.733 0.6000000238
26166  -2.206  -73.069  -34.928 0.6999999881
26179  -1.028  -72.050  -37.020 0.5000000000
26180  -1.450  -72.349  -36.219 0.8000000119
26181  -5.660  -72.621  -36.862 0.6999999881
26198  -6.130  -71.969  -37.304 0.6000000238
26208  -0.183  -71.954  -38.703 0.6000000238
26210  -4.392  -72.372  -38.662 0.6999999881
26212  -10.118  -72.764  -38.610 0.6000000238
26223  0.540  -72.334  -39.945 0.6000000238
26224  -0.078  -72.808  -39.188 0.6000000238
26226  -9.325  -71.855  -39.394 0.6000000238
26234  3.089  -72.677  -40.456 0.6000000238
26235  1.699  -72.872  -41.121 0.5000000000
26237  -2.595  -72.711  -41.244 0.6000000238
26255  -2.237  -72.108  -42.850 0.6000000238
26256  -9.330  -71.675  -43.615 0.6000000238
26261  -2.959  -72.060  -43.729 0.6999999881
26262  -3.867  -71.812  -44.084 0.6000000238
26274  -8.469  -72.066  -45.182 0.5000000000
26275  -9.129  -72.089  -44.984 0.6000000238
27346  -2.813  -71.946  -34.416 0.6000000238
27356  4.545  -71.420  -35.611 0.5000000000
27360  -1.827  -71.377  -35.830 0.8000000119
27370  4.477  -71.605  -36.636 0.6000000238
27380  4.367  -71.613  -37.527 0.6000000238
27381  -0.391  -70.987  -38.529 0.6000000238
27383  -6.677  -70.681  -37.594 0.5000000000
27393  -4.627  -71.316  -39.008 0.6999999881
27396  -9.715  -71.987  -38.874 0.6000000238
27398  -10.939  -71.984  -38.731 0.6000000238
27404  3.750  -71.959  -38.958 0.6000000238
27408  1.048  -71.501  -40.226 0.6000000238
27415  -11.961  -71.122  -39.287 0.6000000238
27422  3.170  -72.117  -40.199 0.6000000238
27425  -3.370  -71.104  -40.014 0.6000000238
27426  -3.678  -70.302  -40.269 0.6999999881
27439  -2.471  -71.589  -42.490 0.6000000238
27451  -8.725  -70.648  -43.199 0.5000000000
27456  -4.370  -71.136  -43.609 0.6000000238
27457  -5.651  -71.108  -43.759 0.5000000000
27458  -7.128  -71.036  -43.847 0.6000000238
27459  -8.587  -70.830  -43.978 0.6000000238
28449  -0.837  -70.361  -24.279 0.5000000000
28504  4.618  -70.206  -31.198 0.6000000238
28538  4.790  -70.818  -32.665 0.5000000000
28565  -3.254  -70.963  -35.038 0.6999999881
28566  -5.476  -70.479  -34.950 0.6000000238
28573  4.851  -70.768  -35.048 0.5000000000
28574  -1.856  -70.303  -36.436 0.6000000238
28593  -1.321  -68.927  -37.916 0.6000000238
28602  2.390  -70.153  -39.060 0.6000000238
28604  0.569  -69.892  -39.514 0.6000000238
28608  -6.695  -69.477  -39.091 0.5000000000
28613  2.161  -70.681  -39.712 0.6000000238
28614  1.255  -70.598  -39.907 0.6000000238
28615  -5.302  -69.647  -39.940 0.6000000238
28618  -9.053  -70.270  -39.531 0.5000000000
28619  -9.595  -70.570  -39.105 0.6000000238
28620  -10.317  -70.581  -39.060 0.6000000238
28629  -3.861  -69.915  -40.816 0.6999999881
28632  -7.729  -69.761  -40.355 0.5000000000
28644  -5.758  -69.908  -41.531 0.6000000238
28645  -7.095  -69.893  -41.579 0.6000000238
28647  -8.900  -70.264  -41.501 0.5000000000
28652  -4.402  -70.329  -42.319 0.6000000238
29616  -1.154  -69.655  -24.608 0.5000000000
29625  -0.960  -69.358  -25.283 0.6999999881
29660  3.837  -68.691  -29.621 0.6000000238
29679  4.454  -69.556  -30.842 0.6000000238
29700  -4.062  -69.155  -31.742 0.5000000000
29726  4.808  -70.228  -33.375 0.6000000238
29727  4.246  -69.060  -33.824 0.6000000238
29728  -6.623  -69.665  -33.057 0.5000000000
29744  4.150  -68.945  -34.647 0.6000000238
29751  3.979  -69.012  -35.437 0.6000000238
29753  -4.413  -69.169  -35.978 0.6999999881
29759  4.476  -69.925  -35.779 0.6000000238
29760  3.658  -69.250  -36.293 0.6000000238
29763  -2.960  -68.457  -36.361 0.6000000238
29764  -6.932  -69.748  -36.438 0.5000000000
29765  -7.235  -69.104  -36.861 0.5000000000
29772  3.188  -69.689  -37.781 0.6000000238
29775  0.167  -68.607  -38.768 0.6999999881
29784  2.596  -69.755  -38.445 0.6000000238
29786  0.749  -69.191  -39.223 0.6999999881
29790  -7.855  -68.497  -38.829 0.5000000000
29798  -8.678  -69.176  -39.314 0.5000000000
29802  -12.328  -69.344  -40.136 0.4000000060
30744  -1.152  -68.636  -23.616 0.6999999881
30745  -1.396  -69.209  -24.236 0.6999999881
30782  0.213  -68.157  -26.691 0.6000000238
30783  -0.735  -68.353  -26.406 0.6000000238
30784  -1.424  -68.015  -26.091 0.6999999881
30794  -0.398  -67.766  -26.969 0.6999999881
30805  3.589  -68.458  -27.766 0.6000000238
30816  3.590  -67.892  -28.933 0.6000000238
30839  -2.475  -68.376  -30.385 0.5000000000
30840  -3.184  -68.786  -30.075 0.5000000000
30852  4.095  -68.827  -31.576 0.6000000238
30853  3.244  -68.259  -31.493 0.6999999881
30855  -1.348  -68.252  -31.333 0.5000000000
30857  -3.086  -68.862  -30.971 0.5000000000
30870  -1.284  -68.463  -32.135 0.5000000000
30883  4.274  -69.069  -33.058 0.6000000238
30885  2.492  -68.171  -33.675 0.6999999881
30886  -1.274  -68.332  -33.107 0.6000000238
30888  -4.408  -68.579  -33.935 0.6000000238
30913  -5.311  -68.794  -34.575 0.6000000238
30929  0.692  -67.765  -36.293 0.8000000119
30930  -2.993  -67.959  -36.017 0.6000000238
30931  -4.565  -68.675  -35.372 0.6999999881
30939  2.814  -68.735  -36.184 0.6999999881
30941  1.134  -68.175  -36.861 0.8000000119
30943  -0.482  -67.740  -37.209 0.5000000000
30955  0.645  -68.307  -37.921 0.8000000119
30957  -1.027  -68.154  -37.827 0.6000000238
30965  -7.988  -67.677  -38.555 0.5000000000
30973  -10.443  -67.873  -39.692 0.5000000000
30974  -11.203  -68.376  -39.843 0.6000000238
31871  0.968  -67.615  -21.667 0.5000000000
31899  -0.117  -67.179  -23.303 0.5000000000
31914  -1.229  -67.480  -24.518 0.6999999881
31925  1.645  -67.666  -25.838 0.6000000238
31926  -1.574  -67.349  -26.006 0.6999999881
31934  2.672  -67.257  -26.430 0.6000000238
31944  0.314  -67.356  -27.158 0.6999999881
31962  -2.975  -67.385  -29.547 0.5000000000
31980  2.509  -67.552  -30.566 0.6999999881
31981  1.784  -67.516  -30.806 0.6999999881
31982  -1.653  -67.380  -30.556 0.5000000000
31988  2.457  -68.002  -31.180 0.6999999881
31998  2.425  -68.308  -31.942 0.6999999881
32000  1.354  -68.352  -32.284 0.6000000238
32002  0.336  -68.220  -32.147 0.6000000238
32011  1.907  -68.331  -33.170 0.6999999881
32030  -1.562  -67.626  -35.066 0.6000000238
32049  0.979  -67.968  -35.392 0.8000000119
32052  -2.061  -67.562  -35.938 0.6000000238
32053  -3.801  -67.997  -35.496 0.6000000238
32067  0.025  -67.514  -36.605 0.8000000119
32068  -0.648  -67.345  -36.379 0.5000000000
32069  -1.487  -67.460  -36.368 0.5000000000
32983  1.189  -65.454  -21.982 0.4000000060
33028  -1.077  -66.110  -25.259 0.6999999881
33029  -1.527  -66.513  -25.895 0.6999999881
33039  1.412  -66.597  -26.950 0.6999999881
33040  -1.417  -65.967  -26.559 0.6999999881
33049  2.564  -66.452  -27.390 0.6999999881
33050  1.963  -66.084  -27.317 0.6999999881
33053  -1.043  -65.557  -27.260 0.6999999881
33060  3.053  -66.837  -28.531 0.6999999881
33061  2.666  -66.311  -28.080 0.6999999881
33089  2.383  -67.053  -29.939 0.6999999881
33090  1.686  -66.919  -30.304 0.6999999881
33093  -3.253  -66.114  -30.323 0.5000000000
33100  1.262  -67.795  -31.219 0.6000000238
33102  -0.215  -67.309  -31.358 0.6000000238
33112  0.746  -67.765  -31.390 0.6000000238
33115  -0.322  -65.912  -31.716 0.6000000238
33168  -8.534  -65.936  -38.109 0.5000000000
33943  1.064  -65.373  -18.804 0.4000000060
33989  -1.097  -65.297  -19.973 0.4000000060
34013  1.044  -65.528  -22.652 0.5000000000
34044  0.754  -64.746  -24.076 0.6000000238
34079  0.542  -65.257  -28.010 0.8000000119
34081  -1.049  -64.680  -27.268 0.6999999881
34092  2.086  -65.872  -28.429 0.8000000119
34110  1.783  -65.997  -29.265 0.8000000119
34111  1.192  -65.769  -29.523 0.8000000119
34127  -3.207  -65.563  -31.613 0.6000000238
34136  0.682  -66.183  -30.690 0.8000000119
34138  -0.181  -65.398  -31.578 0.5000000000
34154  0.367  -66.630  -31.104 0.6000000238
34155  0.034  -66.002  -31.469 0.5000000000
34156  -2.761  -64.842  -32.727 0.6000000238
34158  -4.433  -64.831  -33.736 0.4000000060
34159  -5.261  -65.354  -33.115 0.4000000060
35085  -0.441  -64.549  -18.426 0.3000000119
35086  -1.583  -64.695  -18.803 0.3000000119
35087  -2.069  -64.306  -18.896 0.3000000119
35121  0.388  -64.997  -20.841 0.4000000060
35122  -0.462  -64.964  -20.696 0.4000000060
35123  -3.455  -64.598  -20.477 0.4000000060
35137  0.872  -64.900  -21.373 0.4000000060
35143  -4.975  -64.459  -22.012 0.4000000060
35160  -2.066  -64.249  -22.090 0.4000000060
35197  -4.048  -64.207  -24.072 0.5000000000
35198  -4.847  -64.226  -24.160 0.4000000060
35209  0.732  -63.597  -25.153 0.6000000238
35210  -0.531  -64.337  -25.899 0.5000000000
35211  -1.076  -64.642  -26.612 0.6999999881
35228  0.769  -65.249  -28.507 0.8000000119
35245  0.120  -64.886  -28.816 0.6999999881
35264  -0.114  -64.708  -29.731 0.6999999881
35272  0.292  -65.181  -30.217 0.6999999881
35288  -1.445  -64.384  -32.099 0.5000000000
35289  -7.752  -64.191  -31.856 0.4000000060
35307  -6.849  -64.868  -33.714 0.4000000060
35317  -5.452  -64.621  -34.695 0.4000000060
35319  -7.292  -63.914  -33.964 0.4000000060
35328  -4.894  -63.903  -35.017 0.4000000060
35329  -5.852  -63.825  -35.098 0.4000000060
36310  -1.574  -64.085  -18.546 0.3000000119
36334  -2.667  -64.167  -19.339 0.5000000000
36344  -5.541  -63.468  -21.242 0.4000000060
36371  -1.474  -63.683  -22.642 0.4000000060
36372  -5.929  -63.992  -22.784 0.4000000060
36374  -7.258  -63.139  -22.972 0.3000000119
36384  0.949  -63.548  -23.774 0.4000000060
36389  -6.084  -63.798  -23.559 0.4000000060
36428  0.410  -62.004  -25.850 0.5000000000
36435  -0.731  -63.182  -27.181 0.6000000238
36447  -0.608  -64.263  -28.570 0.8000000119
36457  -1.761  -63.466  -29.784 0.6000000238
36484  -1.541  -63.929  -31.401 0.5000000000
36486  -7.729  -63.655  -32.886 0.4000000060
36502  -4.090  -63.755  -32.936 0.5000000000
36513  -4.841  -63.258  -34.769 0.4000000060
36514  -6.646  -63.440  -34.764 0.4000000060
36515  -7.132  -62.820  -34.287 0.4000000060
36523  -6.038  -63.055  -35.055 0.4000000060
37420  -1.272  -63.239  -18.736 0.4000000060
37443  -0.707  -62.333  -19.178 0.4000000060
37446  -3.200  -63.570  -19.710 0.5000000000
37456  -3.622  -62.794  -20.099 0.5000000000
37527  1.160  -61.578  -25.110 0.4000000060
37530  -4.228  -61.876  -25.966 0.4000000060
37531  -4.817  -62.680  -25.976 0.4000000060
37567  -2.287  -62.162  -28.570 0.5000000000
37576  -2.451  -62.974  -29.561 0.5000000000
37588  -2.968  -63.266  -30.291 0.5000000000
37610  -6.487  -61.871  -33.048 0.4000000060
37623  -4.800  -62.817  -33.315 0.4000000060
37624  -5.688  -62.299  -33.736 0.4000000060
37638  -5.718  -62.691  -34.655 0.4000000060
38519  1.052  -61.338  -19.801 0.3000000119
38535  -2.194  -61.247  -20.720 0.4000000060
38536  -3.947  -62.052  -20.651 0.5000000000
38547  -4.302  -61.445  -21.155 0.3000000119
38583  0.710  -60.984  -24.745 0.5000000000
38599  -0.617  -60.253  -25.205 0.5000000000
38617  0.224  -60.901  -25.750 0.5000000000
38620  -5.420  -61.164  -26.426 0.4000000060
38629  -1.046  -61.035  -27.128 0.4000000060
38648  -3.655  -61.929  -29.289 0.5000000000
38662  -4.933  -62.075  -30.273 0.5000000000
39596  1.274  -60.620  -20.333 0.3000000119
39667  -2.051  -59.657  -25.499 0.5000000000
39684  -1.091  -59.623  -26.128 0.4000000060
39685  -3.852  -59.124  -26.232 0.5000000000
39687  -5.870  -60.094  -26.643 0.3000000119
39714  -4.091  -59.543  -28.740 0.4000000060
39715  -5.029  -59.163  -28.760 0.4000000060
40751  -1.628  -59.038  -26.047 0.5000000000
40764  -1.672  -59.153  -26.613 0.4000000060
40767  -4.608  -58.715  -26.579 0.3000000119
40797  -2.905  -58.995  -27.927 0.4000000060
41849  -3.082  -58.069  -26.862 0.5000000000
41850  -4.910  -58.098  -26.901 0.4000000060
41877  -4.694  -57.837  -27.770 0.5000000000
41878  -5.598  -57.846  -27.841 0.4000000060
121554  -6.231  -70.500  -32.782 0.5000000000
121563  -6.442  -72.597  -35.740 0.6000000238
121565  -3.217  -72.501  -33.687 0.6000000238
121566  -6.957  -70.484  -36.013 0.5000000000
121570  -5.508  -69.138  -35.042 0.6999999881
122283  -7.382  -71.871  -34.945 0.5000000000
122295  -6.903  -70.665  -36.791 0.6000000238
122347  -5.112  -69.647  -35.447 0.6000000238
122415  -3.079  -70.552  -40.771 0.6999999881
122601  -15.084  -90.209  -40.702 0.6000000238
122657  -5.392  -81.213  -41.470 0.6000000238
123214  3.596  -68.346  -32.795 0.6000000238
123241  -22.366  -84.874  -42.015 0.5000000000
123496  1.139  -65.557  -21.224 0.4000000060
123510  -6.131  -69.864  -34.949 0.6000000238
123597  -1.552  -74.468  -39.854 0.6999999881
123694  -9.016  -72.157  -41.542 0.6000000238
123941  -5.625  -80.336  -42.512 0.6000000238
124480  -9.884  -87.173  -34.810 0.6000000238
124552  -6.333  -86.791  -37.868 0.6000000238
124858  -7.315  -69.043  -38.861 0.5000000000
125147  -1.377  -64.841  -32.408 0.5000000000
125201  1.913  -66.518  -29.756 0.6999999881
125343  -7.235  -76.348  -36.987 0.6000000238
125657  -0.923  -63.396  -27.787 0.6000000238
125830  3.300  -68.266  -34.179 0.6999999881
126066  -8.638  -87.981  -39.969 0.5000000000
126241  -5.761  -82.124  -35.136 0.6000000238
127005  -4.511  -73.842  -36.651 0.8000000119
127222  -12.782  -89.316  -35.726 0.6000000238
127639  -5.649  -78.452  -37.541 0.5000000000
127671  -2.444  -65.273  -32.424 0.6000000238
127909  -1.964  -89.874  -31.776 0.6999999881
127960  -13.043  -88.371  -43.423 0.5000000000
128220  0.386  -66.562  -27.440 0.6999999881
128730  3.315  -67.688  -29.832 0.6999999881
128791  -5.383  -82.666  -39.471 0.6999999881
128889  3.669  -69.631  -37.118 0.6000000238
129017  -8.743  -67.045  -38.843 0.5000000000
129180  -5.496  -79.041  -37.846 0.6000000238
130395  -8.225  -69.730  -39.749 0.5000000000
130411  -6.192  -77.300  -41.866 0.6000000238
130662  -4.497  -84.196  -37.128 0.6999999881
131042  -3.852  -84.684  -40.975 0.5000000000
131191  -23.100  -90.206  -32.903 0.3000000119
131699  -4.873  -80.202  -39.896 0.6999999881
132202  -5.642  -80.794  -33.868 0.6000000238
132258  -22.283  -89.949  -37.077 0.6000000238
132319  -13.323  -89.059  -36.388 0.6000000238
132942  -6.336  -77.014  -40.531 0.6000000238
133473  -2.645  -64.843  -20.759 0.3000000119
133745  -6.725  -88.002  -35.816 0.6999999881
134581  -8.828  -73.925  -40.389 0.6000000238
134965  -5.267  -79.568  -40.565 0.6000000238
135284  -21.157  -87.079  -40.048 0.5000000000
135314  -1.355  -65.813  -25.842 0.6999999881
135717  -13.431  -89.796  -36.230 0.5000000000
135841  -16.792  -88.953  -36.769 0.5000000000
135897  -3.495  -87.018  -32.524 0.6999999881
136046  -0.396  -62.425  -26.791 0.5000000000
136368  0.498  -67.805  -31.610 0.6000000238
136916  -8.377  -82.828  -29.442 0.5000000000
137466  -1.401  -73.688  -37.359 0.8000000119
138066  -0.849  -63.867  -18.373 0.3000000119
138379  1.199  -62.163  -24.838 0.6000000238
139585  -11.501  -72.556  -38.755 0.6000000238
139641  -2.392  -58.778  -27.248 0.4000000060
139677  -4.475  -84.031  -36.312 0.6999999881
139925  0.098  -65.250  -31.098 0.6999999881
139971  -9.556  -72.531  -38.991 0.6000000238
140057  -1.087  -74.471  -42.770 0.6000000238
140066  0.069  -61.632  -26.314 0.5000000000
140502  -7.208  -86.388  -33.839 0.6999999881
140565  -10.308  -66.267  -39.159 0.5000000000
140854  -0.561  -69.065  -25.869 0.6999999881
141018  -1.806  -59.528  -27.175 0.4000000060
141097  -9.325  -68.891  -39.447 0.5000000000
141403  -9.352  -88.939  -41.477 0.5000000000
141411  -7.345  -79.096  -32.148 0.5000000000
142184  0.739  -65.768  -23.264 0.5000000000
142357  -22.718  -85.270  -41.452 0.5000000000
142443  4.136  -69.082  -30.331 0.6000000238
142477  -2.642  -72.809  -34.309 0.6999999881
143244  -6.172  -77.774  -39.250 0.5000000000
143308  -0.333  -67.419  -35.676 0.6000000238
143374  -4.348  -74.143  -33.550 0.6000000238
143421  -7.726  -86.461  -39.950 0.5000000000
143475  -0.618  -67.085  -23.925 0.6000000238
143881  -4.468  -63.879  -34.591 0.4000000060
144158  -0.990  -67.147  -31.038 0.6000000238
144440  -0.097  -73.817  -40.311 0.6999999881
144468  -5.612  -79.275  -41.440 0.5000000000
144690  -2.109  -90.372  -34.082 0.4000000060
144728  -3.005  -90.150  -33.202 0.6999999881
144989  -17.492  -88.186  -38.879 0.6000000238
145367  -6.540  -58.319  -27.675 0.3000000119
145446  -6.775  -74.357  -46.419 0.6000000238
145499  3.599  -67.915  -28.221 0.6000000238
145645  -8.699  -75.209  -38.270 0.6000000238
145684  -4.547  -83.778  -35.832 0.6999999881
145774  -5.587  -82.898  -40.146 0.6000000238
145886  -3.956  -58.001  -27.856 0.5000000000
145896  -11.892  -68.640  -40.082 0.4000000060
145954  -7.298  -86.424  -41.271 0.5000000000
146089  -1.173  -90.379  -32.119 0.4000000060
146147  -3.885  -71.964  -33.409 0.6000000238
146208  -6.335  -71.331  -37.641 0.6000000238
146346  -3.932  -73.063  -44.741 0.6999999881
146445  -5.805  -83.230  -33.173 0.6000000238
146554  0.148  -73.879  -40.890 0.5000000000
146602  -4.253  -84.486  -36.124 0.6999999881
146665  -5.702  -82.034  -35.664 0.6000000238
146766  -11.215  -90.490  -36.275 0.5000000000
146875  -5.538  -63.999  -24.091 0.4000000060
147506  3.316  -67.333  -28.960 0.6999999881
147615  -6.382  -63.634  -22.238 0.4000000060
147839  0.439  -62.624  -23.768 0.5000000000
147932  -2.890  -60.291  -25.544 0.5000000000
148047  -0.145  -60.658  -24.764 0.5000000000
148154  -5.046  -65.038  -34.137 0.4000000060
148226  -7.329  -86.786  -31.348 0.6000000238
