#!ascii label  , from subject sub-v1s10x0051153_ses-1 vox2ras=TkReg
1742
39845  40.238  -53.335  -21.295 0.6000000238
39829  41.124  -53.063  -19.890 0.5000000000
124933  38.914  -51.176  -21.003 0.6999999881
41656  38.924  -51.387  -21.665 0.6000000238
41655  39.073  -51.571  -22.424 0.6000000238
43703  39.129  -49.982  -22.083 0.6000000238
40700  39.916  -52.110  -20.323 0.6999999881
40706  39.341  -52.517  -21.487 0.6000000238
40711  39.030  -52.190  -21.954 0.5000000000
40721  39.182  -52.523  -22.596 0.5000000000
138452  39.237  -51.995  -23.065 0.5000000000
41668  39.469  -51.241  -23.241 0.6000000238
43713  39.656  -49.881  -22.711 0.6000000238
40699  40.521  -52.445  -20.098 0.5000000000
39837  40.878  -52.894  -20.657 0.5000000000
38978  39.718  -53.883  -21.953 0.6000000238
43712  40.440  -49.776  -23.327 0.6000000238
39835  42.159  -53.837  -20.427 0.5000000000
38949  42.572  -54.377  -19.883 0.5000000000
44692  39.050  -48.187  -20.611 0.6000000238
44706  39.131  -48.551  -21.248 0.6999999881
42626  39.178  -50.573  -19.295 0.6000000238
42627  38.909  -50.231  -20.035 0.6999999881
44707  38.860  -49.136  -20.840 0.6000000238
43686  39.107  -49.264  -21.606 0.6000000238
43702  39.466  -49.366  -22.206 0.6000000238
41620  39.532  -51.328  -19.396 0.6000000238
141422  39.188  -51.531  -20.755 0.6999999881
43701  40.060  -49.137  -22.661 0.6000000238
40687  40.594  -52.687  -19.100 0.5000000000
40674  39.919  -51.889  -18.714 0.5000000000
44728  40.828  -48.861  -23.063 0.6000000238
130350  41.201  -53.400  -19.113 0.5000000000
43711  41.361  -49.333  -23.650 0.6000000238
39828  41.819  -53.772  -19.633 0.5000000000
44741  41.985  -48.964  -23.850 0.6000000238
44740  43.024  -48.280  -24.303 0.6999999881
121160  42.552  -48.956  -24.291 0.6000000238
45743  43.425  -47.693  -24.344 0.6999999881
44748  43.233  -48.978  -24.872 0.6000000238
44747  44.071  -48.963  -25.668 0.6000000238
44746  44.853  -48.506  -26.354 0.6000000238
143409  45.660  -44.633  -27.760 0.5000000000
49363  45.258  -42.965  -27.412 0.6999999881
48390  44.672  -44.589  -26.859 0.6000000238
50239  43.908  -42.533  -26.429 0.8000000119
48371  44.062  -43.848  -26.030 0.6999999881
45695  39.237  -47.352  -20.336 0.6000000238
45705  39.423  -47.659  -21.227 0.6999999881
122604  38.966  -49.805  -19.272 0.6999999881
43652  38.857  -49.399  -20.009 0.6999999881
44693  38.932  -48.652  -20.085 0.6000000238
44713  39.604  -48.574  -21.952 0.6999999881
45716  40.165  -47.706  -22.064 0.6999999881
41607  39.405  -51.028  -18.407 0.6000000238
42617  39.118  -50.152  -18.523 0.6000000238
46601  40.857  -47.034  -22.235 0.8000000119
41596  39.995  -52.057  -17.090 0.5000000000
41606  39.771  -51.740  -17.861 0.5000000000
135380  41.606  -47.202  -22.794 0.8000000119
45715  41.047  -47.961  -22.747 0.6000000238
40654  40.567  -52.833  -16.938 0.5000000000
40662  40.342  -52.585  -17.917 0.5000000000
45733  42.266  -47.342  -23.341 0.8000000119
129948  41.745  -47.845  -23.233 0.6000000238
39818  42.468  -54.446  -18.831 0.5000000000
46616  42.879  -46.775  -23.522 0.8000000119
45731  43.454  -47.011  -24.079 0.8000000119
44726  42.307  -48.218  -23.748 0.6999999881
45741  44.842  -46.779  -24.975 0.6999999881
45742  44.098  -47.375  -24.710 0.6999999881
46627  46.260  -46.656  -26.593 0.6999999881
46621  45.630  -46.333  -25.443 0.6999999881
45750  44.439  -48.074  -25.437 0.6999999881
46626  46.897  -46.123  -27.339 0.6000000238
46628  45.469  -47.118  -25.843 0.6000000238
139378  44.782  -47.442  -25.351 0.6000000238
47498  46.916  -45.502  -28.312 0.6999999881
46645  46.681  -46.808  -27.868 0.6999999881
45748  45.966  -47.488  -27.088 0.6000000238
47499  46.592  -45.369  -28.398 0.6999999881
46656  46.715  -46.052  -28.480 0.6000000238
48389  44.958  -43.863  -27.057 0.8000000119
48402  46.324  -44.248  -28.049 0.8000000119
132546  45.128  -42.199  -27.856 0.8999999762
50230  42.436  -42.477  -25.988 0.6999999881
50249  44.267  -42.055  -27.277 0.8000000119
50229  43.039  -42.501  -25.926 0.6999999881
46586  39.498  -46.833  -20.742 0.6000000238
46585  40.014  -46.688  -21.463 0.6999999881
47433  40.334  -45.745  -21.104 0.6999999881
45696  39.046  -47.898  -19.845 0.6000000238
47432  41.254  -45.272  -21.432 0.6000000238
44646  39.248  -48.326  -18.042 0.4000000060
43636  39.031  -49.393  -18.582 0.6000000238
45683  39.033  -47.759  -19.153 0.6000000238
46584  40.906  -46.153  -21.836 0.6999999881
43618  39.319  -49.540  -17.540 0.6000000238
46600  41.462  -46.526  -22.389 0.8000000119
42594  40.255  -50.743  -16.021 0.4000000060
42595  39.699  -50.539  -16.709 0.5000000000
42616  39.260  -50.432  -17.891 0.6000000238
46599  42.203  -46.438  -22.862 0.8000000119
40638  40.431  -52.281  -16.278 0.5000000000
46615  43.439  -46.353  -23.733 0.8000000119
146180  41.744  -53.794  -16.916 0.5000000000
47463  44.939  -45.957  -24.682 0.8000000119
48370  47.080  -44.698  -26.204 0.8000000119
47462  45.674  -45.486  -24.973 0.6999999881
46614  44.118  -46.356  -24.261 0.8000000119
142800  47.261  -45.021  -27.258 0.8000000119
47471  46.454  -45.909  -26.017 0.6999999881
48387  47.526  -44.136  -28.356 0.8999999762
48388  47.230  -44.897  -28.091 0.8999999762
47470  46.990  -45.441  -26.694 0.6999999881
129554  47.145  -44.569  -28.373 0.8999999762
47487  47.175  -45.584  -27.894 0.6999999881
123629  46.255  -42.704  -28.502 0.8999999762
49362  46.856  -43.743  -28.515 0.8999999762
50260  42.447  -41.701  -28.157 0.8000000119
49364  40.784  -42.988  -28.150 0.8000000119
50240  42.959  -41.993  -26.847 0.8000000119
50241  41.964  -42.327  -26.643 0.8000000119
51098  43.527  -41.570  -27.950 0.8000000119
135883  40.062  -45.530  -20.417 0.6999999881
48335  41.345  -44.728  -20.759 0.6000000238
46573  39.349  -46.541  -20.073 0.6000000238
47419  39.663  -45.759  -19.802 0.5000000000
48334  42.096  -44.604  -21.336 0.6999999881
130532  39.456  -47.623  -18.065 0.4000000060
145820  39.351  -47.176  -18.524 0.5000000000
45665  39.136  -47.086  -18.973 0.6000000238
47445  41.717  -45.811  -22.186 0.6999999881
44645  39.532  -48.891  -17.403 0.5000000000
47444  42.514  -45.498  -22.540 0.6999999881
43605  40.744  -49.433  -16.018 0.5000000000
43607  39.599  -49.710  -16.959 0.6000000238
43589  41.238  -49.868  -15.364 0.4000000060
43590  40.627  -50.135  -15.775 0.4000000060
48356  44.619  -44.620  -23.712 0.8000000119
47457  43.748  -45.675  -23.608 0.8000000119
42578  41.411  -50.698  -14.922 0.4000000060
48355  45.134  -44.951  -24.326 0.8000000119
47456  44.506  -45.412  -24.071 0.8000000119
40653  40.904  -53.075  -16.134 0.3000000119
49332  47.065  -43.789  -25.861 0.8000000119
125949  46.468  -44.250  -25.234 0.8000000119
48362  45.820  -44.644  -24.721 0.8000000119
49331  47.491  -43.223  -26.579 0.8000000119
48361  46.515  -45.114  -25.534 0.8000000119
50247  48.246  -42.820  -28.163 0.8999999762
49352  47.483  -44.270  -27.197 0.8999999762
50257  48.312  -42.495  -29.080 0.8999999762
49360  48.028  -43.502  -28.781 0.8999999762
50263  47.875  -42.176  -29.726 0.8999999762
50248  47.381  -43.385  -28.978 0.8999999762
50259  47.267  -42.693  -29.327 0.8999999762
50261  41.376  -42.092  -28.304 0.8000000119
49369  40.419  -42.811  -28.339 0.8000000119
140656  46.340  -42.215  -29.148 0.8999999762
51096  45.431  -41.946  -28.619 0.8999999762
51110  43.021  -41.173  -28.775 0.8000000119
51108  44.690  -41.408  -29.122 0.8000000119
48298  40.806  -44.836  -19.069 0.6000000238
48323  41.125  -44.633  -19.910 0.6000000238
48322  41.890  -44.359  -20.414 0.6000000238
47400  40.397  -45.447  -18.622 0.6000000238
46538  40.535  -46.805  -17.661 0.4000000060
46553  40.020  -46.166  -18.291 0.4000000060
47408  39.646  -45.820  -18.981 0.5000000000
142325  42.049  -45.151  -21.932 0.6999999881
133500  40.629  -47.569  -17.295 0.4000000060
48333  42.766  -44.765  -22.075 0.6999999881
44623  41.590  -48.409  -16.381 0.5000000000
44643  41.077  -47.961  -16.837 0.4000000060
47443  43.385  -45.022  -22.907 0.6999999881
141855  42.250  -48.300  -16.501 0.5000000000
49309  44.711  -43.825  -23.391 0.8000000119
48347  44.104  -44.342  -23.040 0.8000000119
49316  46.371  -43.314  -25.022 0.8000000119
129667  45.212  -44.196  -24.076 0.8000000119
51081  47.395  -42.073  -26.212 0.8000000119
51095  48.427  -41.445  -28.825 0.8999999762
50227  47.832  -42.738  -27.182 0.8999999762
52108  48.286  -40.903  -29.458 0.8999999762
51106  46.907  -41.985  -29.851 0.8999999762
51115  46.252  -41.312  -30.211 1.0000000000
51111  41.562  -41.279  -28.529 0.8000000119
51116  45.051  -41.013  -29.987 1.0000000000
124014  42.141  -41.420  -28.541 0.8000000119
51117  43.955  -40.938  -29.324 1.0000000000
126585  41.808  -44.284  -19.668 0.6000000238
129001  42.455  -43.950  -19.937 0.6000000238
48297  41.665  -44.540  -18.631 0.6000000238
49278  43.313  -43.493  -20.341 0.6999999881
46537  41.445  -46.587  -17.544 0.4000000060
135377  41.645  -45.900  -17.698 0.4000000060
47386  41.566  -45.374  -17.904 0.4000000060
45646  41.322  -47.333  -17.284 0.4000000060
49303  43.595  -44.163  -22.157 0.6999999881
44641  42.915  -48.391  -17.159 0.5000000000
45664  43.137  -47.682  -17.875 0.4000000060
49308  45.285  -43.359  -23.836 0.8000000119
50202  44.862  -42.972  -23.153 0.8000000119
128774  46.782  -41.915  -25.386 0.8000000119
126231  45.810  -42.868  -24.335 0.8000000119
51091  47.452  -41.159  -26.574 0.8000000119
50228  46.911  -42.773  -25.586 0.8000000119
51090  47.950  -41.961  -27.290 0.8999999762
52112  48.238  -41.045  -29.954 0.8999999762
53136  47.641  -40.175  -29.292 0.8999999762
52116  46.889  -40.529  -30.484 1.0000000000
52113  46.016  -40.498  -30.540 1.0000000000
52114  45.081  -40.264  -30.495 1.0000000000
52109  42.307  -40.778  -28.878 0.8000000119
51112  40.771  -41.927  -28.393 0.8000000119
53150  44.642  -39.646  -30.572 1.0000000000
52115  43.214  -40.390  -29.413 0.8000000119
48296  42.574  -44.188  -18.283 0.6000000238
48310  41.474  -44.434  -19.195 0.6000000238
49250  42.882  -43.716  -18.680 0.6000000238
49290  43.420  -43.738  -21.300 0.6999999881
49289  43.959  -43.183  -21.012 0.6999999881
138830  42.827  -46.158  -17.650 0.4000000060
47385  42.245  -45.455  -17.723 0.5000000000
48283  41.946  -44.817  -18.049 0.5000000000
134415  43.940  -43.456  -21.736 0.8000000119
50184  44.333  -42.726  -21.718 0.8000000119
45645  42.296  -47.310  -17.484 0.4000000060
49302  44.320  -43.469  -22.518 0.8000000119
45663  43.572  -48.035  -18.692 0.4000000060
46552  43.347  -46.894  -18.012 0.4000000060
50201  45.355  -42.439  -23.679 0.8000000119
50212  45.817  -41.880  -24.259 0.8000000119
51082  46.886  -41.226  -25.617 0.8000000119
138587  47.949  -40.644  -28.429 0.8999999762
53120  46.605  -39.888  -27.199 0.8000000119
53142  47.433  -40.032  -30.011 1.0000000000
53147  47.005  -39.854  -30.443 1.0000000000
54034  46.467  -38.672  -29.962 1.0000000000
53148  46.365  -39.110  -30.571 1.0000000000
141672  43.245  -38.534  -30.218 1.0000000000
53146  42.318  -39.894  -29.259 0.8999999762
52111  40.961  -40.911  -28.411 0.8000000119
53140  40.927  -39.867  -28.479 0.8999999762
53145  43.102  -39.483  -29.829 1.0000000000
124664  42.350  -38.971  -29.640 1.0000000000
53139  41.515  -39.260  -29.074 1.0000000000
54047  43.460  -37.584  -30.413 1.0000000000
55801  43.651  -35.788  -30.478 1.0000000000
54940  42.761  -36.952  -30.122 1.0000000000
55795  41.887  -36.706  -29.648 1.0000000000
56727  43.151  -34.813  -30.231 1.0000000000
55794  42.640  -35.994  -30.027 1.0000000000
49265  43.481  -43.279  -18.811 0.6999999881
131332  43.604  -43.165  -19.574 0.6999999881
50161  44.007  -42.641  -19.143 0.6999999881
49232  43.989  -43.444  -17.828 0.6000000238
49249  43.374  -43.611  -18.225 0.6000000238
49277  43.986  -42.908  -20.158 0.6999999881
48282  42.742  -44.650  -17.822 0.6000000238
136820  44.390  -45.582  -17.593 0.5000000000
134416  44.495  -41.815  -21.318 0.8000000119
46551  44.074  -46.986  -18.569 0.4000000060
143094  44.633  -42.639  -22.505 0.8000000119
50193  45.019  -42.069  -22.967 0.8000000119
52080  46.288  -40.721  -25.082 0.8000000119
51068  46.322  -41.413  -24.894 0.8000000119
52096  47.277  -40.475  -27.130 0.6999999881
127694  46.772  -40.632  -25.951 0.8000000119
53127  47.219  -39.972  -28.132 0.8999999762
53128  46.257  -39.522  -27.935 0.8000000119
53137  46.871  -39.505  -29.055 0.8999999762
53138  45.996  -38.957  -28.776 1.0000000000
54044  46.128  -38.342  -30.537 1.0000000000
124849  45.828  -38.007  -29.496 1.0000000000
54934  45.819  -36.856  -29.951 1.0000000000
54045  45.964  -38.345  -30.790 1.0000000000
131036  45.765  -36.713  -30.745 1.0000000000
129407  45.381  -35.367  -30.699 1.0000000000
54943  44.082  -36.612  -30.627 1.0000000000
54036  41.278  -38.294  -29.078 1.0000000000
55800  44.920  -35.463  -30.866 1.0000000000
54043  41.838  -38.466  -29.462 1.0000000000
127811  40.732  -37.040  -28.456 1.0000000000
128998  42.029  -35.599  -29.697 1.0000000000
55787  41.253  -36.365  -29.099 1.0000000000
50143  44.364  -42.063  -18.303 0.6999999881
50160  44.244  -42.188  -19.925 0.6999999881
49231  44.654  -43.507  -17.516 0.5000000000
50144  43.989  -42.947  -18.281 0.6999999881
50171  44.256  -42.468  -20.801 0.6999999881
48281  44.174  -44.145  -17.526 0.6000000238
47382  45.254  -45.403  -17.517 0.5000000000
135486  44.753  -44.758  -17.354 0.5000000000
138767  44.714  -41.882  -22.170 0.8000000119
51045  45.120  -41.028  -22.757 0.8000000119
51057  45.415  -41.458  -23.568 0.6999999881
51069  45.780  -40.856  -24.241 0.8000000119
52089  46.074  -40.256  -25.409 0.8000000119
52081  45.678  -40.312  -24.591 0.8000000119
136720  45.480  -39.617  -26.819 0.6999999881
52097  46.382  -40.104  -26.316 0.6999999881
124961  45.313  -39.241  -27.759 0.8999999762
126476  43.773  -39.210  -26.598 0.8000000119
54021  43.282  -38.635  -26.958 0.8000000119
54022  42.580  -38.385  -26.421 0.8000000119
53129  44.792  -38.693  -28.175 0.8999999762
53130  43.940  -38.868  -27.354 0.8000000119
54027  43.805  -38.290  -27.878 0.8999999762
54028  42.964  -37.613  -27.414 0.8999999762
54923  42.137  -37.634  -26.498 0.8000000119
138818  43.901  -37.463  -28.311 0.8999999762
54935  44.719  -36.712  -29.188 1.0000000000
123881  45.522  -35.520  -30.650 1.0000000000
54942  45.339  -36.649  -30.956 1.0000000000
57679  44.703  -34.745  -30.366 1.0000000000
56733  44.390  -34.970  -30.533 1.0000000000
54929  40.400  -37.615  -27.961 1.0000000000
57659  43.878  -33.703  -29.738 1.0000000000
55788  40.596  -35.884  -28.295 1.0000000000
139444  43.085  -33.839  -30.035 1.0000000000
131882  42.607  -33.381  -29.707 1.0000000000
56718  40.652  -34.801  -28.611 1.0000000000
50125  45.312  -42.308  -17.509 0.6999999881
125277  44.748  -41.950  -17.782 0.6999999881
136803  44.263  -41.846  -19.111 0.6999999881
51026  44.330  -41.159  -19.745 0.6999999881
128812  46.152  -42.669  -17.329 0.6000000238
138789  44.381  -41.746  -20.540 0.6999999881
48280  45.913  -44.019  -17.146 0.5000000000
125353  44.555  -40.991  -20.836 0.6999999881
137764  46.253  -44.554  -17.287 0.5000000000
123277  44.808  -41.002  -21.782 0.8000000119
124662  45.404  -40.218  -23.765 0.6999999881
52056  45.245  -40.194  -23.027 0.6999999881
53101  45.365  -39.937  -25.022 0.6999999881
143777  45.037  -39.684  -26.152 0.6999999881
53122  43.048  -39.066  -26.074 0.8000000119
53114  42.885  -39.291  -25.174 0.8000000119
54008  41.585  -38.387  -24.350 0.8000000119
125331  42.405  -38.738  -25.576 0.8000000119
54016  41.807  -38.327  -25.174 0.8000000119
54914  41.566  -37.545  -25.634 0.8000000119
54928  43.706  -36.585  -28.368 1.0000000000
55766  42.248  -36.950  -27.071 0.8999999762
55767  41.714  -36.843  -26.433 0.8000000119
55776  42.835  -36.350  -27.707 1.0000000000
55777  42.014  -36.019  -27.130 0.8000000119
55784  45.552  -36.135  -29.960 1.0000000000
55786  43.657  -35.442  -28.526 1.0000000000
56714  45.057  -35.023  -30.162 1.0000000000
137871  44.104  -33.906  -29.466 1.0000000000
58640  43.181  -32.891  -29.248 1.0000000000
55778  40.233  -36.718  -27.630 1.0000000000
54924  39.411  -37.113  -26.427 1.0000000000
58647  42.362  -32.738  -29.393 1.0000000000
58642  41.430  -32.501  -29.132 1.0000000000
121088  40.761  -33.605  -28.869 1.0000000000
124805  40.400  -32.565  -28.694 1.0000000000
50982  45.163  -41.453  -17.613 0.6999999881
51992  45.033  -40.602  -17.758 0.6999999881
52024  44.365  -40.238  -19.095 0.6000000238
52033  44.504  -40.040  -20.253 0.6000000238
138093  44.801  -40.181  -21.349 0.6000000238
53077  45.135  -39.868  -23.302 0.6999999881
52057  45.049  -40.205  -22.248 0.6999999881
53088  45.130  -39.839  -24.053 0.6999999881
53102  44.482  -39.761  -24.840 0.6999999881
53104  42.752  -39.274  -24.331 0.8000000119
53113  43.790  -39.537  -25.629 0.8000000119
54905  40.954  -37.697  -23.992 0.8000000119
55744  40.938  -37.162  -24.880 0.8000000119
137980  41.430  -36.099  -26.386 0.8000000119
56705  42.135  -34.985  -27.406 0.8000000119
56692  41.535  -35.307  -26.695 0.8000000119
56716  43.690  -34.240  -28.734 1.0000000000
57651  42.777  -33.868  -28.132 1.0000000000
57652  41.780  -34.245  -27.178 0.6999999881
58633  42.887  -32.725  -28.695 1.0000000000
59521  42.497  -32.312  -28.885 1.0000000000
59522  41.782  -31.770  -28.440 1.0000000000
58641  41.916  -32.061  -28.927 1.0000000000
59529  40.932  -31.765  -28.740 1.0000000000
140645  40.125  -35.125  -28.024 1.0000000000
56706  39.799  -35.698  -27.581 1.0000000000
55768  39.386  -36.344  -26.924 1.0000000000
57662  39.891  -33.426  -28.451 1.0000000000
52009  44.617  -40.406  -18.288 0.6999999881
52042  44.818  -39.550  -21.843 0.6000000238
53078  44.966  -39.705  -22.636 0.6999999881
131853  44.213  -39.700  -24.110 0.6999999881
53089  44.509  -39.532  -23.232 0.6999999881
53103  43.541  -39.578  -24.651 0.6999999881
53090  43.454  -39.461  -23.824 0.8000000119
54007  42.098  -38.854  -23.963 0.6999999881
54001  41.565  -38.253  -23.547 0.6999999881
55745  40.695  -36.841  -24.176 0.6999999881
55754  40.657  -36.094  -24.882 0.6999999881
56682  40.724  -34.985  -25.278 0.6999999881
57628  41.060  -33.905  -25.595 0.8000000119
56693  41.179  -34.627  -26.206 0.6999999881
127862  42.169  -33.017  -27.718 0.8999999762
58634  42.124  -32.191  -28.256 1.0000000000
59515  41.528  -31.576  -27.636 1.0000000000
54925  38.761  -36.601  -26.317 1.0000000000
60423  41.194  -31.428  -28.392 1.0000000000
56707  39.301  -34.789  -27.888 1.0000000000
57663  39.390  -32.727  -28.309 1.0000000000
53031  44.624  -39.606  -18.645 0.6000000238
53047  44.489  -39.340  -19.428 0.6000000238
53960  44.654  -38.499  -19.657 0.6000000238
124358  44.715  -39.483  -21.042 0.6000000238
53056  44.577  -39.023  -20.339 0.6000000238
53065  44.539  -38.792  -21.244 0.6000000238
53079  44.390  -39.028  -22.224 0.6000000238
53999  43.320  -38.995  -22.969 0.6999999881
54000  42.282  -38.625  -23.256 0.6999999881
54895  41.125  -37.617  -23.106 0.6999999881
54896  40.743  -36.958  -23.370 0.6999999881
55728  40.766  -36.145  -22.808 0.6999999881
123794  40.565  -36.092  -23.788 0.6999999881
56672  40.568  -35.164  -24.316 0.6999999881
61351  46.465  -30.393  -23.202 0.3000000119
142462  40.738  -34.318  -24.760 0.6999999881
62228  46.323  -29.565  -23.566 0.3000000119
58607  41.218  -33.145  -24.771 0.8000000119
53990  37.313  -39.014  -22.498 0.8999999762
58628  41.692  -32.325  -27.117 1.0000000000
54011  37.859  -37.871  -24.190 1.0000000000
54916  38.181  -36.870  -25.781 1.0000000000
54906  37.981  -37.397  -24.991 1.0000000000
60418  40.702  -30.965  -27.817 1.0000000000
142437  38.960  -32.535  -27.881 1.0000000000
59530  40.083  -31.860  -28.510 1.0000000000
57653  39.085  -33.865  -28.200 1.0000000000
56694  38.785  -35.372  -27.396 1.0000000000
57654  38.606  -33.512  -27.916 1.0000000000
140110  44.979  -39.165  -18.384 0.6000000238
53946  44.719  -38.828  -18.910 0.6000000238
53959  45.018  -38.066  -19.140 0.6000000238
54851  44.849  -37.711  -19.879 0.6000000238
54858  45.107  -36.968  -20.179 0.6000000238
54859  44.600  -37.469  -20.668 0.6999999881
53973  44.087  -38.242  -21.634 0.6999999881
143428  44.375  -38.020  -21.077 0.6000000238
53987  43.484  -38.336  -22.202 0.6999999881
56645  47.900  -35.349  -22.020 0.3000000119
56646  46.946  -35.348  -22.549 0.3000000119
53988  42.585  -38.264  -22.636 0.6999999881
54885  42.132  -37.648  -22.507 0.6999999881
55736  41.300  -36.551  -22.391 0.6999999881
60369  46.504  -31.279  -22.841 0.3000000119
61341  46.182  -30.627  -22.300 0.4000000060
62216  46.062  -29.778  -22.647 0.4000000060
62201  45.852  -30.008  -21.765 0.4000000060
53080  36.868  -39.610  -21.770 0.6999999881
53974  36.150  -39.231  -21.329 0.6999999881
64901  44.811  -26.323  -21.487 0.3000000119
63096  45.922  -28.967  -22.976 0.3000000119
54004  36.854  -38.124  -23.063 0.8999999762
64900  45.194  -26.923  -22.065 0.3000000119
62217  45.781  -29.157  -22.048 0.3000000119
57627  41.509  -32.695  -25.949 0.8000000119
54897  36.980  -37.648  -24.050 0.8999999762
63983  45.433  -27.716  -21.737 0.3000000119
63084  45.570  -28.521  -21.456 0.3000000119
131837  41.443  -31.432  -26.284 0.8000000119
143348  40.766  -30.686  -26.414 1.0000000000
55756  37.122  -36.509  -26.686 1.0000000000
60414  39.931  -30.939  -26.776 1.0000000000
56695  37.736  -35.260  -27.357 1.0000000000
55770  37.270  -35.932  -27.183 1.0000000000
59516  39.394  -31.690  -27.479 1.0000000000
56708  38.346  -34.483  -27.671 1.0000000000
58635  38.464  -33.313  -27.490 1.0000000000
120835  37.976  -34.119  -27.485 1.0000000000
57643  37.894  -33.905  -27.012 1.0000000000
55703  44.603  -36.768  -21.086 0.6999999881
56632  48.112  -35.518  -21.154 0.3000000119
56633  47.229  -35.389  -21.462 0.4000000060
54869  43.580  -37.589  -21.910 0.6999999881
54884  42.851  -37.626  -22.297 0.6999999881
123602  45.834  -35.419  -23.425 0.4000000060
55727  42.149  -36.891  -22.281 0.6999999881
56661  45.912  -35.197  -24.114 0.3000000119
56647  44.930  -35.446  -23.211 0.5000000000
126812  41.721  -35.934  -22.067 0.6999999881
128321  41.153  -35.798  -22.276 0.6999999881
56662  45.315  -35.173  -23.842 0.5000000000
56650  40.903  -35.154  -22.460 0.6999999881
58592  45.721  -33.505  -23.595 0.4000000060
58561  44.566  -33.984  -21.773 0.6000000238
135206  45.263  -33.070  -21.722 0.5000000000
56663  40.613  -35.180  -23.308 0.6999999881
59486  46.178  -32.638  -23.207 0.3000000119
57588  40.903  -34.258  -22.925 0.6999999881
63057  43.691  -28.243  -19.467 0.4000000060
60356  45.792  -31.575  -21.381 0.4000000060
58594  41.267  -33.124  -23.605 0.6999999881
125519  34.849  -38.365  -20.776 0.6999999881
64873  44.296  -26.876  -19.967 0.4000000060
61328  45.896  -30.848  -21.513 0.4000000060
53066  35.541  -39.691  -20.917 0.6000000238
65776  44.365  -25.819  -20.921 0.3000000119
64886  45.140  -27.118  -21.172 0.3000000119
64887  44.669  -26.592  -20.672 0.4000000060
62202  45.640  -29.367  -21.207 0.4000000060
61308  45.658  -30.254  -21.011 0.4000000060
58606  41.652  -31.755  -24.290 0.6999999881
58593  41.764  -32.046  -23.100 0.6999999881
53991  36.601  -38.687  -22.098 0.6999999881
63070  44.951  -28.175  -20.325 0.4000000060
62187  45.242  -29.619  -20.539 0.4000000060
121061  41.631  -31.907  -25.298 0.8000000119
63971  45.351  -27.902  -20.907 0.3000000119
63069  45.361  -28.717  -20.754 0.4000000060
59498  41.469  -31.051  -25.088 0.8000000119
54917  37.067  -37.033  -25.878 1.0000000000
61368  40.881  -30.452  -25.094 0.8999999762
56709  37.572  -34.770  -27.358 1.0000000000
57629  38.449  -33.702  -25.915 1.0000000000
144653  38.873  -32.541  -27.307 1.0000000000
124548  39.330  -32.180  -26.324 1.0000000000
57644  37.261  -34.651  -27.177 1.0000000000
57645  36.524  -35.162  -26.927 1.0000000000
57630  37.208  -34.636  -26.306 1.0000000000
55694  45.769  -36.497  -19.687 0.6000000238
55702  45.314  -36.235  -20.613 0.6000000238
55715  44.673  -36.094  -21.760 0.6999999881
56626  46.605  -35.499  -20.804 0.5000000000
56627  45.621  -35.693  -21.239 0.6000000238
141271  43.867  -36.685  -21.956 0.6999999881
56634  45.997  -35.478  -22.154 0.5000000000
133995  43.103  -36.909  -22.200 0.6999999881
56635  44.976  -35.728  -22.369 0.6000000238
141036  43.463  -36.270  -22.145 0.6999999881
122154  42.656  -36.073  -22.032 0.6999999881
57601  44.976  -35.040  -23.619 0.6000000238
57584  44.637  -34.657  -22.927 0.6000000238
56637  42.118  -35.126  -21.696 0.6999999881
56649  41.418  -35.116  -21.968 0.6999999881
58578  45.092  -33.805  -22.822 0.5000000000
57567  44.075  -33.868  -20.967 0.6000000238
57570  41.935  -34.233  -21.603 0.6000000238
139835  42.425  -29.211  -18.874 0.4000000060
59450  45.851  -32.221  -21.786 0.4000000060
59451  44.656  -33.142  -20.969 0.5000000000
57568  43.359  -34.199  -21.111 0.6000000238
57587  41.344  -34.245  -22.136 0.6999999881
63058  43.010  -27.944  -19.014 0.4000000060
59431  45.304  -32.168  -20.987 0.5000000000
58579  41.427  -33.329  -22.644 0.6999999881
63959  44.360  -27.730  -19.860 0.4000000060
123006  43.045  -28.747  -19.171 0.5000000000
135260  45.545  -31.127  -20.912 0.4000000060
60333  44.821  -31.319  -20.423 0.4000000060
54887  36.139  -37.853  -22.759 0.8999999762
53992  35.898  -38.333  -21.723 0.6999999881
61309  44.645  -30.267  -20.183 0.4000000060
130349  41.515  -30.854  -24.326 0.6999999881
127245  44.941  -28.877  -20.293 0.4000000060
54898  36.193  -37.569  -23.890 0.8999999762
60395  40.635  -30.539  -24.920 0.8999999762
54908  36.171  -37.512  -24.940 0.8999999762
56696  36.900  -35.392  -27.274 1.0000000000
59508  39.718  -31.635  -25.210 1.0000000000
139880  36.284  -35.688  -27.094 1.0000000000
55757  36.323  -36.633  -26.587 1.0000000000
57604  36.547  -34.520  -23.558 0.8999999762
57615  37.062  -34.722  -24.201 1.0000000000
122971  36.787  -34.800  -25.225 1.0000000000
57631  36.215  -35.088  -26.015 1.0000000000
56697  35.904  -35.613  -26.629 1.0000000000
57616  36.067  -34.752  -24.809 1.0000000000
57632  35.324  -35.276  -25.868 0.8999999762
57605  35.657  -34.329  -23.933 1.0000000000
57617  35.049  -34.653  -25.008 0.8999999762
56636  44.192  -35.843  -22.479 0.6999999881
55726  43.573  -35.718  -22.172 0.6999999881
56648  44.524  -35.385  -22.724 0.6000000238
57585  43.853  -34.842  -21.885 0.6999999881
57586  42.944  -35.063  -21.632 0.6000000238
57569  42.635  -34.307  -21.276 0.6000000238
63947  42.417  -27.610  -18.551 0.3000000119
62164  42.417  -28.445  -18.648 0.4000000060
62165  41.768  -28.958  -18.256 0.4000000060
58551  44.167  -33.108  -20.623 0.6000000238
57563  43.015  -33.713  -20.886 0.6000000238
59433  43.898  -32.507  -20.393 0.5000000000
139441  42.521  -33.472  -21.148 0.6000000238
60334  44.130  -31.758  -20.251 0.4000000060
58563  41.981  -32.796  -21.861 0.6000000238
122965  42.440  -29.806  -19.284 0.5000000000
61310  43.894  -30.803  -20.043 0.4000000060
62175  43.051  -29.437  -19.391 0.5000000000
62173  44.497  -29.395  -20.032 0.4000000060
59487  41.657  -30.986  -23.596 0.6000000238
144314  43.478  -29.643  -19.601 0.4000000060
62188  43.923  -29.907  -19.798 0.4000000060
61359  40.957  -30.372  -24.357 0.8999999762
60384  41.244  -30.525  -23.961 0.8000000119
54899  35.489  -37.392  -23.589 0.8999999762
54909  35.491  -37.365  -24.708 0.8999999762
55746  34.923  -36.807  -25.404 0.8999999762
54918  36.215  -37.196  -25.795 0.8999999762
58619  39.237  -32.785  -25.077 1.0000000000
124478  37.678  -34.480  -24.965 1.0000000000
55772  35.886  -36.097  -26.908 1.0000000000
58597  35.318  -33.723  -23.394 1.0000000000
57606  34.772  -34.057  -24.275 1.0000000000
132862  34.561  -35.065  -25.597 0.8999999762
58598  34.593  -33.293  -23.747 1.0000000000
58610  33.937  -33.636  -24.615 0.8999999762
64860  42.464  -26.709  -18.631 0.3000000119
63047  41.820  -28.081  -18.089 0.3000000119
63042  41.186  -28.591  -17.569 0.3000000119
58553  42.950  -32.930  -20.765 0.6000000238
61285  41.732  -29.702  -18.634 0.5000000000
61286  41.069  -30.303  -18.399 0.4000000060
59434  43.339  -32.425  -20.528 0.5000000000
60335  43.371  -31.498  -20.353 0.5000000000
58562  42.480  -32.468  -21.112 0.5000000000
59452  42.666  -31.688  -20.764 0.5000000000
61294  41.731  -30.289  -19.233 0.5000000000
61311  42.948  -30.624  -20.116 0.5000000000
59470  41.763  -31.241  -22.556 0.6000000238
126811  42.520  -30.243  -19.712 0.5000000000
61293  43.201  -30.048  -19.738 0.5000000000
60370  41.265  -30.549  -23.075 0.6999999881
60318  41.397  -30.765  -19.677 0.5000000000
61312  42.185  -30.599  -19.996 0.5000000000
125980  40.867  -30.439  -23.163 0.6000000238
60385  40.666  -30.511  -23.957 0.8999999762
59499  39.697  -31.881  -24.414 0.8999999762
60405  40.100  -30.915  -25.644 0.8999999762
58608  39.262  -33.010  -24.081 0.8999999762
57590  36.894  -34.406  -22.714 0.8999999762
57603  37.350  -34.563  -23.272 0.8999999762
57614  37.964  -34.466  -23.884 0.8999999762
58609  38.604  -33.852  -24.550 1.0000000000
56683  35.356  -35.909  -26.354 0.8999999762
55758  35.545  -36.592  -26.202 0.8999999762
59474  35.576  -33.241  -22.640 0.8000000119
59490  35.061  -33.055  -23.117 0.6999999881
56684  34.146  -35.734  -25.602 0.8999999762
57618  34.173  -34.462  -25.180 0.8999999762
57633  33.850  -35.073  -25.556 0.8999999762
64861  41.917  -26.420  -18.107 0.3000000119
63941  41.298  -27.645  -17.423 0.3000000119
63043  40.640  -28.159  -16.913 0.4000000060
131488  40.484  -29.020  -17.090 0.4000000060
61279  40.463  -30.436  -17.736 0.4000000060
61295  40.934  -30.808  -18.889 0.5000000000
139436  40.578  -30.852  -18.238 0.4000000060
60336  42.486  -30.916  -20.520 0.5000000000
59453  42.091  -31.443  -21.553 0.5000000000
60357  41.924  -31.001  -21.120 0.5000000000
60337  41.756  -30.818  -20.483 0.5000000000
60358  41.492  -30.831  -22.039 0.5000000000
60359  41.251  -30.859  -21.263 0.5000000000
60338  41.090  -31.132  -20.170 0.5000000000
59471  40.642  -31.194  -21.644 0.6000000238
59488  40.550  -30.881  -22.596 0.6000000238
59455  40.126  -32.545  -21.042 0.6999999881
59489  39.999  -31.741  -23.027 0.6999999881
60386  40.079  -31.137  -23.820 0.6999999881
58580  39.584  -32.901  -22.463 0.6999999881
58581  38.836  -33.975  -22.480 0.8000000119
136407  39.694  -32.143  -23.712 0.8000000119
121239  34.818  -36.131  -25.929 0.8999999762
57602  38.150  -34.404  -23.033 0.8999999762
58596  38.764  -33.934  -23.529 0.8999999762
57591  36.118  -34.088  -22.873 0.6999999881
57619  33.287  -34.106  -25.406 0.8999999762
59491  34.671  -32.435  -23.342 1.0000000000
63922  40.026  -27.877  -16.420 0.3000000119
62152  39.767  -29.226  -16.707 0.4000000060
63033  39.457  -28.495  -16.450 0.3000000119
62157  40.183  -29.872  -17.125 0.4000000060
62153  38.997  -29.223  -16.559 0.3000000119
60306  40.093  -31.104  -17.862 0.4000000060
61280  39.769  -30.572  -17.331 0.4000000060
61281  39.012  -30.565  -17.169 0.4000000060
60319  40.712  -31.357  -19.271 0.4000000060
60312  39.754  -31.668  -18.257 0.4000000060
60307  39.385  -31.162  -17.678 0.4000000060
59435  40.424  -32.037  -19.685 0.4000000060
59410  40.135  -32.016  -18.912 0.4000000060
59436  40.020  -32.781  -20.130 0.5000000000
59454  40.613  -31.690  -20.593 0.5000000000
131561  38.787  -33.639  -20.960 0.6000000238
58582  37.234  -34.261  -22.086 0.6999999881
58611  33.212  -33.096  -24.980 0.8999999762
60387  34.331  -31.598  -23.586 0.8999999762
60397  33.740  -31.462  -24.205 0.8000000119
61360  34.150  -30.757  -23.851 0.6999999881
129858  34.045  -30.144  -24.177 0.8000000119
63923  39.229  -27.608  -16.157 0.3000000119
63034  38.671  -28.391  -16.437 0.3000000119
62159  38.618  -29.882  -16.862 0.3000000119
63044  38.248  -29.085  -16.784 0.4000000060
61287  38.548  -31.018  -17.659 0.4000000060
61288  37.666  -30.450  -17.938 0.4000000060
60314  38.008  -31.376  -18.289 0.5000000000
59411  39.342  -32.217  -18.752 0.5000000000
59417  37.963  -32.517  -19.434 0.5000000000
60321  37.471  -31.572  -19.130 0.5000000000
59416  38.864  -32.707  -19.292 0.5000000000
59437  37.675  -33.049  -20.173 0.5000000000
58555  38.581  -33.420  -20.326 0.5000000000
58556  38.005  -33.659  -20.847 0.6000000238
58566  37.601  -33.934  -21.489 0.6999999881
58567  36.843  -33.714  -21.664 0.6999999881
59458  35.736  -32.406  -21.948 0.6999999881
60360  35.693  -31.425  -21.751 0.6999999881
59475  35.196  -32.396  -22.694 0.6999999881
61343  35.483  -30.742  -22.037 0.6999999881
62219  34.899  -30.172  -23.010 0.6999999881
65723  40.254  -26.275  -16.133 0.3000000119
143823  38.704  -26.975  -15.990 0.3000000119
64831  37.933  -26.657  -16.289 0.4000000060
63924  38.310  -27.549  -16.333 0.3000000119
123840  37.537  -28.835  -17.422 0.4000000060
62166  37.236  -29.441  -18.106 0.4000000060
61296  37.351  -30.833  -18.677 0.4000000060
62176  37.012  -30.038  -18.762 0.3000000119
61297  36.902  -30.660  -19.323 0.5000000000
60339  37.176  -32.084  -19.863 0.6000000238
62177  36.653  -29.771  -19.594 0.3000000119
60322  36.871  -31.263  -19.730 0.5000000000
61313  36.553  -30.520  -20.102 0.4000000060
59456  37.196  -33.313  -20.992 0.6999999881
59438  36.827  -32.466  -20.599 0.6999999881
60340  36.607  -31.469  -20.343 0.6000000238
59457  36.453  -32.871  -21.362 0.6999999881
58583  36.647  -34.069  -22.261 0.6999999881
124309  36.205  -31.718  -21.150 0.6999999881
61330  35.889  -30.754  -21.383 0.6000000238
63943  37.234  -27.944  -17.583 0.3000000119
63048  36.971  -28.525  -18.290 0.3000000119
63059  36.789  -29.106  -18.990 0.3000000119
63949  36.777  -27.649  -18.492 0.3000000119
63049  36.708  -28.200  -19.188 0.3000000119
63950  36.616  -27.360  -19.372 0.3000000119
63060  36.550  -28.775  -19.955 0.4000000060
61329  36.275  -30.744  -20.762 0.5000000000
62189  36.425  -29.671  -20.373 0.5000000000
125231  36.298  -28.976  -20.887 0.5000000000
62203  36.123  -29.932  -21.063 0.6000000238
134640  35.680  -30.102  -21.710 0.6000000238
65716  38.420  -25.429  -15.784 0.4000000060
65725  37.580  -25.239  -16.353 0.3000000119
142554  37.521  -25.981  -16.551 0.3000000119
65740  36.992  -25.601  -17.135 0.3000000119
64862  36.884  -27.056  -17.771 0.3000000119
64852  36.647  -26.093  -18.027 0.3000000119
64863  36.632  -26.796  -18.716 0.3000000119
64876  36.559  -26.497  -19.635 0.3000000119
129889  36.569  -27.886  -19.887 0.4000000060
63962  36.550  -27.199  -20.187 0.4000000060
62204  35.775  -29.254  -21.734 0.6000000238
63071  36.433  -27.975  -20.678 0.4000000060
63973  36.456  -27.080  -21.002 0.4000000060
63085  36.152  -28.355  -21.460 0.5000000000
132189  34.293  -29.458  -24.321 0.6999999881
61369  33.169  -30.569  -24.968 0.8000000119
66530  38.126  -24.617  -15.853 0.4000000060
66531  37.502  -24.436  -16.378 0.3000000119
66549  36.929  -24.653  -17.087 0.3000000119
65741  36.619  -25.136  -17.924 0.3000000119
65755  36.548  -25.425  -18.776 0.3000000119
65765  36.532  -25.669  -19.533 0.4000000060
64889  36.518  -26.444  -20.473 0.4000000060
63984  36.290  -27.060  -21.971 0.4000000060
63985  36.076  -27.846  -21.930 0.4000000060
63086  35.709  -28.473  -22.207 0.5000000000
134290  35.389  -29.125  -22.485 0.6000000238
63999  35.667  -27.713  -22.729 0.4000000060
63107  34.802  -28.817  -23.835 0.6999999881
130589  35.232  -28.097  -23.561 0.4000000060
64006  35.456  -27.277  -23.780 0.4000000060
63118  34.490  -28.773  -24.743 0.6000000238
63117  34.978  -28.064  -24.561 0.5000000000
62241  33.669  -29.941  -24.752 0.6999999881
63123  33.874  -29.133  -25.300 0.6999999881
68216  38.854  -22.477  -15.542 0.3000000119
127449  37.182  -23.844  -16.728 0.3000000119
144371  36.769  -23.948  -17.442 0.3000000119
129303  36.542  -24.663  -18.633 0.3000000119
123717  36.517  -24.880  -19.390 0.3000000119
65778  36.522  -25.195  -20.189 0.4000000060
64902  36.491  -26.176  -21.328 0.3000000119
65790  36.525  -25.294  -21.035 0.3000000119
64917  36.352  -26.135  -22.344 0.3000000119
65804  36.485  -25.412  -21.880 0.3000000119
64918  35.931  -26.770  -22.909 0.4000000060
64927  36.133  -26.000  -23.167 0.3000000119
143036  35.762  -26.506  -23.599 0.3000000119
124858  35.827  -25.929  -23.930 0.3000000119
64016  35.262  -27.240  -24.929 0.3000000119
64948  35.352  -26.531  -25.301 0.4000000060
139923  34.903  -27.717  -25.422 0.5000000000
64017  34.453  -28.320  -25.438 0.5000000000
63124  33.740  -28.334  -25.978 0.5000000000
67377  37.511  -22.975  -16.396 0.3000000119
67393  36.854  -23.245  -17.311 0.3000000119
67394  36.594  -23.655  -18.210 0.3000000119
66567  36.536  -24.032  -19.092 0.3000000119
66576  36.508  -24.298  -19.953 0.3000000119
66596  36.515  -24.680  -21.543 0.3000000119
66608  36.489  -24.823  -22.276 0.3000000119
65811  36.204  -25.291  -23.538 0.3000000119
65816  35.580  -25.939  -24.751 0.3000000119
64024  35.044  -27.115  -25.812 0.4000000060
64025  34.515  -27.717  -25.988 0.5000000000
121227  34.498  -26.999  -26.231 0.5000000000
64026  33.934  -27.560  -26.237 0.5000000000
68221  37.580  -21.976  -16.407 0.3000000119
68234  36.962  -22.376  -17.198 0.3000000119
68235  36.626  -22.753  -18.104 0.3000000119
67416  36.549  -23.120  -18.967 0.3000000119
67428  36.512  -23.449  -19.760 0.3000000119
66587  36.516  -24.514  -20.734 0.3000000119
121485  36.515  -24.130  -22.140 0.3000000119
120988  36.449  -24.519  -23.054 0.3000000119
65823  35.367  -25.899  -25.491 0.4000000060
64949  35.056  -26.294  -26.003 0.4000000060
64950  34.249  -26.120  -26.238 0.4000000060
65825  33.465  -25.338  -25.991 0.4000000060
129811  33.631  -26.939  -26.197 0.5000000000
134266  33.030  -26.168  -25.840 0.4000000060
69807  39.155  -20.957  -15.532 0.3000000119
68974  38.412  -21.602  -15.742 0.3000000119
68254  36.567  -22.262  -18.847 0.3000000119
68268  36.533  -22.585  -19.624 0.3000000119
122478  36.496  -22.923  -20.322 0.3000000119
67440  36.508  -23.919  -21.276 0.3000000119
121407  36.481  -23.317  -21.825 0.3000000119
66618  36.188  -24.614  -24.028 0.3000000119
67457  36.359  -23.849  -23.745 0.3000000119
146400  35.553  -25.411  -25.110 0.3000000119
65824  35.221  -25.275  -25.833 0.4000000060
145535  34.875  -25.743  -26.152 0.3000000119
68981  37.649  -21.033  -16.435 0.3000000119
68992  37.031  -21.468  -17.201 0.3000000119
69826  37.045  -20.474  -17.284 0.3000000119
68993  36.660  -21.913  -18.015 0.3000000119
69008  36.582  -21.560  -18.699 0.3000000119
69024  36.553  -21.638  -19.514 0.3000000119
69035  36.549  -21.399  -20.244 0.3000000119
127950  36.527  -22.129  -20.244 0.3000000119
69041  36.506  -21.735  -20.952 0.3000000119
67450  36.474  -23.489  -22.835 0.3000000119
69815  37.726  -20.123  -16.435 0.3000000119
69007  36.669  -21.093  -18.059 0.3000000119
141430  36.826  -19.770  -17.761 0.3000000119
69841  36.649  -20.288  -18.283 0.3000000119
69842  36.573  -20.885  -18.951 0.3000000119
68284  36.456  -22.529  -21.442 0.3000000119
68291  36.437  -22.643  -22.332 0.3000000119
138777  36.400  -23.156  -23.595 0.3000000119
70659  37.243  -19.569  -17.058 0.3000000119
71448  37.375  -18.721  -16.924 0.3000000119
69862  36.604  -20.065  -19.175 0.3000000119
69863  36.568  -20.689  -19.854 0.3000000119
69876  36.563  -20.852  -20.654 0.3000000119
70681  36.680  -19.257  -19.367 0.4000000060
70668  36.690  -19.510  -18.511 0.4000000060
70682  36.612  -19.808  -19.941 0.4000000060
71465  36.923  -19.045  -17.766 0.3000000119
71473  36.786  -18.675  -18.677 0.4000000060
53144  44.042  -39.028  -30.470 1.0000000000
54046  44.529  -37.875  -30.751 1.0000000000
125185  43.774  -39.857  -30.055 0.8999999762
61352  34.641  -30.800  -23.266 0.8000000119
62230  34.504  -30.003  -23.622 0.8000000119
62229  34.967  -29.423  -23.141 0.6999999881
42656  38.822  -50.654  -21.248 0.6000000238
43687  38.875  -49.968  -21.402 0.6000000238
44712  40.353  -48.444  -22.516 0.6000000238
129919  40.993  -53.316  -18.311 0.5000000000
39808  40.874  -53.239  -17.521 0.5000000000
141002  38.936  -49.080  -19.273 0.6000000238
45666  39.190  -47.736  -18.598 0.5000000000
42579  40.818  -50.755  -15.424 0.4000000060
43606  40.163  -49.952  -16.322 0.5000000000
40637  40.950  -52.399  -15.527 0.4000000060
47458  43.029  -45.954  -23.205 0.6999999881
49291  42.683  -44.051  -20.840 0.6999999881
44625  40.158  -49.154  -16.689 0.5000000000
44602  41.412  -48.986  -15.784 0.5000000000
41552  41.669  -51.378  -14.640 0.4000000060
49317  45.824  -43.790  -24.494 0.8000000119
143818  42.940  -44.271  -21.547 0.6999999881
44642  42.082  -47.903  -17.024 0.4000000060
52095  48.049  -41.191  -27.701 0.8000000119
52110  41.604  -40.339  -28.765 0.8000000119
48309  42.181  -44.004  -19.034 0.6000000238
45644  42.866  -47.961  -17.538 0.4000000060
122301  45.264  -38.601  -30.895 1.0000000000
140126  44.014  -46.323  -17.904 0.5000000000
47383  43.917  -44.978  -17.501 0.5000000000
125213  42.519  -38.050  -29.876 1.0000000000
50126  44.590  -42.747  -17.734 0.6999999881
54042  45.936  -37.344  -30.514 1.0000000000
126508  45.708  -37.554  -30.886 1.0000000000
56717  41.299  -35.252  -29.151 1.0000000000
140010  42.190  -34.318  -29.721 1.0000000000
138817  44.498  -39.515  -26.338 0.8000000119
57660  43.578  -33.323  -29.052 1.0000000000
55753  41.156  -36.583  -25.709 0.8000000119
56704  42.796  -35.183  -27.929 1.0000000000
56715  44.387  -34.627  -29.399 1.0000000000
53091  42.714  -39.113  -23.672 0.6999999881
57642  41.513  -33.485  -26.622 0.8000000119
60412  41.023  -31.028  -27.014 1.0000000000
60424  40.390  -31.279  -28.296 1.0000000000
60403  41.094  -30.671  -25.772 1.0000000000
53966  44.550  -38.195  -20.466 0.6000000238
136343  37.602  -38.437  -23.358 1.0000000000
54907  36.989  -37.414  -25.011 1.0000000000
59468  46.287  -32.087  -22.589 0.4000000060
144036  45.639  -34.255  -24.157 0.4000000060
59469  45.741  -32.865  -22.607 0.5000000000
133535  45.196  -34.432  -23.678 0.5000000000
62174  43.728  -29.142  -19.599 0.4000000060
63056  44.392  -28.583  -19.897 0.4000000060
59432  44.511  -32.376  -20.562 0.5000000000
59500  33.907  -32.541  -24.113 0.8000000119
60371  41.007  -30.526  -22.324 0.5000000000
138651  40.458  -30.752  -23.306 0.6999999881
59472  40.132  -32.067  -22.060 0.6000000238
58554  39.413  -33.292  -20.620 0.5000000000
60320  38.408  -32.101  -18.771 0.5000000000
61344  35.094  -30.783  -22.668 0.6999999881
62218  35.317  -29.930  -22.399 0.6999999881
63098  35.268  -28.596  -22.972 0.6000000238
138797  45.451  -48.149  -26.963 0.5000000000
45766  46.309  -47.474  -28.165 0.5000000000
46657  46.466  -46.686  -28.410 0.5000000000
43748  44.372  -49.734  -27.341 0.5000000000
44775  45.534  -48.549  -28.216 0.5000000000
42709  42.937  -50.521  -26.071 0.5000000000
44766  44.642  -49.154  -26.842 0.5000000000
44765  45.298  -48.666  -27.427 0.5000000000
42702  41.632  -50.496  -24.797 0.4000000060
43720  42.705  -49.506  -24.829 0.5000000000
42703  40.884  -50.822  -24.458 0.4000000060
43721  41.982  -49.649  -24.361 0.5000000000
144151  39.835  -51.344  -23.784 0.5000000000
43722  41.127  -50.138  -24.047 0.5000000000
50203  38.835  -42.109  -23.782 0.6999999881
50204  37.581  -42.837  -23.353 0.6999999881
50213  39.406  -41.576  -25.237 0.8000000119
52098  39.848  -40.667  -26.869 0.8000000119
51083  39.594  -41.330  -26.188 0.8000000119
53132  40.097  -40.024  -27.347 0.8999999762
51047  37.780  -41.509  -22.504 0.6999999881
52090  39.723  -40.390  -26.069 0.8999999762
52082  39.539  -40.663  -25.149 0.8999999762
53123  39.760  -39.716  -26.544 0.8999999762
53131  40.373  -39.422  -27.934 0.8999999762
52059  37.556  -40.816  -22.146 0.6000000238
51046  38.518  -41.436  -23.078 0.8000000119
53115  39.547  -39.651  -25.593 0.8999999762
54030  39.895  -38.882  -27.102 0.8999999762
53028  47.190  -39.261  -18.273 0.5000000000
52008  46.472  -39.694  -17.933 0.5000000000
53030  45.688  -39.208  -18.090 0.5000000000
51989  47.094  -40.966  -17.817 0.6000000238
53010  45.685  -40.089  -17.759 0.5000000000
53011  44.985  -39.790  -18.011 0.5000000000
136102  45.932  -41.803  -17.444 0.6000000238
52060  36.977  -40.505  -21.715 0.6000000238
53092  38.406  -39.827  -23.040 0.8999999762
53105  39.348  -39.706  -24.652 0.8999999762
52083  39.310  -40.565  -24.094 0.8999999762
54024  39.549  -38.825  -26.062 0.8999999762
54930  39.952  -37.632  -27.169 0.8999999762
54839  46.611  -37.578  -18.570 0.5000000000
54849  46.144  -36.914  -18.956 0.5000000000
54838  47.667  -37.566  -18.681 0.5000000000
53944  46.119  -38.384  -18.352 0.5000000000
53945  45.301  -38.539  -18.558 0.5000000000
53942  47.849  -38.638  -18.605 0.5000000000
53029  46.492  -38.989  -18.186 0.5000000000
54003  37.926  -39.237  -22.918 0.8999999762
127219  37.667  -39.952  -22.283 0.6999999881
53106  39.034  -39.729  -23.779 0.8999999762
54010  39.064  -39.023  -24.305 0.8999999762
136756  39.323  -38.075  -25.652 0.8999999762
124601  39.556  -37.961  -26.356 0.8999999762
55682  47.036  -36.755  -18.812 0.5000000000
54850  45.412  -37.287  -19.381 0.5000000000
54848  47.798  -36.703  -18.969 0.5000000000
53958  48.469  -38.107  -19.092 0.5000000000
54002  38.462  -38.878  -23.671 0.8999999762
134451  38.675  -38.230  -24.529 0.8999999762
54017  38.882  -37.666  -25.174 0.8999999762
55693  46.557  -36.188  -19.353 0.5000000000
55692  47.398  -36.136  -19.281 0.5000000000
55701  46.133  -35.804  -20.149 0.5000000000
55691  48.156  -36.286  -19.490 0.5000000000
56625  47.529  -35.518  -20.515 0.4000000060
54871  34.458  -37.586  -20.956 0.6000000238
54872  33.656  -37.115  -20.855 0.6000000238
54888  35.461  -37.574  -22.383 0.8000000119
54890  34.077  -36.764  -21.642 0.6999999881
55716  33.317  -36.332  -21.454 0.6999999881
55717  32.435  -35.920  -21.278 0.6999999881
56638  31.593  -35.389  -21.424 0.6999999881
55729  34.202  -36.693  -22.764 0.8000000119
55730  33.582  -36.220  -22.421 0.6999999881
55731  32.976  -35.657  -22.230 0.6999999881
56651  32.297  -35.126  -22.110 0.6999999881
56664  32.499  -35.383  -23.461 0.6999999881
56652  31.999  -34.789  -22.848 0.6999999881
55737  34.182  -36.683  -23.912 0.8000000119
55749  33.032  -35.958  -24.063 0.8000000119
54910  34.808  -37.067  -24.354 0.8000000119
56665  31.888  -34.746  -23.769 0.6999999881
56673  32.725  -35.611  -24.533 0.6999999881
55747  34.168  -36.585  -24.922 0.8000000119
56674  32.310  -35.106  -24.591 0.6999999881
57635  32.420  -34.638  -25.201 0.8000000119
58622  31.701  -33.063  -25.087 0.6000000238
56686  32.913  -35.382  -25.225 0.8000000119
58621  32.235  -33.273  -25.347 0.6000000238
59510  31.985  -32.340  -25.383 0.6000000238
60408  31.697  -31.669  -25.166 0.6000000238
125779  32.579  -34.049  -25.393 0.8000000119
139066  32.463  -31.960  -25.242 0.6000000238
60407  32.133  -31.459  -25.302 0.6000000238
57634  33.044  -34.786  -25.498 0.8000000119
61371  31.718  -30.930  -25.116 0.6000000238
59509  32.584  -32.701  -25.266 0.6999999881
60406  32.767  -31.291  -25.100 0.6000000238
62248  33.140  -29.835  -25.319 0.6999999881
62249  32.468  -29.643  -25.347 0.6000000238
61370  32.437  -30.541  -25.239 0.6000000238
126056  33.101  -29.100  -25.684 0.6000000238
59501  33.127  -32.042  -24.793 0.6999999881
60398  33.292  -31.196  -24.696 0.6999999881
41684  39.572  -51.879  -23.707 0.4000000060
42692  40.238  -50.739  -23.797 0.5000000000
43731  43.321  -49.735  -25.597 0.5000000000
43730  44.050  -49.591  -26.369 0.5000000000
54037  40.778  -38.893  -28.566 0.8999999762
56624  48.383  -35.893  -20.314 0.3000000119
54900  34.820  -37.121  -23.186 0.8000000119
43749  43.679  -50.151  -26.658 0.5000000000
42701  42.452  -50.145  -25.181 0.5000000000
140818  39.073  -41.261  -23.662 0.8000000119
52007  47.292  -40.233  -18.119 0.5000000000
55738  33.587  -36.306  -23.492 0.8000000119
55739  33.120  -35.899  -23.142 0.6999999881
55760  33.600  -35.980  -25.286 0.8000000119
57620  31.878  -34.422  -24.615 0.6999999881
57636  31.987  -33.907  -25.193 0.6999999881
46533  45.683  -46.010  -18.009 0.4000000060
46548  47.001  -46.293  -18.811 0.4000000060
47381  46.111  -45.218  -17.494 0.4000000060
47398  46.605  -45.748  -18.049 0.4000000060
49228  47.266  -43.874  -17.468 0.5000000000
47406  47.771  -45.943  -19.109 0.4000000060
125408  47.001  -42.991  -17.386 0.5000000000
50124  46.767  -42.164  -17.494 0.5000000000
49247  48.005  -43.734  -17.983 0.5000000000
48294  48.333  -44.249  -18.587 0.4000000060
47380  46.932  -44.831  -17.556 0.4000000060
47405  48.415  -45.526  -19.523 0.4000000060
47396  48.134  -45.071  -18.731 0.4000000060
47397  47.425  -45.426  -18.300 0.4000000060
47416  48.768  -45.913  -20.348 0.4000000060
50980  47.326  -41.674  -17.788 0.5000000000
49248  47.607  -43.227  -17.704 0.5000000000
131532  48.741  -43.931  -19.240 0.4000000060
47404  48.880  -45.116  -19.908 0.4000000060
47430  50.387  -44.848  -21.959 0.4000000060
47431  49.865  -45.233  -21.291 0.4000000060
47415  49.324  -45.168  -20.516 0.4000000060
47442  50.774  -45.348  -22.735 0.4000000060
46582  50.216  -45.725  -21.996 0.4000000060
130434  48.081  -41.991  -18.291 0.5000000000
129638  48.098  -42.954  -18.109 0.5000000000
141869  48.439  -43.487  -18.609 0.4000000060
52094  52.885  -40.882  -26.244 0.3000000119
51080  52.415  -42.175  -25.845 0.3000000119
136327  49.466  -43.880  -20.444 0.4000000060
50225  52.580  -42.838  -26.505 0.3000000119
50226  52.160  -42.803  -25.465 0.3000000119
49315  51.494  -43.547  -24.443 0.3000000119
49306  51.307  -43.793  -23.870 0.3000000119
48346  50.753  -44.277  -22.632 0.4000000060
48331  50.352  -43.957  -21.920 0.4000000060
48321  49.643  -44.473  -20.759 0.4000000060
144988  51.572  -44.023  -24.857 0.3000000119
48353  51.408  -44.263  -24.303 0.3000000119
48354  51.167  -44.526  -23.486 0.4000000060
50999  48.272  -41.235  -18.682 0.4000000060
50159  48.736  -41.769  -19.233 0.4000000060
50158  48.998  -42.656  -19.561 0.4000000060
142707  52.173  -40.382  -24.523 0.3000000119
51066  52.460  -41.417  -25.619 0.3000000119
137868  51.747  -41.900  -24.407 0.3000000119
50199  51.399  -42.235  -23.867 0.3000000119
50200  50.996  -42.628  -23.131 0.4000000060
49301  50.646  -43.346  -22.562 0.4000000060
49288  49.898  -43.695  -21.157 0.4000000060
51067  52.117  -42.036  -25.067 0.3000000119
50210  51.681  -42.720  -24.604 0.3000000119
49307  51.062  -43.600  -23.251 0.3000000119
51000  47.698  -41.105  -18.195 0.4000000060
141485  51.325  -40.110  -23.030 0.3000000119
52055  50.861  -40.121  -22.427 0.3000000119
51035  50.253  -41.366  -21.914 0.4000000060
130625  49.882  -40.957  -21.299 0.4000000060
51025  49.585  -41.392  -20.697 0.4000000060
51013  49.219  -41.115  -19.967 0.4000000060
53100  51.941  -39.975  -24.019 0.3000000119
52054  51.577  -40.444  -23.573 0.3000000119
132527  50.652  -40.954  -22.377 0.3000000119
51044  50.689  -41.783  -22.612 0.4000000060
51036  49.871  -41.767  -21.317 0.4000000060
125184  49.312  -41.936  -20.087 0.4000000060
52079  51.864  -40.669  -24.122 0.3000000119
52068  51.155  -40.939  -23.011 0.3000000119
50182  50.209  -42.204  -21.913 0.4000000060
50183  49.812  -42.682  -21.150 0.4000000060
127296  52.094  -41.179  -24.666 0.3000000119
51056  51.164  -41.784  -23.299 0.3000000119
49287  50.218  -43.073  -21.886 0.4000000060
53957  49.005  -38.596  -19.694 0.4000000060
133718  49.448  -38.990  -20.315 0.4000000060
53046  48.513  -39.042  -19.133 0.4000000060
53027  47.943  -39.598  -18.610 0.4000000060
53064  49.884  -39.209  -21.000 0.3000000119
53055  49.514  -39.777  -20.470 0.4000000060
52022  49.152  -40.278  -19.875 0.4000000060
51014  48.668  -40.806  -19.268 0.4000000060
53063  50.347  -39.666  -21.739 0.4000000060
52041  49.888  -40.127  -21.194 0.4000000060
52032  49.554  -40.600  -20.605 0.4000000060
58599  31.460  -34.080  -23.741 0.6000000238
57608  31.147  -33.829  -22.898 0.6000000238
59502  31.438  -32.226  -24.910 0.5000000000
58613  31.186  -32.822  -24.343 0.5000000000
60399  31.117  -31.373  -24.602 0.5000000000
61362  31.164  -30.443  -24.669 0.5000000000
126304  31.793  -30.088  -25.131 0.5000000000
133363  32.413  -28.994  -25.450 0.5000000000
63125  32.757  -28.382  -25.735 0.4000000060
69057  36.369  -21.664  -23.656 0.3000000119
123509  36.328  -21.053  -24.130 0.3000000119
69064  36.156  -21.491  -24.934 0.3000000119
140065  36.577  -20.223  -20.412 0.3000000119
124393  36.517  -20.924  -21.482 0.3000000119
143919  36.427  -21.106  -22.298 0.3000000119
69891  36.468  -20.315  -22.531 0.3000000119
141451  36.334  -20.291  -24.359 0.3000000119
69908  36.219  -20.682  -24.992 0.3000000119
70736  36.262  -19.799  -25.074 0.3000000119
70694  36.622  -19.605  -20.609 0.3000000119
70705  36.625  -19.512  -21.306 0.3000000119
69885  36.550  -20.175  -21.721 0.3000000119
70713  36.595  -19.482  -22.099 0.3000000119
69900  36.391  -20.306  -23.540 0.3000000119
70718  36.504  -19.490  -23.047 0.3000000119
70732  36.432  -19.566  -24.062 0.3000000119
71551  35.990  -18.735  -26.139 0.3000000119
71484  36.805  -18.470  -19.617 0.3000000119
71497  36.720  -18.897  -20.873 0.3000000119
71512  36.704  -18.793  -21.630 0.3000000119
71523  36.646  -18.709  -22.514 0.3000000119
71535  36.560  -18.616  -23.657 0.3000000119
71546  36.392  -18.922  -24.756 0.3000000119
143665  36.221  -19.103  -25.555 0.3000000119
72375  36.903  -17.724  -18.967 0.3000000119
72386  37.005  -17.730  -19.976 0.3000000119
71511  36.890  -18.177  -21.181 0.3000000119
71522  36.824  -18.032  -21.969 0.3000000119
72424  36.728  -17.878  -22.855 0.3000000119
72444  36.634  -17.663  -23.801 0.3000000119
145589  37.063  -17.176  -19.621 0.3000000119
139721  37.192  -17.040  -20.318 0.3000000119
73289  37.294  -16.872  -21.077 0.3000000119
72443  36.843  -17.082  -23.140 0.3000000119
73275  37.117  -16.503  -19.779 0.3000000119
126230  37.302  -16.280  -20.593 0.3000000119
74123  37.373  -15.502  -20.940 0.3000000119
127667  37.403  -16.109  -21.393 0.3000000119
128637  37.109  -15.599  -20.008 0.3000000119
129493  36.887  -14.713  -19.750 0.3000000119
74952  36.708  -14.687  -18.834 0.3000000119
46569  49.345  -45.900  -21.015 0.4000000060
46550  45.040  -46.777  -18.706 0.4000000060
46564  46.396  -47.033  -19.489 0.4000000060
46570  48.286  -46.794  -20.651 0.4000000060
46563  47.309  -46.741  -19.619 0.4000000060
122880  50.860  -46.312  -23.338 0.4000000060
46597  50.409  -46.221  -22.568 0.4000000060
46583  49.231  -46.575  -21.504 0.4000000060
51094  53.569  -41.763  -27.694 0.3000000119
49350  52.551  -43.713  -26.870 0.3000000119
49329  52.257  -43.563  -25.891 0.3000000119
49330  51.876  -44.174  -25.453 0.3000000119
48360  51.542  -44.733  -24.946 0.3000000119
47455  51.154  -45.417  -23.546 0.3000000119
51079  52.838  -41.812  -26.650 0.3000000119
52078  52.517  -40.434  -25.295 0.3000000119
54006  51.997  -39.102  -23.927 0.3000000119
53110  52.774  -39.567  -25.353 0.3000000119
54856  49.154  -37.252  -20.064 0.4000000060
53965  49.413  -38.174  -20.313 0.4000000060
53972  49.863  -38.369  -21.006 0.4000000060
53076  50.781  -39.163  -22.237 0.3000000119
53075  51.229  -39.391  -22.831 0.3000000119
54857  48.737  -36.573  -19.917 0.4000000060
57592  31.587  -34.713  -22.098 0.6000000238
73241  37.045  -17.094  -18.101 0.3000000119
121976  36.933  -16.276  -18.248 0.3000000119
135357  36.798  -15.454  -18.430 0.3000000119
140665  36.833  -15.306  -19.217 0.3000000119
74934  36.746  -14.676  -17.836 0.3000000119
52093  53.465  -40.468  -26.819 0.3000000119
49229  46.420  -43.500  -17.244 0.5000000000
49264  49.155  -43.467  -19.876 0.4000000060
53045  49.073  -39.439  -19.769 0.4000000060
71496  36.859  -18.321  -20.432 0.3000000119
72454  36.483  -18.088  -24.659 0.3000000119
72423  37.011  -17.264  -22.296 0.3000000119
73311  37.166  -16.498  -22.628 0.3000000119
74935  36.625  -13.953  -18.466 0.3000000119
45662  44.366  -47.687  -19.258 0.3000000119
45661  45.379  -47.321  -19.422 0.3000000119
49336  41.555  -42.885  -25.848 0.6000000238
49354  40.725  -43.545  -26.677 0.6999999881
48391  40.146  -44.166  -27.620 0.6999999881
45678  46.683  -47.492  -20.242 0.3000000119
42560  42.008  -50.678  -14.432 0.3000000119
43574  41.777  -50.024  -14.803 0.3000000119
49355  38.552  -43.865  -28.073 0.6999999881
45681  44.130  -48.822  -19.284 0.3000000119
48413  38.998  -44.119  -28.329 0.6999999881
48404  39.980  -44.006  -28.216 0.6999999881
45679  45.706  -47.839  -20.124 0.3000000119
49365  40.468  -43.654  -27.975 0.6999999881
45694  45.249  -48.873  -20.352 0.3000000119
45704  47.457  -48.304  -21.651 0.3000000119
45693  46.026  -48.385  -20.787 0.3000000119
45714  48.349  -48.148  -22.281 0.3000000119
45702  49.038  -47.212  -21.989 0.3000000119
45691  47.742  -47.449  -21.039 0.3000000119
43588  41.938  -49.287  -15.102 0.3000000119
50243  38.775  -42.973  -27.251 0.6999999881
44660  43.914  -49.196  -18.509 0.3000000119
44661  43.355  -48.429  -17.988 0.3000000119
49366  39.413  -43.414  -28.269 0.6999999881
49370  40.113  -43.546  -28.311 0.6999999881
44675  44.696  -49.350  -19.700 0.3000000119
44691  45.248  -49.765  -20.027 0.3000000119
44689  46.448  -48.926  -21.381 0.3000000119
46571  47.561  -47.145  -20.374 0.3000000119
44711  48.089  -49.358  -22.650 0.3000000119
44622  42.831  -48.447  -16.071 0.4000000060
144956  38.893  -42.497  -26.447 0.6999999881
131866  44.124  -48.986  -16.979 0.3000000119
125018  43.617  -48.976  -17.567 0.3000000119
43650  45.444  -50.265  -19.436 0.3000000119
43617  44.408  -49.928  -18.580 0.3000000119
50251  39.281  -42.651  -27.836 0.6999999881
43667  45.888  -50.202  -20.297 0.3000000119
50262  40.056  -42.473  -28.343 0.6999999881
45703  48.437  -47.259  -21.441 0.3000000119
44710  48.780  -48.609  -23.074 0.3000000119
45713  49.312  -47.568  -22.635 0.3000000119
50242  39.119  -42.145  -26.911 0.6999999881
43616  44.882  -50.025  -18.362 0.3000000119
51092  39.571  -41.639  -27.321 0.6999999881
43632  46.778  -50.098  -19.233 0.3000000119
124903  45.983  -50.337  -19.151 0.3000000119
51100  39.760  -42.058  -28.037 0.6999999881
138649  50.517  -47.308  -23.674 0.3000000119
44639  46.235  -49.072  -17.599 0.3000000119
52103  40.120  -41.101  -27.577 0.6999999881
45712  50.159  -47.016  -22.909 0.3000000119
54867  49.640  -37.495  -20.865 0.3000000119
48372  43.075  -43.792  -25.269 0.5000000000
48375  39.832  -44.653  -25.359 0.6999999881
48364  41.111  -43.848  -24.718 0.6000000238
48365  40.498  -44.193  -24.935 0.6000000238
49335  42.437  -42.929  -25.259 0.6000000238
49356  37.902  -44.226  -27.841 0.6999999881
49337  38.198  -43.585  -26.716 0.6999999881
44581  42.662  -48.814  -14.769 0.3000000119
49319  38.020  -43.348  -25.256 0.6999999881
44599  43.626  -48.218  -15.520 0.4000000060
136785  38.487  -42.749  -24.497 0.6999999881
45628  44.428  -48.348  -16.011 0.4000000060
44621  43.528  -48.649  -16.547 0.4000000060
50214  39.084  -42.199  -24.829 0.6999999881
44620  44.924  -48.857  -16.886 0.3000000119
44619  45.936  -48.581  -16.827 0.3000000119
44618  46.927  -48.327  -16.862 0.3000000119
140869  39.179  -42.112  -25.841 0.6999999881
49318  40.879  -43.546  -25.253 0.6000000238
44638  47.202  -48.800  -17.667 0.3000000119
45627  45.526  -48.082  -16.021 0.3000000119
44787  45.353  -48.153  -28.634 0.5000000000
47500  44.859  -46.083  -28.214 0.5000000000
46659  44.216  -46.793  -28.263 0.5000000000
45776  46.000  -47.433  -28.492 0.4000000060
42713  36.430  -50.322  -25.800 0.4000000060
133705  34.894  -51.216  -27.377 0.5000000000
122980  46.086  -46.239  -28.616 0.4000000060
139636  45.980  -46.943  -28.671 0.5000000000
47488  44.334  -45.419  -26.918 0.5000000000
40756  32.796  -52.311  -27.753 0.4000000060
136990  32.225  -52.588  -27.817 0.4000000060
42730  35.826  -50.402  -26.631 0.5000000000
47472  43.664  -44.650  -25.925 0.4000000060
41727  32.089  -51.917  -27.540 0.4000000060
39888  30.881  -53.301  -27.910 0.4000000060
127624  34.453  -50.519  -27.650 0.4000000060
42745  35.221  -50.418  -27.496 0.5000000000
44753  37.047  -48.688  -25.548 0.5000000000
46634  37.822  -47.145  -25.465 0.4000000060
145758  41.450  -44.314  -24.687 0.5000000000
47476  39.663  -45.419  -24.894 0.4000000060
46632  39.209  -46.289  -24.900 0.4000000060
47464  40.818  -44.534  -24.682 0.4000000060
40758  30.323  -52.592  -27.785 0.4000000060
42736  27.835  -51.223  -26.649 0.4000000060
42746  33.521  -50.964  -27.463 0.4000000060
133982  29.070  -49.978  -26.195 0.4000000060
43766  35.017  -49.710  -27.920 0.5000000000
43737  31.197  -49.260  -25.285 0.4000000060
43764  36.060  -49.156  -27.431 0.5000000000
45755  32.722  -47.903  -24.925 0.4000000060
136981  31.292  -48.471  -24.913 0.4000000060
44770  36.474  -48.789  -26.558 0.5000000000
45761  36.633  -47.844  -27.516 0.5000000000
141667  32.509  -46.968  -25.004 0.4000000060
130978  31.781  -46.394  -24.940 0.4000000060
45754  36.850  -48.070  -26.084 0.5000000000
46650  37.617  -46.623  -26.721 0.6000000238
46633  38.275  -46.259  -25.622 0.6000000238
47477  38.923  -45.716  -25.361 0.5000000000
41715  28.477  -51.657  -27.057 0.4000000060
42735  28.659  -50.910  -26.875 0.4000000060
41728  30.913  -51.815  -27.634 0.4000000060
43756  30.480  -49.852  -26.101 0.4000000060
133102  34.843  -49.118  -27.899 0.5000000000
43767  34.353  -49.698  -27.678 0.4000000060
42714  31.614  -50.113  -25.766 0.4000000060
44780  35.535  -48.886  -28.078 0.5000000000
44755  32.967  -48.946  -25.196 0.4000000060
44756  32.078  -48.769  -24.846 0.4000000060
44779  36.208  -48.517  -27.892 0.5000000000
45770  37.174  -46.995  -28.005 0.5000000000
47495  32.874  -46.154  -25.256 0.4000000060
46649  38.111  -46.013  -27.404 0.6000000238
47491  38.601  -45.619  -26.652 0.6000000238
41714  29.264  -51.349  -27.276 0.4000000060
42731  32.993  -50.447  -26.607 0.4000000060
42733  30.982  -50.550  -26.653 0.4000000060
140169  32.412  -50.190  -25.806 0.4000000060
44773  33.605  -48.992  -26.104 0.4000000060
140155  36.276  -47.894  -28.366 0.5000000000
44754  33.485  -48.192  -25.579 0.4000000060
137874  33.346  -47.643  -25.365 0.4000000060
46652  33.775  -46.382  -25.770 0.4000000060
48392  39.667  -44.655  -26.993 0.6000000238
47501  39.035  -45.084  -27.778 0.6000000238
46661  37.626  -46.103  -28.378 0.6000000238
41729  29.807  -51.881  -27.595 0.4000000060
42748  30.358  -51.168  -27.315 0.4000000060
43755  33.051  -49.742  -25.780 0.4000000060
43736  32.262  -49.604  -25.258 0.4000000060
44792  35.523  -48.139  -28.331 0.5000000000
44782  34.234  -48.891  -27.374 0.5000000000
44772  33.990  -48.167  -26.662 0.5000000000
142464  34.522  -48.123  -27.552 0.5000000000
44771  34.449  -47.469  -27.158 0.5000000000
46662  36.292  -46.757  -28.672 0.5000000000
45772  35.580  -46.917  -28.395 0.5000000000
46663  34.966  -46.970  -27.691 0.5000000000
45762  33.848  -47.362  -25.977 0.4000000060
124270  36.912  -46.486  -28.649 0.6000000238
122350  34.444  -45.597  -26.359 0.5000000000
47494  33.558  -45.547  -25.624 0.4000000060
48405  39.431  -44.371  -28.177 0.6000000238
48406  38.615  -44.774  -28.361 0.6000000238
128239  36.544  -46.118  -28.678 0.6000000238
122009  35.932  -46.331  -28.483 0.5000000000
46651  34.455  -46.643  -26.741 0.5000000000
48407  37.785  -45.230  -28.509 0.6000000238
48408  36.751  -45.506  -28.445 0.6000000238
47505  35.246  -46.208  -27.628 0.5000000000
48393  38.282  -44.591  -28.400 0.6000000238
49311  36.292  -43.139  -23.656 0.5000000000
49320  37.376  -43.626  -24.911 0.6000000238
49321  36.455  -43.642  -24.739 0.5000000000
49338  37.582  -44.010  -26.165 0.6000000238
49339  37.003  -44.231  -25.762 0.6000000238
49340  36.082  -44.024  -25.703 0.5000000000
139919  35.379  -44.138  -26.159 0.5000000000
146062  37.261  -45.245  -28.636 0.6000000238
47492  36.030  -45.034  -27.271 0.5000000000
47493  35.315  -45.342  -27.018 0.5000000000
48396  34.775  -44.654  -26.290 0.5000000000
48397  33.777  -44.586  -25.667 0.5000000000
49310  37.126  -43.333  -23.897 0.5000000000
138256  36.909  -42.968  -23.149 0.5000000000
142247  38.218  -42.675  -23.697 0.6000000238
50215  37.840  -43.151  -24.182 0.6000000238
48377  36.450  -44.566  -26.661 0.6000000238
144842  35.381  -44.774  -26.642 0.5000000000
48376  37.234  -44.502  -27.170 0.6000000238
46647  42.813  -46.463  -26.496 0.4000000060
47473  42.406  -44.711  -25.140 0.4000000060
48394  37.584  -44.827  -28.438 0.6000000238
45767  45.382  -47.504  -28.726 0.5000000000
46660  43.373  -46.872  -27.466 0.5000000000
45768  44.509  -47.438  -28.849 0.5000000000
46646  43.807  -46.216  -27.193 0.5000000000
43753  36.180  -49.675  -26.528 0.5000000000
41726  33.122  -51.709  -27.599 0.4000000060
42747  32.560  -51.175  -27.145 0.4000000060
43738  29.945  -49.179  -25.584 0.4000000060
46635  31.809  -47.316  -24.800 0.4000000060
42732  32.039  -50.724  -26.353 0.4000000060
43754  33.661  -49.697  -26.886 0.4000000060
48395  36.881  -44.908  -28.063 0.6000000238
42715  27.860  -50.579  -26.522 0.3000000119
44757  30.469  -48.482  -25.128 0.3000000119
43739  28.792  -49.131  -25.616 0.3000000119
143961  31.087  -46.899  -24.792 0.3000000119
44758  29.470  -48.435  -25.280 0.3000000119
131554  29.940  -47.700  -25.005 0.3000000119
130845  29.109  -47.723  -25.072 0.3000000119
38960  42.694  -54.146  -20.793 0.5000000000
39800  41.146  -53.435  -16.866 0.5000000000
39806  42.131  -54.195  -18.033 0.5000000000
39807  41.533  -53.739  -17.642 0.5000000000
39819  41.674  -53.850  -18.588 0.5000000000
39838  39.918  -52.665  -20.887 0.6999999881
39846  39.619  -53.137  -21.561 0.6000000238
40623  41.715  -52.267  -14.834 0.4000000060
40688  40.046  -51.976  -19.633 0.5000000000
40755  33.528  -52.355  -27.708 0.4000000060
40757  31.403  -52.531  -27.814 0.4000000060
41570  41.118  -51.547  -15.117 0.4000000060
41571  40.521  -51.566  -15.743 0.4000000060
41587  39.987  -51.423  -16.485 0.4000000060
41597  39.520  -51.087  -17.357 0.5000000000
41621  39.129  -50.992  -20.202 0.6999999881
41633  39.572  -51.614  -20.200 0.6999999881
41645  39.091  -51.827  -21.324 0.6999999881
41713  31.495  -51.236  -27.118 0.4000000060
42606  39.360  -50.185  -17.385 0.6000000238
42607  39.121  -49.789  -17.946 0.6000000238
42639  38.851  -50.611  -20.665 0.6999999881
42674  39.260  -50.661  -22.597 0.6000000238
42675  38.912  -50.713  -21.918 0.6000000238
42693  39.745  -50.455  -23.167 0.6000000238
42710  42.093  -50.881  -25.651 0.5000000000
42734  29.782  -50.572  -26.836 0.4000000060
43615  45.602  -49.777  -18.163 0.3000000119
43619  39.094  -49.076  -17.988 0.6000000238
43633  45.412  -50.267  -18.768 0.3000000119
43634  44.790  -50.258  -18.934 0.3000000119
43635  44.383  -49.762  -19.082 0.3000000119
43651  44.838  -50.006  -19.427 0.3000000119
43668  38.771  -49.993  -20.734 0.6000000238
43735  36.723  -49.514  -25.657 0.4000000060
43747  45.043  -49.225  -27.916 0.5000000000
43765  35.637  -49.705  -27.474 0.5000000000
44600  43.069  -48.341  -15.104 0.4000000060
44601  42.220  -48.647  -15.668 0.4000000060
44624  40.861  -48.679  -16.438 0.5000000000
44640  45.288  -49.393  -17.599 0.3000000119
44644  40.246  -48.284  -17.134 0.5000000000
44659  46.371  -49.689  -18.451 0.3000000119
44662  39.042  -48.533  -18.702 0.5000000000
44676  38.966  -48.451  -19.433 0.6000000238
44690  45.777  -49.428  -20.766 0.3000000119
44727  41.560  -48.534  -23.390 0.6000000238
44739  43.701  -48.231  -24.851 0.6999999881
44759  28.456  -48.272  -25.264 0.3000000119
44764  45.926  -48.154  -27.848 0.5000000000
44781  34.957  -48.460  -28.014 0.5000000000
44786  45.904  -47.952  -28.300 0.5000000000
44791  35.931  -48.216  -28.420 0.5000000000
45647  39.958  -47.531  -17.598 0.4000000060
45680  44.813  -48.295  -19.828 0.3000000119
45682  39.160  -47.144  -19.587 0.6000000238
45692  46.939  -47.911  -20.994 0.3000000119
45732  42.901  -47.563  -23.871 0.8000000119
45749  45.183  -47.833  -26.091 0.6000000238
45756  30.940  -47.692  -24.844 0.3000000119
45760  37.129  -47.364  -26.351 0.5000000000
45763  33.206  -47.075  -25.297 0.4000000060
45771  36.583  -47.265  -28.529 0.5000000000
45773  35.120  -47.666  -28.128 0.5000000000
45778  35.921  -47.560  -28.572 0.5000000000
46534  44.755  -46.217  -17.981 0.5000000000
46535  43.578  -45.842  -17.666 0.5000000000
46536  42.168  -46.411  -17.605 0.4000000060
46539  39.709  -46.938  -18.106 0.5000000000
46549  46.072  -46.552  -18.707 0.4000000060
46554  39.442  -46.561  -18.707 0.6000000238
46562  48.092  -46.404  -19.883 0.4000000060
46565  39.323  -46.434  -19.344 0.6000000238
46572  39.712  -46.112  -20.623 0.6000000238
46598  49.758  -46.609  -22.141 0.4000000060
46644  46.945  -46.159  -28.277 0.5000000000
46658  45.263  -46.859  -28.698 0.5000000000
47384  43.099  -45.238  -17.631 0.5000000000
47387  40.922  -45.826  -17.889 0.4000000060
47399  41.187  -45.090  -18.331 0.6000000238
47407  40.107  -45.359  -19.269 0.5000000000
47417  40.674  -45.118  -20.597 0.6999999881
47418  40.347  -45.165  -19.843 0.6000000238
47454  51.346  -45.025  -24.184 0.3000000119
47465  40.255  -44.799  -24.821 0.6000000238
47475  40.495  -45.319  -24.728 0.4000000060
47490  39.145  -45.118  -25.953 0.6000000238
47502  38.316  -45.470  -28.189 0.6000000238
47503  37.167  -45.807  -28.659 0.6000000238
47504  35.948  -45.741  -28.093 0.5000000000
48278  47.768  -44.549  -18.000 0.4000000060
48279  46.587  -44.160  -17.260 0.5000000000
48295  43.348  -44.035  -17.854 0.6000000238
48307  49.103  -44.382  -19.998 0.4000000060
48308  48.614  -44.695  -19.311 0.4000000060
48332  50.062  -44.452  -21.404 0.4000000060
48363  41.515  -43.318  -24.986 0.6000000238
48373  41.945  -43.729  -24.795 0.5000000000
48374  40.246  -44.093  -25.972 0.6000000238
48403  45.454  -45.364  -28.019 0.5000000000
48412  39.611  -43.841  -28.305 0.6999999881
49230  45.444  -43.251  -17.337 0.5000000000
49266  42.953  -43.559  -19.367 0.6000000238
49276  49.546  -43.308  -20.564 0.4000000060
49333  44.290  -43.242  -26.404 0.6999999881
49334  43.505  -43.091  -25.730 0.6999999881
49351  47.891  -43.566  -27.844 0.8999999762
49353  41.136  -42.959  -27.367 0.6999999881
49361  47.590  -43.797  -28.717 0.8999999762
50142  47.517  -42.506  -17.745 0.5000000000
50170  49.426  -42.695  -20.317 0.4000000060
50192  50.539  -42.599  -22.450 0.4000000060
50205  36.270  -42.654  -22.787 0.5000000000
50211  46.319  -42.349  -24.877 0.8000000119
50231  38.650  -42.796  -25.753 0.6999999881
50250  41.679  -42.269  -27.768 0.8000000119
50252  38.984  -43.417  -28.058 0.6999999881
50258  47.909  -43.157  -29.152 0.8999999762
50981  46.569  -41.340  -17.604 0.6000000238
51001  44.639  -41.231  -17.971 0.6999999881
51015  44.394  -41.122  -18.656 0.6999999881
51055  51.560  -41.313  -23.851 0.3000000119
51058  38.111  -42.238  -23.038 0.6999999881
51070  39.303  -41.440  -24.394 0.8000000119
51089  53.303  -41.175  -26.989 0.3000000119
51097  44.518  -41.662  -28.144 0.8000000119
51099  40.377  -41.547  -28.154 0.6999999881
51105  48.284  -41.568  -29.643 0.8999999762
51107  45.753  -41.669  -29.529 1.0000000000
51109  43.877  -41.277  -28.704 0.8000000119
51113  48.032  -41.397  -30.058 0.8999999762
51114  47.262  -41.348  -30.232 0.8999999762
51990  46.472  -40.519  -17.732 0.5000000000
51991  45.777  -40.940  -17.592 0.6999999881
52006  48.100  -40.494  -18.621 0.4000000060
52023  48.570  -39.952  -19.203 0.4000000060
52040  50.307  -40.535  -21.852 0.4000000060
52058  38.168  -40.684  -22.650 0.6000000238
52069  38.823  -40.573  -23.322 0.8999999762
52102  40.494  -40.464  -28.001 0.8999999762
53087  51.605  -39.611  -23.436 0.3000000119
53111  45.537  -39.879  -25.859 0.6999999881
53112  44.774  -39.724  -25.632 0.6999999881
53121  44.523  -39.243  -27.179 0.8999999762
53135  47.947  -40.638  -29.823 0.8999999762
53143  47.094  -39.563  -29.790 1.0000000000
53149  45.776  -39.410  -30.756 1.0000000000
53943  47.011  -38.392  -18.377 0.5000000000
53975  35.450  -38.793  -20.953 0.6999999881
53985  51.096  -38.665  -22.649 0.3000000119
53989  41.772  -38.017  -22.883 0.6999999881
54009  39.288  -38.713  -25.099 0.8999999762
54015  42.214  -38.875  -24.750 0.8000000119
54023  42.066  -38.172  -25.872 0.8000000119
54029  40.332  -38.446  -27.917 0.8999999762
54035  44.802  -37.716  -28.853 0.8999999762
54041  46.695  -39.301  -30.255 1.0000000000
54840  45.711  -37.742  -18.734 0.5000000000
54846  48.936  -37.836  -19.663 0.4000000060
54847  48.488  -37.138  -19.312 0.4000000060
54868  44.153  -37.477  -21.430 0.6999999881
54870  35.231  -37.918  -21.322 0.6999999881
54886  41.498  -37.325  -22.612 0.6999999881
54889  34.807  -37.181  -21.944 0.8000000119
54915  39.109  -37.301  -25.821 0.8999999762
54919  35.621  -37.207  -25.503 0.8999999762
54936  41.243  -37.386  -29.106 1.0000000000
54941  41.848  -37.671  -29.576 1.0000000000
55748  33.549  -36.288  -24.501 0.8000000119
55755  37.974  -36.317  -26.533 1.0000000000
55759  34.306  -36.257  -25.511 0.8999999762
55761  33.100  -35.902  -24.827 0.8000000119
55769  38.287  -35.858  -26.907 1.0000000000
55771  36.523  -36.095  -27.160 1.0000000000
55785  44.583  -35.672  -29.314 1.0000000000
55793  45.729  -36.167  -30.678 1.0000000000
55799  45.606  -35.795  -30.659 1.0000000000
56617  47.708  -35.773  -19.820 0.3000000119
56618  46.984  -35.645  -19.878 0.5000000000
56681  40.986  -35.633  -25.885 0.8000000119
56685  33.496  -35.399  -25.465 0.8999999762
56719  39.992  -34.314  -28.281 1.0000000000
56725  45.080  -35.033  -30.463 1.0000000000
56726  44.563  -34.299  -29.974 1.0000000000
56732  44.977  -35.037  -30.689 1.0000000000
57571  38.013  -34.338  -22.066 0.6999999881
57589  37.618  -34.445  -22.593 0.8999999762
57607  31.566  -34.317  -22.881 0.6999999881
57613  40.686  -34.202  -23.918 0.6999999881
57661  41.314  -34.288  -29.213 1.0000000000
57670  44.468  -34.409  -30.206 1.0000000000
57671  43.972  -34.031  -30.257 1.0000000000
57672  41.792  -33.384  -29.457 1.0000000000
58536  39.241  -33.167  -19.867 0.5000000000
58537  38.453  -33.086  -19.761 0.5000000000
58552  43.606  -33.322  -20.684 0.6000000238
58564  39.413  -33.347  -21.579 0.5000000000
58565  38.475  -33.934  -21.542 0.6000000238
58595  39.393  -33.044  -23.209 0.8000000119
58612  31.514  -33.648  -24.499 0.5000000000
58620  32.738  -33.464  -25.375 0.8000000119
58646  43.192  -33.217  -29.644 1.0000000000
59415  39.736  -32.591  -19.426 0.4000000060
59473  36.189  -33.456  -22.085 0.6999999881
59523  39.583  -31.683  -28.156 1.0000000000
59528  42.698  -32.583  -29.205 1.0000000000
60311  40.374  -31.373  -18.512 0.4000000060
60313  38.922  -31.684  -18.149 0.4000000060
60355  46.159  -31.462  -22.002 0.4000000060
60372  35.328  -31.552  -22.331 0.6999999881
60373  34.870  -31.594  -22.958 0.6999999881
60394  41.190  -30.562  -24.709 0.8000000119
60396  40.181  -30.924  -24.635 0.8999999762
60404  40.553  -30.555  -25.941 1.0000000000
60413  40.471  -30.771  -26.982 1.0000000000
60417  41.296  -31.215  -27.957 1.0000000000
60419  39.976  -30.968  -27.722 1.0000000000
61282  38.336  -30.371  -17.316 0.3000000119
61342  41.010  -30.350  -23.694 0.8000000119
61361  33.675  -30.661  -24.430 0.6999999881
62156  40.998  -29.587  -17.798 0.4000000060
62158  39.390  -29.961  -16.829 0.4000000060
62160  37.864  -29.719  -17.300 0.4000000060
62250  31.830  -29.312  -25.156 0.5000000000
63035  37.898  -28.226  -16.782 0.4000000060
63097  45.656  -28.343  -22.352 0.3000000119
63925  37.533  -27.326  -16.914 0.3000000119
63948  41.871  -27.185  -18.058 0.3000000119
63972  44.858  -27.380  -20.443 0.4000000060
64027  33.195  -27.659  -26.056 0.5000000000
64821  38.618  -26.245  -15.853 0.3000000119
64832  37.208  -26.456  -17.086 0.3000000119
64888  44.151  -26.226  -20.306 0.4000000060
64938  35.536  -26.574  -24.360 0.3000000119
65810  36.391  -25.364  -22.717 0.3000000119
66550  36.607  -24.366  -17.960 0.3000000119
66623  36.093  -24.024  -24.467 0.3000000119
67376  38.339  -23.160  -15.707 0.3000000119
68277  36.487  -22.494  -20.783 0.3000000119
69048  36.355  -21.066  -23.165 0.3000000119
70693  36.706  -19.050  -20.148 0.3000000119
72398  37.080  -17.602  -20.757 0.3000000119
72413  37.090  -17.439  -21.510 0.3000000119
73260  36.999  -16.811  -18.962 0.3000000119
73303  37.293  -16.692  -21.839 0.3000000119
74094  36.908  -16.010  -19.099 0.3000000119
121400  36.580  -26.095  -18.970 0.3000000119
121486  36.497  -23.711  -20.498 0.3000000119
121863  36.475  -23.150  -21.007 0.3000000119
123221  36.310  -27.653  -21.391 0.4000000060
124160  44.217  -40.425  -29.992 1.0000000000
125858  48.543  -42.700  -18.794 0.4000000060
127704  36.591  -20.206  -21.016 0.3000000119
128377  45.104  -44.037  -17.274 0.5000000000
128941  39.448  -52.062  -20.831 0.6000000238
128957  40.739  -37.985  -28.564 0.8999999762
129910  34.717  -35.608  -25.778 0.8999999762
130011  33.793  -50.267  -27.436 0.4000000060
130545  41.313  -37.871  -24.802 0.8000000119
131690  36.348  -30.195  -20.579 0.5000000000
131981  48.377  -41.994  -28.225 0.8999999762
132468  45.590  -44.635  -17.271 0.5000000000
133288  46.479  -39.816  -30.607 1.0000000000
133990  43.457  -44.552  -17.658 0.6000000238
134203  49.609  -42.078  -20.737 0.4000000060
134498  47.651  -40.702  -30.201 0.8999999762
134783  51.311  -43.079  -23.870 0.3000000119
134871  44.358  -49.545  -17.799 0.3000000119
135813  39.818  -43.239  -28.389 0.6999999881
136287  35.498  -51.077  -26.752 0.5000000000
137957  49.660  -38.698  -20.667 0.4000000060
138020  45.266  -30.520  -20.594 0.4000000060
138173  45.036  -45.431  -24.503 0.8000000119
138350  40.940  -36.992  -22.770 0.6999999881
138804  31.784  -48.050  -24.763 0.4000000060
139075  51.793  -43.467  -25.106 0.3000000119
139237  35.848  -25.303  -24.364 0.3000000119
140153  40.090  -28.575  -16.645 0.4000000060
140594  44.081  -45.017  -23.447 0.8000000119
140640  32.859  -26.988  -25.826 0.5000000000
140757  39.626  -48.130  -17.631 0.4000000060
141356  47.662  -35.294  -22.798 0.3000000119
141622  48.769  -43.268  -19.198 0.4000000060
141652  39.616  -42.824  -28.254 0.6999999881
142128  38.166  -34.361  -22.533 0.8999999762
142527  36.522  -25.804  -20.611 0.4000000060
142663  38.525  -33.103  -26.901 1.0000000000
142965  36.517  -25.920  -20.089 0.4000000060
143284  39.374  -26.682  -15.897 0.3000000119
143325  45.401  -40.678  -23.483 0.6999999881
143757  36.560  -24.172  -18.503 0.3000000119
144185  49.739  -46.014  -21.558 0.4000000060
145185  45.821  -37.591  -30.751 1.0000000000
145550  38.910  -48.899  -19.703 0.6000000238
145657  44.330  -37.198  -30.703 1.0000000000
145740  42.746  -46.980  -17.723 0.4000000060
146046  48.846  -46.488  -20.982 0.4000000060
146194  34.631  -29.409  -23.717 0.6999999881
146365  46.617  -40.948  -30.433 1.0000000000
146375  36.498  -20.625  -21.981 0.3000000119
