#!ascii label  , from subject sub-v1s10x0050993_ses-1 vox2ras=TkReg
1611
56265  -50.627  -20.560  11.339 0.0000000000
69231  -63.544  -4.994  6.390 0.0000000000
63906  -57.003  -12.311  8.975 0.0000000000
130563  -20.701  -38.028  31.084 0.0000000000
55138  -46.579  -20.649  18.330 0.0000000000
45665  -36.272  -30.994  30.377 0.0000000000
43676  -46.227  -33.218  28.980 0.0000000000
49596  -51.084  -27.321  23.505 0.0000000000
53350  -51.330  -23.746  22.382 0.0000000000
43717  -28.445  -33.714  25.298 0.0000000000
116361  -31.410  -32.472  32.160 0.0000000000
45740  -32.331  -31.009  25.048 0.0000000000
122000  -42.119  -32.734  23.536 0.0000000000
45758  -47.302  -31.209  23.453 0.0000000000
55143  -54.471  -21.853  18.447 0.0000000000
56206  -58.098  -20.519  14.449 0.0000000000
66393  -59.525  -8.590  8.210 0.0000000000
58983  -54.325  -17.289  9.610 0.0000000000
67400  -61.536  -7.592  1.478 0.0000000000
138750  -18.465  -41.408  32.777 0.0000000000
56069  -51.219  -20.449  21.511 0.0000000000
56200  -48.188  -20.704  14.607 0.0000000000
45756  -37.341  -31.469  23.641 0.0000000000
43655  -40.507  -33.564  29.572 0.0000000000
59785  -61.100  -16.605  13.675 0.0000000000
121292  -69.404  -4.379  -3.800 0.0000000000
134903  -49.677  -28.275  20.387 0.0000000000
50610  -50.840  -26.035  19.766 0.0000000000
44763  -30.520  -32.570  25.300 0.0000000000
45811  -45.517  -31.346  20.327 0.0000000000
46755  -47.674  -30.171  20.412 0.0000000000
47631  -49.078  -29.386  23.593 0.0000000000
55202  -53.049  -21.607  15.066 0.0000000000
56180  -56.348  -20.811  15.958 0.0000000000
56226  -54.471  -20.513  13.495 0.0000000000
68285  -60.927  -6.879  7.361 0.0000000000
67281  -62.722  -7.164  10.365 0.0000000000
71015  -65.502  -3.471  4.950 0.0000000000
37858  -18.883  -39.124  27.558 0.0000000000
36877  -19.436  -40.035  31.546 0.0000000000
54239  -48.810  -22.215  20.855 0.0000000000
55076  -50.142  -21.242  23.343 0.0000000000
121590  -48.612  -20.760  20.350 0.0000000000
56130  -50.380  -20.373  18.646 0.0000000000
57187  -46.873  -19.733  17.153 0.0000000000
45648  -33.796  -31.685  31.518 0.0000000000
130240  -33.271  -32.357  34.622 0.0000000000
45626  -35.703  -31.781  33.766 0.0000000000
123943  -37.757  -31.683  33.011 0.0000000000
46733  -35.729  -29.866  21.729 0.0000000000
45803  -37.960  -31.126  20.913 0.0000000000
43705  -44.449  -33.707  26.099 0.0000000000
43702  -41.459  -33.508  26.325 0.0000000000
43673  -43.120  -34.328  28.789 0.0000000000
125359  -42.512  -32.840  31.581 0.0000000000
41759  -23.968  -35.267  27.332 0.0000000000
116228  -24.883  -33.557  31.265 0.0000000000
116631  -23.899  -32.837  35.022 0.0000000000
60718  -55.369  -14.991  8.894 0.0000000000
59811  -57.518  -16.501  11.601 0.0000000000
61533  -58.638  -14.265  11.459 0.0000000000
71119  -70.025  -3.013  -5.336 0.0000000000
39633  -19.609  -38.014  35.207 0.0000000000
50535  -51.541  -26.719  25.798 0.0000000000
52442  -53.789  -24.676  24.917 0.0000000000
50582  -52.543  -25.597  22.020 0.0000000000
52497  -50.701  -24.409  19.958 0.0000000000
43651  -27.950  -33.680  29.124 0.0000000000
44647  -29.005  -32.735  32.266 0.0000000000
44723  -29.784  -32.949  28.978 0.0000000000
45676  -31.941  -31.762  28.780 0.0000000000
46647  -33.962  -30.725  27.561 0.0000000000
45789  -40.018  -31.841  21.028 0.0000000000
44854  -42.766  -32.100  20.795 0.0000000000
44804  -44.602  -32.589  23.342 0.0000000000
44755  -46.706  -32.356  26.110 0.0000000000
45731  -48.297  -30.729  25.681 0.0000000000
48580  -49.653  -28.739  25.826 0.0000000000
42779  -26.070  -34.159  24.310 0.0000000000
56073  -56.216  -20.110  21.345 0.0000000000
57097  -59.160  -18.622  22.845 0.0000000000
56118  -57.638  -20.486  19.251 0.0000000000
56147  -60.245  -19.785  17.067 0.0000000000
64678  -58.208  -10.211  8.568 0.0000000000
63889  -60.519  -11.863  11.270 0.0000000000
65450  -61.654  -9.586  10.349 0.0000000000
32036  -15.417  -45.882  36.763 0.0000000000
58150  -52.219  -19.173  9.881 0.0000000000
60729  -52.767  -15.938  6.753 0.0000000000
64690  -55.186  -10.730  7.098 0.0000000000
65498  -56.647  -9.168  6.410 0.0000000000
67335  -58.355  -7.795  5.550 0.0000000000
67354  -60.311  -7.173  4.864 0.0000000000
68329  -62.570  -6.596  3.893 0.0000000000
67381  -59.861  -7.776  1.803 0.0000000000
37773  -18.980  -39.788  35.864 0.0000000000
35925  -17.730  -41.707  36.311 0.0000000000
34000  -15.916  -43.945  36.682 0.0000000000
56002  -55.397  -20.065  26.029 0.0000000000
53322  -52.096  -22.562  25.952 0.0000000000
56013  -51.746  -20.952  25.079 0.0000000000
56051  -54.328  -20.362  22.663 0.0000000000
116778  -52.824  -20.947  20.197 0.0000000000
134596  -51.543  -21.719  16.725 0.0000000000
55214  -49.911  -21.367  13.441 0.0000000000
123366  -31.058  -32.631  35.266 0.0000000000
125931  -34.543  -30.261  24.155 0.0000000000
45705  -36.828  -31.468  27.645 0.0000000000
116360  -39.793  -32.513  24.125 0.0000000000
44752  -39.046  -32.559  26.249 0.0000000000
128495  -38.229  -32.390  30.063 0.0000000000
44652  -40.736  -32.460  32.877 0.0000000000
39759  -20.405  -37.844  26.998 0.0000000000
125672  -22.257  -36.561  27.623 0.0000000000
40675  -21.900  -36.464  30.672 0.0000000000
57259  -55.884  -19.087  11.960 0.0000000000
122163  -60.026  -19.048  12.919 0.0000000000
131307  -63.332  -18.194  13.515 0.0000000000
62292  -62.759  -13.931  13.610 0.0000000000
69259  -65.291  -5.720  3.602 0.0000000000
69272  -67.514  -4.929  2.217 0.0000000000
70265  -68.894  -4.004  -0.287 0.0000000000
69314  -68.225  -5.767  -1.747 0.0000000000
71084  -69.947  -2.047  -2.268 0.0000000000
121575  -49.005  -28.616  19.438 0.0000000000
49671  -49.510  -27.411  18.776 0.0000000000
49670  -48.976  -27.783  18.208 0.0000000000
46774  -47.267  -30.096  19.171 0.0000000000
47688  -48.032  -29.588  19.239 0.0000000000
121828  -48.688  -29.288  20.359 0.0000000000
56223  -51.959  -20.900  12.990 0.0000000000
56201  -53.980  -20.891  14.131 0.0000000000
56248  -52.494  -20.491  12.478 0.0000000000
68287  -62.107  -6.024  7.199 0.0000000000
68280  -62.176  -6.053  8.239 0.0000000000
70177  -63.775  -4.791  8.007 0.0000000000
126855  -64.485  -4.216  6.876 0.0000000000
70202  -63.919  -4.810  5.608 0.0000000000
38739  -20.252  -38.441  29.437 0.0000000000
127987  -19.583  -39.392  29.924 0.0000000000
121938  -20.067  -38.888  32.014 0.0000000000
135535  -47.721  -21.307  19.736 0.0000000000
55121  -48.308  -21.157  20.465 0.0000000000
56128  -47.120  -20.568  18.807 0.0000000000
57153  -48.022  -20.025  18.955 0.0000000000
57172  -46.269  -19.939  17.699 0.0000000000
44626  -26.532  -32.682  33.489 0.0000000000
131130  -35.205  -31.273  31.280 0.0000000000
45636  -34.489  -31.773  32.620 0.0000000000
45637  -36.173  -31.570  32.688 0.0000000000
45627  -36.782  -31.722  33.664 0.0000000000
45651  -37.141  -31.350  31.757 0.0000000000
43691  -45.272  -33.796  27.394 0.0000000000
43689  -43.636  -34.231  27.331 0.0000000000
43674  -44.574  -34.183  28.537 0.0000000000
118329  -44.192  -33.573  30.182 0.0000000000
43635  -26.593  -33.484  30.353 0.0000000000
44663  -25.815  -32.945  31.928 0.0000000000
124345  -25.762  -32.714  33.470 0.0000000000
56016  -56.507  -19.579  25.172 0.0000000000
62341  -56.400  -13.501  8.945 0.0000000000
61546  -56.809  -14.752  10.243 0.0000000000
62316  -57.766  -13.303  10.285 0.0000000000
118521  -51.238  -27.000  24.878 0.0000000000
51473  -52.953  -25.964  24.122 0.0000000000
50559  -51.786  -26.801  23.074 0.0000000000
51529  -50.955  -25.182  19.789 0.0000000000
52525  -49.877  -24.451  18.667 0.0000000000
53386  -49.410  -23.702  18.731 0.0000000000
129776  -28.235  -33.890  26.720 0.0000000000
43668  -29.205  -33.381  28.663 0.0000000000
43700  -29.533  -33.443  26.347 0.0000000000
139385  -31.808  -31.273  24.799 0.0000000000
131034  -31.094  -31.994  27.088 0.0000000000
45715  -32.189  -31.273  26.517 0.0000000000
45691  -33.295  -31.110  28.638 0.0000000000
133383  -33.546  -30.698  26.019 0.0000000000
128527  -41.918  -31.635  19.634 0.0000000000
123573  -46.453  -31.507  22.165 0.0000000000
44843  -44.969  -32.215  21.958 0.0000000000
44821  -46.045  -31.942  22.872 0.0000000000
44790  -45.940  -32.410  24.668 0.0000000000
45730  -47.063  -31.667  24.939 0.0000000000
137037  -47.771  -31.325  25.870 0.0000000000
46688  -47.756  -30.936  24.181 0.0000000000
48636  -49.989  -28.267  23.585 0.0000000000
48614  -49.544  -28.729  24.958 0.0000000000
128160  -50.540  -27.602  24.918 0.0000000000
49565  -50.883  -27.240  25.571 0.0000000000
43716  -27.522  -33.843  25.119 0.0000000000
56116  -55.416  -21.313  19.816 0.0000000000
56095  -56.603  -20.484  20.418 0.0000000000
56117  -56.725  -21.017  18.891 0.0000000000
118277  -57.845  -20.487  15.290 0.0000000000
56163  -58.336  -20.244  16.866 0.0000000000
56183  -59.030  -20.232  16.028 0.0000000000
56165  -61.252  -20.412  16.207 0.0000000000
56208  -59.916  -20.578  14.416 0.0000000000
65483  -58.528  -9.599  8.312 0.0000000000
64665  -60.254  -10.202  9.794 0.0000000000
65469  -60.468  -9.442  9.393 0.0000000000
68234  -64.479  -6.588  11.553 0.0000000000
64700  -55.391  -10.197  6.666 0.0000000000
65510  -55.262  -9.745  5.895 0.0000000000
66435  -57.113  -8.374  4.467 0.0000000000
66436  -57.953  -8.002  4.571 0.0000000000
67336  -59.158  -7.499  5.593 0.0000000000
67368  -59.234  -7.680  3.790 0.0000000000
118266  -59.599  -7.757  2.827 0.0000000000
35969  -18.105  -41.419  30.642 0.0000000000
34978  -17.474  -42.431  33.419 0.0000000000
39619  -18.472  -37.266  37.892 0.0000000000
37774  -19.416  -38.980  35.301 0.0000000000
117334  -18.227  -38.763  37.555 0.0000000000
135912  -17.451  -40.856  38.584 0.0000000000
134876  -17.221  -41.982  38.547 0.0000000000
34963  -16.414  -43.266  37.284 0.0000000000
33993  -16.441  -43.709  37.839 0.0000000000
33038  -16.199  -44.672  37.919 0.0000000000
53342  -53.047  -23.855  24.145 0.0000000000
140179  -52.812  -23.261  25.383 0.0000000000
53331  -51.385  -22.847  24.329 0.0000000000
116905  -50.495  -20.660  22.263 0.0000000000
116058  -50.537  -20.985  23.648 0.0000000000
56049  -51.744  -20.592  22.931 0.0000000000
56031  -53.456  -20.290  24.273 0.0000000000
118661  -52.634  -20.626  22.409 0.0000000000
56092  -53.519  -20.967  20.833 0.0000000000
56091  -52.028  -20.552  20.705 0.0000000000
131480  -49.326  -20.540  16.853 0.0000000000
55154  -50.990  -21.275  17.144 0.0000000000
55182  -49.729  -21.219  15.527 0.0000000000
55200  -50.831  -21.627  14.789 0.0000000000
55197  -48.805  -21.068  14.192 0.0000000000
44648  -30.584  -32.621  32.715 0.0000000000
44630  -30.142  -32.672  33.562 0.0000000000
139211  -31.659  -32.551  33.697 0.0000000000
46715  -36.209  -30.387  22.332 0.0000000000
46714  -35.242  -29.859  22.509 0.0000000000
46687  -35.968  -30.855  24.729 0.0000000000
46674  -36.030  -30.938  25.572 0.0000000000
45728  -36.726  -31.413  25.809 0.0000000000
44816  -41.122  -32.466  22.336 0.0000000000
137823  -39.830  -32.329  22.538 0.0000000000
44802  -41.190  -32.641  23.378 0.0000000000
43671  -41.444  -33.906  28.318 0.0000000000
44753  -39.847  -32.902  26.408 0.0000000000
43669  -39.777  -33.199  27.897 0.0000000000
44727  -38.414  -32.566  28.719 0.0000000000
120125  -39.500  -33.082  29.999 0.0000000000
44694  -39.402  -32.784  30.885 0.0000000000
115935  -40.238  -32.891  31.234 0.0000000000
45709  -49.070  -30.760  27.986 0.0000000000
40726  -22.766  -36.081  27.068 0.0000000000
41735  -22.957  -35.779  29.139 0.0000000000
40707  -21.900  -36.862  29.008 0.0000000000
44566  -23.731  -32.739  36.840 0.0000000000
58151  -53.277  -18.301  9.647 0.0000000000
58120  -54.657  -18.911  11.193 0.0000000000
58137  -55.070  -18.205  10.859 0.0000000000
122890  -59.307  -16.183  12.650 0.0000000000
58111  -58.617  -18.070  12.639 0.0000000000
58940  -60.644  -17.281  13.478 0.0000000000
122837  -61.445  -19.205  13.317 0.0000000000
58942  -62.182  -17.154  13.766 0.0000000000
63880  -61.829  -11.911  12.100 0.0000000000
63100  -61.565  -12.686  12.421 0.0000000000
63094  -62.951  -13.007  13.282 0.0000000000
67383  -62.169  -7.421  2.264 0.0000000000
68330  -63.486  -6.471  3.606 0.0000000000
68344  -63.578  -7.046  2.679 0.0000000000
134283  -65.870  -6.921  1.137 0.0000000000
68360  -67.563  -6.306  0.973 0.0000000000
70246  -68.253  -4.343  1.024 0.0000000000
68375  -68.415  -5.694  0.102 0.0000000000
133537  -67.070  -4.500  -3.381 0.0000000000
70291  -66.782  -4.937  -2.724 0.0000000000
69342  -69.009  -5.204  -3.027 0.0000000000
69316  -69.504  -4.683  -1.889 0.0000000000
70293  -69.984  -3.094  -3.027 0.0000000000
71108  -70.444  -2.187  -3.768 0.0000000000
71943  -72.191  -1.455  -5.084 0.0000000000
49607  -50.555  -27.799  22.156 0.0000000000
49623  -51.130  -27.209  21.729 0.0000000000
49640  -50.438  -27.513  20.673 0.0000000000
123523  -49.881  -26.804  18.876 0.0000000000
44762  -29.867  -33.092  24.942 0.0000000000
45833  -45.600  -30.940  19.303 0.0000000000
46736  -46.866  -30.859  21.054 0.0000000000
45793  -47.170  -30.921  21.895 0.0000000000
46703  -47.880  -30.679  23.323 0.0000000000
47644  -48.457  -29.864  22.173 0.0000000000
118347  -49.425  -28.852  22.229 0.0000000000
118562  -53.950  -21.708  16.226 0.0000000000
127040  -55.675  -21.525  17.577 0.0000000000
55187  -54.539  -21.389  15.624 0.0000000000
56203  -55.599  -20.614  14.365 0.0000000000
56228  -56.573  -20.356  13.592 0.0000000000
124365  -60.502  -7.360  7.872 0.0000000000
67298  -60.868  -7.904  8.841 0.0000000000
68270  -61.750  -6.900  9.164 0.0000000000
68272  -62.805  -5.992  9.912 0.0000000000
71016  -66.019  -2.774  4.592 0.0000000000
127065  -18.723  -40.472  30.078 0.0000000000
36866  -19.194  -40.494  32.290 0.0000000000
54227  -49.649  -22.471  22.013 0.0000000000
128868  -50.066  -22.474  22.657 0.0000000000
54226  -49.244  -21.590  22.163 0.0000000000
56067  -49.230  -20.972  21.726 0.0000000000
56089  -50.041  -20.315  20.517 0.0000000000
56112  -50.873  -20.273  19.999 0.0000000000
57155  -49.399  -19.983  19.239 0.0000000000
56140  -48.713  -19.993  17.462 0.0000000000
56157  -47.669  -19.933  16.344 0.0000000000
45634  -32.784  -32.129  32.189 0.0000000000
117267  -32.248  -32.433  33.335 0.0000000000
45624  -33.770  -32.033  33.151 0.0000000000
45625  -34.665  -31.889  33.471 0.0000000000
45618  -38.181  -31.975  34.455 0.0000000000
46734  -36.511  -30.368  21.506 0.0000000000
125357  -37.534  -31.361  22.677 0.0000000000
43736  -43.110  -33.307  24.773 0.0000000000
43735  -42.223  -33.223  24.834 0.0000000000
120257  -43.016  -33.762  26.082 0.0000000000
43688  -42.093  -34.032  27.636 0.0000000000
43656  -41.720  -33.946  29.207 0.0000000000
44696  -41.820  -33.325  30.869 0.0000000000
43641  -43.343  -33.537  30.541 0.0000000000
41791  -24.960  -34.739  25.897 0.0000000000
42741  -24.742  -34.831  27.547 0.0000000000
42688  -24.139  -33.852  31.186 0.0000000000
116402  -23.362  -33.363  33.467 0.0000000000
43605  -23.974  -33.062  32.983 0.0000000000
60704  -54.982  -15.765  9.113 0.0000000000
59824  -55.746  -16.639  10.354 0.0000000000
60686  -56.652  -15.510  10.487 0.0000000000
60668  -57.766  -15.455  11.346 0.0000000000
60653  -60.237  -15.387  12.929 0.0000000000
138100  -61.374  -7.145  0.103 0.0000000000
67411  -62.568  -7.352  0.423 0.0000000000
68368  -61.964  -6.984  -0.077 0.0000000000
70315  -68.271  -4.362  -4.298 0.0000000000
70317  -69.670  -3.594  -4.700 0.0000000000
71127  -68.120  -3.352  -5.230 0.0000000000
71138  -69.568  -2.677  -6.354 0.0000000000
137089  -20.893  -37.128  32.719 0.0000000000
38683  -20.311  -38.250  33.071 0.0000000000
127679  -53.601  -25.417  27.312 0.0000000000
51451  -53.058  -25.820  25.843 0.0000000000
51485  -53.381  -25.041  23.384 0.0000000000
52462  -52.357  -24.236  22.769 0.0000000000
51505  -51.918  -25.725  21.248 0.0000000000
52485  -51.841  -25.031  20.996 0.0000000000
53356  -51.116  -23.955  21.500 0.0000000000
53362  -49.419  -23.103  20.228 0.0000000000
54260  -47.972  -22.196  19.053 0.0000000000
122871  -27.431  -33.306  30.443 0.0000000000
44646  -28.129  -32.746  32.420 0.0000000000
44688  -28.720  -32.924  30.776 0.0000000000
44689  -29.501  -32.817  30.630 0.0000000000
44690  -30.731  -32.525  30.829 0.0000000000
44748  -30.203  -32.943  26.563 0.0000000000
44725  -31.127  -32.116  28.430 0.0000000000
122537  -32.034  -32.100  30.913 0.0000000000
45661  -33.122  -31.561  30.289 0.0000000000
45679  -34.378  -30.938  29.559 0.0000000000
46619  -35.294  -30.749  29.434 0.0000000000
44853  -41.891  -32.098  20.816 0.0000000000
44817  -42.696  -32.490  22.231 0.0000000000
137643  -44.401  -31.975  20.953 0.0000000000
44818  -43.601  -32.491  22.337 0.0000000000
44803  -43.854  -32.741  23.553 0.0000000000
43738  -44.497  -33.048  24.633 0.0000000000
43723  -45.207  -33.215  25.597 0.0000000000
44741  -46.614  -32.919  27.546 0.0000000000
118778  -46.775  -32.914  28.434 0.0000000000
121308  -47.102  -32.355  27.028 0.0000000000
45708  -48.611  -31.048  27.272 0.0000000000
46651  -49.020  -30.425  27.298 0.0000000000
47620  -48.683  -30.045  24.927 0.0000000000
47610  -49.181  -29.345  25.413 0.0000000000
47589  -49.633  -29.243  27.099 0.0000000000
49538  -50.577  -27.810  27.363 0.0000000000
42755  -26.056  -34.343  26.588 0.0000000000
57104  -56.279  -19.602  22.257 0.0000000000
57106  -57.749  -19.379  21.753 0.0000000000
57119  -58.603  -19.598  20.606 0.0000000000
57135  -59.671  -19.471  19.810 0.0000000000
56132  -57.514  -20.596  18.211 0.0000000000
132820  -59.016  -19.899  18.401 0.0000000000
63921  -57.180  -11.442  8.730 0.0000000000
63895  -58.624  -12.240  10.355 0.0000000000
63908  -59.024  -10.913  9.658 0.0000000000
63898  -61.193  -10.872  10.870 0.0000000000
64640  -62.593  -10.382  11.490 0.0000000000
121435  -62.534  -8.752  10.594 0.0000000000
65439  -63.506  -8.925  11.416 0.0000000000
56302  -50.231  -20.018  9.966 0.0000000000
57255  -52.033  -19.965  11.117 0.0000000000
57302  -51.161  -19.079  8.957 0.0000000000
58163  -51.559  -18.530  8.510 0.0000000000
122057  -52.550  -17.583  8.269 0.0000000000
59849  -53.537  -16.591  8.214 0.0000000000
60731  -54.116  -15.308  7.464 0.0000000000
118313  -55.066  -14.019  7.415 0.0000000000
62354  -55.385  -13.095  7.490 0.0000000000
63920  -55.883  -11.493  7.805 0.0000000000
63936  -56.590  -10.936  8.121 0.0000000000
65490  -57.525  -9.464  7.495 0.0000000000
66399  -57.998  -8.827  7.224 0.0000000000
66417  -56.481  -8.881  5.634 0.0000000000
66418  -57.259  -8.554  6.131 0.0000000000
67314  -58.517  -8.245  7.003 0.0000000000
67322  -59.603  -7.417  6.378 0.0000000000
68296  -60.830  -6.817  6.501 0.0000000000
68311  -62.156  -6.176  5.464 0.0000000000
69251  -62.788  -5.851  5.118 0.0000000000
68328  -61.763  -6.781  4.179 0.0000000000
119333  -60.479  -7.584  2.680 0.0000000000
121141  -60.722  -7.661  1.651 0.0000000000
67408  -59.465  -7.331  0.642 0.0000000000
38682  -19.934  -38.762  33.620 0.0000000000
36849  -19.473  -40.215  33.968 0.0000000000
36848  -19.022  -40.741  34.511 0.0000000000
37766  -17.768  -39.423  38.047 0.0000000000
35930  -18.364  -41.143  35.890 0.0000000000
35929  -18.016  -41.805  34.750 0.0000000000
34972  -17.432  -42.417  34.433 0.0000000000
34008  -15.961  -43.737  35.741 0.0000000000
34007  -15.363  -44.296  35.285 0.0000000000
33046  -15.470  -45.307  36.792 0.0000000000
56015  -56.041  -19.617  25.456 0.0000000000
54176  -52.650  -21.609  27.042 0.0000000000
54198  -50.943  -22.004  24.640 0.0000000000
54187  -51.589  -21.465  25.389 0.0000000000
57058  -53.674  -19.992  25.969 0.0000000000
57081  -54.583  -19.715  24.701 0.0000000000
57092  -55.073  -19.836  23.224 0.0000000000
56052  -55.074  -20.164  22.290 0.0000000000
56093  -54.401  -21.029  20.695 0.0000000000
55131  -54.088  -21.724  19.250 0.0000000000
120950  -51.407  -20.678  19.098 0.0000000000
55140  -52.047  -21.384  18.223 0.0000000000
137415  -53.310  -21.897  17.833 0.0000000000
55185  -52.238  -21.802  15.532 0.0000000000
55215  -51.189  -21.480  14.045 0.0000000000
56245  -49.861  -20.947  11.929 0.0000000000
56156  -45.154  -20.082  17.013 0.0000000000
57194  -44.787  -19.800  16.087 0.0000000000
57205  -45.981  -19.735  15.014 0.0000000000
56198  -46.644  -20.197  14.321 0.0000000000
56244  -47.036  -20.671  12.770 0.0000000000
140007  -48.121  -21.069  12.416 0.0000000000
56264  -48.201  -20.835  10.972 0.0000000000
56286  -49.083  -20.589  10.542 0.0000000000
123013  -32.281  -32.495  34.244 0.0000000000
125329  -32.484  -30.137  23.220 0.0000000000
46713  -34.282  -29.716  22.869 0.0000000000
46685  -33.534  -30.412  24.696 0.0000000000
117635  -34.298  -30.588  26.265 0.0000000000
46649  -35.451  -30.711  27.359 0.0000000000
45680  -36.571  -31.070  29.118 0.0000000000
45788  -39.219  -31.681  21.227 0.0000000000
45767  -38.378  -31.700  22.404 0.0000000000
45743  -38.202  -31.908  23.865 0.0000000000
44784  -40.479  -32.854  25.188 0.0000000000
44783  -39.270  -32.438  24.750 0.0000000000
44765  -37.995  -32.008  25.302 0.0000000000
45718  -37.746  -32.040  26.715 0.0000000000
45694  -37.246  -31.687  28.921 0.0000000000
128172  -36.854  -31.210  30.519 0.0000000000
45652  -37.871  -31.827  31.721 0.0000000000
45653  -39.059  -32.229  32.543 0.0000000000
38777  -19.831  -38.264  27.139 0.0000000000
39709  -20.857  -37.857  29.561 0.0000000000
40739  -22.409  -36.335  26.231 0.0000000000
39776  -21.113  -37.139  25.917 0.0000000000
120976  -21.663  -36.977  27.281 0.0000000000
39723  -21.292  -37.440  28.803 0.0000000000
39683  -21.124  -37.403  31.194 0.0000000000
40634  -21.226  -35.962  33.222 0.0000000000
43590  -23.184  -33.201  34.952 0.0000000000
57240  -53.658  -19.825  11.969 0.0000000000
57219  -55.487  -19.646  12.433 0.0000000000
57220  -56.916  -20.048  13.068 0.0000000000
58123  -56.780  -18.129  11.826 0.0000000000
127162  -57.960  -18.651  12.510 0.0000000000
56231  -59.453  -20.272  13.529 0.0000000000
57225  -60.959  -19.826  13.490 0.0000000000
120593  -59.636  -12.903  11.421 0.0000000000
62298  -60.602  -13.787  12.446 0.0000000000
123807  -61.807  -15.090  13.564 0.0000000000
69252  -63.775  -5.746  4.293 0.0000000000
70221  -65.539  -4.758  4.010 0.0000000000
70222  -66.345  -4.285  3.562 0.0000000000
128570  -64.343  -7.163  2.132 0.0000000000
139348  -66.457  -5.719  3.008 0.0000000000
70236  -67.372  -3.834  2.382 0.0000000000
71049  -67.675  -3.059  1.812 0.0000000000
71856  -68.523  -2.169  0.774 0.0000000000
68404  -67.381  -6.019  -1.281 0.0000000000
69304  -69.214  -5.178  -1.227 0.0000000000
71083  -69.550  -2.264  -1.373 0.0000000000
71930  -71.498  -1.331  -4.337 0.0000000000
48694  -48.557  -29.040  19.101 0.0000000000
48711  -48.757  -28.530  18.692 0.0000000000
47707  -47.542  -29.618  18.377 0.0000000000
47708  -48.218  -29.120  18.462 0.0000000000
47689  -48.620  -29.184  19.749 0.0000000000
56247  -51.728  -20.629  12.281 0.0000000000
56266  -51.482  -20.412  11.566 0.0000000000
138636  -62.784  -5.554  6.568 0.0000000000
69223  -62.657  -5.627  7.545 0.0000000000
126419  -63.279  -5.173  7.321 0.0000000000
70185  -63.927  -4.626  7.073 0.0000000000
70192  -64.197  -4.503  6.296 0.0000000000
69241  -63.256  -5.369  5.584 0.0000000000
38723  -20.521  -38.286  30.296 0.0000000000
38722  -19.952  -38.856  30.142 0.0000000000
38709  -20.507  -38.304  31.798 0.0000000000
55139  -47.078  -21.095  19.028 0.0000000000
55129  -47.471  -20.934  19.326 0.0000000000
56127  -46.700  -20.169  18.249 0.0000000000
56139  -46.002  -20.210  17.914 0.0000000000
44627  -27.205  -32.659  33.894 0.0000000000
116836  -27.745  -32.691  33.196 0.0000000000
45664  -35.857  -31.034  30.837 0.0000000000
45650  -36.044  -31.273  31.667 0.0000000000
135136  -36.806  -31.350  32.053 0.0000000000
121434  -36.595  -31.190  31.218 0.0000000000
43692  -45.989  -33.538  28.032 0.0000000000
43675  -45.181  -33.989  28.172 0.0000000000
132458  -45.530  -33.705  28.797 0.0000000000
43659  -45.690  -33.256  29.628 0.0000000000
44644  -26.322  -32.770  32.716 0.0000000000
63132  -56.814  -13.012  9.142 0.0000000000
62329  -56.837  -13.546  9.508 0.0000000000
117165  -57.349  -12.892  9.604 0.0000000000
50549  -51.571  -26.887  24.012 0.0000000000
52524  -49.532  -24.716  17.925 0.0000000000
51543  -50.044  -25.332  18.569 0.0000000000
127938  -28.972  -33.716  26.950 0.0000000000
43699  -28.749  -33.757  26.137 0.0000000000
45726  -31.778  -31.464  25.606 0.0000000000
45727  -32.438  -31.053  25.750 0.0000000000
46657  -32.922  -30.902  26.236 0.0000000000
46670  -33.070  -30.765  25.364 0.0000000000
45770  -46.845  -31.393  22.760 0.0000000000
45757  -46.638  -31.679  23.584 0.0000000000
127284  -46.557  -31.908  24.413 0.0000000000
45744  -47.176  -31.448  24.267 0.0000000000
122228  -50.534  -27.803  23.088 0.0000000000
49595  -50.492  -27.757  23.994 0.0000000000
49580  -50.967  -27.338  24.272 0.0000000000
43698  -27.751  -33.946  26.032 0.0000000000
55132  -54.973  -21.708  19.160 0.0000000000
55133  -55.836  -21.489  19.042 0.0000000000
55144  -55.328  -21.725  18.369 0.0000000000
133560  -58.563  -20.503  15.187 0.0000000000
56184  -59.984  -20.499  15.514 0.0000000000
56207  -58.979  -20.548  14.327 0.0000000000
66392  -58.860  -8.941  7.977 0.0000000000
65468  -59.250  -9.337  8.526 0.0000000000
66383  -59.992  -9.019  8.739 0.0000000000
67260  -65.307  -7.036  12.410 0.0000000000
65509  -54.321  -9.895  5.563 0.0000000000
67367  -58.393  -7.962  3.738 0.0000000000
66463  -58.085  -8.163  2.926 0.0000000000
116053  -58.773  -7.987  2.899 0.0000000000
35959  -18.319  -41.407  31.423 0.0000000000
35958  -17.832  -41.965  31.676 0.0000000000
34988  -17.536  -42.365  32.363 0.0000000000
35939  -18.024  -41.851  33.023 0.0000000000
38660  -18.568  -38.033  37.135 0.0000000000
38657  -17.991  -37.942  38.360 0.0000000000
34958  -16.797  -42.927  38.364 0.0000000000
33989  -16.637  -43.886  38.434 0.0000000000
53341  -52.310  -23.640  23.780 0.0000000000
53340  -51.390  -23.351  23.370 0.0000000000
56048  -50.862  -20.714  22.984 0.0000000000
116921  -51.533  -20.569  22.261 0.0000000000
56070  -52.256  -20.612  21.553 0.0000000000
56177  -49.095  -20.821  15.705 0.0000000000
56159  -49.534  -20.894  16.202 0.0000000000
55198  -49.105  -21.028  14.929 0.0000000000
44649  -31.492  -32.525  33.011 0.0000000000
45766  -36.724  -30.967  22.954 0.0000000000
45755  -36.385  -30.955  23.825 0.0000000000
45741  -36.859  -31.373  24.497 0.0000000000
133181  -36.566  -31.276  25.147 0.0000000000
116800  -42.019  -32.567  22.794 0.0000000000
123006  -40.935  -33.766  29.056 0.0000000000
43670  -40.513  -33.561  28.213 0.0000000000
133443  -40.334  -33.550  29.004 0.0000000000
128841  -39.803  -33.304  28.688 0.0000000000
43654  -39.910  -33.356  29.469 0.0000000000
43637  -40.211  -33.293  30.320 0.0000000000
116284  -22.696  -34.749  31.760 0.0000000000
58982  -53.604  -17.600  9.253 0.0000000000
58152  -53.979  -18.005  9.907 0.0000000000
58971  -54.707  -17.726  10.268 0.0000000000
59799  -59.979  -16.107  13.040 0.0000000000
59798  -59.697  -16.745  13.009 0.0000000000
58941  -61.381  -17.236  13.663 0.0000000000
120592  -61.952  -16.472  13.874 0.0000000000
63882  -63.452  -11.419  12.738 0.0000000000
63101  -62.353  -12.420  12.689 0.0000000000
67384  -62.941  -7.378  2.053 0.0000000000
67401  -62.342  -7.553  1.282 0.0000000000
68373  -66.580  -6.644  0.512 0.0000000000
69280  -68.192  -5.793  0.659 0.0000000000
137413  -67.301  -6.431  0.196 0.0000000000
70305  -68.725  -4.808  -3.730 0.0000000000
69341  -68.000  -5.233  -3.079 0.0000000000
136130  -69.419  -4.725  -3.075 0.0000000000
70306  -69.812  -3.850  -3.470 0.0000000000
70318  -70.215  -3.085  -4.296 0.0000000000
48685  -50.042  -28.050  20.840 0.0000000000
49622  -50.516  -27.675  21.313 0.0000000000
48696  -50.052  -27.750  20.204 0.0000000000
49656  -49.897  -27.414  19.472 0.0000000000
49692  -49.403  -26.936  18.211 0.0000000000
46772  -45.902  -30.514  18.329 0.0000000000
46754  -47.003  -30.538  20.168 0.0000000000
46737  -47.454  -30.467  21.005 0.0000000000
46738  -47.945  -30.261  21.614 0.0000000000
46756  -48.048  -29.988  20.880 0.0000000000
47690  -49.160  -28.766  20.220 0.0000000000
140097  -48.915  -29.263  21.388 0.0000000000
125709  -49.527  -28.610  20.902 0.0000000000
48673  -49.916  -28.334  21.637 0.0000000000
55186  -53.113  -21.830  15.982 0.0000000000
131509  -53.763  -21.544  15.407 0.0000000000
56202  -54.792  -20.744  14.248 0.0000000000
56227  -55.312  -20.446  13.633 0.0000000000
67309  -61.110  -7.277  8.586 0.0000000000
67316  -61.100  -6.899  8.040 0.0000000000
69206  -63.189  -5.457  9.478 0.0000000000
69184  -64.211  -5.203  10.747 0.0000000000
70146  -64.770  -4.557  10.435 0.0000000000
71009  -65.803  -2.612  5.342 0.0000000000
37820  -19.637  -39.517  30.734 0.0000000000
36899  -19.213  -39.896  30.074 0.0000000000
36889  -19.105  -40.268  30.784 0.0000000000
36876  -18.901  -40.714  31.503 0.0000000000
54240  -49.497  -22.820  21.106 0.0000000000
119786  -48.954  -21.912  21.638 0.0000000000
55106  -48.760  -21.055  21.134 0.0000000000
56088  -49.223  -20.708  20.923 0.0000000000
57133  -49.246  -20.279  20.092 0.0000000000
57173  -47.133  -19.876  17.970 0.0000000000
57174  -48.048  -19.867  18.280 0.0000000000
57188  -47.820  -19.800  17.354 0.0000000000
45647  -33.093  -31.881  31.592 0.0000000000
45635  -33.605  -31.901  32.249 0.0000000000
134162  -35.250  -31.719  32.922 0.0000000000
45628  -37.590  -31.810  33.650 0.0000000000
45629  -38.214  -31.960  33.553 0.0000000000
46735  -37.249  -30.778  21.225 0.0000000000
46716  -37.015  -30.843  22.085 0.0000000000
45786  -37.777  -31.243  21.793 0.0000000000
136121  -43.618  -33.605  25.509 0.0000000000
43721  -42.693  -33.529  25.473 0.0000000000
43704  -43.629  -33.912  26.436 0.0000000000
42734  -43.787  -34.416  28.207 0.0000000000
42733  -42.947  -34.345  27.894 0.0000000000
43672  -42.289  -34.185  28.522 0.0000000000
43657  -42.521  -34.057  29.356 0.0000000000
138778  -42.749  -33.808  30.049 0.0000000000
122330  -43.308  -33.978  29.676 0.0000000000
44697  -43.996  -32.937  31.139 0.0000000000
41776  -25.241  -34.656  26.676 0.0000000000
42726  -25.366  -34.473  28.274 0.0000000000
119235  -24.029  -33.353  32.374 0.0000000000
43612  -24.565  -33.059  32.519 0.0000000000
44603  -25.378  -32.647  34.420 0.0000000000
60685  -56.037  -15.877  10.124 0.0000000000
60705  -55.672  -15.442  9.555 0.0000000000
61532  -57.938  -14.630  11.121 0.0000000000
60687  -57.295  -15.078  10.784 0.0000000000
60669  -58.423  -15.124  11.672 0.0000000000
60651  -58.873  -15.654  12.194 0.0000000000
61519  -59.186  -14.763  12.045 0.0000000000
68367  -61.061  -6.777  -0.118 0.0000000000
71107  -67.328  -4.105  -4.012 0.0000000000
71117  -67.592  -3.576  -4.627 0.0000000000
71118  -68.650  -3.934  -4.981 0.0000000000
39645  -20.428  -37.232  34.055 0.0000000000
39620  -19.102  -36.547  37.512 0.0000000000
50522  -52.282  -26.269  26.443 0.0000000000
51437  -53.028  -25.847  26.857 0.0000000000
135119  -52.415  -26.263  25.525 0.0000000000
51484  -53.029  -25.673  23.426 0.0000000000
51494  -52.967  -25.365  22.727 0.0000000000
51495  -53.035  -24.803  22.854 0.0000000000
52474  -52.707  -24.924  22.190 0.0000000000
50594  -51.298  -26.300  20.585 0.0000000000
50581  -51.595  -26.532  21.378 0.0000000000
134891  -51.311  -24.805  20.414 0.0000000000
140198  -51.500  -24.521  21.001 0.0000000000
52498  -50.921  -24.129  20.710 0.0000000000
53363  -50.198  -23.639  20.418 0.0000000000
54261  -48.762  -22.864  19.222 0.0000000000
44687  -27.909  -33.028  30.946 0.0000000000
43636  -28.171  -33.290  30.053 0.0000000000
43653  -29.310  -33.127  29.367 0.0000000000
44710  -29.817  -32.826  29.827 0.0000000000
133637  -30.146  -32.686  30.493 0.0000000000
129796  -30.290  -32.686  29.295 0.0000000000
121508  -30.018  -33.093  25.774 0.0000000000
127385  -30.530  -32.647  26.003 0.0000000000
45689  -31.826  -31.701  27.953 0.0000000000
44738  -31.231  -31.957  27.640 0.0000000000
44712  -31.352  -32.131  29.362 0.0000000000
45660  -32.099  -31.824  29.598 0.0000000000
129413  -32.366  -31.843  30.306 0.0000000000
45677  -32.681  -31.483  29.088 0.0000000000
46637  -33.958  -30.808  28.263 0.0000000000
45692  -33.932  -30.911  28.958 0.0000000000
46638  -34.604  -30.753  28.784 0.0000000000
45808  -42.311  -31.869  20.157 0.0000000000
45807  -41.533  -31.809  20.176 0.0000000000
44840  -42.330  -32.319  21.488 0.0000000000
119675  -44.944  -31.358  19.660 0.0000000000
45810  -44.517  -31.691  20.310 0.0000000000
44820  -45.221  -32.294  22.644 0.0000000000
44819  -44.440  -32.435  22.484 0.0000000000
138060  -43.915  -32.595  22.993 0.0000000000
44788  -44.229  -32.877  24.096 0.0000000000
44754  -45.961  -32.654  25.452 0.0000000000
44769  -45.415  -32.788  24.968 0.0000000000
43706  -45.917  -32.986  26.240 0.0000000000
43707  -45.929  -33.311  27.068 0.0000000000
137526  -46.471  -32.789  26.799 0.0000000000
45719  -48.146  -31.213  26.517 0.0000000000
46662  -48.696  -30.549  26.578 0.0000000000
47630  -48.502  -30.029  23.170 0.0000000000
117866  -48.323  -30.389  24.061 0.0000000000
136498  -48.758  -29.852  24.045 0.0000000000
47599  -49.361  -29.333  26.273 0.0000000000
47600  -49.753  -28.793  26.550 0.0000000000
122671  -50.090  -28.547  27.244 0.0000000000
48581  -50.182  -28.130  26.364 0.0000000000
49552  -50.814  -27.301  26.475 0.0000000000
50521  -51.534  -26.754  27.013 0.0000000000
42768  -26.252  -34.260  25.712 0.0000000000
116609  -27.171  -33.808  28.934 0.0000000000
123158  -55.696  -19.921  22.008 0.0000000000
57105  -56.934  -19.491  21.995 0.0000000000
56096  -57.416  -20.282  20.179 0.0000000000
57118  -57.930  -19.699  20.822 0.0000000000
56097  -58.169  -20.054  19.983 0.0000000000
57120  -59.429  -19.291  20.818 0.0000000000
57134  -58.902  -19.750  19.925 0.0000000000
55173  -55.988  -21.170  16.773 0.0000000000
55159  -56.444  -21.112  17.483 0.0000000000
56144  -57.145  -20.691  17.445 0.0000000000
116554  -59.241  -19.960  17.193 0.0000000000
56146  -58.336  -20.220  17.782 0.0000000000
57176  -60.024  -19.591  17.940 0.0000000000
57156  -59.844  -19.529  18.917 0.0000000000
57177  -61.098  -19.395  17.711 0.0000000000
119188  -62.170  -20.531  16.167 0.0000000000
64677  -57.541  -10.643  8.513 0.0000000000
64662  -57.788  -11.242  9.069 0.0000000000
64663  -58.286  -10.781  9.068 0.0000000000
65449  -60.978  -9.896  10.042 0.0000000000
64648  -60.729  -10.578  10.425 0.0000000000
64649  -61.415  -10.296  10.622 0.0000000000
64639  -61.799  -10.711  11.164 0.0000000000
64650  -62.068  -10.029  10.889 0.0000000000
67299  -61.459  -7.503  9.276 0.0000000000
66385  -61.299  -8.257  9.441 0.0000000000
66367  -62.495  -7.973  10.317 0.0000000000
66355  -64.246  -8.540  11.896 0.0000000000
33045  -15.122  -45.616  36.305 0.0000000000
32049  -14.090  -46.111  35.175 0.0000000000
32042  -14.711  -45.932  35.895 0.0000000000
140216  -51.265  -18.244  7.925 0.0000000000
116869  -52.251  -18.270  8.694 0.0000000000
58993  -51.878  -17.921  8.009 0.0000000000
59862  -52.456  -16.572  7.142 0.0000000000
59863  -53.157  -16.280  7.477 0.0000000000
60716  -53.861  -15.923  7.835 0.0000000000
60730  -53.483  -15.623  7.089 0.0000000000
61594  -54.489  -14.158  6.878 0.0000000000
62353  -54.815  -13.487  6.993 0.0000000000
61584  -55.514  -13.848  7.985 0.0000000000
63159  -55.270  -12.000  7.480 0.0000000000
63935  -55.163  -11.277  7.367 0.0000000000
117746  -55.838  -10.871  7.561 0.0000000000
65497  -56.015  -9.737  6.553 0.0000000000
65489  -56.698  -9.720  7.164 0.0000000000
66408  -57.337  -9.025  6.857 0.0000000000
67334  -57.603  -8.172  5.438 0.0000000000
116096  -56.948  -8.529  5.294 0.0000000000
66419  -58.037  -8.117  6.251 0.0000000000
138626  -58.800  -7.749  6.384 0.0000000000
67315  -59.407  -7.772  7.165 0.0000000000
67353  -59.603  -7.418  4.719 0.0000000000
67337  -59.949  -7.240  5.579 0.0000000000
68309  -60.756  -6.872  5.531 0.0000000000
68310  -61.478  -6.473  5.935 0.0000000000
68320  -61.561  -6.549  5.047 0.0000000000
67355  -60.967  -6.997  4.521 0.0000000000
67382  -61.346  -7.482  2.478 0.0000000000
34987  -16.869  -43.001  31.902 0.0000000000
39644  -19.945  -37.673  34.556 0.0000000000
38670  -19.804  -38.482  34.446 0.0000000000
37779  -19.680  -39.378  34.253 0.0000000000
36844  -19.333  -40.006  34.871 0.0000000000
131206  -18.872  -40.599  35.402 0.0000000000
37764  -17.610  -39.248  39.330 0.0000000000
125787  -17.414  -41.648  37.323 0.0000000000
35926  -17.997  -41.022  36.820 0.0000000000
139966  -18.036  -41.650  35.491 0.0000000000
34967  -17.385  -42.326  35.588 0.0000000000
34966  -16.499  -43.110  36.264 0.0000000000
33999  -15.427  -44.506  36.202 0.0000000000
33992  -15.636  -44.715  36.778 0.0000000000
33029  -16.632  -44.849  38.562 0.0000000000
56003  -55.601  -20.236  25.809 0.0000000000
51452  -53.625  -25.380  26.284 0.0000000000
51453  -53.965  -25.055  26.807 0.0000000000
51463  -53.987  -24.749  25.937 0.0000000000
53323  -53.300  -23.394  25.919 0.0000000000
54189  -52.624  -22.500  26.721 0.0000000000
54177  -52.885  -22.042  27.479 0.0000000000
121829  -52.122  -21.980  26.642 0.0000000000
119259  -50.145  -21.955  23.355 0.0000000000
54208  -50.738  -22.439  23.838 0.0000000000
54197  -50.570  -21.545  24.031 0.0000000000
56012  -51.049  -20.967  24.471 0.0000000000
55998  -51.418  -21.133  25.096 0.0000000000
55999  -52.068  -21.030  25.805 0.0000000000
56000  -53.026  -20.463  26.325 0.0000000000
56014  -52.842  -20.457  25.338 0.0000000000
56050  -53.520  -20.489  23.087 0.0000000000
56032  -54.445  -19.968  23.718 0.0000000000
56114  -53.747  -21.328  20.052 0.0000000000
56115  -54.618  -21.449  19.929 0.0000000000
55130  -53.102  -21.481  19.284 0.0000000000
55155  -51.781  -21.618  17.398 0.0000000000
55156  -52.622  -21.830  17.584 0.0000000000
55170  -52.341  -21.889  16.626 0.0000000000
55169  -51.676  -21.845  16.135 0.0000000000
125423  -50.369  -21.472  14.105 0.0000000000
124400  -50.743  -21.322  13.404 0.0000000000
55226  -50.343  -21.168  12.727 0.0000000000
57185  -45.187  -19.888  16.774 0.0000000000
56197  -45.818  -19.950  14.238 0.0000000000
56220  -45.619  -20.138  13.357 0.0000000000
56243  -46.233  -20.447  12.570 0.0000000000
55223  -47.777  -20.948  12.942 0.0000000000
118330  -46.783  -20.671  11.912 0.0000000000
55241  -49.000  -20.894  11.401 0.0000000000
117537  -28.715  -32.699  33.204 0.0000000000
44629  -29.427  -32.688  33.598 0.0000000000
44608  -30.548  -32.658  34.331 0.0000000000
44632  -33.059  -32.300  33.695 0.0000000000
46701  -34.920  -30.061  23.396 0.0000000000
46686  -34.210  -30.384  24.788 0.0000000000
46671  -33.881  -30.535  25.420 0.0000000000
46672  -34.617  -30.551  25.447 0.0000000000
46661  -36.138  -31.018  26.360 0.0000000000
135667  -35.604  -30.794  26.789 0.0000000000
46650  -36.156  -30.983  27.284 0.0000000000
45693  -36.325  -30.994  28.240 0.0000000000
45805  -39.429  -31.501  20.447 0.0000000000
44800  -39.586  -32.377  23.270 0.0000000000
44814  -39.186  -32.099  22.531 0.0000000000
44799  -38.701  -32.062  23.207 0.0000000000
116181  -38.992  -32.270  23.982 0.0000000000
43720  -41.820  -33.390  25.564 0.0000000000
43734  -41.311  -33.053  24.959 0.0000000000
43719  -40.989  -33.170  25.712 0.0000000000
44767  -39.662  -32.662  25.520 0.0000000000
44766  -38.777  -32.355  25.422 0.0000000000
44751  -38.247  -32.235  26.079 0.0000000000
121527  -38.473  -32.410  26.894 0.0000000000
44714  -38.491  -32.599  29.500 0.0000000000
128133  -38.017  -32.309  28.149 0.0000000000
44713  -37.818  -32.138  29.446 0.0000000000
45681  -37.092  -31.423  29.747 0.0000000000
44693  -37.587  -31.879  30.514 0.0000000000
45667  -38.427  -32.385  30.838 0.0000000000
44672  -39.868  -32.510  32.064 0.0000000000
44651  -39.865  -32.474  33.081 0.0000000000
44674  -41.712  -32.741  31.800 0.0000000000
134065  -42.462  -32.325  32.581 0.0000000000
120210  -47.368  -32.465  27.941 0.0000000000
38764  -20.216  -38.139  27.800 0.0000000000
39722  -20.573  -37.996  28.673 0.0000000000
41774  -23.617  -35.509  26.012 0.0000000000
41758  -23.503  -35.581  26.814 0.0000000000
136169  -22.166  -36.572  26.933 0.0000000000
40751  -21.754  -36.660  25.714 0.0000000000
40738  -21.706  -36.853  26.473 0.0000000000
40691  -22.042  -36.592  29.902 0.0000000000
39697  -21.513  -37.022  30.550 0.0000000000
39710  -21.460  -37.254  29.694 0.0000000000
40646  -21.302  -36.445  32.497 0.0000000000
134197  -21.552  -36.639  31.424 0.0000000000
44601  -23.573  -33.011  34.240 0.0000000000
58014  -59.467  -18.640  23.935 0.0000000000
57272  -52.574  -19.451  10.666 0.0000000000
57256  -52.840  -19.793  11.442 0.0000000000
58121  -55.454  -18.655  11.422 0.0000000000
57258  -55.085  -19.275  11.790 0.0000000000
57242  -56.365  -19.519  12.535 0.0000000000
59810  -56.833  -16.819  11.252 0.0000000000
58973  -56.142  -17.132  10.878 0.0000000000
58960  -57.269  -17.427  11.818 0.0000000000
58112  -59.415  -18.464  12.839 0.0000000000
57244  -58.686  -19.061  12.726 0.0000000000
57222  -58.656  -19.832  13.109 0.0000000000
57223  -59.409  -19.474  13.015 0.0000000000
56232  -60.392  -20.342  13.745 0.0000000000
57224  -60.180  -19.732  13.252 0.0000000000
134809  -62.855  -18.986  13.503 0.0000000000
57226  -62.166  -19.125  13.435 0.0000000000
63888  -59.813  -12.189  11.075 0.0000000000
63120  -59.118  -12.560  10.872 0.0000000000
136633  -60.321  -12.562  11.620 0.0000000000
62300  -62.109  -13.240  12.996 0.0000000000
62299  -61.351  -13.513  12.705 0.0000000000
61507  -61.948  -14.155  13.279 0.0000000000
61522  -61.170  -14.391  12.977 0.0000000000
61508  -62.676  -14.909  13.914 0.0000000000
68322  -63.059  -6.099  4.427 0.0000000000
137030  -63.331  -5.598  4.836 0.0000000000
69258  -64.418  -6.096  3.641 0.0000000000
120422  -66.058  -5.314  3.449 0.0000000000
67403  -63.900  -7.393  1.201 0.0000000000
140050  -64.554  -7.284  1.232 0.0000000000
68348  -67.359  -5.947  1.976 0.0000000000
68347  -66.529  -6.243  2.483 0.0000000000
133905  -66.973  -5.481  2.680 0.0000000000
69261  -66.997  -4.543  2.901 0.0000000000
70245  -67.872  -4.140  1.664 0.0000000000
130287  -68.489  -3.951  0.480 0.0000000000
71050  -68.111  -3.266  0.996 0.0000000000
71057  -68.599  -2.938  0.168 0.0000000000
71857  -69.402  -1.724  0.196 0.0000000000
71068  -69.078  -2.578  -0.590 0.0000000000
116303  -67.361  -5.590  -2.148 0.0000000000
125906  -66.408  -5.731  -1.489 0.0000000000
68405  -67.998  -6.092  -1.050 0.0000000000
122965  -68.630  -5.709  -1.116 0.0000000000
129448  -69.711  -3.685  -2.362 0.0000000000
128074  -69.488  -3.544  -1.725 0.0000000000
71883  -70.910  -1.338  -1.454 0.0000000000
71120  -70.719  -2.224  -4.992 0.0000000000
48695  -49.554  -28.160  19.786 0.0000000000
48712  -49.312  -28.006  19.063 0.0000000000
46773  -46.478  -30.523  19.208 0.0000000000
140141  -47.640  -30.042  19.827 0.0000000000
47670  -48.178  -29.709  20.169 0.0000000000
47671  -48.480  -29.565  20.735 0.0000000000
55216  -52.090  -21.291  13.853 0.0000000000
55217  -53.089  -21.183  14.119 0.0000000000
56224  -52.756  -20.770  13.228 0.0000000000
56225  -53.611  -20.630  13.379 0.0000000000
56249  -53.267  -20.357  12.614 0.0000000000
68297  -61.487  -6.448  6.834 0.0000000000
69215  -63.029  -5.420  8.405 0.0000000000
70186  -64.451  -4.247  7.644 0.0000000000
70996  -65.001  -3.686  7.182 0.0000000000
70997  -65.475  -3.085  6.603 0.0000000000
70193  -64.863  -3.933  6.234 0.0000000000
70204  -64.981  -4.053  5.352 0.0000000000
38738  -19.693  -38.999  29.317 0.0000000000
37847  -19.231  -39.227  28.491 0.0000000000
37809  -19.808  -39.373  31.557 0.0000000000
54253  -48.281  -21.644  20.440 0.0000000000
56110  -47.960  -20.849  19.808 0.0000000000
57132  -48.472  -20.317  19.527 0.0000000000
57152  -47.439  -20.112  18.589 0.0000000000
44604  -26.358  -32.629  34.178 0.0000000000
119176  -34.326  -31.382  31.028 0.0000000000
45649  -34.457  -31.614  31.796 0.0000000000
125318  -35.284  -31.550  32.138 0.0000000000
45638  -37.137  -31.551  32.864 0.0000000000
45639  -37.474  -31.510  32.376 0.0000000000
124669  -44.727  -33.868  26.871 0.0000000000
120805  -44.191  -34.001  26.847 0.0000000000
43690  -44.496  -34.193  27.620 0.0000000000
116980  -43.991  -34.165  29.142 0.0000000000
43658  -44.893  -33.797  29.344 0.0000000000
43642  -45.127  -33.080  30.341 0.0000000000
43634  -25.562  -33.615  30.645 0.0000000000
43623  -25.500  -33.324  31.398 0.0000000000
44643  -25.348  -32.863  32.644 0.0000000000
61571  -55.853  -14.174  8.711 0.0000000000
61559  -56.472  -14.574  9.771 0.0000000000
118963  -56.862  -14.124  9.896 0.0000000000
61547  -57.427  -14.170  10.470 0.0000000000
62317  -58.178  -13.774  10.886 0.0000000000
50550  -52.190  -26.449  24.674 0.0000000000
121813  -52.429  -26.344  23.612 0.0000000000
50571  -52.530  -26.143  22.647 0.0000000000
50628  -50.263  -26.097  19.030 0.0000000000
51528  -50.522  -25.506  19.276 0.0000000000
119876  -50.429  -24.800  19.236 0.0000000000
53376  -49.981  -23.905  19.485 0.0000000000
43683  -28.195  -33.860  27.540 0.0000000000
43667  -28.482  -33.695  28.447 0.0000000000
43684  -29.092  -33.606  27.818 0.0000000000
44737  -29.826  -33.123  28.120 0.0000000000
45725  -31.155  -31.827  24.872 0.0000000000
44764  -31.018  -32.075  25.811 0.0000000000
44750  -31.430  -31.794  26.467 0.0000000000
45702  -31.693  -31.668  27.182 0.0000000000
45703  -32.386  -31.337  27.429 0.0000000000
45690  -32.562  -31.403  28.266 0.0000000000
45716  -32.832  -31.005  26.948 0.0000000000
45704  -33.211  -30.975  27.716 0.0000000000
127226  -45.821  -31.488  21.127 0.0000000000
45791  -45.049  -31.852  21.174 0.0000000000
45769  -45.731  -31.837  21.913 0.0000000000
44805  -45.394  -32.366  23.370 0.0000000000
44789  -45.121  -32.690  24.219 0.0000000000
44806  -45.950  -32.183  23.840 0.0000000000
44770  -46.585  -32.126  25.195 0.0000000000
44771  -47.227  -31.729  25.617 0.0000000000
45745  -47.660  -31.220  25.073 0.0000000000
46689  -48.160  -30.681  24.804 0.0000000000
122819  -49.500  -28.833  23.133 0.0000000000
48635  -49.535  -28.789  24.053 0.0000000000
48615  -49.986  -28.190  24.498 0.0000000000
48598  -50.026  -28.148  25.394 0.0000000000
49564  -50.469  -27.668  25.751 0.0000000000
42769  -26.987  -34.000  25.633 0.0000000000
42744  -27.491  -33.985  26.934 0.0000000000
56094  -55.781  -20.769  20.510 0.0000000000
127761  -56.208  -20.997  19.735 0.0000000000
119094  -56.925  -20.687  19.674 0.0000000000
56181  -57.225  -20.525  15.841 0.0000000000
56162  -57.562  -20.470  16.732 0.0000000000
56182  -58.089  -20.378  16.013 0.0000000000
133501  -59.768  -20.114  16.428 0.0000000000
56148  -61.003  -19.840  16.945 0.0000000000
56164  -60.467  -20.229  16.301 0.0000000000
118506  -60.765  -20.556  15.602 0.0000000000
116589  -60.656  -20.593  14.823 0.0000000000
65467  -58.937  -10.163  8.934 0.0000000000
126753  -59.731  -9.767  9.138 0.0000000000
65470  -61.214  -9.131  9.689 0.0000000000
68254  -63.271  -6.709  10.703 0.0000000000
67282  -63.189  -7.620  10.777 0.0000000000
67269  -63.814  -7.225  11.179 0.0000000000
71843  -68.335  -1.737  1.835 0.0000000000
60742  -53.108  -15.264  6.367 0.0000000000
119297  -54.550  -10.443  6.438 0.0000000000
65511  -56.038  -9.314  5.962 0.0000000000
67352  -58.780  -7.679  4.669 0.0000000000
67369  -60.195  -7.400  3.846 0.0000000000
117894  -16.888  -43.013  32.889 0.0000000000
39626  -19.050  -37.359  36.751 0.0000000000
38661  -19.194  -38.125  36.092 0.0000000000
37770  -18.834  -38.892  36.445 0.0000000000
37769  -18.444  -39.617  36.889 0.0000000000
36832  -17.593  -40.410  39.199 0.0000000000
130826  -17.329  -41.517  38.209 0.0000000000
34959  -16.906  -42.435  37.873 0.0000000000
34964  -17.015  -42.430  36.829 0.0000000000
137312  -16.624  -43.086  37.857 0.0000000000
134502  -16.033  -44.219  37.287 0.0000000000
52451  -53.471  -24.490  24.101 0.0000000000
136659  -53.797  -24.052  25.497 0.0000000000
53333  -53.351  -23.811  24.890 0.0000000000
53332  -52.286  -23.211  24.838 0.0000000000
54199  -51.528  -22.312  25.175 0.0000000000
56047  -50.043  -20.924  22.913 0.0000000000
117095  -51.339  -20.738  23.664 0.0000000000
56030  -52.054  -20.696  24.404 0.0000000000
118234  -52.471  -20.592  23.431 0.0000000000
119332  -53.586  -20.630  22.244 0.0000000000
56071  -53.180  -20.758  21.585 0.0000000000
116734  -52.783  -20.797  20.959 0.0000000000
56141  -49.507  -20.380  17.518 0.0000000000
56142  -50.313  -20.666  17.698 0.0000000000
56160  -50.129  -20.951  16.793 0.0000000000
55167  -50.171  -21.317  16.059 0.0000000000
55168  -50.906  -21.591  16.273 0.0000000000
55183  -50.485  -21.553  15.498 0.0000000000
122162  -49.515  -21.324  14.181 0.0000000000
55213  -49.030  -21.254  13.556 0.0000000000
116754  -29.853  -32.670  32.040 0.0000000000
117536  -29.621  -32.687  32.898 0.0000000000
44631  -30.962  -32.629  33.603 0.0000000000
44609  -31.381  -32.611  34.331 0.0000000000
44612  -34.303  -32.203  35.194 0.0000000000
46702  -35.853  -30.454  23.171 0.0000000000
119395  -35.451  -30.513  24.000 0.0000000000
46673  -35.331  -30.704  25.325 0.0000000000
45717  -36.913  -31.562  26.704 0.0000000000
125559  -40.591  -32.207  21.605 0.0000000000
44838  -39.725  -32.091  21.853 0.0000000000
132914  -40.322  -32.358  22.224 0.0000000000
44815  -40.388  -32.492  22.883 0.0000000000
44801  -40.322  -32.567  23.599 0.0000000000
43687  -41.166  -33.660  27.274 0.0000000000
43701  -40.641  -33.249  26.452 0.0000000000
43686  -40.187  -33.253  27.224 0.0000000000
43685  -39.289  -32.822  27.221 0.0000000000
44740  -38.546  -32.563  27.757 0.0000000000
44728  -39.156  -32.926  28.259 0.0000000000
44715  -39.155  -32.979  29.240 0.0000000000
117291  -38.855  -32.756  30.083 0.0000000000
41747  -23.944  -35.157  28.196 0.0000000000
122628  -23.357  -35.653  27.613 0.0000000000
41746  -23.219  -35.690  28.411 0.0000000000
40709  -22.771  -36.106  27.939 0.0000000000
135508  -22.735  -36.089  28.590 0.0000000000
40708  -22.331  -36.519  28.401 0.0000000000
40692  -22.453  -36.330  29.143 0.0000000000
40676  -22.302  -36.074  30.451 0.0000000000
40657  -22.084  -35.937  31.106 0.0000000000
41703  -21.804  -35.829  31.920 0.0000000000
44585  -24.240  -32.674  35.896 0.0000000000
58135  -52.976  -18.903  10.149 0.0000000000
57273  -53.624  -19.205  10.978 0.0000000000
140094  -53.623  -18.604  10.259 0.0000000000
58136  -54.291  -18.480  10.571 0.0000000000
59797  -58.672  -16.432  12.337 0.0000000000
58961  -58.018  -16.870  12.086 0.0000000000
136125  -59.123  -16.780  12.697 0.0000000000
140362  -59.734  -17.771  13.021 0.0000000000
58096  -60.203  -18.129  13.125 0.0000000000
58097  -60.743  -19.034  13.101 0.0000000000
123613  -60.963  -18.089  13.335 0.0000000000
58098  -61.695  -18.263  13.406 0.0000000000
58099  -62.523  -18.184  13.476 0.0000000000
63109  -61.057  -12.230  11.828 0.0000000000
67371  -61.993  -7.130  3.280 0.0000000000
68343  -62.814  -7.061  3.034 0.0000000000
68331  -64.215  -6.702  3.015 0.0000000000
68359  -66.706  -6.567  1.578 0.0000000000
69279  -68.026  -5.281  1.359 0.0000000000
69289  -68.527  -4.931  0.461 0.0000000000
70290  -66.138  -4.100  -3.071 0.0000000000
69327  -68.829  -5.449  -2.334 0.0000000000
69315  -69.070  -5.457  -1.783 0.0000000000
69328  -69.321  -5.106  -2.488 0.0000000000
70292  -69.649  -4.332  -2.704 0.0000000000
71096  -70.517  -1.699  -3.048 0.0000000000
71130  -71.209  -1.769  -5.626 0.0000000000
123130  -72.044  -1.438  -5.802 0.0000000000
49608  -51.150  -27.296  22.606 0.0000000000
49641  -50.963  -27.053  20.933 0.0000000000
50593  -50.557  -26.965  20.142 0.0000000000
123983  -50.312  -26.677  19.447 0.0000000000
43718  -29.314  -33.484  25.517 0.0000000000
45738  -30.945  -31.832  23.925 0.0000000000
45739  -31.594  -31.279  24.188 0.0000000000
46697  -31.963  -30.726  23.693 0.0000000000
45845  -44.741  -31.127  18.879 0.0000000000
45834  -46.192  -30.881  19.957 0.0000000000
45812  -46.317  -31.083  20.694 0.0000000000
45792  -46.414  -31.312  21.469 0.0000000000
46717  -47.424  -30.950  22.751 0.0000000000
46718  -47.912  -30.481  22.461 0.0000000000
129902  -48.963  -29.373  22.683 0.0000000000
47657  -48.523  -29.636  21.358 0.0000000000
47645  -48.907  -29.309  21.872 0.0000000000
48657  -49.987  -28.318  22.642 0.0000000000
118515  -54.312  -21.809  16.981 0.0000000000
55158  -54.815  -21.810  17.667 0.0000000000
129650  -54.665  -21.561  16.334 0.0000000000
55188  -55.417  -21.208  15.965 0.0000000000
55203  -54.309  -21.182  14.842 0.0000000000
56178  -55.093  -20.942  15.038 0.0000000000
56179  -55.928  -20.730  15.150 0.0000000000
135428  -56.655  -20.603  15.201 0.0000000000
56205  -57.289  -20.526  14.779 0.0000000000
56229  -57.402  -20.422  13.783 0.0000000000
67307  -59.892  -7.947  7.889 0.0000000000
66394  -60.225  -8.262  8.487 0.0000000000
67308  -60.503  -7.716  8.338 0.0000000000
67300  -62.095  -7.126  9.845 0.0000000000
125938  -62.049  -6.392  8.956 0.0000000000
68271  -62.299  -6.468  9.558 0.0000000000
68253  -62.684  -6.546  10.138 0.0000000000
68255  -63.796  -6.002  10.915 0.0000000000
69160  -64.801  -5.583  11.463 0.0000000000
71789  -66.338  -2.045  6.922 0.0000000000
71820  -66.516  -1.968  4.203 0.0000000000
71028  -66.385  -3.085  3.841 0.0000000000
37834  -19.232  -39.587  29.363 0.0000000000
36898  -18.318  -40.573  29.279 0.0000000000
36888  -18.581  -40.905  30.744 0.0000000000
35949  -18.678  -41.125  32.204 0.0000000000
53349  -50.482  -23.219  22.143 0.0000000000
54218  -50.596  -22.898  23.015 0.0000000000
54217  -49.690  -21.670  22.707 0.0000000000
54238  -48.673  -21.420  21.106 0.0000000000
55107  -49.019  -21.286  21.736 0.0000000000
55090  -49.567  -21.196  22.377 0.0000000000
132004  -49.781  -20.884  22.204 0.0000000000
56068  -50.028  -20.573  21.474 0.0000000000
56090  -50.975  -20.301  20.721 0.0000000000
56111  -50.208  -20.154  19.642 0.0000000000
56129  -49.549  -20.094  18.345 0.0000000000
57154  -48.677  -19.936  18.819 0.0000000000
57175  -48.914  -19.913  18.105 0.0000000000
56158  -48.662  -20.373  16.468 0.0000000000
56176  -48.377  -20.541  15.553 0.0000000000
44670  -32.221  -32.197  31.666 0.0000000000
115990  -32.165  -32.362  32.541 0.0000000000
44650  -32.930  -32.249  32.854 0.0000000000
44633  -33.983  -32.152  34.061 0.0000000000
45615  -34.936  -31.978  34.407 0.0000000000
44786  -42.625  -32.969  24.107 0.0000000000
44785  -41.697  -32.881  24.190 0.0000000000
43703  -42.290  -33.672  26.188 0.0000000000
123295  -42.794  -33.975  26.904 0.0000000000
117578  -41.951  -33.800  26.854 0.0000000000
43638  -41.147  -33.656  30.027 0.0000000000
43639  -42.072  -33.779  30.032 0.0000000000
43640  -42.610  -33.448  30.744 0.0000000000
43625  -43.261  -32.916  31.370 0.0000000000
41790  -24.251  -35.130  25.571 0.0000000000
41775  -24.326  -35.102  26.546 0.0000000000
42725  -24.656  -34.747  28.429 0.0000000000
42687  -23.399  -34.398  31.232 0.0000000000
42672  -23.073  -34.048  32.147 0.0000000000
43621  -23.729  -33.735  31.890 0.0000000000
44602  -24.358  -32.789  34.298 0.0000000000
44625  -24.734  -32.821  33.412 0.0000000000
117273  -24.729  -32.647  35.144 0.0000000000
59837  -54.665  -16.542  9.365 0.0000000000
58984  -55.057  -16.958  10.009 0.0000000000
59838  -55.371  -16.194  9.773 0.0000000000
59825  -56.432  -16.320  10.688 0.0000000000
59826  -57.161  -15.947  11.096 0.0000000000
136435  -57.652  -15.974  11.480 0.0000000000
60652  -59.554  -15.479  12.572 0.0000000000
60634  -60.698  -16.041  13.442 0.0000000000
67409  -60.901  -7.307  0.368 0.0000000000
68369  -62.907  -6.945  -0.122 0.0000000000
71106  -66.499  -3.686  -3.667 0.0000000000
70304  -67.885  -4.688  -3.717 0.0000000000
70316  -69.087  -4.295  -4.487 0.0000000000
70326  -69.324  -3.655  -5.172 0.0000000000
71128  -68.912  -3.407  -5.789 0.0000000000
71129  -69.839  -2.972  -5.883 0.0000000000
133655  -20.830  -37.761  31.698 0.0000000000
39659  -20.595  -37.530  33.268 0.0000000000
51462  -53.596  -25.340  25.293 0.0000000000
51461  -53.055  -25.883  24.902 0.0000000000
51474  -53.442  -25.343  24.248 0.0000000000
52463  -53.049  -24.359  23.459 0.0000000000
50570  -51.788  -26.700  22.186 0.0000000000
132920  -52.202  -26.173  21.866 0.0000000000
51514  -51.403  -25.485  20.433 0.0000000000
133024  -52.305  -25.148  21.569 0.0000000000
52473  -51.977  -24.527  21.696 0.0000000000
53355  -50.319  -23.417  21.294 0.0000000000
54254  -48.747  -22.566  20.039 0.0000000000
53375  -49.295  -23.280  19.508 0.0000000000
119912  -48.154  -22.083  19.822 0.0000000000
137197  -47.413  -21.465  19.240 0.0000000000
44665  -27.578  -32.859  31.728 0.0000000000
44666  -28.439  -32.830  31.595 0.0000000000
44667  -29.257  -32.764  31.421 0.0000000000
43652  -28.710  -33.419  29.286 0.0000000000
44709  -29.039  -33.062  30.004 0.0000000000
118659  -30.021  -32.689  31.198 0.0000000000
44668  -30.658  -32.573  31.712 0.0000000000
44669  -31.418  -32.371  31.274 0.0000000000
117851  -29.734  -33.299  27.209 0.0000000000
44724  -30.404  -32.660  28.583 0.0000000000
44749  -30.800  -32.331  26.580 0.0000000000
132648  -30.561  -32.570  27.526 0.0000000000
126446  -30.773  -32.431  29.126 0.0000000000
44691  -31.517  -32.195  30.319 0.0000000000
44692  -32.713  -31.849  30.956 0.0000000000
127857  -33.503  -31.606  30.940 0.0000000000
45678  -33.447  -31.251  29.508 0.0000000000
45662  -33.966  -31.269  30.281 0.0000000000
45663  -34.997  -30.974  30.377 0.0000000000
46620  -35.737  -30.862  30.143 0.0000000000
45829  -41.235  -31.528  19.518 0.0000000000
124794  -40.879  -31.678  20.065 0.0000000000
45790  -40.947  -31.939  20.784 0.0000000000
44839  -41.465  -32.278  21.508 0.0000000000
119026  -41.928  -32.445  22.065 0.0000000000
116421  -43.802  -31.727  19.967 0.0000000000
44855  -43.728  -32.009  20.709 0.0000000000
44842  -44.226  -32.244  21.589 0.0000000000
44841  -43.229  -32.320  21.521 0.0000000000
133330  -43.043  -32.681  23.209 0.0000000000
44787  -43.466  -32.960  24.085 0.0000000000
43737  -43.895  -33.259  24.703 0.0000000000
43722  -44.431  -33.364  25.219 0.0000000000
140363  -44.917  -33.020  24.924 0.0000000000
127092  -45.260  -33.542  26.511 0.0000000000
45707  -47.911  -31.760  27.372 0.0000000000
44756  -47.481  -31.778  26.419 0.0000000000
46652  -49.551  -29.859  27.985 0.0000000000
47621  -49.126  -29.353  24.503 0.0000000000
46675  -48.893  -29.978  25.951 0.0000000000
46663  -49.193  -29.906  26.839 0.0000000000
137219  -49.995  -29.028  27.868 0.0000000000
42777  -24.832  -34.744  25.086 0.0000000000
132601  -25.617  -34.501  26.059 0.0000000000
42742  -25.712  -34.436  27.418 0.0000000000
42756  -26.850  -34.103  26.367 0.0000000000
42743  -26.640  -34.122  27.317 0.0000000000
57094  -56.798  -19.075  23.036 0.0000000000
56074  -57.115  -19.874  21.051 0.0000000000
57107  -58.690  -19.225  21.595 0.0000000000
55145  -56.160  -21.403  18.261 0.0000000000
138545  -56.806  -20.975  18.065 0.0000000000
56145  -57.775  -20.421  17.414 0.0000000000
56133  -58.193  -20.291  18.587 0.0000000000
56119  -58.497  -20.087  19.235 0.0000000000
56120  -59.159  -19.772  19.246 0.0000000000
57136  -60.558  -19.154  19.592 0.0000000000
134147  -61.760  -19.953  16.913 0.0000000000
63133  -58.009  -12.462  10.024 0.0000000000
119552  -57.605  -11.930  9.373 0.0000000000
63907  -58.349  -11.574  9.716 0.0000000000
118187  -60.022  -11.581  10.787 0.0000000000
64664  -59.552  -10.403  9.553 0.0000000000
64647  -59.912  -10.938  10.245 0.0000000000
63897  -60.624  -11.228  10.828 0.0000000000
63890  -61.316  -11.433  11.400 0.0000000000
63881  -62.192  -11.186  11.757 0.0000000000
132823  -63.611  -10.800  12.492 0.0000000000
66384  -60.669  -8.651  9.070 0.0000000000
65451  -62.285  -9.354  10.667 0.0000000000
66368  -63.061  -8.444  10.888 0.0000000000
136511  -62.858  -9.166  11.023 0.0000000000
132307  -62.589  -9.734  11.113 0.0000000000
65438  -63.154  -9.683  11.496 0.0000000000
33064  -14.755  -44.843  34.759 0.0000000000
56287  -50.455  -20.303  10.608 0.0000000000
56288  -51.231  -20.174  10.842 0.0000000000
57270  -50.968  -19.839  10.163 0.0000000000
57284  -51.459  -19.379  9.658 0.0000000000
58149  -51.883  -18.858  9.168 0.0000000000
120192  -52.583  -18.582  9.412 0.0000000000
58164  -52.927  -17.934  8.946 0.0000000000
58994  -53.236  -17.252  8.565 0.0000000000
59009  -52.143  -17.236  7.543 0.0000000000
59848  -52.840  -16.910  7.876 0.0000000000
58995  -53.932  -16.914  8.927 0.0000000000
59850  -54.259  -16.200  8.609 0.0000000000
60717  -54.633  -15.357  8.224 0.0000000000
61582  -53.912  -14.848  6.786 0.0000000000
61583  -54.582  -14.725  7.469 0.0000000000
61570  -55.186  -14.544  8.119 0.0000000000
62340  -55.977  -13.304  8.242 0.0000000000
63146  -56.477  -12.733  8.595 0.0000000000
63145  -55.952  -12.358  7.967 0.0000000000
118962  -56.503  -11.817  8.388 0.0000000000
64701  -55.937  -10.303  7.126 0.0000000000
64692  -57.090  -10.170  7.840 0.0000000000
65482  -57.820  -9.864  8.104 0.0000000000
65491  -58.221  -9.224  7.759 0.0000000000
66400  -58.543  -8.689  7.517 0.0000000000
66416  -55.687  -9.188  5.206 0.0000000000
66409  -57.835  -8.520  6.694 0.0000000000
66401  -59.113  -8.338  7.636 0.0000000000
137368  -59.999  -7.624  7.518 0.0000000000
67323  -60.204  -7.289  7.038 0.0000000000
126403  -60.259  -7.116  6.227 0.0000000000
123925  -62.115  -6.086  6.283 0.0000000000
69240  -62.624  -5.785  5.778 0.0000000000
68321  -62.318  -6.319  4.694 0.0000000000
67370  -61.132  -7.264  3.506 0.0000000000
132421  -60.982  -7.607  0.886 0.0000000000
67399  -60.190  -7.616  0.865 0.0000000000
121613  -60.230  -7.108  0.224 0.0000000000
38695  -20.345  -38.444  32.431 0.0000000000
38694  -19.994  -38.917  32.811 0.0000000000
37800  -19.714  -39.696  32.388 0.0000000000
37789  -19.755  -39.590  33.359 0.0000000000
36855  -19.387  -40.330  33.113 0.0000000000
36854  -18.996  -40.835  33.690 0.0000000000
35940  -18.519  -41.387  33.421 0.0000000000
117314  -17.709  -38.633  38.667 0.0000000000
36835  -17.547  -40.164  38.460 0.0000000000
36839  -18.004  -40.267  37.341 0.0000000000
36843  -18.536  -40.435  36.357 0.0000000000
136466  -18.552  -41.253  35.026 0.0000000000
35935  -18.571  -41.340  34.204 0.0000000000
35934  -18.024  -41.873  33.870 0.0000000000
34971  -16.707  -43.014  35.082 0.0000000000
33056  -14.908  -45.032  35.727 0.0000000000
129313  -15.225  -45.152  36.311 0.0000000000
33037  -15.798  -44.985  37.279 0.0000000000
32027  -15.751  -45.594  37.233 0.0000000000
51439  -54.103  -24.903  27.921 0.0000000000
53324  -54.008  -23.902  26.342 0.0000000000
55065  -50.606  -21.185  24.075 0.0000000000
136102  -51.306  -21.730  25.197 0.0000000000
54188  -51.689  -21.876  25.824 0.0000000000
55055  -52.067  -21.597  26.212 0.0000000000
57040  -53.963  -20.057  26.603 0.0000000000
57059  -54.597  -19.828  26.054 0.0000000000
57070  -54.043  -19.825  25.309 0.0000000000
57071  -55.167  -19.611  25.469 0.0000000000
57082  -55.669  -19.343  24.541 0.0000000000
57093  -55.883  -19.454  23.084 0.0000000000
119983  -55.220  -20.601  21.291 0.0000000000
56072  -54.203  -20.729  21.647 0.0000000000
126128  -55.086  -21.058  20.457 0.0000000000
118078  -51.655  -20.496  20.016 0.0000000000
139454  -52.215  -20.685  20.103 0.0000000000
56113  -52.275  -20.888  19.590 0.0000000000
56143  -51.190  -20.947  18.004 0.0000000000
56131  -52.355  -21.242  18.903 0.0000000000
55141  -52.849  -21.698  18.391 0.0000000000
55157  -53.992  -21.919  17.733 0.0000000000
55171  -53.381  -21.931  16.997 0.0000000000
55184  -51.316  -21.754  15.498 0.0000000000
55201  -51.692  -21.637  14.726 0.0000000000
130910  -52.439  -21.551  14.645 0.0000000000
139478  -51.434  -21.222  13.405 0.0000000000
55227  -51.184  -21.014  12.810 0.0000000000
56246  -50.883  -20.786  12.104 0.0000000000
55152  -46.043  -20.713  17.850 0.0000000000
56138  -45.582  -20.039  17.390 0.0000000000
57186  -45.949  -19.755  16.973 0.0000000000
57195  -45.703  -19.576  15.997 0.0000000000
57196  -46.712  -19.691  16.200 0.0000000000
56174  -46.672  -19.871  15.222 0.0000000000
56175  -47.519  -20.199  15.382 0.0000000000
56199  -47.386  -20.406  14.524 0.0000000000
56221  -46.484  -20.371  13.457 0.0000000000
56222  -47.356  -20.621  13.666 0.0000000000
138765  -47.802  -20.688  14.107 0.0000000000
55212  -48.204  -20.954  13.711 0.0000000000
55224  -48.522  -21.192  12.944 0.0000000000
56263  -47.396  -20.826  11.375 0.0000000000
55240  -48.147  -20.985  11.766 0.0000000000
121918  -48.842  -21.127  12.200 0.0000000000
125751  -49.816  -20.634  11.029 0.0000000000
44628  -28.114  -32.664  33.952 0.0000000000
46698  -32.509  -30.478  23.940 0.0000000000
46684  -32.800  -30.610  24.537 0.0000000000
46659  -34.313  -30.646  27.087 0.0000000000
46660  -35.265  -30.676  26.097 0.0000000000
121636  -34.940  -30.619  26.909 0.0000000000
46648  -34.769  -30.653  27.838 0.0000000000
46639  -35.263  -30.682  28.601 0.0000000000
127900  -35.896  -30.734  28.856 0.0000000000
125003  -36.561  -31.023  29.902 0.0000000000
45787  -38.497  -31.498  21.479 0.0000000000
45768  -38.992  -31.825  21.904 0.0000000000
119328  -38.017  -31.729  23.164 0.0000000000
45742  -37.694  -31.755  24.522 0.0000000000
115941  -40.679  -32.725  24.320 0.0000000000
44768  -40.314  -32.945  25.851 0.0000000000
136481  -39.964  -32.647  24.783 0.0000000000
44782  -38.485  -32.143  24.644 0.0000000000
117184  -37.232  -31.625  25.197 0.0000000000
45729  -37.486  -31.829  25.957 0.0000000000
131301  -37.380  -31.851  27.299 0.0000000000
44739  -37.936  -32.207  27.460 0.0000000000
45706  -37.434  -31.889  28.089 0.0000000000
138574  -36.864  -31.404  28.411 0.0000000000
45666  -37.147  -31.449  31.197 0.0000000000
45640  -38.306  -31.900  32.782 0.0000000000
44671  -38.822  -32.281  31.761 0.0000000000
138071  -38.490  -32.018  32.235 0.0000000000
44695  -40.985  -33.085  31.011 0.0000000000
44673  -40.869  -32.669  31.978 0.0000000000
38763  -19.571  -38.685  27.705 0.0000000000
38750  -19.916  -38.580  28.572 0.0000000000
138426  -23.038  -35.864  26.361 0.0000000000
39760  -21.084  -37.365  26.755 0.0000000000
39742  -21.023  -37.557  27.772 0.0000000000
40725  -21.743  -36.978  28.143 0.0000000000
39696  -21.033  -37.654  30.401 0.0000000000
40645  -21.048  -37.196  31.988 0.0000000000
44584  -23.425  -32.937  35.788 0.0000000000
56267  -52.270  -20.261  11.800 0.0000000000
56268  -52.913  -20.150  12.046 0.0000000000
56250  -54.112  -20.230  12.748 0.0000000000
57257  -54.322  -19.401  11.635 0.0000000000
57241  -54.603  -19.743  12.258 0.0000000000
56251  -55.006  -20.162  12.920 0.0000000000
124857  -55.962  -20.124  13.116 0.0000000000
56230  -58.430  -20.369  13.631 0.0000000000
58972  -55.437  -17.430  10.579 0.0000000000
58959  -55.807  -17.916  11.121 0.0000000000
58122  -56.179  -18.394  11.631 0.0000000000
58951  -57.935  -17.739  12.323 0.0000000000
58110  -57.302  -18.345  12.192 0.0000000000
58109  -56.637  -18.821  12.100 0.0000000000
57243  -57.293  -19.312  12.564 0.0000000000
57221  -57.812  -19.992  13.111 0.0000000000
137629  -60.541  -20.524  14.244 0.0000000000
56233  -61.157  -20.388  14.148 0.0000000000
57206  -61.756  -19.827  13.730 0.0000000000
63119  -58.436  -12.953  10.627 0.0000000000
62307  -58.951  -13.402  11.261 0.0000000000
63108  -60.820  -12.985  12.166 0.0000000000
62309  -60.119  -13.290  11.918 0.0000000000
61520  -59.829  -14.089  12.163 0.0000000000
61521  -60.425  -14.611  12.716 0.0000000000
61506  -60.973  -15.253  13.266 0.0000000000
60635  -61.643  -15.965  13.808 0.0000000000
60636  -62.597  -15.702  14.097 0.0000000000
125130  -62.528  -16.071  14.082 0.0000000000
59769  -62.850  -16.199  14.123 0.0000000000
69242  -63.843  -5.165  4.894 0.0000000000
70203  -64.419  -4.616  5.020 0.0000000000
69253  -64.598  -5.209  4.319 0.0000000000
70212  -65.153  -4.342  4.669 0.0000000000
70213  -65.835  -3.771  4.281 0.0000000000
67385  -63.600  -7.354  1.887 0.0000000000
68332  -65.188  -6.573  2.774 0.0000000000
68345  -65.181  -7.076  1.718 0.0000000000
137327  -65.931  -6.456  2.614 0.0000000000
68333  -65.968  -6.112  3.064 0.0000000000
69260  -66.604  -5.107  3.172 0.0000000000
70223  -66.854  -3.469  3.086 0.0000000000
71041  -67.287  -2.737  2.562 0.0000000000
71842  -67.787  -2.133  2.118 0.0000000000
71848  -68.054  -2.327  1.415 0.0000000000
71849  -69.375  -1.531  1.176 0.0000000000
119437  -70.320  -1.448  0.927 0.0000000000
68403  -66.675  -6.195  -0.767 0.0000000000
68390  -67.467  -6.278  -0.505 0.0000000000
69303  -68.860  -5.202  -0.470 0.0000000000
135841  -69.275  -4.456  -1.099 0.0000000000
118691  -69.163  -3.430  -1.065 0.0000000000
71868  -70.068  -1.588  -0.638 0.0000000000
71942  -71.992  -1.281  -5.066 0.0000000000
33055  -14.721  -45.535  35.829 0.0000000000
35920  -17.608  -40.899  37.780 0.0000000000
35948  -18.160  -41.697  32.250 0.0000000000
36865  -18.865  -40.923  32.927 0.0000000000
39658  -20.162  -37.992  33.828 0.0000000000
39669  -20.675  -37.811  32.429 0.0000000000
43598  -22.937  -33.440  34.215 0.0000000000
43611  -23.508  -33.565  32.633 0.0000000000
43613  -25.065  -33.114  31.921 0.0000000000
43622  -24.392  -33.438  31.860 0.0000000000
43666  -27.675  -33.855  28.301 0.0000000000
44624  -23.951  -32.934  33.657 0.0000000000
44711  -30.662  -32.506  29.907 0.0000000000
44726  -37.783  -32.150  28.673 0.0000000000
46628  -36.074  -30.804  29.654 0.0000000000
46658  -33.576  -30.765  26.834 0.0000000000
46683  -32.136  -30.856  24.367 0.0000000000
47658  -49.282  -28.932  21.472 0.0000000000
47672  -48.964  -29.177  20.910 0.0000000000
55046  -53.038  -21.090  27.332 0.0000000000
55066  -51.041  -21.350  24.693 0.0000000000
55142  -53.636  -21.836  18.495 0.0000000000
55172  -55.138  -21.561  16.884 0.0000000000
55199  -49.994  -21.446  14.836 0.0000000000
55225  -49.419  -21.262  12.787 0.0000000000
55239  -47.525  -20.870  12.194 0.0000000000
56109  -47.747  -20.454  19.163 0.0000000000
56161  -56.792  -20.753  16.720 0.0000000000
56204  -56.498  -20.525  14.345 0.0000000000
57271  -51.744  -19.648  10.399 0.0000000000
58939  -59.994  -17.297  13.212 0.0000000000
58952  -58.595  -17.195  12.507 0.0000000000
58953  -59.323  -17.435  12.852 0.0000000000
59784  -60.354  -16.680  13.381 0.0000000000
59812  -58.144  -16.002  11.819 0.0000000000
60706  -56.275  -15.146  9.931 0.0000000000
61534  -59.224  -13.990  11.722 0.0000000000
61558  -56.005  -14.739  9.387 0.0000000000
61572  -56.404  -14.114  9.380 0.0000000000
62308  -59.546  -13.518  11.696 0.0000000000
62330  -57.251  -13.611  9.960 0.0000000000
63896  -59.259  -11.703  10.412 0.0000000000
64630  -62.978  -10.972  12.103 0.0000000000
64691  -56.426  -10.408  7.583 0.0000000000
66366  -61.896  -8.706  10.126 0.0000000000
66386  -61.801  -7.845  9.789 0.0000000000
67402  -63.142  -7.499  1.162 0.0000000000
67410  -61.654  -7.425  0.543 0.0000000000
68233  -63.824  -6.619  11.084 0.0000000000
68279  -61.590  -6.650  8.486 0.0000000000
68346  -65.941  -6.727  2.083 0.0000000000
68374  -67.918  -6.224  0.163 0.0000000000
68391  -68.274  -6.018  -0.476 0.0000000000
69183  -63.443  -5.623  10.273 0.0000000000
69207  -63.907  -5.030  9.927 0.0000000000
69326  -68.329  -5.493  -2.472 0.0000000000
71116  -66.822  -3.389  -4.160 0.0000000000
118271  -34.979  -30.523  24.754 0.0000000000
119907  -62.642  -11.666  12.391 0.0000000000
120902  -56.504  -17.636  11.415 0.0000000000
122632  -20.165  -38.737  31.097 0.0000000000
124357  -64.465  -4.397  5.666 0.0000000000
126590  -55.994  -20.437  13.790 0.0000000000
128499  -59.825  -14.845  12.504 0.0000000000
133064  -35.672  -30.712  28.042 0.0000000000
134421  -61.220  -18.694  13.245 0.0000000000
134971  -66.832  -6.446  -0.180 0.0000000000
135803  -63.133  -6.121  10.405 0.0000000000
136566  -58.076  -19.413  12.783 0.0000000000
136616  -32.741  -31.582  29.755 0.0000000000
136703  -33.906  -30.206  24.248 0.0000000000
136778  -59.305  -20.545  15.074 0.0000000000
138241  -61.485  -19.566  17.347 0.0000000000
138627  -68.609  -1.752  1.376 0.0000000000
138790  -45.044  -33.964  28.710 0.0000000000
138932  -53.644  -21.332  14.702 0.0000000000
140233  -44.509  -19.792  15.627 0.0000000000
