#!ascii label  , from subject sub-v1s10x0051010_ses-1 vox2ras=TkReg
861
92340  39.665  18.534  16.210 0.0000000000
94660  45.030  21.807  10.717 0.0000000000
93966  39.650  21.661  -1.961 0.0000000000
90972  46.315  16.264  3.955 0.0000000000
91585  46.007  18.930  21.365 0.0000000000
96146  37.821  23.533  4.632 0.0000000000
93156  45.850  19.511  5.334 0.0000000000
93188  34.452  19.664  2.240 0.0000000000
133926  42.271  23.482  9.915 0.0000000000
96017  45.216  23.434  17.539 0.0000000000
91627  41.581  16.928  15.293 0.0000000000
134297  36.362  23.449  -1.716 0.0000000000
92492  38.238  17.885  -0.880 0.0000000000
96142  44.389  24.488  4.084 0.0000000000
93938  46.191  20.822  -1.108 0.0000000000
95477  34.818  22.502  3.524 0.0000000000
95342  41.281  23.644  16.016 0.0000000000
127907  41.908  21.177  16.871 0.0000000000
90851  43.318  17.009  17.458 0.0000000000
96817  38.490  24.547  -0.798 0.0000000000
97436  38.106  26.021  -3.451 0.0000000000
95547  37.113  22.832  -4.281 0.0000000000
94767  36.636  21.099  -1.948 0.0000000000
93233  39.968  18.870  -4.349 0.0000000000
96053  47.316  24.487  11.693 0.0000000000
96750  43.932  25.232  7.219 0.0000000000
95425  46.804  23.800  8.543 0.0000000000
93169  48.075  19.307  3.766 0.0000000000
94719  46.933  21.377  2.021 0.0000000000
92460  45.710  18.848  2.324 0.0000000000
93183  43.078  19.439  1.935 0.0000000000
91712  44.660  17.503  4.317 0.0000000000
89372  43.672  14.191  6.615 0.0000000000
90842  40.268  16.794  18.842 0.0000000000
92320  42.590  18.930  18.986 0.0000000000
94733  38.080  22.011  2.168 0.0000000000
93129  42.813  19.091  9.821 0.0000000000
126523  44.065  20.764  8.286 0.0000000000
91673  45.207  17.638  7.143 0.0000000000
91697  48.249  17.714  5.236 0.0000000000
96097  39.381  24.531  8.386 0.0000000000
94661  40.792  21.767  11.066 0.0000000000
95362  44.322  23.986  13.644 0.0000000000
95350  46.869  23.468  14.500 0.0000000000
93075  45.226  20.258  19.777 0.0000000000
93839  44.468  20.747  16.447 0.0000000000
93849  42.991  20.280  13.560 0.0000000000
90897  41.381  16.753  11.360 0.0000000000
90062  38.143  15.253  19.386 0.0000000000
98768  36.297  27.245  -0.174 0.0000000000
96803  35.532  24.564  1.691 0.0000000000
132185  35.353  21.707  0.830 0.0000000000
93198  36.969  19.886  1.135 0.0000000000
91730  38.428  17.576  2.617 0.0000000000
122051  40.224  24.940  7.300 0.0000000000
95457  40.312  22.610  4.560 0.0000000000
94742  41.469  21.586  1.341 0.0000000000
95445  45.146  23.476  4.699 0.0000000000
96173  44.981  23.881  1.270 0.0000000000
93953  43.050  21.289  -2.933 0.0000000000
93207  42.400  19.014  -0.977 0.0000000000
92463  40.548  18.549  2.423 0.0000000000
95461  34.430  22.931  4.257 0.0000000000
96159  35.008  23.446  3.747 0.0000000000
94578  39.702  21.789  16.372 0.0000000000
93095  40.734  19.894  16.477 0.0000000000
95520  38.799  22.470  -1.343 0.0000000000
96196  38.545  24.148  -3.192 0.0000000000
94779  38.643  22.341  -3.997 0.0000000000
93981  38.473  21.137  -4.438 0.0000000000
93974  39.943  20.798  -4.632 0.0000000000
95379  47.359  23.477  11.508 0.0000000000
96078  47.466  24.261  9.787 0.0000000000
95410  46.725  23.052  9.686 0.0000000000
91721  47.155  17.609  2.990 0.0000000000
92459  47.118  19.252  2.615 0.0000000000
91722  45.964  17.575  3.212 0.0000000000
92446  44.769  18.360  3.021 0.0000000000
91711  45.403  17.198  4.011 0.0000000000
90199  45.408  15.522  4.906 0.0000000000
90208  46.005  15.605  4.274 0.0000000000
90831  41.385  16.956  20.578 0.0000000000
96167  37.582  23.484  2.215 0.0000000000
95475  37.950  22.765  3.479 0.0000000000
91647  43.040  16.967  9.036 0.0000000000
92379  43.459  18.709  8.373 0.0000000000
91661  44.177  17.218  8.000 0.0000000000
90951  47.373  16.481  6.064 0.0000000000
90206  49.247  15.752  3.770 0.0000000000
90971  49.400  16.739  3.649 0.0000000000
96024  42.929  23.868  16.374 0.0000000000
138798  42.450  22.965  14.171 0.0000000000
96688  45.617  24.886  15.989 0.0000000000
96036  47.065  24.704  14.894 0.0000000000
95340  47.082  23.891  16.647 0.0000000000
91586  44.958  18.975  21.018 0.0000000000
92319  44.652  19.836  19.920 0.0000000000
92318  45.312  19.619  20.195 0.0000000000
91617  42.625  17.244  16.586 0.0000000000
92336  44.244  19.201  17.899 0.0000000000
93103  42.718  19.059  15.593 0.0000000000
93845  43.249  20.335  14.464 0.0000000000
93115  41.902  19.167  13.911 0.0000000000
92361  41.469  18.247  12.496 0.0000000000
135284  41.141  17.477  13.126 0.0000000000
144484  43.215  13.331  11.579 0.0000000000
96824  36.979  25.071  -3.118 0.0000000000
98780  37.618  26.688  -1.743 0.0000000000
97423  36.361  25.728  -0.848 0.0000000000
97424  35.662  25.921  0.747 0.0000000000
143811  36.120  24.696  0.234 0.0000000000
95502  35.679  22.456  1.164 0.0000000000
95514  36.026  22.817  -0.476 0.0000000000
92500  37.547  18.574  -1.469 0.0000000000
93944  36.857  20.271  -0.407 0.0000000000
92485  37.349  18.144  0.125 0.0000000000
93185  37.568  18.796  2.110 0.0000000000
92476  38.860  18.055  1.156 0.0000000000
96082  40.370  23.577  9.521 0.0000000000
122771  40.028  25.177  8.031 0.0000000000
96728  41.660  24.663  8.885 0.0000000000
96772  43.561  24.600  5.813 0.0000000000
96115  42.330  24.163  6.099 0.0000000000
95455  42.282  22.928  4.120 0.0000000000
94721  40.853  21.867  3.110 0.0000000000
95470  42.600  22.772  3.298 0.0000000000
138952  44.549  20.367  6.281 0.0000000000
122492  44.788  22.429  6.648 0.0000000000
131091  44.596  21.557  5.493 0.0000000000
94740  46.748  21.647  0.464 0.0000000000
95482  45.743  23.161  1.514 0.0000000000
95509  45.539  22.078  -1.106 0.0000000000
94751  44.176  22.251  -1.796 0.0000000000
94772  44.513  21.583  -2.240 0.0000000000
93223  42.828  19.904  -2.690 0.0000000000
93215  43.958  20.061  -1.302 0.0000000000
92448  42.883  18.959  3.591 0.0000000000
93184  42.112  19.303  1.912 0.0000000000
92449  41.796  18.885  3.744 0.0000000000
143570  40.442  18.372  3.676 0.0000000000
134287  37.932  24.518  5.664 0.0000000000
94725  33.626  21.186  3.470 0.0000000000
93923  33.947  20.382  2.557 0.0000000000
94611  39.987  21.786  14.235 0.0000000000
122000  39.716  23.046  16.159 0.0000000000
95333  41.139  23.204  16.405 0.0000000000
94570  43.788  21.984  17.776 0.0000000000
91597  45.222  18.433  19.701 0.0000000000
96823  39.047  25.589  -3.504 0.0000000000
96203  37.584  24.430  -4.021 0.0000000000
134657  36.766  23.617  -3.560 0.0000000000
95528  36.521  22.647  -2.421 0.0000000000
93968  36.881  21.479  -3.792 0.0000000000
93235  37.775  19.950  -3.276 0.0000000000
92499  38.645  18.089  -2.073 0.0000000000
130933  44.805  23.973  10.800 0.0000000000
96727  43.392  24.535  9.184 0.0000000000
96725  46.037  24.930  9.269 0.0000000000
134374  45.673  25.284  7.393 0.0000000000
96770  45.812  25.346  4.964 0.0000000000
126630  46.538  19.862  4.410 0.0000000000
93906  45.986  20.683  3.739 0.0000000000
93905  47.191  20.053  3.546 0.0000000000
93920  47.132  20.755  2.155 0.0000000000
93193  46.275  20.275  1.328 0.0000000000
93930  44.892  20.328  0.189 0.0000000000
93181  45.426  19.435  1.826 0.0000000000
92447  43.830  18.686  3.326 0.0000000000
91698  43.796  17.867  4.739 0.0000000000
88550  44.251  13.960  6.005 0.0000000000
91611  39.611  17.297  17.030 0.0000000000
92330  40.971  18.497  17.428 0.0000000000
91600  40.762  17.494  18.358 0.0000000000
91578  42.534  17.496  20.871 0.0000000000
91566  45.664  18.189  22.558 0.0000000000
96810  37.877  24.416  0.565 0.0000000000
96181  38.143  23.632  0.147 0.0000000000
94745  38.872  21.584  0.749 0.0000000000
93858  43.429  20.512  11.115 0.0000000000
93866  44.394  21.302  9.940 0.0000000000
93877  43.650  20.218  8.729 0.0000000000
93142  44.152  19.395  7.266 0.0000000000
92402  44.745  18.963  6.667 0.0000000000
90938  46.112  16.718  6.816 0.0000000000
91684  46.907  17.622  6.102 0.0000000000
141652  47.000  18.623  5.428 0.0000000000
92413  48.335  18.309  4.734 0.0000000000
91719  48.821  17.332  3.309 0.0000000000
90213  47.603  15.793  2.909 0.0000000000
89394  46.062  14.378  3.597 0.0000000000
95413  40.299  22.618  10.128 0.0000000000
122451  41.791  22.325  11.072 0.0000000000
94625  41.311  22.070  13.628 0.0000000000
95372  42.591  22.706  12.745 0.0000000000
95380  42.939  22.889  11.461 0.0000000000
96048  46.745  24.539  12.573 0.0000000000
119717  47.269  24.343  13.297 0.0000000000
94634  45.525  22.040  12.985 0.0000000000
93085  42.005  19.654  17.678 0.0000000000
138350  43.775  20.688  18.627 0.0000000000
93809  45.528  21.053  19.048 0.0000000000
92327  45.303  19.582  19.542 0.0000000000
93083  45.533  20.745  18.977 0.0000000000
94575  45.956  21.781  18.280 0.0000000000
94595  44.707  21.313  15.561 0.0000000000
94624  44.401  21.242  13.459 0.0000000000
93851  43.507  20.626  12.478 0.0000000000
93121  42.457  19.418  11.478 0.0000000000
92368  41.873  17.972  10.698 0.0000000000
90915  42.476  16.672  9.619 0.0000000000
90889  41.341  15.303  12.410 0.0000000000
89331  42.519  14.527  10.279 0.0000000000
90852  39.140  16.756  17.517 0.0000000000
90833  39.756  16.270  19.559 0.0000000000
89235  38.929  14.721  20.804 0.0000000000
143819  37.781  27.863  -1.240 0.0000000000
98764  35.353  27.330  1.170 0.0000000000
96168  35.604  23.687  2.376 0.0000000000
94734  35.118  21.621  1.610 0.0000000000
93934  34.697  20.717  1.494 0.0000000000
93959  35.946  21.516  -0.366 0.0000000000
93210  36.190  20.421  0.400 0.0000000000
139810  35.016  19.721  1.712 0.0000000000
127712  39.008  23.771  5.799 0.0000000000
96763  41.944  24.661  6.897 0.0000000000
96130  40.724  23.537  5.760 0.0000000000
122173  38.853  22.661  4.354 0.0000000000
94723  38.972  21.964  3.196 0.0000000000
94744  39.690  21.266  1.813 0.0000000000
93942  40.074  21.197  0.155 0.0000000000
95432  44.941  22.498  7.493 0.0000000000
96114  45.668  23.988  6.022 0.0000000000
96141  45.621  25.038  4.438 0.0000000000
94711  45.355  21.857  3.453 0.0000000000
96154  45.094  24.281  2.847 0.0000000000
96155  44.677  24.369  3.144 0.0000000000
95499  43.289  22.623  1.248 0.0000000000
94753  41.784  21.507  0.036 0.0000000000
124154  40.747  21.086  -2.238 0.0000000000
93972  41.303  19.858  -4.113 0.0000000000
92506  41.404  18.507  -3.189 0.0000000000
92490  40.461  17.650  -1.360 0.0000000000
93195  42.842  19.500  0.876 0.0000000000
135558  41.588  18.820  -0.029 0.0000000000
92475  39.739  18.133  1.022 0.0000000000
92464  39.585  17.917  1.972 0.0000000000
90183  42.596  15.124  7.438 0.0000000000
96147  34.594  23.848  4.428 0.0000000000
96792  34.938  24.386  3.757 0.0000000000
93840  39.346  19.975  15.821 0.0000000000
93104  39.990  20.485  16.041 0.0000000000
140456  40.332  19.083  16.419 0.0000000000
94766  39.173  21.907  -1.547 0.0000000000
131156  38.877  22.414  -2.652 0.0000000000
94775  39.365  21.896  -3.024 0.0000000000
94774  39.400  21.489  -4.397 0.0000000000
93965  40.298  21.306  -3.360 0.0000000000
94648  45.925  22.375  11.612 0.0000000000
95391  47.001  23.146  10.586 0.0000000000
94659  46.145  22.511  10.914 0.0000000000
92444  46.953  18.364  2.763 0.0000000000
90981  46.171  16.890  3.659 0.0000000000
90973  45.618  16.387  4.448 0.0000000000
96784  37.387  24.406  4.437 0.0000000000
137124  37.497  23.724  3.983 0.0000000000
96157  37.602  23.460  3.235 0.0000000000
95460  37.745  23.214  3.940 0.0000000000
90926  43.517  16.425  8.703 0.0000000000
91662  43.616  17.133  8.476 0.0000000000
90925  44.274  16.349  8.181 0.0000000000
89376  48.638  15.187  4.419 0.0000000000
90211  49.373  15.518  3.153 0.0000000000
89390  49.322  15.592  2.417 0.0000000000
92469  34.902  19.141  2.908 0.0000000000
136877  44.266  23.480  17.224 0.0000000000
96032  44.032  24.350  16.195 0.0000000000
96022  45.958  24.184  17.198 0.0000000000
96684  46.468  24.659  16.541 0.0000000000
95330  46.556  23.436  17.393 0.0000000000
92311  45.522  19.169  20.618 0.0000000000
92310  45.580  19.180  20.637 0.0000000000
91626  42.047  17.476  15.843 0.0000000000
92347  42.203  18.314  15.560 0.0000000000
92355  42.005  18.773  14.865 0.0000000000
92356  41.484  18.237  14.279 0.0000000000
92358  41.404  18.347  13.398 0.0000000000
91633  41.284  17.296  14.525 0.0000000000
96190  36.353  24.498  -1.706 0.0000000000
96818  36.530  25.351  -1.866 0.0000000000
96811  36.234  24.920  -0.666 0.0000000000
96182  36.205  23.939  -0.338 0.0000000000
92493  37.106  18.367  -0.525 0.0000000000
92477  38.192  18.443  0.992 0.0000000000
92484  38.703  17.898  0.203 0.0000000000
96081  41.415  23.789  9.579 0.0000000000
96729  40.880  24.405  9.063 0.0000000000
96127  44.041  24.595  4.944 0.0000000000
96128  42.717  23.859  5.335 0.0000000000
96143  43.096  23.725  4.544 0.0000000000
96156  43.441  23.693  3.684 0.0000000000
93157  44.956  19.913  5.784 0.0000000000
93898  44.699  20.727  5.582 0.0000000000
93937  46.578  21.288  -0.397 0.0000000000
95508  46.304  21.870  -0.375 0.0000000000
93950  46.083  21.381  -1.211 0.0000000000
94762  44.978  21.786  -1.789 0.0000000000
93951  45.325  21.109  -1.633 0.0000000000
93952  44.520  20.725  -1.746 0.0000000000
93939  45.160  20.442  -1.189 0.0000000000
92431  42.477  18.634  4.404 0.0000000000
92432  41.546  18.449  4.763 0.0000000000
95478  34.015  22.066  3.871 0.0000000000
94724  34.328  21.617  3.121 0.0000000000
94736  33.879  20.867  2.859 0.0000000000
95354  38.777  22.561  15.650 0.0000000000
95344  39.075  22.813  16.129 0.0000000000
142145  40.887  21.164  16.387 0.0000000000
94577  40.367  22.567  16.421 0.0000000000
94576  41.495  22.081  16.603 0.0000000000
140816  42.070  22.694  16.701 0.0000000000
140556  42.689  21.758  17.157 0.0000000000
96816  39.080  25.523  -1.917 0.0000000000
121600  38.923  24.803  -2.672 0.0000000000
95537  37.597  23.604  -4.114 0.0000000000
96202  38.178  24.458  -3.987 0.0000000000
96828  37.301  24.705  -3.975 0.0000000000
96204  37.111  23.663  -4.111 0.0000000000
95538  36.655  22.783  -3.943 0.0000000000
94780  36.754  22.193  -4.095 0.0000000000
93240  39.050  20.474  -4.522 0.0000000000
93975  38.362  20.446  -4.216 0.0000000000
93234  38.872  19.509  -3.997 0.0000000000
93225  38.102  18.917  -2.692 0.0000000000
92509  39.260  18.442  -3.269 0.0000000000
123728  46.128  24.389  10.877 0.0000000000
96067  45.063  24.372  10.056 0.0000000000
96716  46.643  24.718  10.094 0.0000000000
96094  47.162  24.348  9.023 0.0000000000
96735  46.644  24.833  8.763 0.0000000000
96095  46.439  24.572  7.971 0.0000000000
96748  45.985  25.132  6.802 0.0000000000
96106  46.054  24.675  6.796 0.0000000000
93163  47.666  19.528  4.163 0.0000000000
93170  47.576  19.722  3.496 0.0000000000
93179  47.260  20.158  2.889 0.0000000000
93180  46.892  19.891  2.033 0.0000000000
93921  47.009  20.701  1.556 0.0000000000
91723  45.069  17.779  3.500 0.0000000000
92430  44.270  18.162  3.863 0.0000000000
90965  44.381  17.051  5.177 0.0000000000
89378  45.188  14.817  5.101 0.0000000000
90200  44.797  15.322  5.501 0.0000000000
91601  39.987  17.005  17.824 0.0000000000
91589  41.086  17.269  19.383 0.0000000000
90821  43.140  17.304  21.634 0.0000000000
91567  44.478  17.882  22.173 0.0000000000
90815  44.976  17.593  22.482 0.0000000000
95501  37.740  22.699  1.712 0.0000000000
96174  37.639  23.538  1.179 0.0000000000
95500  38.335  22.103  1.151 0.0000000000
142468  38.671  21.930  0.467 0.0000000000
93124  43.137  19.942  10.248 0.0000000000
93867  43.632  20.462  9.578 0.0000000000
93128  43.277  19.660  9.314 0.0000000000
92391  43.921  18.619  7.725 0.0000000000
93143  43.672  19.329  7.951 0.0000000000
92390  44.640  18.417  7.139 0.0000000000
126603  45.753  16.172  7.174 0.0000000000
90937  46.487  16.104  6.681 0.0000000000
90963  48.431  16.923  5.279 0.0000000000
90952  46.768  16.971  6.401 0.0000000000
92400  46.581  18.164  6.033 0.0000000000
92414  47.509  18.112  5.478 0.0000000000
93154  47.688  18.835  4.817 0.0000000000
90979  49.381  16.672  3.115 0.0000000000
91710  49.243  17.444  3.829 0.0000000000
90983  48.600  16.496  2.701 0.0000000000
134659  48.051  17.325  3.004 0.0000000000
94662  39.935  21.542  11.138 0.0000000000
95395  39.653  22.112  10.437 0.0000000000
95394  40.345  22.002  10.618 0.0000000000
95393  40.980  22.318  10.464 0.0000000000
94610  40.686  22.312  14.489 0.0000000000
143218  40.616  21.737  13.689 0.0000000000
95352  41.610  22.716  14.509 0.0000000000
96043  43.206  23.529  14.364 0.0000000000
95363  42.993  23.140  13.498 0.0000000000
140588  43.055  22.943  12.150 0.0000000000
95371  43.634  23.400  12.772 0.0000000000
96055  44.300  23.684  11.987 0.0000000000
96049  45.158  24.233  12.854 0.0000000000
95349  47.214  24.222  15.319 0.0000000000
95360  47.312  24.403  14.187 0.0000000000
95361  47.116  23.616  13.351 0.0000000000
94623  45.567  22.162  13.894 0.0000000000
91609  41.351  18.230  18.125 0.0000000000
92329  41.815  19.001  17.998 0.0000000000
93076  44.868  20.138  19.982 0.0000000000
93811  44.307  20.290  19.307 0.0000000000
93810  45.056  20.880  19.303 0.0000000000
93074  45.378  20.771  19.215 0.0000000000
91608  44.564  18.275  18.938 0.0000000000
137103  43.414  19.325  16.574 0.0000000000
93093  44.529  20.125  17.560 0.0000000000
93824  45.499  20.995  18.145 0.0000000000
93838  45.389  21.581  16.936 0.0000000000
124493  42.550  19.852  13.980 0.0000000000
127362  43.627  20.716  13.792 0.0000000000
93848  43.567  20.703  13.116 0.0000000000
93855  43.045  20.170  11.892 0.0000000000
93118  42.370  19.622  12.367 0.0000000000
91639  41.239  17.331  12.178 0.0000000000
92365  41.643  18.148  11.595 0.0000000000
91643  41.698  17.309  10.754 0.0000000000
91642  42.055  17.365  10.127 0.0000000000
90905  41.801  16.359  10.487 0.0000000000
90125  41.971  14.900  13.147 0.0000000000
88513  42.642  13.678  10.894 0.0000000000
89330  43.029  13.862  10.195 0.0000000000
90853  38.302  16.531  17.211 0.0000000000
130081  38.017  15.707  18.538 0.0000000000
90078  38.559  16.281  18.122 0.0000000000
90068  38.875  15.895  19.222 0.0000000000
90060  39.491  15.716  20.306 0.0000000000
90061  38.823  15.310  20.182 0.0000000000
98080  36.652  26.513  -0.954 0.0000000000
98775  37.163  27.234  -1.050 0.0000000000
99495  37.027  28.066  -0.451 0.0000000000
122074  36.230  28.005  0.182 0.0000000000
99491  35.891  28.312  0.707 0.0000000000
98769  35.798  27.638  0.592 0.0000000000
124046  35.751  25.059  0.884 0.0000000000
96796  35.300  24.521  2.486 0.0000000000
94746  35.078  21.156  0.983 0.0000000000
94768  36.415  21.819  -1.398 0.0000000000
93958  36.576  21.042  -0.771 0.0000000000
93209  36.989  20.141  0.402 0.0000000000
139873  36.571  20.645  -0.153 0.0000000000
93199  35.603  20.097  1.151 0.0000000000
131480  35.892  19.590  1.766 0.0000000000
92468  36.066  19.119  2.769 0.0000000000
93186  36.979  19.395  2.062 0.0000000000
92466  37.815  17.992  2.726 0.0000000000
96753  39.607  25.061  7.432 0.0000000000
96118  39.561  24.620  6.654 0.0000000000
128599  39.895  23.721  5.882 0.0000000000
96737  43.374  25.318  7.972 0.0000000000
139517  42.600  25.258  8.139 0.0000000000
96751  42.583  25.137  7.565 0.0000000000
95446  40.976  22.970  5.101 0.0000000000
96129  41.622  23.551  5.578 0.0000000000
95447  40.133  23.066  5.247 0.0000000000
95473  39.523  22.355  3.949 0.0000000000
94730  41.166  21.663  2.293 0.0000000000
94731  40.226  21.509  2.519 0.0000000000
94743  40.573  21.361  1.721 0.0000000000
93931  40.188  21.171  1.030 0.0000000000
94754  40.908  21.332  0.936 0.0000000000
93876  44.138  20.946  9.021 0.0000000000
94676  44.813  21.688  9.318 0.0000000000
94683  44.654  21.699  8.422 0.0000000000
95438  44.792  22.678  5.626 0.0000000000
96126  45.681  24.622  5.150 0.0000000000
93914  46.102  21.339  2.868 0.0000000000
95483  45.405  23.557  1.068 0.0000000000
95467  45.350  23.777  2.256 0.0000000000
96165  45.157  23.982  1.864 0.0000000000
96166  44.847  24.148  2.243 0.0000000000
95484  44.116  23.510  1.732 0.0000000000
95498  44.472  23.214  0.652 0.0000000000
94764  43.787  21.984  -2.580 0.0000000000
94752  43.065  21.938  -0.878 0.0000000000
94765  42.640  21.581  -1.574 0.0000000000
93940  41.786  21.295  -1.391 0.0000000000
125384  42.068  21.010  -3.155 0.0000000000
93964  41.399  20.547  -3.810 0.0000000000
128515  42.063  20.309  -3.365 0.0000000000
93217  42.390  18.992  -2.187 0.0000000000
93224  42.081  19.205  -3.077 0.0000000000
92496  41.457  18.329  -2.274 0.0000000000
92497  40.601  17.802  -2.722 0.0000000000
92489  41.536  18.411  -1.176 0.0000000000
125780  43.884  19.779  1.078 0.0000000000
93205  43.944  19.857  -0.053 0.0000000000
92473  41.192  18.922  1.739 0.0000000000
93196  41.795  19.137  0.956 0.0000000000
92481  40.946  18.709  0.774 0.0000000000
135349  40.275  18.274  0.596 0.0000000000
92474  40.351  18.393  1.432 0.0000000000
92433  40.604  18.186  4.807 0.0000000000
92451  40.031  18.031  4.021 0.0000000000
90193  43.657  15.850  6.431 0.0000000000
90182  43.369  15.053  6.845 0.0000000000
95462  33.750  22.462  4.636 0.0000000000
138183  38.942  22.069  16.389 0.0000000000
93826  41.810  20.327  17.070 0.0000000000
96180  38.699  23.608  -1.489 0.0000000000
95527  38.568  23.111  -2.599 0.0000000000
140375  38.549  22.812  -3.293 0.0000000000
95546  37.936  22.689  -4.232 0.0000000000
136724  37.553  21.921  -4.283 0.0000000000
94786  38.614  21.755  -4.310 0.0000000000
93980  39.362  20.979  -4.566 0.0000000000
93239  39.906  19.966  -4.636 0.0000000000
95378  47.919  24.258  11.542 0.0000000000
96066  47.405  24.379  10.830 0.0000000000
123491  47.733  23.844  10.931 0.0000000000
95390  47.437  23.755  10.180 0.0000000000
125662  46.618  23.171  8.974 0.0000000000
121204  47.894  18.617  3.172 0.0000000000
136256  47.677  19.187  3.086 0.0000000000
92445  45.818  18.229  2.760 0.0000000000
90974  45.009  16.892  4.625 0.0000000000
89386  45.114  14.150  4.852 0.0000000000
90832  40.510  16.593  20.036 0.0000000000
90822  40.764  16.216  20.967 0.0000000000
96802  37.682  24.335  1.685 0.0000000000
124142  37.534  24.298  2.624 0.0000000000
95488  37.785  22.690  2.657 0.0000000000
95487  38.235  22.202  2.974 0.0000000000
92371  42.673  18.327  9.577 0.0000000000
92370  43.104  18.867  9.065 0.0000000000
92380  43.123  17.929  8.861 0.0000000000
130411  43.727  17.906  8.151 0.0000000000
133258  44.402  17.790  7.613 0.0000000000
90198  47.839  15.842  5.632 0.0000000000
90197  48.758  16.040  4.701 0.0000000000
91696  48.824  17.648  4.592 0.0000000000
124600  49.387  16.398  3.893 0.0000000000
90978  49.460  16.179  2.788 0.0000000000
124869  39.806  21.164  11.908 0.0000000000
96033  42.449  23.973  16.056 0.0000000000
95351  42.264  23.399  15.180 0.0000000000
123320  43.383  24.050  15.392 0.0000000000
96031  44.718  24.562  15.268 0.0000000000
96037  45.439  24.652  14.339 0.0000000000
96692  46.691  24.915  15.752 0.0000000000
96030  47.123  24.516  16.105 0.0000000000
95341  46.627  23.168  15.787 0.0000000000
91598  43.125  18.735  19.733 0.0000000000
92312  44.758  19.347  20.377 0.0000000000
130938  45.276  20.057  19.995 0.0000000000
91616  43.572  18.079  17.760 0.0000000000
92337  42.850  18.311  16.497 0.0000000000
93102  43.431  19.990  15.723 0.0000000000
93112  42.595  19.558  14.726 0.0000000000
93119  41.769  19.086  12.881 0.0000000000
89299  42.544  14.067  12.387 0.0000000000
87667  44.231  12.707  11.103 0.0000000000
97437  37.298  25.637  -2.905 0.0000000000
141072  37.907  26.392  -2.532 0.0000000000
97430  37.069  26.149  -2.054 0.0000000000
98074  36.095  26.259  -0.055 0.0000000000
136412  36.061  25.402  0.120 0.0000000000
96812  36.059  24.148  0.818 0.0000000000
96175  35.950  23.425  1.523 0.0000000000
96183  36.085  23.149  0.565 0.0000000000
95515  35.650  22.194  0.282 0.0000000000
93957  36.856  20.231  -1.501 0.0000000000
93218  36.863  19.079  -0.938 0.0000000000
125682  36.799  18.833  -0.084 0.0000000000
93208  37.424  19.365  1.078 0.0000000000
93197  37.345  19.346  1.587 0.0000000000
138288  37.741  18.792  1.449 0.0000000000
124981  38.328  18.013  1.847 0.0000000000
96096  40.183  24.432  8.733 0.0000000000
96739  40.951  25.017  8.355 0.0000000000
142148  40.698  25.199  7.794 0.0000000000
96762  43.086  24.762  6.655 0.0000000000
96144  41.940  23.201  4.853 0.0000000000
95456  41.246  22.612  4.386 0.0000000000
95472  40.547  22.240  3.829 0.0000000000
95471  41.532  22.350  3.629 0.0000000000
95486  41.845  22.140  2.808 0.0000000000
93891  44.318  20.368  7.025 0.0000000000
94690  44.425  21.241  7.498 0.0000000000
94696  44.528  21.322  6.375 0.0000000000
94704  44.698  22.199  4.984 0.0000000000
93927  46.994  21.295  1.373 0.0000000000
94728  46.671  22.083  1.322 0.0000000000
95496  46.156  22.605  0.667 0.0000000000
95497  45.409  22.951  0.223 0.0000000000
95510  44.655  22.570  -0.599 0.0000000000
94763  44.329  22.040  -2.420 0.0000000000
94773  43.829  21.757  -2.613 0.0000000000
93963  43.075  21.005  -2.965 0.0000000000
93222  43.747  20.674  -2.273 0.0000000000
93216  43.182  19.575  -1.847 0.0000000000
93171  43.419  19.161  2.719 0.0000000000
93172  42.442  19.197  2.826 0.0000000000
92462  41.492  19.021  2.717 0.0000000000
92450  40.852  18.675  3.350 0.0000000000
125596  40.882  18.525  4.107 0.0000000000
96132  37.737  24.188  5.107 0.0000000000
93922  34.249  20.206  2.030 0.0000000000
95353  39.752  22.825  15.587 0.0000000000
95343  40.387  23.300  16.113 0.0000000000
95335  39.403  22.729  16.263 0.0000000000
95334  40.231  23.170  16.207 0.0000000000
96026  40.855  23.399  16.135 0.0000000000
95332  42.274  23.401  16.529 0.0000000000
95331  43.445  23.493  16.906 0.0000000000
95324  44.392  22.729  17.624 0.0000000000
91596  45.598  17.614  19.965 0.0000000000
132386  44.026  17.081  18.384 0.0000000000
90859  42.708  16.543  16.355 0.0000000000
90860  42.083  16.705  15.856 0.0000000000
90872  41.842  16.236  15.282 0.0000000000
90874  41.410  16.423  14.606 0.0000000000
97435  39.225  26.116  -3.176 0.0000000000
97441  38.737  25.869  -3.751 0.0000000000
127940  38.798  25.005  -3.760 0.0000000000
96827  38.173  25.426  -3.927 0.0000000000
97443  37.777  25.509  -3.862 0.0000000000
96197  36.702  24.255  -2.812 0.0000000000
94776  36.544  21.783  -3.124 0.0000000000
93967  36.894  20.663  -2.861 0.0000000000
93976  37.541  20.885  -3.982 0.0000000000
93226  37.257  19.518  -2.058 0.0000000000
123019  39.297  17.644  -1.614 0.0000000000
96080  43.085  23.767  9.848 0.0000000000
134883  42.374  24.248  9.370 0.0000000000
137230  43.946  24.133  9.705 0.0000000000
96726  44.645  24.791  9.108 0.0000000000
134733  44.009  25.087  8.444 0.0000000000
96724  46.976  24.832  9.512 0.0000000000
96736  45.525  25.215  8.269 0.0000000000
132166  44.695  25.389  7.678 0.0000000000
96749  45.339  25.391  6.839 0.0000000000
96771  45.012  25.309  5.352 0.0000000000
96783  45.398  25.064  4.622 0.0000000000
93897  45.389  20.276  4.898 0.0000000000
93913  46.956  20.622  2.763 0.0000000000
93928  46.877  21.083  0.707 0.0000000000
93929  46.009  20.702  0.308 0.0000000000
93194  45.014  19.978  1.172 0.0000000000
93182  44.129  19.468  1.890 0.0000000000
92461  44.472  18.946  2.513 0.0000000000
123064  43.399  18.525  4.161 0.0000000000
126271  43.636  17.393  5.444 0.0000000000
90201  44.357  15.919  5.873 0.0000000000
90964  44.907  16.242  5.225 0.0000000000
89371  44.198  14.962  6.200 0.0000000000
91618  39.893  17.885  16.687 0.0000000000
92339  40.406  18.439  16.775 0.0000000000
91610  40.424  17.773  17.384 0.0000000000
91599  41.761  18.044  19.007 0.0000000000
91588  42.133  17.804  19.892 0.0000000000
91587  43.462  18.468  20.449 0.0000000000
91576  45.388  18.529  21.948 0.0000000000
91575  46.464  18.401  22.389 0.0000000000
96809  38.233  25.167  -0.137 0.0000000000
95512  38.591  22.629  -0.004 0.0000000000
94755  38.948  21.789  -0.265 0.0000000000
93956  39.477  21.581  -0.901 0.0000000000
94649  44.337  21.312  11.198 0.0000000000
124010  43.756  20.811  10.421 0.0000000000
93137  43.480  19.501  8.545 0.0000000000
93884  43.822  20.153  7.897 0.0000000000
93149  44.607  19.667  6.528 0.0000000000
93148  45.298  19.170  6.123 0.0000000000
90939  45.061  16.281  7.567 0.0000000000
120655  45.532  16.885  7.189 0.0000000000
91685  46.101  17.475  6.629 0.0000000000
92401  45.555  18.349  6.527 0.0000000000
92415  46.206  18.803  5.759 0.0000000000
93155  46.869  19.204  4.976 0.0000000000
92429  48.273  18.917  4.224 0.0000000000
92412  48.766  18.234  4.173 0.0000000000
92443  48.447  18.648  3.791 0.0000000000
91720  48.238  18.021  3.271 0.0000000000
90980  47.190  16.611  3.267 0.0000000000
90207  46.689  15.682  3.627 0.0000000000
89393  46.953  14.950  3.088 0.0000000000
96083  39.485  23.724  9.148 0.0000000000
95412  40.946  22.973  9.972 0.0000000000
96069  41.690  22.899  10.232 0.0000000000
94638  39.620  21.084  12.741 0.0000000000
94637  40.350  21.308  12.366 0.0000000000
133903  40.909  21.629  12.914 0.0000000000
95373  41.729  22.124  12.752 0.0000000000
94636  41.190  21.751  11.925 0.0000000000
95381  42.201  22.363  11.978 0.0000000000
95392  42.778  23.108  10.582 0.0000000000
96068  43.957  23.497  11.101 0.0000000000
96054  45.583  24.198  11.509 0.0000000000
96042  46.553  24.691  13.616 0.0000000000
96047  47.834  24.293  12.289 0.0000000000
95369  47.794  23.929  12.581 0.0000000000
95370  46.525  22.873  12.476 0.0000000000
126797  44.984  21.700  12.137 0.0000000000
92338  41.081  19.145  17.014 0.0000000000
93094  41.392  19.715  16.959 0.0000000000
92328  43.261  19.713  18.916 0.0000000000
122800  42.960  20.221  18.235 0.0000000000
93825  42.792  20.845  17.624 0.0000000000
120112  43.880  21.305  18.338 0.0000000000
94569  45.111  21.623  18.668 0.0000000000
95323  45.775  22.526  18.207 0.0000000000
93084  45.315  20.321  19.426 0.0000000000
93816  45.644  21.072  18.869 0.0000000000
94568  45.755  21.539  18.474 0.0000000000
95322  46.244  22.572  18.032 0.0000000000
94593  46.368  22.781  17.293 0.0000000000
94594  45.617  22.097  16.021 0.0000000000
94608  45.523  22.114  14.947 0.0000000000
124707  43.877  20.703  15.248 0.0000000000
94609  44.305  21.153  14.431 0.0000000000
94635  44.240  21.166  12.672 0.0000000000
93854  43.847  20.926  11.921 0.0000000000
93859  42.893  19.854  11.058 0.0000000000
93125  42.594  19.239  10.629 0.0000000000
93122  41.898  18.906  11.955 0.0000000000
92364  42.080  18.707  11.073 0.0000000000
92367  42.348  18.538  10.280 0.0000000000
131612  42.254  17.965  10.016 0.0000000000
90914  43.084  16.053  9.204 0.0000000000
90883  41.346  15.978  13.950 0.0000000000
132304  41.068  16.510  13.151 0.0000000000
90896  41.364  15.662  11.493 0.0000000000
89318  42.136  14.109  11.318 0.0000000000
90149  41.833  15.122  10.798 0.0000000000
127228  42.460  15.600  9.822 0.0000000000
89342  43.161  14.932  9.454 0.0000000000
92341  38.820  18.211  15.921 0.0000000000
91619  39.231  17.701  16.423 0.0000000000
90843  39.426  16.505  18.482 0.0000000000
123651  39.417  15.179  20.804 0.0000000000
98075  35.708  26.817  0.599 0.0000000000
98067  35.321  26.473  1.323 0.0000000000
98068  34.976  27.051  1.821 0.0000000000
96158  35.297  23.967  3.110 0.0000000000
95476  35.517  22.997  3.053 0.0000000000
95489  35.687  22.691  2.183 0.0000000000
95490  35.137  22.106  2.690 0.0000000000
94735  34.331  21.038  2.239 0.0000000000
95521  36.223  22.537  -1.216 0.0000000000
95522  35.844  22.005  -0.449 0.0000000000
94756  35.514  21.418  0.350 0.0000000000
93945  35.813  20.993  0.071 0.0000000000
93933  35.228  20.690  0.844 0.0000000000
93200  34.748  20.130  1.557 0.0000000000
93187  35.122  19.414  2.204 0.0000000000
92467  37.105  18.812  2.867 0.0000000000
122153  39.221  25.053  7.739 0.0000000000
96773  38.514  24.666  6.307 0.0000000000
96131  38.244  23.878  5.452 0.0000000000
96145  38.630  23.087  5.025 0.0000000000
134314  41.933  25.170  8.266 0.0000000000
96752  41.477  25.160  7.673 0.0000000000
96764  41.003  24.785  7.098 0.0000000000
96116  41.329  24.090  6.315 0.0000000000
96117  40.468  24.292  6.481 0.0000000000
95459  38.187  22.874  4.229 0.0000000000
95474  38.591  22.456  3.703 0.0000000000
137342  38.579  21.768  2.541 0.0000000000
94722  39.893  21.852  3.238 0.0000000000
94732  39.305  21.545  2.564 0.0000000000
121153  38.765  21.505  1.752 0.0000000000
93932  39.431  21.246  0.990 0.0000000000
93943  39.403  21.385  0.066 0.0000000000
93955  40.071  21.324  -0.829 0.0000000000
135029  45.646  22.248  10.052 0.0000000000
95411  45.682  22.411  9.126 0.0000000000
95431  46.175  23.752  7.612 0.0000000000
138179  45.565  23.476  6.820 0.0000000000
96113  45.932  25.247  5.616 0.0000000000
139058  45.757  25.299  4.758 0.0000000000
93907  44.896  21.303  4.629 0.0000000000
94712  45.040  22.694  4.102 0.0000000000
94720  45.861  22.398  2.320 0.0000000000
95468  45.311  23.687  3.140 0.0000000000
95454  45.377  24.178  3.954 0.0000000000
125898  45.246  24.490  3.735 0.0000000000
125112  45.273  24.587  3.800 0.0000000000
95469  43.771  23.640  2.748 0.0000000000
95485  42.922  22.696  2.345 0.0000000000
94729  42.167  22.028  1.853 0.0000000000
95511  43.691  22.423  -0.062 0.0000000000
94741  42.508  21.957  0.688 0.0000000000
93941  40.831  21.267  0.070 0.0000000000
93954  40.849  21.147  -1.100 0.0000000000
130408  40.040  21.430  -1.708 0.0000000000
93973  40.769  20.230  -4.466 0.0000000000
93232  40.803  19.102  -4.417 0.0000000000
93231  41.513  19.228  -3.786 0.0000000000
92508  40.331  18.144  -3.760 0.0000000000
124873  39.954  17.335  -1.862 0.0000000000
92491  39.471  17.596  -0.948 0.0000000000
93206  43.128  19.483  -0.512 0.0000000000
139832  42.309  19.233  0.130 0.0000000000
92482  40.741  18.283  -0.177 0.0000000000
92483  39.807  17.961  0.003 0.0000000000
123173  39.305  18.076  0.755 0.0000000000
92465  38.923  17.614  1.924 0.0000000000
91724  39.073  17.580  2.705 0.0000000000
123744  39.956  18.153  3.107 0.0000000000
138738  39.350  17.703  3.474 0.0000000000
89384  46.272  15.042  3.879 0.0000000000
89385  45.648  14.754  4.434 0.0000000000
88500  42.820  13.517  11.622 0.0000000000
88527  43.479  13.176  10.221 0.0000000000
90139  41.611  14.675  11.927 0.0000000000
90169  43.654  15.627  8.735 0.0000000000
90205  49.528  16.131  3.081 0.0000000000
90217  49.329  15.781  2.432 0.0000000000
90816  43.719  17.272  22.045 0.0000000000
90890  41.098  16.133  12.271 0.0000000000
90962  49.231  16.950  4.341 0.0000000000
90982  49.278  16.144  2.574 0.0000000000
91565  46.378  17.987  22.745 0.0000000000
91577  43.896  18.152  21.327 0.0000000000
91637  41.084  16.799  13.869 0.0000000000
91641  41.551  17.575  11.303 0.0000000000
91648  42.577  17.554  9.519 0.0000000000
91674  44.784  17.014  7.599 0.0000000000
91683  47.531  17.313  5.779 0.0000000000
92348  41.679  17.844  15.096 0.0000000000
92442  48.748  18.002  3.725 0.0000000000
92498  39.787  17.609  -2.579 0.0000000000
92507  40.989  18.411  -3.775 0.0000000000
93105  39.836  19.513  15.995 0.0000000000
93114  42.351  19.747  13.246 0.0000000000
93852  42.933  20.216  12.776 0.0000000000
94626  40.143  21.358  13.283 0.0000000000
94650  40.407  21.453  11.647 0.0000000000
95325  43.041  22.667  17.058 0.0000000000
95364  42.126  22.555  13.514 0.0000000000
95368  48.013  23.989  12.146 0.0000000000
95409  47.242  23.769  9.320 0.0000000000
95426  45.744  22.876  8.316 0.0000000000
95458  39.462  22.771  4.772 0.0000000000
95513  37.923  22.878  0.863 0.0000000000
95519  44.721  22.093  -1.787 0.0000000000
95536  38.243  23.382  -3.795 0.0000000000
96016  46.311  23.336  17.605 0.0000000000
96021  46.926  24.108  17.073 0.0000000000
96023  44.395  24.023  16.879 0.0000000000
96025  41.671  23.615  16.154 0.0000000000
96041  47.154  24.684  14.091 0.0000000000
96065  47.685  24.203  10.626 0.0000000000
96079  43.868  23.713  10.354 0.0000000000
96125  45.798  25.361  4.873 0.0000000000
96685  45.309  24.528  16.596 0.0000000000
96696  46.714  24.911  14.321 0.0000000000
96715  47.372  24.538  10.034 0.0000000000
96734  47.261  24.619  9.445 0.0000000000
96738  42.707  24.924  8.605 0.0000000000
96760  45.680  25.324  5.821 0.0000000000
96761  44.535  25.250  6.299 0.0000000000
97442  38.318  25.750  -3.846 0.0000000000
119981  40.813  23.108  15.475 0.0000000000
128549  46.122  25.028  7.783 0.0000000000
129769  47.202  23.391  12.107 0.0000000000
134006  39.300  17.961  1.367 0.0000000000
134965  44.118  24.150  14.557 0.0000000000
137223  41.156  17.643  13.828 0.0000000000
137742  46.210  24.965  15.077 0.0000000000
139294  39.418  23.224  5.354 0.0000000000
141917  44.296  21.286  10.560 0.0000000000
142791  41.463  23.240  15.369 0.0000000000
