#!ascii label  , from subject sub-v1s10x0051089_ses-1 vox2ras=TkReg
1565
48753  -43.488  -21.394  12.499 0.0000000000
59670  -57.213  -9.067  8.792 0.0000000000
54917  -48.173  -14.242  10.338 0.0000000000
29082  -18.295  -40.982  32.257 0.0000000000
46766  -38.199  -23.057  18.329 0.0000000000
33132  -35.484  -37.811  29.582 0.0000000000
36045  -45.314  -34.577  27.595 0.0000000000
42073  -46.939  -28.086  23.071 0.0000000000
44806  -43.283  -24.968  23.612 0.0000000000
35118  -26.170  -35.413  26.053 0.0000000000
34109  -31.656  -36.544  31.431 0.0000000000
35120  -30.285  -34.624  25.061 0.0000000000
36133  -39.723  -34.356  21.993 0.0000000000
38252  -45.069  -32.632  21.922 0.0000000000
46752  -47.179  -24.331  18.917 0.0000000000
49572  -49.057  -20.028  17.511 0.0000000000
111083  -53.490  -12.376  9.916 0.0000000000
52382  -45.355  -16.947  11.800 0.0000000000
61697  -52.543  -6.937  3.511 0.0000000000
27289  -15.140  -43.014  32.902 0.0000000000
47748  -43.995  -23.059  22.331 0.0000000000
114074  -42.141  -23.596  15.732 0.0000000000
35166  -35.132  -35.543  23.987 0.0000000000
34176  -40.174  -36.310  27.550 0.0000000000
54021  -50.275  -14.711  16.593 0.0000000000
63599  -60.478  -5.323  1.566 0.0000000000
42110  -46.208  -28.510  19.791 0.0000000000
43954  -44.600  -26.731  19.577 0.0000000000
122276  -27.693  -34.422  25.978 0.0000000000
37239  -42.051  -32.971  19.730 0.0000000000
39330  -44.440  -31.291  19.579 0.0000000000
40193  -46.500  -30.597  22.349 0.0000000000
47814  -45.939  -23.253  16.222 0.0000000000
47787  -48.769  -22.436  18.128 0.0000000000
48728  -46.202  -21.051  14.807 0.0000000000
57740  -55.143  -10.911  9.122 0.0000000000
57703  -56.589  -11.529  12.331 0.0000000000
60659  -58.067  -7.844  7.957 0.0000000000
29128  -16.365  -40.988  29.039 0.0000000000
28209  -16.881  -41.930  31.955 0.0000000000
45780  -40.478  -24.020  21.310 0.0000000000
125175  -41.772  -23.137  23.269 0.0000000000
47758  -40.491  -22.714  21.007 0.0000000000
126439  -42.519  -23.000  18.819 0.0000000000
47813  -39.379  -22.515  17.225 0.0000000000
110430  -34.134  -37.553  30.545 0.0000000000
33070  -34.454  -37.980  33.185 0.0000000000
32040  -36.493  -38.472  32.013 0.0000000000
110148  -38.031  -38.406  31.253 0.0000000000
36157  -32.266  -34.712  21.583 0.0000000000
36177  -34.868  -34.617  20.424 0.0000000000
36075  -42.421  -34.540  25.230 0.0000000000
35130  -40.211  -35.068  25.237 0.0000000000
35091  -42.289  -35.358  27.261 0.0000000000
129953  -42.844  -37.037  30.228 0.0000000000
113393  -22.418  -38.049  28.827 0.0000000000
33078  -24.571  -37.186  32.233 0.0000000000
33033  -24.854  -37.878  35.228 0.0000000000
54896  -46.102  -14.865  11.829 0.0000000000
53210  -47.710  -16.269  14.289 0.0000000000
54862  -48.876  -14.555  13.881 0.0000000000
63620  -62.559  -4.926  -0.443 0.0000000000
126317  -18.332  -41.125  35.677 0.0000000000
42063  -46.696  -27.978  25.616 0.0000000000
122582  -45.913  -25.671  26.032 0.0000000000
121439  -45.876  -26.314  22.330 0.0000000000
44846  -42.435  -25.477  19.824 0.0000000000
35065  -25.982  -35.669  28.593 0.0000000000
34106  -28.922  -35.907  31.846 0.0000000000
35067  -28.288  -35.138  28.910 0.0000000000
110054  -31.025  -35.520  27.903 0.0000000000
34170  -33.283  -36.658  27.712 0.0000000000
36180  -37.631  -34.471  20.491 0.0000000000
37217  -39.621  -33.977  20.005 0.0000000000
37177  -42.367  -33.776  22.659 0.0000000000
126347  -45.287  -34.329  24.909 0.0000000000
37156  -46.974  -32.743  24.707 0.0000000000
40153  -46.412  -30.050  25.780 0.0000000000
34186  -24.302  -37.091  25.816 0.0000000000
46709  -48.929  -23.567  22.625 0.0000000000
46696  -52.613  -23.190  24.106 0.0000000000
46738  -51.047  -22.916  21.056 0.0000000000
49539  -51.561  -20.936  20.189 0.0000000000
55864  -51.463  -13.508  10.314 0.0000000000
54865  -52.203  -14.719  13.709 0.0000000000
55844  -55.022  -13.377  13.175 0.0000000000
24539  -11.813  -47.410  36.453 0.0000000000
50597  -44.329  -19.230  11.689 0.0000000000
54931  -43.145  -14.850  9.674 0.0000000000
54971  -48.132  -14.103  7.830 0.0000000000
129345  -50.675  -13.099  7.479 0.0000000000
112938  -51.982  -11.651  6.511 0.0000000000
58705  -53.760  -10.142  6.266 0.0000000000
125455  -54.572  -8.408  5.395 0.0000000000
60704  -51.987  -8.456  4.286 0.0000000000
28173  -16.671  -42.607  36.228 0.0000000000
27264  -14.251  -43.821  36.640 0.0000000000
25468  -12.975  -45.193  36.814 0.0000000000
110057  -49.223  -22.405  27.825 0.0000000000
45732  -43.917  -23.882  26.045 0.0000000000
47692  -45.138  -22.621  25.314 0.0000000000
46675  -47.617  -22.997  24.014 0.0000000000
46733  -45.500  -23.802  20.502 0.0000000000
46791  -44.323  -24.037  17.140 0.0000000000
46859  -42.928  -23.325  13.880 0.0000000000
33067  -31.614  -37.278  33.629 0.0000000000
35143  -32.640  -35.498  24.140 0.0000000000
34191  -35.696  -36.435  26.586 0.0000000000
35192  -37.299  -34.991  23.297 0.0000000000
35127  -37.763  -35.709  25.862 0.0000000000
33153  -38.405  -37.219  28.652 0.0000000000
33116  -40.870  -37.889  30.474 0.0000000000
30107  -18.433  -39.969  28.903 0.0000000000
116140  -20.151  -39.329  29.364 0.0000000000
31039  -20.149  -39.422  31.521 0.0000000000
50552  -47.184  -19.259  14.415 0.0000000000
52321  -49.019  -17.493  16.584 0.0000000000
53985  -52.066  -15.672  19.016 0.0000000000
55780  -52.450  -12.927  16.641 0.0000000000
62618  -55.928  -6.694  4.944 0.0000000000
63567  -57.432  -5.030  4.684 0.0000000000
65391  -58.908  -2.965  4.044 0.0000000000
62655  -58.439  -6.006  2.133 0.0000000000
66351  -61.661  -1.647  3.429 0.0000000000
41201  -44.629  -29.213  18.270 0.0000000000
43070  -44.250  -27.964  17.909 0.0000000000
42139  -43.141  -28.489  16.854 0.0000000000
39340  -43.209  -31.542  18.645 0.0000000000
40262  -44.207  -30.390  18.494 0.0000000000
40242  -45.374  -29.965  19.300 0.0000000000
47853  -44.146  -22.300  13.808 0.0000000000
48715  -45.874  -21.851  15.161 0.0000000000
48741  -45.192  -21.075  13.833 0.0000000000
58680  -56.171  -10.009  8.867 0.0000000000
58664  -56.618  -10.550  10.435 0.0000000000
59645  -57.666  -9.407  10.363 0.0000000000
59661  -58.115  -8.717  9.980 0.0000000000
60642  -57.639  -8.465  8.369 0.0000000000
29111  -17.608  -41.075  30.656 0.0000000000
29109  -16.216  -41.682  30.381 0.0000000000
29081  -17.595  -41.526  32.062 0.0000000000
129921  -39.404  -23.444  20.031 0.0000000000
47744  -40.179  -22.997  21.310 0.0000000000
47768  -39.056  -22.868  19.507 0.0000000000
47784  -39.429  -22.548  19.048 0.0000000000
47797  -38.550  -22.576  17.936 0.0000000000
33064  -27.377  -37.296  33.934 0.0000000000
110343  -34.736  -37.725  30.138 0.0000000000
33097  -34.727  -37.816  31.213 0.0000000000
32059  -36.239  -38.200  31.007 0.0000000000
112771  -37.124  -38.409  31.382 0.0000000000
32061  -37.445  -38.186  30.642 0.0000000000
36061  -44.138  -34.492  26.102 0.0000000000
36059  -42.481  -34.763  26.059 0.0000000000
35093  -43.629  -34.907  27.912 0.0000000000
35072  -43.582  -35.224  28.605 0.0000000000
34115  -25.352  -36.534  30.745 0.0000000000
124600  -25.427  -36.981  32.140 0.0000000000
33062  -25.645  -37.484  33.659 0.0000000000
46641  -52.079  -22.730  27.098 0.0000000000
54897  -46.660  -14.567  11.448 0.0000000000
126296  -47.296  -14.725  12.720 0.0000000000
116384  -48.419  -14.693  11.973 0.0000000000
118585  -46.785  -27.757  24.623 0.0000000000
43900  -46.702  -26.635  23.656 0.0000000000
43913  -46.606  -26.682  22.739 0.0000000000
43940  -44.013  -26.258  20.135 0.0000000000
44862  -42.172  -25.499  19.024 0.0000000000
44861  -41.194  -24.969  19.186 0.0000000000
35064  -25.892  -35.613  27.788 0.0000000000
35066  -27.370  -35.203  28.843 0.0000000000
35103  -26.985  -34.765  27.086 0.0000000000
36073  -29.437  -34.420  25.438 0.0000000000
36042  -29.074  -34.653  27.063 0.0000000000
35086  -30.753  -35.265  27.016 0.0000000000
35087  -31.657  -35.723  27.258 0.0000000000
35106  -31.533  -35.516  26.438 0.0000000000
37251  -38.463  -33.535  18.512 0.0000000000
38260  -43.635  -32.538  20.604 0.0000000000
130426  -42.301  -33.410  21.163 0.0000000000
118857  -44.050  -33.423  22.474 0.0000000000
36115  -44.202  -33.897  23.885 0.0000000000
113372  -45.555  -33.520  23.324 0.0000000000
37142  -46.989  -33.806  25.179 0.0000000000
37168  -46.449  -33.002  23.626 0.0000000000
41125  -46.758  -29.081  22.605 0.0000000000
112951  -46.519  -30.025  24.041 0.0000000000
41104  -46.581  -29.285  24.462 0.0000000000
116744  -46.550  -29.034  26.026 0.0000000000
34205  -24.866  -36.680  25.638 0.0000000000
45769  -48.414  -24.000  21.205 0.0000000000
46723  -49.756  -23.732  21.445 0.0000000000
45785  -49.130  -23.985  20.072 0.0000000000
48693  -48.962  -20.964  17.727 0.0000000000
48673  -50.221  -21.696  19.060 0.0000000000
49551  -50.705  -20.536  19.106 0.0000000000
50470  -51.406  -19.466  19.523 0.0000000000
50484  -50.340  -19.279  18.488 0.0000000000
131121  -52.677  -12.961  10.254 0.0000000000
123374  -53.370  -13.541  11.544 0.0000000000
116319  -54.370  -12.672  11.156 0.0000000000
58636  -57.893  -10.447  14.505 0.0000000000
55903  -49.234  -13.727  7.534 0.0000000000
55931  -48.255  -12.907  5.768 0.0000000000
57782  -50.584  -11.599  5.643 0.0000000000
58723  -50.720  -10.783  5.324 0.0000000000
58704  -52.936  -10.603  6.105 0.0000000000
59712  -52.309  -9.814  5.133 0.0000000000
60681  -53.023  -9.295  5.059 0.0000000000
28207  -14.856  -42.726  31.148 0.0000000000
27280  -14.053  -43.793  33.156 0.0000000000
123098  -18.279  -41.022  37.301 0.0000000000
29035  -17.795  -41.795  35.438 0.0000000000
29025  -17.696  -41.552  37.583 0.0000000000
27261  -15.398  -43.387  37.798 0.0000000000
27255  -14.557  -44.026  38.003 0.0000000000
26385  -13.576  -44.291  36.808 0.0000000000
25459  -13.753  -45.053  38.572 0.0000000000
26375  -13.094  -45.589  38.316 0.0000000000
110944  -44.540  -25.202  24.382 0.0000000000
44777  -45.287  -24.879  26.609 0.0000000000
45745  -43.574  -24.611  24.504 0.0000000000
47735  -42.389  -22.865  23.360 0.0000000000
110909  -43.416  -22.832  24.875 0.0000000000
47715  -43.858  -22.722  24.028 0.0000000000
126286  -46.289  -22.690  24.884 0.0000000000
46691  -45.583  -23.139  23.238 0.0000000000
46707  -46.349  -23.435  22.639 0.0000000000
46719  -44.801  -23.623  21.065 0.0000000000
46789  -42.547  -23.347  17.388 0.0000000000
46770  -43.880  -23.706  17.961 0.0000000000
46805  -43.127  -23.831  15.950 0.0000000000
46822  -43.632  -23.819  15.320 0.0000000000
46841  -42.461  -23.604  14.335 0.0000000000
34119  -30.065  -35.796  30.976 0.0000000000
33081  -30.874  -36.836  33.203 0.0000000000
33094  -31.970  -36.912  32.357 0.0000000000
35188  -33.736  -35.383  22.842 0.0000000000
35163  -32.841  -35.346  23.175 0.0000000000
110091  -34.163  -35.652  24.151 0.0000000000
34207  -34.040  -36.221  25.730 0.0000000000
35125  -35.335  -35.878  25.293 0.0000000000
36163  -38.278  -34.510  21.113 0.0000000000
36162  -37.516  -34.658  21.389 0.0000000000
36132  -39.014  -34.579  22.646 0.0000000000
35109  -40.173  -35.498  26.086 0.0000000000
35128  -38.635  -35.503  25.614 0.0000000000
34195  -38.876  -36.084  26.791 0.0000000000
34173  -37.435  -36.554  27.262 0.0000000000
34154  -38.814  -36.810  28.057 0.0000000000
127499  -39.556  -37.565  29.702 0.0000000000
33155  -40.431  -36.980  28.998 0.0000000000
37126  -48.188  -33.155  28.460 0.0000000000
118467  -21.084  -38.827  29.165 0.0000000000
32054  -21.375  -38.612  30.622 0.0000000000
31055  -20.327  -39.344  30.717 0.0000000000
31974  -25.005  -38.381  36.928 0.0000000000
51514  -44.472  -18.395  11.462 0.0000000000
50584  -46.044  -18.905  12.960 0.0000000000
51502  -46.108  -18.246  12.716 0.0000000000
54027  -48.679  -15.214  15.178 0.0000000000
52346  -48.129  -16.748  15.118 0.0000000000
53177  -49.959  -16.010  17.256 0.0000000000
52296  -50.625  -16.890  18.251 0.0000000000
54005  -50.970  -15.474  17.921 0.0000000000
110910  -53.844  -13.261  15.329 0.0000000000
55805  -51.926  -13.726  15.271 0.0000000000
55782  -53.884  -12.482  16.211 0.0000000000
112932  -53.952  -7.345  4.561 0.0000000000
61668  -55.598  -7.448  5.288 0.0000000000
61688  -54.376  -6.600  4.445 0.0000000000
63565  -55.127  -5.099  3.969 0.0000000000
64515  -56.158  -4.630  3.601 0.0000000000
64509  -58.325  -3.598  4.253 0.0000000000
64522  -56.668  -4.614  3.381 0.0000000000
130127  -58.440  -5.872  0.512 0.0000000000
62680  -58.108  -6.236  1.183 0.0000000000
63598  -59.495  -5.671  1.880 0.0000000000
64525  -59.352  -3.970  2.891 0.0000000000
64527  -61.695  -2.587  2.281 0.0000000000
64541  -62.290  -3.347  1.364 0.0000000000
64557  -64.247  -3.420  -0.521 0.0000000000
42094  -46.789  -28.342  21.260 0.0000000000
43943  -46.279  -27.080  21.093 0.0000000000
43047  -45.801  -27.803  19.559 0.0000000000
43059  -43.970  -27.277  18.118 0.0000000000
122369  -26.638  -35.132  25.494 0.0000000000
116950  -42.066  -32.253  18.477 0.0000000000
38297  -43.327  -32.249  19.822 0.0000000000
127433  -45.116  -31.906  21.117 0.0000000000
38254  -46.228  -32.021  22.601 0.0000000000
39301  -45.919  -31.258  21.318 0.0000000000
40225  -46.447  -29.882  20.811 0.0000000000
46792  -46.599  -23.899  17.446 0.0000000000
46775  -48.467  -23.662  18.688 0.0000000000
47800  -47.195  -23.045  17.042 0.0000000000
48703  -46.933  -21.647  16.131 0.0000000000
49582  -47.681  -20.294  16.048 0.0000000000
57729  -54.465  -11.548  9.369 0.0000000000
57713  -55.451  -11.973  11.212 0.0000000000
57714  -56.256  -11.346  11.137 0.0000000000
117426  -57.569  -10.410  12.309 0.0000000000
61649  -59.132  -6.464  7.948 0.0000000000
28217  -15.697  -42.195  30.976 0.0000000000
28200  -15.699  -42.658  32.398 0.0000000000
44817  -42.259  -24.784  22.450 0.0000000000
45752  -42.014  -23.878  23.707 0.0000000000
45767  -41.000  -23.550  22.373 0.0000000000
122910  -41.331  -22.913  22.420 0.0000000000
47746  -41.818  -22.722  21.775 0.0000000000
46731  -43.394  -23.235  20.365 0.0000000000
47786  -41.615  -22.686  19.387 0.0000000000
46768  -41.804  -22.816  18.318 0.0000000000
46804  -41.374  -23.155  16.454 0.0000000000
33110  -32.547  -36.797  30.870 0.0000000000
33095  -32.551  -37.013  31.730 0.0000000000
111038  -34.159  -37.735  32.114 0.0000000000
32025  -35.060  -38.092  32.418 0.0000000000
32029  -38.413  -38.938  33.028 0.0000000000
36158  -33.592  -34.784  21.099 0.0000000000
35206  -34.913  -35.122  21.825 0.0000000000
36111  -40.969  -34.328  23.268 0.0000000000
117159  -40.244  -34.554  23.783 0.0000000000
36074  -40.932  -34.771  25.038 0.0000000000
35110  -41.091  -35.355  26.329 0.0000000000
34177  -41.035  -36.098  27.679 0.0000000000
125637  -41.136  -36.786  28.933 0.0000000000
34158  -42.396  -36.144  28.762 0.0000000000
33163  -23.105  -37.628  27.777 0.0000000000
33146  -23.079  -37.591  29.071 0.0000000000
33076  -23.084  -37.571  32.254 0.0000000000
33059  -23.154  -37.586  33.243 0.0000000000
33061  -24.781  -37.498  33.639 0.0000000000
53239  -45.243  -15.852  11.599 0.0000000000
120564  -46.752  -16.591  12.839 0.0000000000
53221  -47.052  -15.520  13.036 0.0000000000
54049  -47.990  -14.961  13.989 0.0000000000
54834  -49.600  -14.401  15.167 0.0000000000
62648  -51.389  -6.487  2.056 0.0000000000
62641  -52.795  -6.308  3.010 0.0000000000
62649  -52.276  -6.503  2.211 0.0000000000
63640  -59.806  -5.508  -0.153 0.0000000000
63600  -61.581  -4.848  1.130 0.0000000000
63641  -60.720  -5.477  -0.431 0.0000000000
63656  -60.921  -5.420  -1.274 0.0000000000
30003  -19.336  -40.138  33.791 0.0000000000
30002  -18.794  -40.701  34.276 0.0000000000
128102  -46.521  -26.688  27.384 0.0000000000
43867  -46.432  -26.363  25.528 0.0000000000
44796  -46.125  -25.943  24.115 0.0000000000
44820  -44.892  -25.877  22.898 0.0000000000
43924  -45.750  -26.535  21.475 0.0000000000
44827  -44.091  -26.036  21.490 0.0000000000
44826  -43.213  -25.526  21.884 0.0000000000
45781  -41.684  -24.896  20.698 0.0000000000
121431  -39.844  -24.232  19.490 0.0000000000
112493  -26.134  -36.222  30.703 0.0000000000
112747  -28.101  -36.108  31.980 0.0000000000
35034  -27.793  -35.557  30.442 0.0000000000
35035  -28.597  -35.481  30.375 0.0000000000
35036  -29.562  -35.528  30.193 0.0000000000
129096  -27.509  -34.545  26.659 0.0000000000
35068  -29.542  -35.211  28.399 0.0000000000
34120  -31.070  -35.854  29.928 0.0000000000
129952  -32.325  -36.425  29.660 0.0000000000
33148  -33.733  -37.117  28.999 0.0000000000
33149  -34.438  -37.256  28.434 0.0000000000
110996  -38.115  -34.241  19.884 0.0000000000
36164  -39.508  -34.300  21.138 0.0000000000
117724  -41.297  -33.482  20.031 0.0000000000
36184  -40.769  -33.845  20.741 0.0000000000
36135  -41.452  -33.986  22.482 0.0000000000
36113  -42.401  -34.057  23.588 0.0000000000
36077  -43.961  -34.301  25.175 0.0000000000
36062  -45.313  -34.576  26.037 0.0000000000
36046  -46.502  -34.584  27.317 0.0000000000
36063  -46.429  -34.511  26.131 0.0000000000
37143  -47.374  -33.466  25.775 0.0000000000
38205  -47.403  -32.520  26.258 0.0000000000
39272  -46.620  -31.597  23.908 0.0000000000
114832  -46.627  -31.002  25.625 0.0000000000
40139  -47.063  -31.027  27.263 0.0000000000
40123  -46.737  -29.824  27.502 0.0000000000
33164  -23.869  -37.098  27.720 0.0000000000
110032  -50.119  -23.233  23.912 0.0000000000
46695  -50.355  -23.507  23.081 0.0000000000
46711  -51.926  -23.099  22.442 0.0000000000
47750  -52.240  -22.308  21.933 0.0000000000
47773  -50.423  -22.681  19.903 0.0000000000
48661  -51.550  -21.755  20.589 0.0000000000
54937  -49.550  -13.988  10.259 0.0000000000
126872  -50.931  -14.878  12.046 0.0000000000
54902  -52.234  -14.418  11.975 0.0000000000
55823  -53.773  -14.191  13.338 0.0000000000
55808  -55.238  -13.108  14.726 0.0000000000
56772  -56.126  -12.277  12.818 0.0000000000
56750  -56.305  -12.202  14.812 0.0000000000
49646  -42.779  -20.554  11.264 0.0000000000
126036  -43.814  -20.650  12.227 0.0000000000
49663  -43.059  -19.858  10.978 0.0000000000
51527  -43.196  -18.462  10.352 0.0000000000
52392  -43.409  -17.462  10.305 0.0000000000
53246  -44.065  -15.926  10.832 0.0000000000
54076  -44.639  -14.891  10.957 0.0000000000
54914  -45.077  -14.509  10.602 0.0000000000
54934  -46.812  -14.228  9.534 0.0000000000
111253  -47.594  -14.011  9.180 0.0000000000
55872  -49.545  -13.699  9.237 0.0000000000
112664  -50.591  -13.277  8.112 0.0000000000
56810  -51.734  -12.793  8.416 0.0000000000
56846  -48.868  -12.345  5.572 0.0000000000
129307  -50.946  -12.466  6.588 0.0000000000
56822  -53.094  -11.895  8.013 0.0000000000
57738  -53.767  -11.421  8.158 0.0000000000
58689  -54.797  -10.239  7.421 0.0000000000
59681  -55.524  -9.647  7.328 0.0000000000
60656  -55.987  -8.997  6.895 0.0000000000
59714  -54.358  -8.993  5.673 0.0000000000
60705  -52.904  -8.429  4.531 0.0000000000
61686  -52.363  -7.767  4.004 0.0000000000
122596  -50.975  -6.849  2.784 0.0000000000
29049  -17.831  -41.727  34.158 0.0000000000
28186  -16.968  -42.476  34.465 0.0000000000
28185  -16.137  -42.842  34.189 0.0000000000
28169  -16.587  -42.543  37.418 0.0000000000
27270  -15.796  -43.181  36.034 0.0000000000
27274  -14.646  -43.635  34.628 0.0000000000
26396  -13.833  -44.149  34.955 0.0000000000
26388  -12.932  -45.175  35.651 0.0000000000
25478  -12.586  -45.886  35.401 0.0000000000
24540  -12.121  -46.589  36.659 0.0000000000
113460  -50.368  -22.376  26.507 0.0000000000
121726  -45.429  -23.521  27.698 0.0000000000
46674  -42.942  -23.242  24.964 0.0000000000
47669  -44.033  -22.987  26.175 0.0000000000
111223  -46.747  -22.578  26.450 0.0000000000
47672  -48.715  -22.522  25.784 0.0000000000
47694  -48.991  -22.779  24.847 0.0000000000
46693  -48.170  -23.262  23.316 0.0000000000
46721  -47.629  -23.801  21.670 0.0000000000
110313  -46.297  -24.044  20.001 0.0000000000
46748  -43.843  -23.470  19.448 0.0000000000
130611  -44.853  -23.898  18.564 0.0000000000
113837  -45.693  -24.207  17.649 0.0000000000
46807  -45.325  -23.905  16.483 0.0000000000
46843  -44.079  -23.481  14.869 0.0000000000
47852  -43.377  -22.683  13.488 0.0000000000
47811  -37.609  -22.786  17.123 0.0000000000
47826  -38.156  -22.619  16.423 0.0000000000
46819  -40.166  -22.991  15.445 0.0000000000
113352  -40.934  -23.478  14.696 0.0000000000
46856  -40.602  -23.529  12.995 0.0000000000
46875  -41.877  -23.212  12.842 0.0000000000
47863  -42.336  -22.592  12.462 0.0000000000
48765  -42.438  -21.303  11.527 0.0000000000
114150  -32.995  -37.630  33.494 0.0000000000
36091  -30.419  -34.607  24.229 0.0000000000
36128  -31.454  -34.806  23.034 0.0000000000
35121  -31.622  -35.319  25.176 0.0000000000
34188  -32.834  -36.111  26.058 0.0000000000
111082  -33.846  -36.625  26.972 0.0000000000
113758  -36.017  -37.316  28.091 0.0000000000
36178  -35.711  -34.594  20.301 0.0000000000
35207  -35.828  -34.975  21.782 0.0000000000
35167  -36.623  -35.255  23.747 0.0000000000
35169  -39.095  -34.817  24.205 0.0000000000
130128  -37.423  -35.221  24.240 0.0000000000
35126  -36.226  -35.665  25.071 0.0000000000
34192  -36.463  -36.219  26.423 0.0000000000
34172  -36.541  -36.776  27.423 0.0000000000
33151  -36.673  -37.525  28.727 0.0000000000
33134  -38.060  -37.645  29.447 0.0000000000
32062  -39.546  -38.321  31.153 0.0000000000
30081  -17.243  -40.752  29.306 0.0000000000
30067  -18.323  -40.649  30.668 0.0000000000
31107  -20.053  -38.966  27.990 0.0000000000
31106  -19.397  -39.112  27.799 0.0000000000
31068  -19.251  -39.712  29.138 0.0000000000
118023  -19.524  -39.802  29.983 0.0000000000
30053  -19.368  -39.979  31.509 0.0000000000
131113  -20.285  -39.341  33.653 0.0000000000
32002  -23.428  -37.897  34.990 0.0000000000
49620  -45.521  -20.347  13.526 0.0000000000
49608  -47.063  -19.957  14.781 0.0000000000
50535  -48.106  -18.979  15.703 0.0000000000
52359  -47.397  -17.189  13.941 0.0000000000
51453  -48.573  -18.190  16.149 0.0000000000
50498  -49.190  -19.051  17.265 0.0000000000
130574  -50.732  -17.585  18.495 0.0000000000
54864  -51.039  -14.732  14.037 0.0000000000
54846  -50.972  -13.889  15.265 0.0000000000
54827  -51.105  -13.735  16.295 0.0000000000
60671  -57.035  -8.019  6.859 0.0000000000
61656  -57.427  -7.401  6.481 0.0000000000
62606  -57.902  -6.756  6.103 0.0000000000
62631  -54.712  -5.803  4.199 0.0000000000
62633  -56.727  -5.558  4.701 0.0000000000
63557  -58.395  -5.230  5.284 0.0000000000
64500  -59.008  -4.235  5.113 0.0000000000
64510  -59.509  -3.174  4.707 0.0000000000
62653  -56.822  -6.190  2.365 0.0000000000
64524  -58.413  -3.879  3.237 0.0000000000
132282  -60.380  -2.173  3.650 0.0000000000
64542  -63.260  -2.664  0.964 0.0000000000
41218  -44.018  -29.382  17.835 0.0000000000
42130  -44.228  -28.666  17.840 0.0000000000
40273  -43.185  -30.421  17.637 0.0000000000
40274  -43.776  -30.079  17.985 0.0000000000
129235  -44.294  -29.791  18.235 0.0000000000
48739  -43.801  -21.823  13.156 0.0000000000
48726  -44.844  -21.879  14.166 0.0000000000
48740  -44.519  -21.460  13.479 0.0000000000
59669  -56.575  -9.484  8.428 0.0000000000
59659  -56.796  -9.658  9.214 0.0000000000
59660  -57.453  -9.246  9.573 0.0000000000
60629  -57.897  -8.617  9.163 0.0000000000
60641  -56.985  -8.908  7.962 0.0000000000
29096  -17.973  -41.058  31.405 0.0000000000
29095  -17.269  -41.508  31.300 0.0000000000
46767  -38.736  -23.056  19.158 0.0000000000
46746  -39.168  -23.074  19.800 0.0000000000
47783  -38.624  -22.778  18.643 0.0000000000
34087  -27.852  -36.917  33.450 0.0000000000
110688  -27.250  -36.492  32.121 0.0000000000
33112  -35.478  -37.958  30.600 0.0000000000
33113  -36.051  -38.034  30.193 0.0000000000
32060  -36.746  -38.104  30.422 0.0000000000
33133  -36.455  -37.845  29.552 0.0000000000
110511  -44.745  -34.571  26.886 0.0000000000
36043  -43.828  -34.624  27.093 0.0000000000
36044  -44.401  -34.612  27.775 0.0000000000
36029  -44.930  -34.579  28.533 0.0000000000
33079  -26.078  -37.231  33.001 0.0000000000
126951  -47.477  -14.455  10.852 0.0000000000
115447  -47.482  -14.584  11.884 0.0000000000
54898  -48.291  -14.598  11.111 0.0000000000
43007  -46.918  -27.177  23.098 0.0000000000
43020  -46.880  -27.353  22.388 0.0000000000
43973  -42.710  -26.083  18.109 0.0000000000
132668  -26.117  -35.408  27.256 0.0000000000
35102  -26.387  -35.176  26.837 0.0000000000
35105  -30.214  -34.853  26.509 0.0000000000
36058  -30.195  -34.712  25.846 0.0000000000
112073  -30.849  -35.106  26.182 0.0000000000
127035  -31.425  -35.329  25.805 0.0000000000
38261  -44.346  -32.542  21.245 0.0000000000
37196  -43.611  -32.999  21.373 0.0000000000
37179  -44.738  -33.202  22.369 0.0000000000
37166  -44.724  -33.604  23.063 0.0000000000
37180  -45.489  -33.128  22.705 0.0000000000
37167  -46.037  -33.227  23.284 0.0000000000
38246  -46.150  -32.736  22.968 0.0000000000
41114  -46.693  -29.164  23.551 0.0000000000
42068  -46.758  -28.407  24.073 0.0000000000
35117  -25.475  -36.119  25.849 0.0000000000
35101  -25.705  -35.741  26.841 0.0000000000
45783  -47.730  -24.283  19.981 0.0000000000
45784  -48.437  -24.161  20.390 0.0000000000
45795  -48.362  -24.155  19.644 0.0000000000
49571  -48.562  -20.466  17.181 0.0000000000
49562  -49.488  -20.397  18.051 0.0000000000
50469  -50.812  -19.819  19.035 0.0000000000
50483  -49.659  -19.605  17.982 0.0000000000
56796  -52.858  -12.598  9.651 0.0000000000
56780  -53.704  -12.944  11.034 0.0000000000
56789  -54.032  -12.395  10.449 0.0000000000
55919  -48.082  -13.490  6.244 0.0000000000
126053  -51.586  -10.416  5.293 0.0000000000
58737  -50.768  -9.968  4.914 0.0000000000
59734  -51.517  -9.585  4.788 0.0000000000
27296  -15.000  -42.930  32.067 0.0000000000
27295  -14.317  -43.297  31.647 0.0000000000
27287  -13.782  -43.868  32.195 0.0000000000
27288  -14.497  -43.377  32.537 0.0000000000
29016  -18.106  -41.109  38.304 0.0000000000
125315  -14.326  -44.473  38.400 0.0000000000
44807  -44.245  -25.347  23.696 0.0000000000
124490  -42.966  -22.832  22.590 0.0000000000
47736  -43.409  -22.803  23.278 0.0000000000
47737  -44.634  -23.040  22.990 0.0000000000
123218  -44.864  -22.833  23.798 0.0000000000
46705  -44.966  -23.469  21.944 0.0000000000
129754  -44.273  -23.392  21.588 0.0000000000
120549  -42.324  -23.469  16.590 0.0000000000
46821  -42.786  -23.760  15.100 0.0000000000
46820  -41.881  -23.635  14.889 0.0000000000
34108  -30.634  -36.210  31.617 0.0000000000
33082  -31.162  -36.591  32.334 0.0000000000
35165  -34.394  -35.493  23.408 0.0000000000
35164  -33.581  -35.522  23.600 0.0000000000
35145  -34.747  -35.753  24.735 0.0000000000
35146  -35.521  -35.645  24.671 0.0000000000
115135  -38.937  -34.479  21.614 0.0000000000
114604  -38.205  -34.651  21.985 0.0000000000
34196  -39.727  -35.965  26.838 0.0000000000
34175  -39.295  -36.427  27.462 0.0000000000
34155  -39.719  -36.749  28.286 0.0000000000
38175  -47.925  -32.126  28.197 0.0000000000
32014  -22.403  -37.838  32.972 0.0000000000
51515  -45.133  -18.009  11.913 0.0000000000
51501  -45.586  -18.532  12.435 0.0000000000
52369  -45.794  -17.709  12.316 0.0000000000
54020  -49.625  -15.051  16.168 0.0000000000
53201  -49.057  -15.505  15.886 0.0000000000
127713  -49.935  -15.342  16.824 0.0000000000
54013  -50.483  -15.288  17.315 0.0000000000
55793  -54.764  -12.758  15.511 0.0000000000
61687  -53.173  -7.313  4.153 0.0000000000
62630  -53.712  -6.438  4.039 0.0000000000
63586  -56.010  -5.023  2.971 0.0000000000
64516  -57.137  -4.349  3.759 0.0000000000
63617  -59.737  -5.676  0.855 0.0000000000
63616  -58.920  -5.972  1.161 0.0000000000
63590  -60.096  -4.968  2.419 0.0000000000
64540  -61.145  -4.410  2.035 0.0000000000
42103  -46.588  -28.469  20.508 0.0000000000
43048  -46.350  -27.951  20.153 0.0000000000
43060  -44.678  -27.661  18.525 0.0000000000
43069  -43.574  -27.578  17.489 0.0000000000
38321  -41.752  -32.035  17.891 0.0000000000
39341  -43.990  -31.069  18.886 0.0000000000
39329  -43.700  -31.695  19.367 0.0000000000
38279  -44.066  -31.926  20.048 0.0000000000
39315  -44.806  -31.547  20.298 0.0000000000
114200  -45.507  -31.158  20.584 0.0000000000
41174  -45.903  -29.231  19.508 0.0000000000
40224  -45.967  -30.069  20.066 0.0000000000
41160  -46.437  -29.229  20.229 0.0000000000
41143  -46.703  -29.128  20.969 0.0000000000
128612  -46.512  -23.427  16.760 0.0000000000
49594  -46.551  -21.361  15.463 0.0000000000
48704  -47.580  -21.053  16.413 0.0000000000
48716  -47.146  -20.829  15.780 0.0000000000
57730  -55.072  -11.388  9.821 0.0000000000
58670  -55.828  -10.952  9.978 0.0000000000
58656  -57.443  -10.262  11.500 0.0000000000
58646  -58.189  -9.784  12.965 0.0000000000
112993  -58.758  -7.262  8.346 0.0000000000
61636  -59.314  -6.344  8.850 0.0000000000
61648  -58.481  -7.197  7.549 0.0000000000
28218  -16.529  -41.848  31.172 0.0000000000
111107  -16.141  -42.282  31.812 0.0000000000
28208  -15.492  -42.576  31.692 0.0000000000
28201  -16.472  -42.354  32.618 0.0000000000
45768  -41.343  -24.368  21.884 0.0000000000
110977  -41.465  -24.129  22.693 0.0000000000
130777  -40.713  -23.846  21.881 0.0000000000
47757  -39.879  -22.801  20.539 0.0000000000
47745  -40.837  -22.871  21.714 0.0000000000
123825  -41.267  -22.664  21.196 0.0000000000
47771  -41.458  -22.642  20.356 0.0000000000
47770  -40.504  -22.581  20.117 0.0000000000
47798  -39.348  -22.454  18.158 0.0000000000
47799  -40.514  -22.549  18.232 0.0000000000
46787  -40.447  -22.650  17.283 0.0000000000
46788  -41.553  -22.941  17.349 0.0000000000
46803  -40.367  -22.801  16.344 0.0000000000
33111  -33.378  -37.164  30.463 0.0000000000
120452  -33.115  -37.177  31.235 0.0000000000
33096  -33.801  -37.506  31.222 0.0000000000
32039  -35.662  -38.196  31.654 0.0000000000
32026  -36.022  -38.477  32.941 0.0000000000
32041  -37.894  -38.645  32.232 0.0000000000
32042  -38.957  -38.656  32.080 0.0000000000
36159  -34.446  -34.854  21.129 0.0000000000
35205  -33.914  -35.150  21.920 0.0000000000
36112  -41.714  -34.330  23.929 0.0000000000
36093  -40.986  -34.553  24.232 0.0000000000
36094  -41.684  -34.551  24.762 0.0000000000
35112  -42.578  -34.976  26.730 0.0000000000
35111  -41.910  -35.162  26.523 0.0000000000
35090  -41.453  -35.601  27.099 0.0000000000
34178  -41.915  -35.861  27.874 0.0000000000
35071  -42.859  -35.465  28.110 0.0000000000
34159  -43.294  -35.772  29.125 0.0000000000
125826  -23.486  -37.353  28.459 0.0000000000
33092  -24.235  -37.075  31.446 0.0000000000
114300  -23.836  -37.310  32.000 0.0000000000
33077  -23.834  -37.401  32.709 0.0000000000
114338  -24.468  -37.365  32.993 0.0000000000
33047  -26.862  -37.611  34.528 0.0000000000
33046  -26.060  -37.675  34.405 0.0000000000
54056  -45.873  -15.349  11.947 0.0000000000
54057  -46.557  -15.140  12.439 0.0000000000
54861  -48.249  -14.716  13.786 0.0000000000
54860  -47.685  -14.792  13.341 0.0000000000
54843  -48.564  -14.758  14.308 0.0000000000
54036  -48.913  -14.745  14.875 0.0000000000
54844  -49.267  -14.523  14.569 0.0000000000
63639  -58.288  -5.417  -0.212 0.0000000000
64570  -59.015  -5.213  -0.785 0.0000000000
29988  -19.386  -40.138  34.650 0.0000000000
29969  -19.632  -40.025  37.779 0.0000000000
42058  -46.644  -28.183  26.803 0.0000000000
42978  -46.612  -27.134  26.346 0.0000000000
43899  -46.018  -26.123  23.225 0.0000000000
43885  -46.554  -26.450  24.554 0.0000000000
44808  -45.258  -25.630  23.800 0.0000000000
43955  -45.382  -27.081  19.880 0.0000000000
43942  -45.592  -26.778  20.667 0.0000000000
43941  -44.817  -26.529  20.328 0.0000000000
44847  -43.253  -25.862  19.943 0.0000000000
44839  -44.245  -26.195  20.775 0.0000000000
44838  -43.416  -25.795  20.866 0.0000000000
111077  -42.658  -25.458  20.528 0.0000000000
44837  -42.416  -25.190  21.387 0.0000000000
34116  -27.038  -35.857  30.651 0.0000000000
34135  -26.514  -35.567  29.129 0.0000000000
35048  -28.000  -35.331  29.677 0.0000000000
111436  -28.987  -35.225  28.889 0.0000000000
110512  -30.153  -35.204  27.778 0.0000000000
35085  -29.316  -34.910  27.673 0.0000000000
35069  -30.419  -35.475  28.666 0.0000000000
35051  -30.993  -35.718  29.196 0.0000000000
34136  -31.844  -36.114  29.164 0.0000000000
34169  -32.442  -36.217  27.464 0.0000000000
34151  -32.575  -36.402  28.346 0.0000000000
34152  -33.241  -36.759  28.492 0.0000000000
129969  -33.775  -36.951  28.262 0.0000000000
37235  -38.888  -33.733  19.059 0.0000000000
36210  -38.113  -33.924  19.188 0.0000000000
36196  -38.883  -34.046  19.745 0.0000000000
36182  -39.229  -34.207  20.450 0.0000000000
36183  -39.963  -34.074  20.594 0.0000000000
37238  -41.395  -33.061  19.207 0.0000000000
37195  -42.855  -33.403  21.762 0.0000000000
37219  -41.603  -33.604  20.951 0.0000000000
37194  -41.943  -33.663  21.775 0.0000000000
36166  -41.100  -33.885  21.608 0.0000000000
36136  -41.785  -34.111  23.218 0.0000000000
110700  -44.706  -34.197  24.589 0.0000000000
114605  -43.822  -34.122  24.505 0.0000000000
110458  -44.880  -34.430  25.326 0.0000000000
36078  -45.845  -34.389  25.257 0.0000000000
131805  -47.104  -33.236  25.046 0.0000000000
130423  -47.621  -33.278  26.433 0.0000000000
38221  -47.154  -32.662  25.334 0.0000000000
39302  -46.271  -31.266  22.111 0.0000000000
123689  -46.493  -32.226  23.338 0.0000000000
111085  -46.507  -31.246  22.986 0.0000000000
132105  -46.491  -30.469  25.234 0.0000000000
40167  -46.551  -30.831  24.600 0.0000000000
39224  -46.976  -31.446  26.458 0.0000000000
40138  -46.704  -30.495  26.722 0.0000000000
115422  -46.647  -29.083  27.222 0.0000000000
33180  -23.977  -37.172  26.680 0.0000000000
34149  -25.671  -35.983  29.281 0.0000000000
46694  -49.572  -23.397  23.293 0.0000000000
46710  -49.770  -23.585  22.641 0.0000000000
46724  -50.449  -23.438  21.264 0.0000000000
46725  -51.132  -23.314  21.853 0.0000000000
47738  -52.510  -22.519  22.606 0.0000000000
47749  -51.637  -22.685  21.552 0.0000000000
47802  -48.307  -23.259  18.143 0.0000000000
47788  -48.942  -23.091  18.630 0.0000000000
132567  -49.478  -23.015  19.102 0.0000000000
48674  -50.876  -21.183  19.476 0.0000000000
48675  -51.160  -21.660  20.027 0.0000000000
48662  -52.055  -21.220  20.951 0.0000000000
49540  -52.175  -20.383  20.750 0.0000000000
51416  -51.954  -19.057  20.076 0.0000000000
128352  -50.475  -13.647  10.023 0.0000000000
54920  -50.991  -14.047  10.888 0.0000000000
55855  -51.823  -13.914  11.105 0.0000000000
55843  -54.414  -13.694  12.799 0.0000000000
55842  -53.650  -13.928  12.390 0.0000000000
55824  -54.496  -13.783  13.721 0.0000000000
55825  -55.156  -13.335  13.969 0.0000000000
57702  -55.803  -12.029  11.952 0.0000000000
57683  -56.829  -11.724  14.322 0.0000000000
24556  -11.788  -47.428  35.190 0.0000000000
23632  -11.662  -47.851  35.705 0.0000000000
51542  -42.773  -17.843  9.812 0.0000000000
51528  -43.935  -17.940  10.858 0.0000000000
53245  -43.454  -16.375  10.266 0.0000000000
54087  -43.691  -15.469  10.464 0.0000000000
54075  -44.150  -15.125  10.749 0.0000000000
54932  -43.759  -14.698  10.105 0.0000000000
54933  -44.556  -14.355  9.945 0.0000000000
127064  -45.318  -14.292  9.723 0.0000000000
110775  -45.947  -14.290  10.097 0.0000000000
54955  -46.035  -14.309  8.917 0.0000000000
54956  -47.021  -14.225  8.577 0.0000000000
114156  -47.723  -14.093  8.423 0.0000000000
54957  -48.467  -13.885  8.830 0.0000000000
55884  -48.727  -13.965  7.956 0.0000000000
55904  -50.053  -13.379  7.451 0.0000000000
55886  -49.871  -13.581  8.264 0.0000000000
55887  -51.154  -13.098  8.655 0.0000000000
55905  -51.188  -12.970  7.916 0.0000000000
57763  -51.226  -11.890  6.152 0.0000000000
56832  -50.427  -12.315  6.069 0.0000000000
56833  -51.581  -12.279  6.893 0.0000000000
56834  -52.384  -12.047  7.323 0.0000000000
130061  -52.948  -11.610  7.350 0.0000000000
58688  -54.025  -10.516  7.063 0.0000000000
58706  -54.439  -10.018  6.758 0.0000000000
127952  -54.935  -9.729  6.853 0.0000000000
59698  -55.275  -9.227  6.584 0.0000000000
59697  -54.524  -9.488  6.248 0.0000000000
59735  -52.227  -9.120  4.683 0.0000000000
26408  -13.294  -44.482  32.341 0.0000000000
113147  -18.829  -40.651  35.137 0.0000000000
29050  -18.273  -41.265  33.870 0.0000000000
125441  -18.230  -41.370  34.737 0.0000000000
28174  -17.406  -42.140  36.013 0.0000000000
28179  -17.192  -42.379  35.294 0.0000000000
28178  -16.389  -42.818  35.165 0.0000000000
28165  -16.511  -42.553  38.571 0.0000000000
27260  -14.626  -43.711  37.481 0.0000000000
27265  -15.092  -43.392  36.895 0.0000000000
27269  -15.018  -43.520  36.006 0.0000000000
27275  -15.405  -43.311  35.018 0.0000000000
27268  -14.451  -43.769  35.537 0.0000000000
26379  -13.397  -44.654  37.200 0.0000000000
26384  -13.200  -44.804  36.391 0.0000000000
26394  -12.829  -45.358  34.976 0.0000000000
25472  -12.657  -45.711  36.247 0.0000000000
124439  -12.563  -45.866  37.017 0.0000000000
126881  -13.552  -46.534  39.604 0.0000000000
112796  -50.226  -22.235  27.698 0.0000000000
47661  -51.166  -22.360  27.450 0.0000000000
111317  -49.448  -22.344  26.706 0.0000000000
123692  -46.309  -26.221  26.638 0.0000000000
43851  -46.335  -25.982  27.761 0.0000000000
44761  -45.878  -25.416  27.157 0.0000000000
44776  -44.615  -24.493  26.160 0.0000000000
44760  -45.428  -24.499  27.531 0.0000000000
45718  -44.643  -23.975  26.922 0.0000000000
45704  -45.754  -24.067  28.122 0.0000000000
46640  -44.844  -23.340  27.157 0.0000000000
46690  -41.996  -23.366  23.616 0.0000000000
45743  -42.506  -23.435  24.246 0.0000000000
110273  -44.042  -22.818  25.592 0.0000000000
47668  -43.459  -23.038  25.388 0.0000000000
111504  -44.719  -22.799  26.390 0.0000000000
47657  -44.899  -22.958  27.039 0.0000000000
47658  -45.715  -22.781  27.017 0.0000000000
117252  -46.651  -22.710  27.311 0.0000000000
47670  -45.901  -22.568  25.942 0.0000000000
47716  -46.718  -22.958  24.035 0.0000000000
131408  -47.136  -22.807  24.628 0.0000000000
111078  -47.962  -22.767  24.940 0.0000000000
46676  -48.489  -23.001  24.091 0.0000000000
110992  -47.179  -23.311  23.197 0.0000000000
120859  -45.509  -23.685  21.271 0.0000000000
110752  -46.737  -23.685  21.795 0.0000000000
110500  -46.300  -23.827  20.994 0.0000000000
46734  -47.039  -24.128  20.397 0.0000000000
46747  -42.676  -22.955  19.675 0.0000000000
111673  -43.369  -23.372  18.764 0.0000000000
116842  -44.269  -23.711  18.634 0.0000000000
46771  -44.846  -24.070  17.886 0.0000000000
46772  -45.479  -24.093  18.553 0.0000000000
45822  -45.137  -24.202  17.035 0.0000000000
117475  -44.564  -24.029  16.375 0.0000000000
46842  -43.275  -23.582  14.601 0.0000000000
46823  -44.351  -23.795  15.596 0.0000000000
47839  -43.705  -23.093  14.177 0.0000000000
46817  -37.798  -22.755  15.672 0.0000000000
111525  -38.934  -23.304  14.012 0.0000000000
46838  -39.811  -23.245  14.515 0.0000000000
46855  -39.890  -23.481  13.517 0.0000000000
46873  -40.338  -23.425  12.250 0.0000000000
46857  -41.385  -23.503  13.280 0.0000000000
46874  -41.115  -23.328  12.529 0.0000000000
47877  -42.017  -22.141  11.787 0.0000000000
34096  -28.723  -36.320  32.566 0.0000000000
34097  -29.493  -36.283  32.452 0.0000000000
33084  -33.589  -37.645  32.852 0.0000000000
33083  -32.750  -37.329  32.565 0.0000000000
33069  -33.857  -37.958  33.886 0.0000000000
35162  -32.016  -35.187  23.572 0.0000000000
115504  -32.334  -35.581  24.960 0.0000000000
111381  -32.134  -35.665  25.782 0.0000000000
35122  -32.745  -35.842  25.441 0.0000000000
34208  -34.939  -36.305  26.012 0.0000000000
34190  -34.211  -36.472  26.369 0.0000000000
110526  -34.816  -36.685  26.978 0.0000000000
33165  -35.074  -37.126  27.857 0.0000000000
34171  -35.723  -36.810  27.322 0.0000000000
36179  -36.669  -34.507  20.182 0.0000000000
36131  -37.367  -34.801  22.314 0.0000000000
36130  -36.703  -34.799  21.659 0.0000000000
35191  -36.441  -35.049  22.695 0.0000000000
125652  -40.284  -34.743  24.533 0.0000000000
36092  -39.739  -34.706  24.165 0.0000000000
35149  -39.606  -34.948  24.743 0.0000000000
35147  -38.011  -35.359  25.005 0.0000000000
110061  -37.157  -35.537  25.078 0.0000000000
130913  -36.700  -35.436  24.479 0.0000000000
34210  -36.798  -35.832  25.812 0.0000000000
33166  -37.946  -36.927  27.990 0.0000000000
112657  -37.023  -37.090  28.017 0.0000000000
33152  -37.545  -37.365  28.660 0.0000000000
114936  -37.189  -37.665  29.249 0.0000000000
33114  -38.978  -37.855  30.183 0.0000000000
33115  -39.966  -37.913  30.423 0.0000000000
34138  -41.901  -36.713  29.296 0.0000000000
33137  -42.264  -37.152  30.059 0.0000000000
36047  -47.405  -34.265  27.756 0.0000000000
30066  -17.849  -40.689  29.963 0.0000000000
30082  -18.656  -40.227  29.802 0.0000000000
33145  -22.289  -38.055  27.925 0.0000000000
122749  -21.442  -38.497  27.800 0.0000000000
32086  -20.460  -38.975  28.539 0.0000000000
122473  -20.686  -38.782  27.826 0.0000000000
31084  -19.726  -39.306  28.509 0.0000000000
31083  -18.934  -39.559  28.333 0.0000000000
31054  -19.755  -39.700  30.771 0.0000000000
31023  -19.641  -39.777  32.323 0.0000000000
31024  -20.341  -39.254  32.457 0.0000000000
33044  -24.215  -37.690  34.448 0.0000000000
33043  -23.284  -37.676  34.116 0.0000000000
33032  -24.114  -37.907  35.306 0.0000000000
49648  -44.099  -19.955  11.960 0.0000000000
49634  -44.480  -20.324  12.558 0.0000000000
49635  -45.139  -19.978  12.909 0.0000000000
50568  -46.581  -19.216  13.664 0.0000000000
50551  -46.723  -19.775  14.230 0.0000000000
50534  -47.567  -19.471  15.140 0.0000000000
123511  -47.257  -16.363  13.523 0.0000000000
52358  -47.002  -17.416  13.319 0.0000000000
52320  -48.558  -17.152  15.871 0.0000000000
51454  -48.988  -18.353  16.766 0.0000000000
51440  -49.555  -17.872  17.314 0.0000000000
51432  -49.890  -18.648  17.941 0.0000000000
51441  -50.219  -17.715  18.024 0.0000000000
53167  -51.240  -16.124  18.491 0.0000000000
52297  -51.186  -17.094  18.798 0.0000000000
53150  -51.812  -16.578  19.228 0.0000000000
115002  -51.532  -14.822  12.381 0.0000000000
54883  -50.686  -14.983  13.011 0.0000000000
54884  -51.553  -14.902  13.205 0.0000000000
55791  -52.180  -13.184  15.896 0.0000000000
55790  -51.423  -13.539  15.812 0.0000000000
54836  -50.831  -13.828  15.786 0.0000000000
55779  -51.724  -13.328  16.445 0.0000000000
60669  -55.656  -8.622  6.241 0.0000000000
60670  -56.353  -8.348  6.542 0.0000000000
61669  -56.370  -7.291  5.523 0.0000000000
113246  -56.722  -7.704  6.182 0.0000000000
61670  -57.143  -7.041  5.758 0.0000000000
62643  -54.148  -5.876  3.963 0.0000000000
63574  -54.568  -5.469  3.637 0.0000000000
118843  -56.645  -4.697  4.224 0.0000000000
63566  -55.898  -4.999  4.205 0.0000000000
62620  -57.588  -6.101  5.344 0.0000000000
63546  -59.461  -4.911  5.957 0.0000000000
63568  -58.046  -4.424  4.646 0.0000000000
65390  -58.058  -3.670  3.899 0.0000000000
65385  -60.667  -2.602  5.363 0.0000000000
65392  -60.083  -2.448  4.365 0.0000000000
62665  -57.526  -6.402  1.848 0.0000000000
62664  -56.679  -6.545  1.627 0.0000000000
62654  -57.597  -5.971  2.430 0.0000000000
63588  -57.970  -5.133  2.824 0.0000000000
65411  -60.772  -2.271  3.123 0.0000000000
65410  -59.548  -2.930  3.345 0.0000000000
65400  -61.072  -1.672  3.562 0.0000000000
66347  -61.408  -1.550  3.990 0.0000000000
63619  -61.670  -5.239  0.084 0.0000000000
64555  -62.854  -3.822  0.304 0.0000000000
41202  -45.272  -29.187  18.843 0.0000000000
42109  -45.608  -28.495  19.155 0.0000000000
42119  -44.891  -28.430  18.472 0.0000000000
42129  -43.686  -28.237  17.382 0.0000000000
39350  -42.220  -31.406  17.576 0.0000000000
39351  -42.890  -31.137  17.907 0.0000000000
40261  -43.561  -30.797  18.238 0.0000000000
40241  -44.707  -30.584  19.104 0.0000000000
39331  -45.249  -30.783  19.863 0.0000000000
40263  -44.780  -29.863  18.681 0.0000000000
47828  -45.546  -22.757  15.502 0.0000000000
47841  -45.187  -22.312  14.837 0.0000000000
48727  -45.538  -21.471  14.489 0.0000000000
119616  -55.820  -10.487  9.228 0.0000000000
58671  -56.385  -10.267  9.613 0.0000000000
59644  -57.039  -9.894  9.987 0.0000000000
59646  -58.337  -8.822  10.819 0.0000000000
61619  -58.795  -8.016  10.480 0.0000000000
61627  -59.163  -7.188  10.113 0.0000000000
60630  -58.573  -8.024  9.588 0.0000000000
60643  -58.321  -7.955  8.760 0.0000000000
131279  -17.266  -41.052  30.035 0.0000000000
29129  -16.657  -41.245  29.794 0.0000000000
29110  -16.935  -41.426  30.551 0.0000000000
45792  -39.882  -23.736  20.564 0.0000000000
45779  -40.022  -23.362  21.159 0.0000000000
45778  -39.697  -23.109  20.496 0.0000000000
47756  -39.442  -22.928  20.051 0.0000000000
47769  -39.686  -22.671  19.819 0.0000000000
109995  -33.997  -37.397  29.825 0.0000000000
124471  -37.180  -38.617  32.340 0.0000000000
36076  -43.215  -34.503  25.648 0.0000000000
36060  -43.203  -34.682  26.497 0.0000000000
35092  -43.054  -34.964  27.281 0.0000000000
35073  -44.183  -34.820  28.595 0.0000000000
33093  -24.994  -36.861  31.464 0.0000000000
113331  -25.240  -37.269  32.884 0.0000000000
129929  -25.747  -37.096  32.563 0.0000000000
33063  -26.506  -37.409  33.739 0.0000000000
54878  -46.801  -14.793  12.310 0.0000000000
54880  -47.791  -14.607  12.661 0.0000000000
122543  -48.492  -14.652  13.031 0.0000000000
119588  -46.736  -27.085  25.114 0.0000000000
42997  -46.871  -27.013  24.310 0.0000000000
43974  -43.565  -26.570  18.472 0.0000000000
43953  -43.822  -26.366  19.316 0.0000000000
44863  -43.046  -25.932  19.080 0.0000000000
44845  -41.672  -25.088  19.773 0.0000000000
111054  -26.555  -35.319  28.303 0.0000000000
35083  -27.164  -34.919  27.878 0.0000000000
36072  -28.534  -34.319  25.764 0.0000000000
36056  -28.330  -34.455  26.677 0.0000000000
36057  -29.377  -34.558  26.352 0.0000000000
35104  -29.836  -34.845  27.078 0.0000000000
34150  -31.825  -35.895  28.127 0.0000000000
35088  -32.286  -35.958  26.625 0.0000000000
38278  -42.782  -32.773  20.176 0.0000000000
37220  -42.158  -33.244  20.484 0.0000000000
37221  -42.907  -33.098  20.908 0.0000000000
124244  -43.598  -33.285  21.987 0.0000000000
37178  -43.245  -33.548  22.534 0.0000000000
37165  -43.715  -33.712  23.173 0.0000000000
37153  -45.182  -33.867  23.872 0.0000000000
36098  -46.413  -33.988  24.733 0.0000000000
37154  -46.095  -33.620  23.932 0.0000000000
37155  -46.743  -33.307  24.445 0.0000000000
38234  -46.725  -32.504  24.105 0.0000000000
115333  -46.647  -29.851  22.117 0.0000000000
40180  -46.551  -30.769  23.702 0.0000000000
119269  -46.572  -30.104  23.050 0.0000000000
112543  -46.430  -30.025  24.902 0.0000000000
41095  -46.489  -29.421  25.229 0.0000000000
116743  -46.634  -28.652  24.989 0.0000000000
34187  -24.854  -36.516  26.531 0.0000000000
34168  -25.142  -36.166  27.512 0.0000000000
46722  -49.067  -23.839  21.695 0.0000000000
110942  -49.596  -23.692  22.104 0.0000000000
45770  -49.153  -23.988  20.869 0.0000000000
46736  -49.809  -23.654  20.649 0.0000000000
48684  -49.130  -21.721  18.128 0.0000000000
123350  -49.522  -22.265  18.645 0.0000000000
48685  -49.707  -21.186  18.432 0.0000000000
48686  -50.373  -20.991  18.903 0.0000000000
49552  -51.233  -20.345  19.543 0.0000000000
50456  -51.797  -19.977  20.101 0.0000000000
51424  -50.974  -18.928  18.974 0.0000000000
55865  -52.262  -13.372  10.603 0.0000000000
55856  -52.614  -13.762  11.320 0.0000000000
55866  -52.999  -13.243  10.829 0.0000000000
56781  -54.224  -13.225  11.841 0.0000000000
56770  -54.935  -13.121  12.462 0.0000000000
57704  -57.086  -11.270  13.003 0.0000000000
57693  -56.696  -11.769  13.299 0.0000000000
57694  -57.301  -11.225  13.841 0.0000000000
64487  -60.752  -3.075  7.156 0.0000000000
55902  -47.884  -14.113  6.972 0.0000000000
125934  -48.535  -13.978  7.380 0.0000000000
111577  -48.689  -13.704  6.774 0.0000000000
56830  -48.854  -13.176  6.075 0.0000000000
57783  -51.327  -11.228  5.675 0.0000000000
57745  -52.771  -11.271  6.742 0.0000000000
57784  -52.129  -11.017  5.948 0.0000000000
128171  -52.418  -10.389  5.572 0.0000000000
58724  -53.049  -9.980  5.586 0.0000000000
59713  -53.763  -9.461  5.630 0.0000000000
112758  -51.510  -8.940  4.472 0.0000000000
26402  -13.507  -44.307  33.092 0.0000000000
29026  -18.429  -40.921  36.445 0.0000000000
112450  -17.887  -41.534  36.436 0.0000000000
124080  -17.272  -42.127  36.911 0.0000000000
27257  -16.093  -43.180  38.622 0.0000000000
131573  -14.978  -43.700  37.923 0.0000000000
26380  -13.920  -44.091  37.365 0.0000000000
111623  -13.797  -44.462  37.888 0.0000000000
130010  -13.379  -44.931  37.857 0.0000000000
25464  -13.004  -45.312  37.461 0.0000000000
25458  -13.342  -45.862  39.083 0.0000000000
44795  -45.321  -25.419  24.674 0.0000000000
117843  -45.274  -25.189  25.618 0.0000000000
44794  -44.342  -24.691  25.272 0.0000000000
118093  -43.482  -24.069  25.306 0.0000000000
47713  -41.734  -22.938  23.113 0.0000000000
47690  -42.217  -23.053  23.787 0.0000000000
47714  -42.845  -22.858  24.133 0.0000000000
111488  -44.447  -22.688  24.679 0.0000000000
110791  -45.654  -22.808  24.165 0.0000000000
46692  -46.317  -23.149  23.438 0.0000000000
46720  -45.899  -23.615  21.879 0.0000000000
46769  -42.951  -23.320  18.080 0.0000000000
46790  -43.438  -23.725  17.298 0.0000000000
46806  -43.790  -23.956  16.529 0.0000000000
112893  -43.923  -24.006  15.916 0.0000000000
34107  -29.752  -36.008  31.731 0.0000000000
34098  -30.309  -36.396  32.416 0.0000000000
125022  -31.542  -36.974  32.920 0.0000000000
110123  -35.311  -38.404  33.612 0.0000000000
32016  -34.663  -38.403  34.256 0.0000000000
131918  -33.189  -35.231  22.372 0.0000000000
35187  -32.527  -35.061  22.310 0.0000000000
129810  -33.093  -35.519  23.789 0.0000000000
35144  -33.375  -35.641  24.248 0.0000000000
35123  -33.036  -35.763  24.876 0.0000000000
34219  -33.864  -35.859  24.950 0.0000000000
35124  -34.554  -36.001  25.346 0.0000000000
112249  -36.937  -34.662  20.913 0.0000000000
36108  -38.079  -34.768  22.915 0.0000000000
35129  -39.461  -35.319  25.445 0.0000000000
35108  -39.233  -35.681  26.184 0.0000000000
35107  -38.510  -35.794  26.239 0.0000000000
34194  -38.045  -36.131  26.662 0.0000000000
34174  -38.411  -36.496  27.362 0.0000000000
113348  -39.102  -37.067  28.648 0.0000000000
33154  -39.658  -37.195  29.076 0.0000000000
33135  -40.282  -37.471  29.713 0.0000000000
32071  -21.889  -38.398  29.371 0.0000000000
32088  -21.722  -38.476  28.563 0.0000000000
128526  -21.437  -38.652  29.889 0.0000000000
115824  -20.765  -39.045  30.128 0.0000000000
32053  -20.785  -38.978  31.023 0.0000000000
32036  -20.832  -38.891  31.818 0.0000000000
31016  -20.550  -39.084  33.227 0.0000000000
31988  -25.425  -38.051  36.118 0.0000000000
31987  -24.503  -38.079  36.040 0.0000000000
50598  -44.978  -18.875  12.055 0.0000000000
50583  -45.405  -19.275  12.639 0.0000000000
51489  -46.593  -18.324  13.203 0.0000000000
53211  -48.172  -15.670  14.830 0.0000000000
53200  -48.547  -16.072  15.565 0.0000000000
112728  -48.972  -16.451  16.296 0.0000000000
52304  -49.491  -16.774  16.982 0.0000000000
52305  -50.057  -16.908  17.622 0.0000000000
53166  -50.530  -16.096  17.839 0.0000000000
54866  -53.091  -14.442  13.781 0.0000000000
54847  -52.630  -14.273  14.530 0.0000000000
55806  -52.906  -13.602  15.271 0.0000000000
55792  -53.043  -12.902  16.017 0.0000000000
130466  -54.144  -8.056  4.908 0.0000000000
60684  -55.286  -8.184  5.618 0.0000000000
60683  -54.751  -7.570  4.997 0.0000000000
61689  -55.136  -6.687  4.730 0.0000000000
64507  -55.677  -4.776  3.760 0.0000000000
64508  -56.371  -4.531  3.909 0.0000000000
113922  -57.322  -4.196  4.077 0.0000000000
64517  -57.949  -3.860  3.663 0.0000000000
111148  -57.753  -5.868  0.330 0.0000000000
63589  -59.026  -5.141  2.637 0.0000000000
64526  -60.423  -3.578  2.701 0.0000000000
66362  -61.671  -1.844  2.984 0.0000000000
64556  -63.760  -3.674  -0.740 0.0000000000
42082  -46.902  -28.221  22.094 0.0000000000
43027  -46.739  -27.540  21.563 0.0000000000
43037  -46.563  -27.756  20.784 0.0000000000
43036  -46.073  -27.375  20.325 0.0000000000
43046  -45.047  -27.384  19.177 0.0000000000
43061  -45.274  -27.946  18.927 0.0000000000
43975  -44.323  -26.982  18.811 0.0000000000
110219  -27.908  -34.358  25.143 0.0000000000
36089  -28.678  -34.255  24.912 0.0000000000
36090  -29.558  -34.382  24.599 0.0000000000
38304  -40.679  -32.644  18.053 0.0000000000
110115  -41.438  -32.588  18.474 0.0000000000
38295  -42.045  -32.627  19.016 0.0000000000
38322  -42.463  -31.763  18.213 0.0000000000
38305  -42.605  -32.148  18.825 0.0000000000
38296  -42.651  -32.481  19.469 0.0000000000
38253  -45.762  -32.529  22.384 0.0000000000
39287  -45.754  -31.963  21.884 0.0000000000
40207  -46.405  -30.468  21.546 0.0000000000
130692  -45.721  -30.670  20.296 0.0000000000
40206  -46.045  -30.599  20.751 0.0000000000
132376  -46.628  -29.695  21.429 0.0000000000
120567  -46.766  -29.057  21.743 0.0000000000
46773  -46.961  -24.210  18.245 0.0000000000
46774  -47.809  -23.984  18.520 0.0000000000
46793  -47.534  -23.548  17.743 0.0000000000
47801  -48.052  -22.503  17.475 0.0000000000
47829  -46.270  -22.243  15.809 0.0000000000
47816  -47.462  -22.018  16.749 0.0000000000
48692  -48.643  -21.781  17.699 0.0000000000
48691  -48.189  -21.289  17.124 0.0000000000
49583  -48.125  -20.411  16.640 0.0000000000
56798  -53.942  -12.036  9.685 0.0000000000
56790  -54.815  -12.201  10.843 0.0000000000
57722  -54.596  -11.850  10.124 0.0000000000
57723  -55.343  -11.637  10.515 0.0000000000
113893  -56.901  -10.643  11.126 0.0000000000
58655  -56.937  -10.848  11.819 0.0000000000
58645  -57.150  -10.962  12.511 0.0000000000
113455  -57.657  -10.625  13.263 0.0000000000
58637  -58.404  -9.823  14.061 0.0000000000
62587  -59.674  -5.266  8.524 0.0000000000
62599  -59.506  -5.496  7.568 0.0000000000
116159  -15.894  -41.479  29.590 0.0000000000
28216  -14.969  -42.246  30.341 0.0000000000
45759  -42.473  -24.581  23.345 0.0000000000
45758  -41.820  -24.215  23.162 0.0000000000
45751  -41.581  -23.566  23.123 0.0000000000
45766  -40.519  -23.418  21.683 0.0000000000
46717  -40.852  -23.098  22.049 0.0000000000
46704  -41.377  -23.152  22.737 0.0000000000
124235  -42.023  -22.765  22.633 0.0000000000
127915  -42.640  -22.834  22.017 0.0000000000
47760  -42.954  -22.969  21.272 0.0000000000
47759  -42.262  -22.778  20.776 0.0000000000
47785  -40.547  -22.530  19.179 0.0000000000
120547  -41.184  -23.331  15.567 0.0000000000
115997  -31.870  -36.327  30.284 0.0000000000
110630  -33.320  -37.407  31.933 0.0000000000
35204  -33.029  -34.974  21.696 0.0000000000
35189  -34.574  -35.335  22.626 0.0000000000
112647  -35.095  -35.413  23.224 0.0000000000
111792  -40.003  -34.436  22.925 0.0000000000
35131  -41.613  -34.870  25.670 0.0000000000
116311  -40.812  -35.126  25.670 0.0000000000
35089  -40.599  -35.797  26.934 0.0000000000
34156  -40.648  -36.550  28.296 0.0000000000
34157  -41.494  -36.371  28.448 0.0000000000
34139  -42.888  -36.537  29.774 0.0000000000
129977  -22.636  -37.804  27.059 0.0000000000
33129  -23.267  -37.394  29.856 0.0000000000
33128  -22.553  -37.881  29.647 0.0000000000
33060  -23.945  -37.497  33.525 0.0000000000
33045  -25.206  -37.685  34.406 0.0000000000
33034  -25.735  -37.857  35.193 0.0000000000
118092  -46.099  -16.802  12.333 0.0000000000
53230  -45.796  -16.127  11.988 0.0000000000
53231  -46.362  -15.788  12.418 0.0000000000
53222  -47.507  -15.564  13.703 0.0000000000
54879  -47.093  -14.962  12.969 0.0000000000
54048  -47.539  -15.142  13.544 0.0000000000
54034  -47.884  -15.342  14.138 0.0000000000
54035  -48.352  -15.065  14.547 0.0000000000
54028  -49.286  -14.840  15.457 0.0000000000
54825  -49.892  -14.456  15.783 0.0000000000
62640  -51.778  -6.769  2.921 0.0000000000
61698  -53.213  -6.448  3.575 0.0000000000
117659  -53.208  -6.280  2.558 0.0000000000
116221  -59.036  -5.641  0.163 0.0000000000
63618  -60.628  -5.482  0.501 0.0000000000
63655  -60.022  -5.354  -0.972 0.0000000000
63642  -61.671  -5.363  -0.804 0.0000000000
131802  -18.709  -40.675  32.803 0.0000000000
30018  -18.764  -40.684  33.467 0.0000000000
29976  -18.915  -40.547  37.015 0.0000000000
44778  -46.068  -25.794  25.016 0.0000000000
127060  -43.910  -25.498  23.052 0.0000000000
43925  -46.483  -26.825  21.898 0.0000000000
43923  -44.923  -26.347  21.090 0.0000000000
43912  -44.930  -26.159  21.927 0.0000000000
44819  -44.005  -25.799  22.342 0.0000000000
44818  -43.168  -25.263  22.782 0.0000000000
45793  -40.766  -24.505  20.194 0.0000000000
111318  -38.983  -23.457  19.449 0.0000000000
130251  -27.657  -35.728  30.911 0.0000000000
34117  -28.255  -35.684  31.167 0.0000000000
35033  -27.177  -35.523  29.788 0.0000000000
34118  -29.187  -35.642  31.079 0.0000000000
126180  -30.387  -35.729  30.323 0.0000000000
35119  -26.897  -34.789  26.216 0.0000000000
36040  -27.717  -34.626  27.327 0.0000000000
36041  -28.508  -34.686  27.521 0.0000000000
110866  -28.753  -34.980  28.244 0.0000000000
35050  -29.601  -35.391  29.241 0.0000000000
122255  -30.335  -35.590  29.616 0.0000000000
34121  -32.727  -36.694  30.019 0.0000000000
34137  -32.829  -36.644  29.186 0.0000000000
34122  -33.344  -36.992  29.685 0.0000000000
33131  -34.601  -37.542  29.247 0.0000000000
33150  -35.249  -37.523  28.658 0.0000000000
36181  -38.503  -34.328  20.415 0.0000000000
113559  -38.888  -34.375  20.925 0.0000000000
37237  -40.628  -33.403  19.310 0.0000000000
37218  -40.335  -33.774  19.984 0.0000000000
36165  -40.280  -34.132  21.379 0.0000000000
36134  -40.585  -34.184  22.281 0.0000000000
36095  -42.427  -34.311  24.393 0.0000000000
36114  -43.219  -34.006  23.965 0.0000000000
36096  -43.162  -34.306  24.822 0.0000000000
111215  -45.662  -34.609  26.756 0.0000000000
36064  -47.126  -34.380  26.689 0.0000000000
36079  -46.642  -34.236  25.399 0.0000000000
36080  -47.138  -34.180  25.925 0.0000000000
37133  -47.600  -33.948  26.717 0.0000000000
38190  -47.881  -33.039  27.231 0.0000000000
118495  -47.450  -31.842  27.241 0.0000000000
38220  -46.810  -31.895  24.834 0.0000000000
122441  -46.948  -31.905  25.689 0.0000000000
41090  -46.540  -29.736  26.649 0.0000000000
33179  -23.147  -37.629  26.363 0.0000000000
119959  -23.359  -37.508  27.113 0.0000000000
34167  -24.494  -36.691  27.321 0.0000000000
112125  -24.610  -36.554  28.120 0.0000000000
34134  -25.621  -36.224  30.054 0.0000000000
46678  -50.575  -23.044  24.549 0.0000000000
126547  -50.343  -23.587  22.151 0.0000000000
110454  -51.140  -23.488  22.784 0.0000000000
46712  -52.568  -22.967  23.269 0.0000000000
132574  -48.937  -23.685  19.257 0.0000000000
46753  -49.787  -23.302  19.807 0.0000000000
46737  -50.456  -23.099  20.483 0.0000000000
47772  -50.032  -22.504  19.350 0.0000000000
47761  -51.001  -22.371  20.351 0.0000000000
131050  -51.458  -22.351  20.931 0.0000000000
125361  -51.942  -21.993  21.223 0.0000000000
48647  -52.391  -21.507  21.692 0.0000000000
50457  -52.301  -19.526  20.658 0.0000000000
54918  -48.913  -14.379  10.604 0.0000000000
54900  -49.874  -14.741  11.390 0.0000000000
111093  -50.632  -14.631  11.422 0.0000000000
54901  -51.385  -14.510  11.591 0.0000000000
132915  -52.144  -14.794  12.821 0.0000000000
55841  -52.967  -14.051  11.999 0.0000000000
54885  -52.935  -14.543  12.865 0.0000000000
54848  -53.685  -14.020  14.414 0.0000000000
55807  -54.586  -13.488  14.620 0.0000000000
56782  -55.030  -12.583  11.673 0.0000000000
115109  -55.488  -12.678  12.489 0.0000000000
133105  -55.288  -13.052  12.848 0.0000000000
56762  -56.273  -12.381  13.763 0.0000000000
56761  -55.736  -12.825  14.279 0.0000000000
24557  -12.169  -46.662  34.857 0.0000000000
48766  -43.155  -20.982  11.877 0.0000000000
48754  -44.183  -21.054  12.823 0.0000000000
49647  -43.457  -20.273  11.614 0.0000000000
50596  -43.690  -19.569  11.361 0.0000000000
50610  -43.295  -19.210  10.769 0.0000000000
50611  -43.832  -18.801  11.052 0.0000000000
52381  -44.601  -17.471  11.332 0.0000000000
53255  -42.970  -17.083  9.852 0.0000000000
52393  -44.026  -16.951  10.804 0.0000000000
53238  -44.643  -16.444  11.256 0.0000000000
54066  -44.621  -15.465  11.161 0.0000000000
54067  -45.254  -14.959  11.386 0.0000000000
127846  -44.401  -14.690  10.533 0.0000000000
54915  -45.876  -14.532  11.045 0.0000000000
54916  -46.710  -14.347  10.489 0.0000000000
127034  -47.482  -14.180  10.003 0.0000000000
54935  -48.088  -13.956  9.655 0.0000000000
54936  -48.770  -13.901  9.851 0.0000000000
55885  -49.187  -13.802  8.355 0.0000000000
55873  -50.486  -13.410  8.960 0.0000000000
55874  -51.211  -13.238  9.470 0.0000000000
55888  -51.665  -12.924  9.074 0.0000000000
56811  -52.254  -12.660  8.999 0.0000000000
56831  -49.638  -12.749  6.037 0.0000000000
55921  -50.345  -12.923  6.752 0.0000000000
56821  -51.746  -12.600  7.655 0.0000000000
113911  -52.372  -12.440  8.199 0.0000000000
56812  -52.937  -12.298  8.848 0.0000000000
57728  -53.710  -11.846  8.858 0.0000000000
57739  -54.369  -11.225  8.602 0.0000000000
57746  -53.487  -11.194  7.387 0.0000000000
57747  -54.227  -10.855  7.825 0.0000000000
58678  -54.910  -10.615  8.251 0.0000000000
58690  -55.362  -10.163  7.928 0.0000000000
59668  -55.947  -9.868  8.106 0.0000000000
59682  -56.299  -9.279  7.628 0.0000000000
60668  -54.973  -8.845  5.955 0.0000000000
60682  -53.776  -8.696  5.107 0.0000000000
60706  -53.605  -8.021  4.626 0.0000000000
122057  -51.861  -7.415  3.546 0.0000000000
29068  -18.266  -41.163  33.099 0.0000000000
28194  -17.680  -41.767  33.458 0.0000000000
28202  -17.222  -41.933  32.734 0.0000000000
114707  -17.603  -42.035  34.673 0.0000000000
132632  -17.406  -42.120  34.053 0.0000000000
28193  -16.855  -42.369  33.534 0.0000000000
28192  -15.917  -42.746  33.247 0.0000000000
28170  -17.046  -41.990  38.090 0.0000000000
27262  -16.078  -42.961  37.907 0.0000000000
27266  -15.916  -43.035  37.064 0.0000000000
27282  -15.197  -43.257  33.859 0.0000000000
116017  -14.652  -43.425  33.265 0.0000000000
27281  -14.345  -43.756  33.946 0.0000000000
27273  -13.674  -44.267  33.974 0.0000000000
26390  -13.695  -44.255  36.061 0.0000000000
26389  -13.319  -44.660  35.643 0.0000000000
24547  -12.065  -46.774  35.873 0.0000000000
128029  -11.884  -47.264  37.036 0.0000000000
25463  -12.657  -46.150  37.862 0.0000000000
24532  -12.223  -46.703  37.393 0.0000000000
47647  -51.837  -22.638  28.001 0.0000000000
43837  -46.617  -25.822  28.314 0.0000000000
116530  -42.622  -24.200  24.168 0.0000000000
45744  -42.923  -23.780  24.875 0.0000000000
45731  -43.425  -23.494  25.366 0.0000000000
47691  -42.846  -23.058  24.620 0.0000000000
46639  -44.234  -23.321  26.526 0.0000000000
47656  -44.439  -23.026  26.719 0.0000000000
46623  -45.468  -23.127  27.521 0.0000000000
47659  -47.500  -22.582  27.052 0.0000000000
47660  -48.475  -22.466  26.845 0.0000000000
47693  -46.990  -22.621  25.430 0.0000000000
47671  -47.744  -22.544  26.025 0.0000000000
47673  -49.643  -22.521  25.626 0.0000000000
46677  -49.311  -23.073  24.051 0.0000000000
132297  -48.893  -23.269  23.478 0.0000000000
46708  -47.159  -23.555  22.371 0.0000000000
112642  -47.907  -23.534  22.520 0.0000000000
125996  -48.387  -23.755  21.929 0.0000000000
46735  -47.726  -24.105  20.777 0.0000000000
45782  -47.068  -24.294  19.568 0.0000000000
46718  -43.924  -23.410  21.021 0.0000000000
46732  -44.538  -23.643  20.152 0.0000000000
46749  -44.762  -23.768  19.152 0.0000000000
46750  -45.498  -23.928  19.558 0.0000000000
46751  -46.366  -24.269  19.001 0.0000000000
125131  -46.202  -24.279  18.163 0.0000000000
46808  -45.877  -23.927  16.916 0.0000000000
46824  -45.123  -23.609  15.854 0.0000000000
47827  -44.803  -23.157  15.196 0.0000000000
47840  -44.477  -22.736  14.503 0.0000000000
46786  -37.654  -23.056  17.643 0.0000000000
47812  -38.358  -22.571  17.226 0.0000000000
46802  -39.272  -22.623  16.342 0.0000000000
46818  -39.018  -22.784  15.494 0.0000000000
46839  -40.734  -23.561  13.826 0.0000000000
46840  -41.624  -23.629  14.071 0.0000000000
46858  -42.161  -23.460  13.578 0.0000000000
46889  -40.786  -23.083  11.781 0.0000000000
47851  -42.627  -23.002  13.164 0.0000000000
47864  -43.093  -22.218  12.803 0.0000000000
48752  -42.781  -21.762  12.152 0.0000000000
34095  -27.924  -36.540  32.759 0.0000000000
34088  -28.600  -36.716  33.316 0.0000000000
34090  -29.981  -36.612  33.170 0.0000000000
33068  -32.185  -37.306  33.151 0.0000000000
36107  -29.680  -34.368  23.756 0.0000000000
128000  -30.922  -34.980  25.468 0.0000000000
110306  -33.009  -36.429  26.814 0.0000000000
34206  -33.325  -36.044  25.546 0.0000000000
34189  -33.522  -36.359  26.235 0.0000000000
34153  -34.208  -36.917  27.697 0.0000000000
127278  -35.950  -37.680  28.888 0.0000000000
36161  -36.187  -34.734  20.969 0.0000000000
36160  -35.320  -34.819  21.064 0.0000000000
35190  -35.452  -35.239  22.609 0.0000000000
112326  -35.815  -35.337  23.433 0.0000000000
36110  -39.461  -34.618  23.550 0.0000000000
36109  -38.647  -34.751  23.552 0.0000000000
126390  -37.931  -34.932  23.683 0.0000000000
35148  -38.840  -35.161  24.894 0.0000000000
35168  -38.305  -35.021  24.283 0.0000000000
110714  -36.025  -35.472  24.240 0.0000000000
34209  -35.922  -36.013  25.879 0.0000000000
125522  -36.252  -36.525  26.930 0.0000000000
34193  -37.226  -36.128  26.484 0.0000000000
129336  -36.795  -36.424  26.902 0.0000000000
32077  -37.314  -37.914  29.928 0.0000000000
32078  -38.083  -38.053  30.374 0.0000000000
130975  -38.720  -38.304  30.976 0.0000000000
33136  -41.252  -37.265  29.742 0.0000000000
30052  -18.683  -40.548  31.463 0.0000000000
32087  -21.093  -38.742  28.368 0.0000000000
126668  -20.121  -39.470  30.180 0.0000000000
30068  -19.067  -40.174  30.702 0.0000000000
115671  -18.990  -40.360  32.221 0.0000000000
30019  -19.214  -40.186  32.972 0.0000000000
31015  -19.893  -39.605  33.226 0.0000000000
49619  -44.833  -20.684  13.193 0.0000000000
49606  -45.863  -20.705  14.166 0.0000000000
50567  -45.824  -19.632  13.254 0.0000000000
49621  -46.213  -20.032  13.848 0.0000000000
49607  -46.500  -20.358  14.479 0.0000000000
49595  -47.360  -20.150  15.431 0.0000000000
50517  -48.147  -19.698  16.251 0.0000000000
50497  -48.595  -19.768  16.894 0.0000000000
52370  -46.433  -17.548  12.745 0.0000000000
50569  -47.210  -18.287  13.974 0.0000000000
52345  -47.744  -17.532  14.584 0.0000000000
51466  -47.713  -18.628  14.843 0.0000000000
50518  -48.587  -19.017  16.512 0.0000000000
51433  -50.543  -18.366  18.469 0.0000000000
51434  -51.134  -18.020  18.908 0.0000000000
54881  -49.309  -14.877  12.118 0.0000000000
122737  -49.571  -14.872  13.045 0.0000000000
54863  -49.889  -14.660  13.951 0.0000000000
112034  -51.641  -14.348  14.601 0.0000000000
132228  -50.932  -14.259  14.695 0.0000000000
54845  -50.196  -14.240  14.825 0.0000000000
54835  -50.286  -14.090  15.497 0.0000000000
54826  -50.499  -14.093  16.111 0.0000000000
54816  -50.942  -14.240  16.847 0.0000000000
54817  -51.558  -14.050  17.402 0.0000000000
131748  -50.694  -14.741  17.083 0.0000000000
54014  -51.139  -14.768  17.567 0.0000000000
60657  -56.665  -8.640  7.231 0.0000000000
60658  -57.351  -8.272  7.575 0.0000000000
125137  -57.736  -7.660  7.189 0.0000000000
61655  -56.028  -7.993  5.867 0.0000000000
61657  -58.133  -7.055  6.813 0.0000000000
62598  -58.856  -6.510  7.138 0.0000000000
125296  -58.508  -6.489  6.502 0.0000000000
62632  -55.443  -5.819  4.462 0.0000000000
62619  -56.668  -6.503  5.166 0.0000000000
62621  -58.565  -5.993  5.917 0.0000000000
62607  -59.196  -5.746  6.641 0.0000000000
130842  -60.215  -3.938  6.497 0.0000000000
64501  -60.205  -3.599  5.835 0.0000000000
64502  -61.063  -2.769  6.509 0.0000000000
62652  -55.833  -6.377  2.223 0.0000000000
63587  -57.020  -5.150  2.879 0.0000000000
64523  -57.452  -4.369  3.365 0.0000000000
65398  -58.693  -3.245  3.758 0.0000000000
65399  -59.678  -2.550  3.870 0.0000000000
66346  -60.602  -1.813  4.001 0.0000000000
117563  -63.823  -2.978  0.197 0.0000000000
26395  -13.197  -44.809  34.797 0.0000000000
29067  -17.817  -41.507  32.728 0.0000000000
33108  -23.967  -37.066  30.846 0.0000000000
33109  -24.604  -36.813  30.768 0.0000000000
34105  -27.495  -36.005  31.373 0.0000000000
34114  -24.947  -36.535  30.066 0.0000000000
35049  -28.821  -35.345  29.569 0.0000000000
35070  -31.236  -35.722  28.606 0.0000000000
35082  -26.511  -35.167  27.531 0.0000000000
35084  -27.932  -34.817  28.149 0.0000000000
36097  -45.632  -34.121  24.527 0.0000000000
37197  -44.241  -33.022  21.873 0.0000000000
38306  -43.109  -32.037  19.224 0.0000000000
45703  -45.160  -23.844  27.565 0.0000000000
45794  -47.740  -24.282  19.255 0.0000000000
45811  -48.285  -24.039  19.020 0.0000000000
46624  -46.010  -23.372  28.072 0.0000000000
46655  -43.828  -23.276  25.902 0.0000000000
46706  -45.506  -23.376  22.527 0.0000000000
47642  -46.243  -22.944  27.841 0.0000000000
47644  -48.170  -22.606  27.862 0.0000000000
47695  -49.849  -22.843  24.714 0.0000000000
47747  -43.486  -23.096  21.777 0.0000000000
47815  -46.739  -22.617  16.429 0.0000000000
47862  -41.567  -22.872  12.125 0.0000000000
49563  -50.165  -20.268  18.566 0.0000000000
50582  -44.744  -19.614  12.305 0.0000000000
52332  -48.183  -17.928  15.368 0.0000000000
53190  -49.481  -15.821  16.612 0.0000000000
54882  -50.199  -14.943  12.131 0.0000000000
54899  -49.099  -14.719  11.304 0.0000000000
54919  -50.191  -14.287  10.800 0.0000000000
55875  -52.028  -12.974  9.787 0.0000000000
55920  -49.481  -13.338  6.715 0.0000000000
56771  -55.598  -12.885  13.309 0.0000000000
56788  -53.289  -12.742  10.359 0.0000000000
56797  -53.384  -12.239  9.384 0.0000000000
56820  -51.101  -12.766  7.208 0.0000000000
57764  -53.405  -10.737  6.705 0.0000000000
58679  -55.564  -10.343  8.578 0.0000000000
113334  -38.952  -37.428  29.254 0.0000000000
116308  -50.663  -22.030  19.660 0.0000000000
123810  -51.428  -13.695  16.876 0.0000000000
124348  -46.898  -27.477  23.784 0.0000000000
125524  -44.394  -32.103  20.659 0.0000000000
125672  -46.812  -20.609  15.124 0.0000000000
126694  -47.782  -19.724  15.721 0.0000000000
126850  -42.965  -33.781  23.194 0.0000000000
127092  -30.936  -36.057  30.777 0.0000000000
128316  -56.137  -5.938  4.698 0.0000000000
129485  -49.547  -14.477  10.874 0.0000000000
129773  -22.888  -37.744  28.415 0.0000000000
130959  -43.064  -23.704  16.737 0.0000000000
131190  -47.086  -23.926  21.127 0.0000000000
132255  -51.697  -11.451  6.039 0.0000000000
