#!ascii label  , from subject sub-v1s10x0051081_ses-1 vox2ras=TkReg
533
10621  -39.527  -84.436  -15.005 0.0000000000
16581  -42.144  -79.151  -21.690 0.0000000000
124212  -39.300  -78.715  -14.935 0.0000000000
114463  -43.291  -79.632  -17.437 0.0000000000
18593  -41.885  -75.935  -20.394 0.0000000000
12528  -37.138  -82.688  -10.832 0.0000000000
16465  -33.813  -78.366  -12.643 0.0000000000
19494  -33.326  -75.621  -7.197 0.0000000000
18518  -37.744  -76.941  -16.202 0.0000000000
17496  -40.673  -77.234  -17.007 0.0000000000
19633  -38.956  -75.199  -18.565 0.0000000000
14548  -35.239  -80.782  -11.783 0.0000000000
125156  -35.798  -78.881  -9.203 0.0000000000
22766  -31.447  -72.565  -7.015 0.0000000000
20594  -31.297  -74.561  -10.018 0.0000000000
11597  -37.290  -84.179  -15.656 0.0000000000
15613  -43.884  -79.461  -20.168 0.0000000000
15609  -39.225  -79.747  -18.934 0.0000000000
12682  -40.047  -82.102  -20.963 0.0000000000
113290  -40.176  -81.165  -14.329 0.0000000000
12608  -41.396  -82.512  -15.752 0.0000000000
17516  -45.053  -77.346  -18.030 0.0000000000
19672  -45.075  -75.693  -22.229 0.0000000000
14561  -37.072  -80.581  -13.617 0.0000000000
16474  -36.050  -78.286  -14.095 0.0000000000
18501  -35.045  -76.284  -15.023 0.0000000000
17345  -35.659  -77.744  -7.221 0.0000000000
18437  -33.166  -77.163  -9.257 0.0000000000
19575  -32.148  -75.427  -13.100 0.0000000000
126497  -34.986  -73.403  -14.024 0.0000000000
13618  -37.677  -81.111  -16.037 0.0000000000
19658  -37.560  -74.926  -20.553 0.0000000000
17554  -38.649  -77.743  -20.791 0.0000000000
13700  -36.047  -81.210  -20.930 0.0000000000
19605  -36.424  -75.377  -16.516 0.0000000000
18543  -37.959  -76.020  -17.427 0.0000000000
10658  -38.758  -84.231  -15.703 0.0000000000
16582  -42.887  -78.987  -21.629 0.0000000000
14682  -41.699  -80.766  -21.126 0.0000000000
14698  -41.249  -80.623  -21.837 0.0000000000
124006  -40.071  -81.476  -22.304 0.0000000000
15650  -40.186  -80.433  -22.156 0.0000000000
15521  -40.056  -79.766  -14.587 0.0000000000
16488  -40.662  -78.599  -15.395 0.0000000000
18558  -41.183  -76.709  -18.850 0.0000000000
17498  -42.672  -77.248  -17.370 0.0000000000
18560  -43.141  -76.840  -19.203 0.0000000000
18577  -45.489  -76.873  -20.078 0.0000000000
18595  -44.295  -75.915  -21.265 0.0000000000
12556  -36.912  -82.481  -12.884 0.0000000000
114418  -36.301  -82.247  -12.277 0.0000000000
15483  -34.409  -79.609  -11.834 0.0000000000
15505  -35.185  -79.637  -13.153 0.0000000000
15504  -34.816  -78.893  -13.239 0.0000000000
17442  -35.671  -77.635  -14.343 0.0000000000
17434  -34.431  -77.557  -13.655 0.0000000000
18401  -34.403  -76.640  -7.262 0.0000000000
17372  -34.552  -77.536  -8.377 0.0000000000
18420  -33.165  -76.674  -8.507 0.0000000000
21695  -31.761  -73.321  -10.707 0.0000000000
19557  -31.368  -75.313  -11.393 0.0000000000
21736  -32.444  -73.872  -12.453 0.0000000000
21750  -33.159  -74.130  -13.537 0.0000000000
123191  -43.254  -81.089  -16.111 0.0000000000
13620  -40.488  -81.814  -16.311 0.0000000000
14613  -40.497  -79.954  -17.056 0.0000000000
14637  -36.175  -80.417  -17.737 0.0000000000
20722  -36.172  -74.345  -19.537 0.0000000000
113568  -38.203  -76.342  -20.846 0.0000000000
15630  -36.273  -79.462  -20.114 0.0000000000
17459  -38.405  -77.604  -15.654 0.0000000000
16500  -40.155  -77.904  -15.844 0.0000000000
18529  -39.108  -76.948  -16.955 0.0000000000
18556  -39.659  -76.355  -18.429 0.0000000000
18572  -39.881  -75.878  -19.154 0.0000000000
13570  -36.112  -81.904  -11.597 0.0000000000
123239  -35.505  -79.642  -10.510 0.0000000000
16444  -34.432  -78.713  -10.436 0.0000000000
20545  -31.759  -73.822  -6.869 0.0000000000
19492  -31.433  -74.785  -8.329 0.0000000000
21666  -31.277  -73.241  -8.545 0.0000000000
22807  -31.498  -72.717  -9.306 0.0000000000
22809  -33.359  -71.993  -10.039 0.0000000000
15591  -44.181  -79.320  -18.521 0.0000000000
15589  -41.758  -79.271  -18.539 0.0000000000
15611  -41.386  -79.592  -19.305 0.0000000000
14660  -39.472  -80.582  -19.583 0.0000000000
12657  -37.773  -82.625  -19.884 0.0000000000
11698  -38.472  -83.307  -21.187 0.0000000000
12718  -38.621  -82.540  -22.669 0.0000000000
12716  -37.570  -82.580  -23.400 0.0000000000
12566  -40.436  -82.747  -14.494 0.0000000000
11601  -40.509  -83.455  -15.314 0.0000000000
14569  -43.555  -80.911  -14.887 0.0000000000
15549  -44.794  -79.462  -16.365 0.0000000000
119736  -42.016  -78.013  -16.091 0.0000000000
17478  -44.942  -78.117  -16.677 0.0000000000
16520  -45.720  -78.611  -17.680 0.0000000000
16553  -45.807  -78.454  -19.370 0.0000000000
16584  -44.858  -77.988  -21.458 0.0000000000
17587  -43.234  -77.345  -22.281 0.0000000000
12558  -38.680  -82.647  -13.823 0.0000000000
14563  -39.163  -81.055  -14.140 0.0000000000
15508  -38.256  -79.750  -14.238 0.0000000000
14557  -35.858  -81.026  -12.872 0.0000000000
15507  -36.791  -79.794  -13.735 0.0000000000
117192  -37.725  -78.526  -14.598 0.0000000000
17457  -36.692  -77.310  -15.208 0.0000000000
18517  -36.312  -76.622  -15.608 0.0000000000
20665  -35.336  -74.593  -15.652 0.0000000000
16425  -35.708  -78.283  -8.103 0.0000000000
17390  -34.435  -77.970  -9.194 0.0000000000
17407  -33.269  -77.854  -10.495 0.0000000000
18435  -31.726  -76.075  -9.437 0.0000000000
18471  -32.100  -76.735  -11.530 0.0000000000
108629  -32.894  -77.124  -12.808 0.0000000000
114719  -33.371  -76.198  -13.856 0.0000000000
20654  -34.270  -74.513  -14.748 0.0000000000
11613  -39.625  -83.552  -15.884 0.0000000000
13600  -37.878  -82.099  -15.742 0.0000000000
14611  -38.651  -79.646  -17.536 0.0000000000
14580  -36.095  -80.511  -16.386 0.0000000000
19670  -44.080  -74.333  -22.268 0.0000000000
118519  -43.538  -75.543  -22.797 0.0000000000
18605  -41.625  -76.504  -22.285 0.0000000000
118689  -39.637  -76.797  -21.484 0.0000000000
16579  -40.134  -78.659  -21.307 0.0000000000
15649  -39.330  -80.245  -21.705 0.0000000000
13716  -37.648  -81.635  -22.414 0.0000000000
20678  -36.357  -74.530  -16.453 0.0000000000
19616  -36.841  -74.877  -16.966 0.0000000000
10646  -38.769  -84.649  -15.447 0.0000000000
125673  -39.185  -84.588  -15.241 0.0000000000
15653  -42.254  -79.692  -21.572 0.0000000000
15652  -41.499  -79.932  -21.901 0.0000000000
120585  -40.756  -80.524  -22.126 0.0000000000
15651  -40.695  -79.783  -21.868 0.0000000000
16477  -40.064  -79.095  -14.919 0.0000000000
128511  -40.727  -79.153  -15.006 0.0000000000
18574  -41.477  -76.345  -19.723 0.0000000000
18559  -42.065  -76.805  -19.045 0.0000000000
18575  -42.415  -76.476  -20.015 0.0000000000
18576  -43.848  -76.582  -20.292 0.0000000000
18594  -43.097  -75.729  -20.991 0.0000000000
115568  -37.644  -83.368  -10.774 0.0000000000
12543  -37.146  -83.415  -11.476 0.0000000000
12551  -36.976  -83.162  -12.401 0.0000000000
12542  -36.474  -82.568  -11.678 0.0000000000
16460  -34.048  -79.033  -12.201 0.0000000000
15494  -34.600  -79.524  -12.581 0.0000000000
124692  -34.285  -78.839  -12.804 0.0000000000
16466  -34.345  -78.225  -13.237 0.0000000000
17433  -33.679  -77.579  -13.175 0.0000000000
20565  -33.061  -74.899  -6.849 0.0000000000
20547  -34.169  -74.789  -5.935 0.0000000000
19480  -33.811  -75.190  -6.544 0.0000000000
18390  -34.830  -76.195  -6.532 0.0000000000
19495  -34.096  -75.949  -6.842 0.0000000000
107756  -33.656  -76.348  -7.590 0.0000000000
18400  -32.759  -75.994  -7.885 0.0000000000
21714  -32.328  -73.405  -11.567 0.0000000000
21737  -33.238  -73.621  -12.865 0.0000000000
122842  -33.679  -73.321  -12.211 0.0000000000
14615  -42.899  -80.358  -16.822 0.0000000000
14594  -40.963  -80.939  -16.549 0.0000000000
14614  -41.966  -80.047  -17.038 0.0000000000
17552  -37.115  -77.612  -20.206 0.0000000000
116091  -36.858  -78.925  -20.216 0.0000000000
16552  -36.177  -78.579  -19.739 0.0000000000
17472  -38.752  -77.253  -16.301 0.0000000000
18528  -38.269  -76.644  -16.905 0.0000000000
19618  -38.271  -75.441  -17.958 0.0000000000
18544  -38.611  -76.344  -17.578 0.0000000000
18555  -38.951  -75.995  -18.248 0.0000000000
126307  -39.352  -75.709  -18.750 0.0000000000
15475  -34.758  -79.313  -10.881 0.0000000000
16445  -35.222  -78.975  -9.936 0.0000000000
21648  -31.411  -73.341  -7.352 0.0000000000
20563  -31.423  -74.159  -7.689 0.0000000000
22790  -31.318  -72.901  -7.800 0.0000000000
117579  -32.659  -72.387  -10.297 0.0000000000
118751  -36.446  -83.263  -15.488 0.0000000000
118370  -43.625  -79.501  -19.473 0.0000000000
124653  -43.108  -79.813  -20.290 0.0000000000
14681  -41.242  -81.023  -20.559 0.0000000000
13681  -39.876  -81.598  -20.233 0.0000000000
12659  -39.347  -82.271  -20.494 0.0000000000
11674  -38.187  -83.129  -20.492 0.0000000000
13730  -39.491  -81.631  -22.535 0.0000000000
12719  -39.186  -82.172  -22.540 0.0000000000
13729  -38.704  -81.951  -22.866 0.0000000000
12717  -38.006  -82.388  -23.204 0.0000000000
13728  -38.049  -82.176  -23.208 0.0000000000
13581  -40.779  -82.044  -14.412 0.0000000000
12567  -41.238  -82.694  -14.791 0.0000000000
14581  -43.943  -80.663  -15.311 0.0000000000
130074  -44.275  -79.769  -15.448 0.0000000000
17474  -40.485  -77.526  -16.440 0.0000000000
16501  -41.054  -77.993  -15.978 0.0000000000
17475  -41.386  -77.495  -16.641 0.0000000000
17477  -43.609  -77.676  -16.822 0.0000000000
17500  -45.625  -77.881  -17.293 0.0000000000
17479  -45.594  -78.334  -17.007 0.0000000000
17517  -46.014  -77.785  -18.173 0.0000000000
16538  -46.117  -78.162  -18.452 0.0000000000
18596  -45.587  -76.663  -21.106 0.0000000000
17555  -45.806  -77.226  -20.810 0.0000000000
17590  -45.502  -76.494  -21.953 0.0000000000
16601  -44.208  -77.934  -21.877 0.0000000000
18617  -44.860  -76.088  -22.472 0.0000000000
13576  -37.333  -81.573  -13.448 0.0000000000
118468  -38.394  -81.399  -13.807 0.0000000000
14562  -38.134  -80.632  -13.918 0.0000000000
14565  -38.879  -80.225  -14.249 0.0000000000
128518  -37.588  -79.971  -13.928 0.0000000000
14537  -36.115  -81.020  -10.964 0.0000000000
13569  -35.684  -81.605  -12.196 0.0000000000
14556  -35.326  -80.717  -12.417 0.0000000000
16468  -35.611  -78.910  -13.607 0.0000000000
15506  -35.910  -79.724  -13.515 0.0000000000
15518  -36.468  -79.020  -13.889 0.0000000000
15519  -37.411  -79.203  -14.178 0.0000000000
16475  -36.878  -78.433  -14.370 0.0000000000
17444  -37.219  -77.909  -14.853 0.0000000000
17443  -36.398  -77.752  -14.613 0.0000000000
17441  -34.897  -77.084  -14.308 0.0000000000
18502  -35.790  -77.018  -14.968 0.0000000000
19597  -36.005  -75.873  -15.967 0.0000000000
18515  -35.269  -75.514  -15.562 0.0000000000
17371  -33.853  -77.345  -8.824 0.0000000000
17389  -33.586  -77.655  -9.621 0.0000000000
17408  -34.020  -78.199  -10.035 0.0000000000
110027  -31.274  -74.627  -9.142 0.0000000000
19511  -31.541  -75.432  -8.873 0.0000000000
19530  -31.366  -75.298  -9.699 0.0000000000
19568  -31.611  -75.240  -12.327 0.0000000000
18454  -31.536  -76.114  -10.915 0.0000000000
18470  -31.630  -75.998  -11.901 0.0000000000
18481  -32.265  -76.597  -12.396 0.0000000000
18488  -32.590  -76.279  -13.217 0.0000000000
19576  -32.808  -75.475  -13.728 0.0000000000
21772  -33.812  -74.160  -14.110 0.0000000000
20653  -33.710  -74.786  -14.466 0.0000000000
21773  -34.581  -73.856  -14.447 0.0000000000
20664  -34.918  -74.186  -15.118 0.0000000000
12590  -41.017  -82.973  -15.535 0.0000000000
11614  -40.303  -83.307  -15.840 0.0000000000
12607  -40.772  -82.702  -16.012 0.0000000000
13619  -39.493  -81.396  -16.299 0.0000000000
120680  -39.167  -82.062  -16.056 0.0000000000
13599  -37.075  -81.627  -15.714 0.0000000000
13617  -36.747  -80.818  -16.031 0.0000000000
15588  -40.771  -79.311  -18.628 0.0000000000
15563  -40.153  -79.340  -17.865 0.0000000000
15562  -39.267  -79.388  -18.127 0.0000000000
127249  -35.498  -80.635  -17.603 0.0000000000
14609  -36.551  -80.139  -17.113 0.0000000000
19661  -43.708  -74.344  -21.739 0.0000000000
20744  -43.624  -73.853  -22.208 0.0000000000
18614  -41.647  -75.580  -22.557 0.0000000000
17586  -42.797  -76.505  -22.528 0.0000000000
18604  -40.839  -75.802  -22.273 0.0000000000
130260  -38.203  -77.093  -20.752 0.0000000000
119202  -38.807  -76.915  -21.137 0.0000000000
17571  -39.453  -77.707  -21.153 0.0000000000
17572  -40.371  -77.707  -21.453 0.0000000000
113829  -39.737  -79.509  -21.425 0.0000000000
15631  -38.795  -79.436  -20.998 0.0000000000
14680  -37.392  -80.315  -20.909 0.0000000000
14693  -36.987  -81.050  -21.349 0.0000000000
19606  -36.968  -75.606  -16.869 0.0000000000
18527  -37.489  -76.168  -16.914 0.0000000000
19617  -37.478  -75.313  -17.370 0.0000000000
20696  -37.909  -74.522  -17.677 0.0000000000
114812  -31.503  -72.153  -7.520 0.0000000000
23895  -31.717  -71.373  -7.388 0.0000000000
15633  -43.866  -79.205  -20.800 0.0000000000
15632  -43.070  -79.739  -20.824 0.0000000000
123976  -42.511  -79.948  -21.302 0.0000000000
14683  -41.925  -80.239  -21.533 0.0000000000
13702  -41.064  -81.205  -21.438 0.0000000000
12683  -40.406  -81.608  -21.666 0.0000000000
14697  -40.574  -81.053  -22.208 0.0000000000
109794  -40.258  -80.864  -22.376 0.0000000000
14696  -39.749  -80.929  -22.488 0.0000000000
14566  -40.564  -80.458  -14.460 0.0000000000
15522  -40.911  -79.734  -14.686 0.0000000000
15536  -41.361  -79.241  -15.072 0.0000000000
15537  -42.362  -79.391  -15.158 0.0000000000
18547  -40.968  -76.898  -18.109 0.0000000000
121649  -41.886  -77.239  -17.167 0.0000000000
17514  -41.819  -76.965  -17.963 0.0000000000
17515  -42.828  -76.986  -18.201 0.0000000000
17532  -44.637  -76.939  -19.114 0.0000000000
17533  -45.860  -77.347  -19.045 0.0000000000
119211  -45.094  -76.344  -20.977 0.0000000000
18606  -45.184  -75.733  -21.852 0.0000000000
13575  -36.342  -81.708  -12.824 0.0000000000
14547  -34.821  -80.210  -12.152 0.0000000000
15495  -35.062  -80.111  -12.651 0.0000000000
16467  -35.156  -78.051  -13.756 0.0000000000
126359  -33.985  -76.906  -13.821 0.0000000000
18391  -35.542  -76.410  -6.185 0.0000000000
18402  -35.102  -77.046  -6.979 0.0000000000
17357  -35.111  -77.660  -7.843 0.0000000000
126625  -34.637  -77.197  -7.687 0.0000000000
18421  -34.051  -76.988  -8.028 0.0000000000
21694  -31.406  -73.893  -10.387 0.0000000000
20607  -31.343  -74.603  -10.883 0.0000000000
21713  -31.548  -73.954  -11.212 0.0000000000
20621  -31.485  -74.602  -11.707 0.0000000000
19574  -31.997  -74.845  -12.892 0.0000000000
20641  -32.530  -74.701  -13.405 0.0000000000
21749  -32.681  -74.079  -13.092 0.0000000000
108405  -33.732  -73.707  -13.449 0.0000000000
21751  -34.370  -73.572  -13.717 0.0000000000
13601  -42.070  -82.071  -15.687 0.0000000000
13621  -41.373  -82.041  -16.146 0.0000000000
14595  -42.190  -81.231  -16.356 0.0000000000
14593  -39.920  -80.584  -16.654 0.0000000000
14638  -37.837  -80.145  -18.523 0.0000000000
19645  -36.367  -75.198  -19.771 0.0000000000
19657  -37.062  -75.452  -20.289 0.0000000000
18592  -38.093  -75.449  -20.849 0.0000000000
18591  -37.585  -75.938  -20.560 0.0000000000
120374  -37.539  -76.811  -20.468 0.0000000000
17553  -37.845  -77.695  -20.512 0.0000000000
16565  -38.284  -78.525  -20.630 0.0000000000
129019  -36.894  -79.689  -20.478 0.0000000000
14679  -36.362  -80.344  -20.558 0.0000000000
16487  -38.911  -78.202  -15.280 0.0000000000
112328  -39.728  -78.378  -15.369 0.0000000000
17460  -39.286  -77.772  -15.769 0.0000000000
17473  -39.636  -77.427  -16.354 0.0000000000
17495  -39.945  -77.141  -17.003 0.0000000000
18545  -39.408  -76.670  -17.668 0.0000000000
18546  -40.310  -76.920  -17.748 0.0000000000
18557  -40.402  -76.553  -18.651 0.0000000000
18573  -40.656  -76.151  -19.459 0.0000000000
12527  -36.671  -81.902  -10.874 0.0000000000
15476  -36.208  -80.058  -10.322 0.0000000000
14536  -35.577  -80.304  -11.001 0.0000000000
15484  -35.010  -79.985  -11.394 0.0000000000
16453  -34.092  -78.965  -11.340 0.0000000000
20526  -32.763  -74.213  -6.384 0.0000000000
20564  -32.172  -74.571  -7.149 0.0000000000
112964  -32.501  -75.271  -7.489 0.0000000000
123993  -31.757  -74.885  -7.753 0.0000000000
20577  -31.201  -74.017  -8.508 0.0000000000
21679  -31.281  -73.745  -9.418 0.0000000000
113136  -31.460  -72.453  -8.326 0.0000000000
123871  -31.512  -73.247  -10.014 0.0000000000
22823  -31.932  -72.682  -10.199 0.0000000000
22824  -32.524  -72.808  -10.837 0.0000000000
22825  -33.229  -72.478  -10.646 0.0000000000
15565  -42.231  -79.413  -17.718 0.0000000000
15590  -43.034  -79.275  -18.327 0.0000000000
15610  -40.568  -79.710  -19.326 0.0000000000
120979  -39.890  -79.879  -19.337 0.0000000000
108316  -38.114  -81.928  -19.710 0.0000000000
12704  -39.753  -82.094  -21.910 0.0000000000
11714  -38.515  -83.157  -22.028 0.0000000000
11697  -37.918  -83.669  -21.803 0.0000000000
10744  -37.574  -83.646  -22.673 0.0000000000
11726  -37.510  -82.952  -23.516 0.0000000000
11576  -39.949  -84.003  -14.751 0.0000000000
10622  -40.062  -84.016  -15.166 0.0000000000
11577  -40.603  -83.426  -14.928 0.0000000000
11578  -41.234  -82.932  -15.061 0.0000000000
12568  -41.995  -82.273  -14.899 0.0000000000
13583  -42.785  -81.626  -14.849 0.0000000000
13602  -42.562  -81.936  -15.114 0.0000000000
13623  -43.729  -80.973  -15.648 0.0000000000
14597  -44.398  -80.369  -15.883 0.0000000000
15548  -44.614  -79.820  -16.507 0.0000000000
16489  -41.661  -78.607  -15.551 0.0000000000
17476  -42.406  -77.576  -16.680 0.0000000000
16502  -43.044  -78.143  -16.219 0.0000000000
16504  -45.148  -78.804  -16.556 0.0000000000
15550  -45.514  -78.731  -16.992 0.0000000000
15566  -44.318  -79.501  -17.452 0.0000000000
15592  -45.088  -79.058  -18.053 0.0000000000
15614  -44.808  -79.144  -19.215 0.0000000000
15634  -44.842  -78.910  -20.108 0.0000000000
18578  -45.904  -77.337  -19.962 0.0000000000
119697  -45.603  -78.349  -20.221 0.0000000000
16566  -44.820  -78.563  -20.835 0.0000000000
16583  -43.842  -78.672  -21.456 0.0000000000
16600  -43.481  -78.100  -21.880 0.0000000000
17575  -42.691  -78.285  -21.775 0.0000000000
11568  -39.300  -83.457  -14.216 0.0000000000
12559  -39.560  -82.650  -14.213 0.0000000000
13580  -39.871  -81.917  -14.224 0.0000000000
12557  -37.740  -82.588  -13.373 0.0000000000
13578  -38.994  -81.892  -13.939 0.0000000000
113282  -39.650  -80.322  -14.391 0.0000000000
15520  -39.140  -79.416  -14.548 0.0000000000
130200  -36.015  -82.135  -12.052 0.0000000000
114131  -36.500  -81.094  -13.269 0.0000000000
14559  -35.485  -80.351  -13.056 0.0000000000
14560  -36.217  -80.454  -13.389 0.0000000000
121124  -38.242  -79.088  -14.469 0.0000000000
16476  -38.591  -78.638  -14.783 0.0000000000
17445  -38.088  -78.044  -15.082 0.0000000000
17458  -37.513  -77.467  -15.439 0.0000000000
113559  -36.988  -76.946  -15.760 0.0000000000
18526  -36.796  -76.263  -16.307 0.0000000000
19604  -35.784  -75.055  -16.143 0.0000000000
17391  -35.091  -78.074  -8.599 0.0000000000
16437  -35.152  -78.466  -9.242 0.0000000000
16436  -34.666  -78.471  -9.743 0.0000000000
16443  -33.699  -78.407  -10.921 0.0000000000
17419  -33.103  -77.933  -11.483 0.0000000000
19493  -31.931  -75.506  -8.108 0.0000000000
18419  -32.194  -76.139  -8.647 0.0000000000
18436  -32.457  -76.675  -9.328 0.0000000000
19541  -31.330  -75.291  -10.521 0.0000000000
18455  -31.929  -76.530  -10.095 0.0000000000
17388  -32.672  -77.229  -10.077 0.0000000000
17406  -32.593  -77.382  -11.080 0.0000000000
17418  -32.610  -77.351  -12.000 0.0000000000
17427  -33.233  -77.840  -12.364 0.0000000000
18500  -34.183  -76.110  -14.514 0.0000000000
20642  -33.165  -74.740  -14.029 0.0000000000
19587  -33.495  -75.409  -14.307 0.0000000000
19588  -34.097  -75.193  -14.823 0.0000000000
19596  -34.675  -74.890  -15.293 0.0000000000
11600  -39.892  -83.848  -15.599 0.0000000000
10659  -39.319  -83.972  -15.755 0.0000000000
11598  -38.152  -83.861  -15.751 0.0000000000
12606  -39.984  -82.777  -16.170 0.0000000000
12589  -38.430  -82.996  -15.801 0.0000000000
121324  -37.280  -83.335  -15.602 0.0000000000
12587  -36.690  -82.359  -15.531 0.0000000000
15564  -41.192  -79.452  -17.672 0.0000000000
14612  -39.520  -79.764  -17.278 0.0000000000
14591  -37.911  -80.334  -16.631 0.0000000000
15585  -37.866  -79.702  -17.785 0.0000000000
14610  -37.397  -79.954  -17.180 0.0000000000
14590  -37.028  -80.378  -16.553 0.0000000000
19634  -39.571  -75.145  -19.138 0.0000000000
19646  -40.412  -75.203  -19.708 0.0000000000
19648  -41.147  -75.637  -20.187 0.0000000000
19660  -42.103  -75.045  -20.931 0.0000000000
19662  -44.452  -74.899  -21.905 0.0000000000
19671  -44.463  -74.937  -22.257 0.0000000000
20753  -43.265  -73.992  -22.583 0.0000000000
20754  -43.989  -74.342  -22.469 0.0000000000
19680  -44.358  -75.173  -22.602 0.0000000000
18616  -43.938  -76.246  -22.677 0.0000000000
17574  -42.262  -77.461  -22.039 0.0000000000
124420  -41.974  -78.313  -21.708 0.0000000000
18602  -38.937  -75.908  -21.360 0.0000000000
18603  -39.959  -75.883  -21.783 0.0000000000
114967  -40.593  -76.717  -21.812 0.0000000000
17573  -41.356  -77.586  -21.728 0.0000000000
16580  -41.204  -78.738  -21.591 0.0000000000
14695  -38.976  -80.975  -22.314 0.0000000000
15648  -38.372  -80.235  -21.303 0.0000000000
13717  -38.591  -81.688  -22.752 0.0000000000
10647  -39.360  -84.270  -15.453 0.0000000000
10758  -37.209  -83.622  -23.254 0.0000000000
11599  -38.958  -83.718  -15.852 0.0000000000
11713  -38.127  -83.069  -22.829 0.0000000000
12588  -37.610  -82.739  -15.652 0.0000000000
12591  -41.734  -82.491  -15.236 0.0000000000
12605  -39.209  -83.029  -16.007 0.0000000000
12658  -38.588  -82.488  -20.196 0.0000000000
12681  -38.936  -82.849  -20.792 0.0000000000
12703  -39.050  -82.726  -21.737 0.0000000000
13577  -38.234  -81.979  -13.629 0.0000000000
13622  -42.921  -81.541  -15.598 0.0000000000
13679  -37.222  -81.583  -19.262 0.0000000000
13682  -40.485  -80.781  -19.934 0.0000000000
13701  -40.641  -81.548  -20.748 0.0000000000
13731  -39.926  -81.199  -22.506 0.0000000000
14582  -44.450  -80.085  -15.591 0.0000000000
14592  -38.851  -80.269  -16.745 0.0000000000
14596  -44.019  -80.456  -16.418 0.0000000000
14608  -34.880  -80.542  -17.117 0.0000000000
14662  -42.426  -80.239  -20.771 0.0000000000
14694  -37.999  -81.001  -21.756 0.0000000000
15539  -44.662  -79.377  -15.940 0.0000000000
15547  -38.106  -79.861  -17.140 0.0000000000
15567  -45.197  -79.235  -17.065 0.0000000000
15586  -38.519  -79.693  -18.375 0.0000000000
15587  -39.932  -79.443  -18.720 0.0000000000
15612  -42.524  -79.740  -19.655 0.0000000000
15654  -43.010  -79.444  -21.327 0.0000000000
16459  -33.556  -78.500  -11.875 0.0000000000
16521  -45.925  -78.194  -17.501 0.0000000000
16537  -45.675  -78.682  -18.532 0.0000000000
16554  -46.021  -77.836  -19.867 0.0000000000
16567  -45.677  -77.848  -20.822 0.0000000000
16578  -39.209  -78.596  -20.922 0.0000000000
16585  -45.533  -77.129  -21.576 0.0000000000
16602  -44.787  -77.448  -21.950 0.0000000000
17497  -41.178  -77.146  -17.413 0.0000000000
17588  -44.258  -77.167  -22.341 0.0000000000
17589  -45.165  -76.709  -22.181 0.0000000000
18480  -31.949  -75.935  -12.653 0.0000000000
18489  -33.293  -76.836  -13.384 0.0000000000
18516  -35.657  -76.281  -15.458 0.0000000000
18607  -45.452  -76.205  -21.922 0.0000000000
18608  -45.535  -76.680  -21.554 0.0000000000
18615  -42.573  -75.595  -22.720 0.0000000000
18618  -45.340  -76.171  -22.180 0.0000000000
19647  -41.188  -75.003  -20.386 0.0000000000
19677  -41.341  -74.976  -22.539 0.0000000000
19679  -43.564  -74.701  -22.797 0.0000000000
20546  -33.521  -74.628  -6.277 0.0000000000
20633  -31.864  -74.460  -12.429 0.0000000000
20634  -32.285  -74.377  -12.893 0.0000000000
21735  -31.832  -74.003  -11.934 0.0000000000
21793  -35.649  -73.873  -15.482 0.0000000000
108238  -34.615  -75.583  -15.100 0.0000000000
108401  -37.027  -80.026  -17.957 0.0000000000
113929  -31.476  -75.879  -10.141 0.0000000000
114979  -38.512  -82.061  -15.878 0.0000000000
118049  -35.728  -80.296  -17.068 0.0000000000
120706  -44.650  -78.732  -16.235 0.0000000000
121016  -40.061  -83.338  -14.533 0.0000000000
121050  -32.141  -76.833  -10.740 0.0000000000
121521  -44.654  -77.609  -17.195 0.0000000000
121824  -41.347  -80.263  -16.869 0.0000000000
124462  -38.591  -81.141  -16.202 0.0000000000
124833  -43.342  -81.312  -15.067 0.0000000000
126636  -31.250  -73.537  -7.984 0.0000000000
127046  -35.726  -79.214  -19.714 0.0000000000
128106  -43.822  -77.076  -18.401 0.0000000000
128884  -46.169  -78.011  -19.159 0.0000000000
129696  -43.226  -81.250  -14.819 0.0000000000
129914  -37.571  -75.427  -20.560 0.0000000000
