#!ascii label  , from subject sub-v1s10x0051042_ses-1 vox2ras=TkReg
2041
70873  -43.657  36.370  -4.798 0.6999999881
70874  -44.663  36.147  -5.405 0.6999999881
70335  -43.410  35.876  -5.589 0.8000000119
70348  -43.038  35.407  -6.468 0.6999999881
70866  -44.890  36.738  -4.611 0.6999999881
70875  -45.643  36.563  -5.355 0.6999999881
70865  -43.761  36.882  -3.962 0.6000000238
70350  -45.768  36.226  -6.018 0.6999999881
92831  -42.949  36.575  -4.218 0.6000000238
70349  -44.465  35.715  -6.219 0.8000000119
104261  -45.535  35.896  -6.864 0.8000000119
69883  -42.562  34.200  -13.080 0.8999999762
70476  -39.686  36.316  -22.063 0.8000000119
71452  -45.499  37.395  -4.278 0.6999999881
70876  -46.420  36.834  -5.744 0.6999999881
70883  -46.423  36.682  -6.678 0.6999999881
70899  -46.370  36.745  -7.298 0.6999999881
93703  -44.236  35.408  -7.092 0.6999999881
70365  -46.039  36.319  -7.440 0.8000000119
70364  -45.331  35.594  -7.715 0.6999999881
70373  -45.815  36.003  -8.356 0.8000000119
109238  -46.084  36.503  -7.751 0.6999999881
70372  -45.059  35.264  -8.496 0.6999999881
69851  -44.697  34.888  -9.158 0.6999999881
70382  -45.788  35.824  -10.127 0.8000000119
69871  -44.520  34.618  -10.427 0.6999999881
69878  -45.549  35.739  -11.611 0.8000000119
95373  -44.876  34.889  -11.340 0.8000000119
93932  -45.090  35.420  -12.294 0.8999999762
91149  -44.465  35.149  -13.063 0.8999999762
69884  -43.412  34.460  -12.748 0.8999999762
69894  -43.752  34.828  -13.702 0.8999999762
69895  -44.659  35.661  -14.082 0.8999999762
69373  -40.573  33.899  -13.882 0.8999999762
69374  -41.424  33.884  -13.339 0.8999999762
90738  -40.303  33.583  -13.108 0.8000000119
106565  -38.170  33.076  -13.271 0.8000000119
69378  -37.638  33.247  -14.399 0.8000000119
69387  -37.443  33.386  -15.093 0.8000000119
101631  -38.130  33.729  -15.676 0.8999999762
69395  -37.893  33.729  -16.531 0.8000000119
69402  -38.067  33.940  -17.464 0.8000000119
69938  -39.865  34.508  -18.998 0.8000000119
104318  -39.240  36.397  -22.160 0.8000000119
71036  -39.358  36.520  -21.230 0.8000000119
70867  -45.994  37.065  -4.996 0.6000000238
71436  -45.844  37.967  -4.087 0.5000000000
70868  -46.331  37.309  -5.307 0.6000000238
71475  -46.567  37.093  -6.114 0.6999999881
70909  -45.736  36.375  -8.397 0.6999999881
94781  -45.831  36.013  -9.340 0.8000000119
70390  -45.767  35.985  -11.037 0.8999999762
70397  -45.606  36.008  -11.873 1.0000000000
69885  -45.440  35.932  -12.344 1.0000000000
70405  -45.098  35.913  -13.288 0.8999999762
93582  -44.127  35.448  -14.755 0.8999999762
69906  -44.723  35.976  -14.865 0.8999999762
69892  -41.535  34.197  -14.274 0.8999999762
90896  -42.227  34.595  -15.173 0.8999999762
91175  -43.592  35.339  -15.532 0.8999999762
92818  -39.027  33.649  -14.130 0.8000000119
69372  -39.663  33.622  -13.614 0.8000000119
101153  -38.867  33.335  -13.403 0.8000000119
69381  -39.917  33.902  -14.399 0.8000000119
69905  -40.961  34.181  -14.810 0.8000000119
69379  -38.376  33.635  -14.778 0.8000000119
69904  -40.193  34.201  -15.379 0.8999999762
69388  -39.115  34.068  -15.533 0.8999999762
69912  -38.852  34.152  -16.348 0.8000000119
90756  -39.587  34.348  -17.222 0.8999999762
92890  -40.385  34.523  -18.325 0.8000000119
69940  -41.669  35.611  -19.517 0.8000000119
70452  -41.684  36.142  -19.778 0.8000000119
95896  -38.639  34.150  -17.032 0.8000000119
69939  -41.069  35.049  -19.423 0.8000000119
71016  -41.346  36.364  -20.514 0.8000000119
103656  -41.199  36.276  -20.924 0.8000000119
103126  -41.038  36.514  -20.997 0.8000000119
69377  -29.991  33.360  -14.693 0.1000000015
71024  -37.930  36.542  -20.270 0.6999999881
69901  -30.226  34.162  -14.916 0.1000000015
69384  -30.617  33.486  -15.220 0.2000000030
69385  -31.365  33.356  -15.713 0.2000000030
69920  -31.861  34.410  -16.621 0.2000000030
93023  -36.042  36.336  -18.613 0.6999999881
70445  -32.457  35.273  -17.382 0.4000000060
70446  -32.997  35.531  -17.936 0.5000000000
71022  -35.798  36.298  -19.740 0.6999999881
71989  -46.180  37.821  -4.722 0.6000000238
71495  -46.617  37.009  -6.967 0.6999999881
70898  -46.188  36.796  -7.517 0.6999999881
70923  -45.767  36.067  -10.134 0.6999999881
70921  -43.272  36.586  -9.484 0.6999999881
70939  -45.454  36.194  -11.715 1.0000000000
103359  -45.282  36.078  -12.689 1.0000000000
70965  -44.986  36.084  -13.815 1.0000000000
70413  -44.847  36.098  -14.316 0.8999999762
107225  -44.803  36.141  -14.401 1.0000000000
70424  -44.649  36.039  -14.982 1.0000000000
70423  -44.434  35.992  -15.693 1.0000000000
69924  -43.584  35.817  -17.126 1.0000000000
69914  -43.056  35.216  -16.284 1.0000000000
107232  -40.740  34.392  -16.061 0.8999999762
69913  -41.585  34.514  -15.915 0.8999999762
69923  -42.616  35.192  -17.012 1.0000000000
69930  -42.023  35.325  -18.342 1.0000000000
69922  -41.380  34.618  -16.783 0.8999999762
69921  -40.069  34.336  -16.383 0.8999999762
69929  -41.065  34.650  -17.668 0.8999999762
91435  -41.468  35.122  -18.753 0.8000000119
109462  -41.233  36.476  -20.552 0.8000000119
68809  -29.214  32.375  -13.902 0.1000000015
71013  -37.793  36.491  -18.952 0.8000000119
71015  -40.520  36.621  -19.631 0.8000000119
69376  -29.402  33.279  -14.164 0.1000000015
68816  -29.877  32.410  -14.390 0.1000000015
69900  -29.656  33.982  -14.340 0.1000000015
69902  -30.741  34.740  -14.840 0.2000000030
69910  -30.960  34.382  -15.488 0.2000000030
69911  -31.501  34.886  -16.089 0.3000000119
70436  -32.030  35.265  -16.733 0.4000000060
71002  -35.398  36.268  -17.964 0.6999999881
71010  -34.191  35.969  -18.756 0.6000000238
71011  -34.999  36.133  -18.959 0.6000000238
71973  -45.790  38.516  -4.229 0.5000000000
71464  -46.272  37.511  -5.412 0.6000000238
71474  -46.331  37.339  -6.321 0.6999999881
71494  -45.992  37.216  -7.143 0.6999999881
70897  -45.334  36.989  -7.929 0.6999999881
103239  -45.636  36.242  -9.346 0.6999999881
70907  -43.148  36.773  -8.628 0.6999999881
70922  -45.043  36.496  -9.880 0.6999999881
92149  -45.358  36.322  -10.805 0.8000000119
70906  -42.021  36.718  -8.779 0.6999999881
100458  -42.488  36.532  -10.265 0.6999999881
96201  -43.957  36.540  -10.445 0.6999999881
70938  -44.457  36.527  -11.316 0.6999999881
70952  -44.709  36.458  -12.217 0.8999999762
70919  -40.697  36.632  -9.700 0.6999999881
70905  -40.987  36.699  -8.908 0.6999999881
70920  -41.745  36.578  -9.568 0.6999999881
70937  -43.081  36.546  -10.981 0.8000000119
70964  -44.626  36.343  -13.189 1.0000000000
70918  -39.687  36.752  -9.952 0.8000000119
71506  -40.084  36.913  -8.934 0.6999999881
70936  -41.394  36.557  -10.367 0.8000000119
107918  -42.051  36.532  -10.855 0.8000000119
92878  -44.538  36.288  -14.299 1.0000000000
70917  -38.791  36.973  -9.957 0.8000000119
70935  -40.489  36.620  -10.599 0.8000000119
70950  -41.308  36.547  -11.271 0.8000000119
70972  -44.178  36.375  -15.279 1.0000000000
71526  -37.464  37.177  -10.406 0.8000000119
70933  -38.140  37.173  -10.015 0.8000000119
96167  -38.352  36.855  -10.707 0.8000000119
70934  -39.082  36.782  -10.579 0.8000000119
96063  -39.687  36.695  -10.959 0.8000000119
70949  -40.346  36.611  -11.375 0.8000000119
91711  -40.862  36.485  -12.134 0.8000000119
70948  -38.992  36.713  -11.274 0.8000000119
91712  -39.732  36.619  -11.929 0.8000000119
69915  -43.976  35.796  -16.443 1.0000000000
70980  -44.332  36.132  -15.816 1.0000000000
107744  -43.858  36.363  -16.219 1.0000000000
71525  -36.520  37.415  -10.493 0.8000000119
70947  -38.376  36.728  -11.437 0.8000000119
91713  -38.818  36.677  -11.998 0.6999999881
70441  -43.526  36.021  -17.402 1.0000000000
70997  -43.442  36.137  -17.375 1.0000000000
70932  -37.613  36.777  -11.231 0.6999999881
71005  -41.947  36.344  -18.441 1.0000000000
95257  -35.627  37.545  -10.597 0.6000000238
105956  -36.921  36.942  -10.861 0.6999999881
70959  -38.471  36.590  -12.650 0.6999999881
70440  -43.165  35.797  -17.677 1.0000000000
69931  -42.668  35.808  -18.238 1.0000000000
70448  -43.154  35.987  -17.712 1.0000000000
106441  -37.219  36.643  -12.004 0.6999999881
70946  -38.055  36.674  -11.978 0.6999999881
90938  -38.105  36.491  -13.213 0.6000000238
90934  -38.105  36.236  -14.013 0.6000000238
70453  -42.261  36.037  -18.594 1.0000000000
100331  -41.568  36.351  -19.728 0.8999999762
70931  -36.119  37.008  -10.940 0.6000000238
70945  -36.694  36.733  -11.413 0.6999999881
70958  -37.689  36.613  -12.660 0.6000000238
70987  -37.259  36.244  -15.390 0.6999999881
90927  -38.039  36.388  -15.896 0.6999999881
69941  -42.061  35.802  -18.923 0.8999999762
70930  -35.262  37.018  -10.997 0.5000000000
70944  -35.771  36.669  -11.474 0.6000000238
94474  -36.276  36.524  -12.073 0.6000000238
70957  -36.785  36.593  -12.788 0.6000000238
70977  -36.269  36.076  -14.262 0.5000000000
70978  -37.136  36.175  -14.402 0.6000000238
103805  -36.664  36.196  -15.824 0.6999999881
70943  -34.853  36.514  -11.524 0.5000000000
98028  -35.509  36.408  -12.018 0.6000000238
70956  -35.757  36.481  -12.846 0.6000000238
70969  -36.478  36.334  -13.586 0.5000000000
70986  -36.358  36.026  -15.066 0.6000000238
71026  -40.660  36.594  -20.864 0.8000000119
70955  -34.888  36.308  -12.353 0.6000000238
70968  -35.666  36.217  -13.742 0.5000000000
97213  -35.608  35.882  -15.182 0.6000000238
103149  -37.585  36.451  -17.905 0.8000000119
71025  -39.180  36.566  -19.886 0.8000000119
71004  -40.830  36.570  -18.603 0.8000000119
70994  -36.563  36.243  -16.569 0.6999999881
71003  -36.502  36.343  -17.585 0.6999999881
70985  -35.828  36.078  -15.959 0.6000000238
70418  -31.748  35.162  -14.355 0.3000000119
69903  -31.395  35.017  -15.374 0.3000000119
70428  -31.969  35.290  -15.889 0.3000000119
99234  -32.629  35.543  -16.247 0.4000000060
70438  -33.735  35.883  -17.138 0.6000000238
70992  -34.668  36.106  -17.501 0.6000000238
71001  -34.555  36.133  -18.287 0.6000000238
71988  -45.912  38.270  -4.752 0.5000000000
71962  -44.922  38.771  -3.544 0.5000000000
71473  -45.027  37.681  -6.414 0.6000000238
71493  -44.307  37.347  -7.202 0.6999999881
70908  -44.742  36.675  -8.860 0.6999999881
70895  -42.300  37.011  -8.028 0.6000000238
70896  -43.706  36.992  -7.977 0.6000000238
108218  -41.117  37.015  -8.153 0.6000000238
107322  -40.580  36.949  -8.542 0.6999999881
107857  -43.598  36.550  -11.656 0.8000000119
93427  -43.457  36.531  -12.327 0.8000000119
70951  -42.492  36.527  -11.517 0.8000000119
70963  -43.287  36.501  -13.217 0.8999999762
91710  -42.102  36.489  -12.218 0.8000000119
70971  -43.113  36.510  -14.206 1.0000000000
70961  -40.482  36.402  -13.072 0.8000000119
70979  -42.593  36.527  -15.104 0.8999999762
91684  -42.759  36.545  -16.293 1.0000000000
70960  -39.307  36.516  -12.773 0.6999999881
70988  -41.541  36.566  -16.371 0.8999999762
70996  -42.889  36.408  -17.190 1.0000000000
90936  -39.730  36.380  -13.758 0.6999999881
90932  -40.140  36.406  -14.612 0.8000000119
90937  -38.802  36.412  -13.480 0.6000000238
90933  -39.118  36.353  -14.555 0.6999999881
70995  -41.896  36.532  -17.433 1.0000000000
90930  -38.107  36.296  -14.995 0.6999999881
90921  -40.712  36.574  -17.525 0.8999999762
71524  -34.810  37.559  -10.644 0.5000000000
71523  -34.054  37.505  -10.570 0.5000000000
70929  -34.415  36.930  -10.932 0.5000000000
70967  -34.917  36.310  -13.220 0.5000000000
70412  -34.986  36.030  -14.032 0.5000000000
70976  -35.672  35.948  -14.518 0.6000000238
90923  -38.436  36.512  -17.411 0.8000000119
71014  -38.780  36.556  -18.579 0.8000000119
70396  -34.161  36.070  -11.895 0.4000000060
70411  -34.264  36.098  -13.579 0.5000000000
70422  -35.016  35.809  -14.809 0.6000000238
70404  -34.090  36.189  -12.779 0.4000000060
107550  -32.046  35.295  -15.120 0.3000000119
106254  -32.712  35.492  -15.356 0.3000000119
94266  -33.323  35.747  -16.457 0.5000000000
70429  -33.468  35.689  -15.677 0.3000000119
96752  -33.322  35.953  -13.006 0.4000000060
70409  -32.652  35.511  -13.559 0.4000000060
70419  -32.745  35.444  -14.471 0.3000000119
70420  -33.572  35.610  -14.794 0.3000000119
71463  -45.586  37.987  -5.551 0.6000000238
71472  -43.266  37.780  -6.484 0.6000000238
71518  -39.175  37.185  -9.168 0.6999999881
70962  -41.815  36.426  -13.075 0.8000000119
106095  -41.675  36.441  -13.890 0.8000000119
90931  -41.261  36.508  -15.303 0.8999999762
90935  -40.875  36.427  -14.235 0.8000000119
90928  -40.167  36.477  -15.467 0.8999999762
90925  -40.418  36.562  -16.506 0.8999999762
90929  -39.102  36.436  -15.776 0.8000000119
103001  -39.613  36.553  -16.713 0.8999999762
90920  -39.584  36.599  -18.273 0.8000000119
90922  -39.572  36.584  -17.457 0.8000000119
70942  -33.959  36.350  -11.259 0.4000000060
72037  -33.676  38.213  -10.267 0.5000000000
70928  -33.528  36.765  -10.732 0.5000000000
70395  -33.553  35.901  -11.565 0.4000000060
107757  -33.784  36.089  -13.281 0.4000000060
70421  -34.320  35.795  -14.369 0.5000000000
96165  -34.299  35.721  -15.201 0.5000000000
70430  -34.120  35.890  -16.096 0.5000000000
70431  -34.981  35.886  -15.622 0.6000000238
70389  -33.225  35.988  -11.046 0.4000000060
70403  -33.484  35.744  -12.117 0.4000000060
70410  -33.538  35.736  -13.874 0.5000000000
72046  -34.396  38.066  -10.389 0.5000000000
90924  -37.368  36.364  -16.999 0.6999999881
103165  -37.935  36.434  -16.581 0.8000000119
90926  -38.718  36.490  -16.591 0.8000000119
70467  -40.376  36.350  -21.500 0.8000000119
93030  -45.598  35.607  -9.302 0.8000000119
69862  -45.317  35.137  -9.924 0.6999999881
69872  -45.543  35.447  -10.754 0.8000000119
69893  -42.759  34.567  -14.276 0.8999999762
69371  -38.226  33.315  -13.936 0.8000000119
69380  -39.308  33.903  -14.830 0.8000000119
71012  -36.808  36.419  -19.352 0.6999999881
69919  -31.474  34.153  -16.074 0.2000000030
104419  -36.912  36.414  -18.399 0.6999999881
69926  -32.284  34.685  -17.235 0.3000000119
70437  -32.728  35.595  -17.054 0.4000000060
70447  -33.793  35.976  -18.176 0.6000000238
70432  -43.856  36.092  -16.720 1.0000000000
104408  -43.538  36.274  -16.923 1.0000000000
70970  -37.373  36.407  -13.465 0.5000000000
90906  -37.294  36.327  -16.192 0.6999999881
70993  -35.660  36.175  -16.993 0.6000000238
70439  -34.856  36.014  -16.537 0.6000000238
65194  -37.287  26.382  -20.257 0.2000000030
65201  -36.888  26.895  -20.512 0.2000000030
65928  -36.817  27.590  -21.105 0.2000000030
65941  -36.353  28.265  -21.869 0.2000000030
65193  -36.481  26.481  -19.753 0.2000000030
65200  -36.155  27.073  -20.384 0.2000000030
65927  -35.852  27.616  -21.101 0.2000000030
65940  -35.644  28.192  -21.647 0.2000000030
64481  -37.921  26.268  -21.098 0.2000000030
109084  -37.393  27.310  -20.970 0.2000000030
92184  -36.359  28.884  -22.831 0.2000000030
65926  -35.097  27.962  -20.863 0.3000000119
66669  -35.500  29.140  -22.914 0.3000000119
66662  -35.813  28.659  -22.567 0.3000000119
97853  -38.095  27.487  -21.599 0.2000000030
65202  -37.691  27.047  -21.201 0.2000000030
65942  -37.008  28.033  -21.416 0.2000000030
66663  -36.647  28.654  -22.050 0.2000000030
107702  -34.205  29.611  -20.762 0.3000000119
66655  -35.129  28.679  -21.767 0.3000000119
67244  -35.007  29.454  -22.393 0.3000000119
99520  -39.019  27.794  -21.751 0.3000000119
65930  -38.668  27.558  -22.241 0.3000000119
65204  -38.992  27.269  -22.788 0.3000000119
65868  -31.598  27.468  -16.109 0.1000000015
66611  -32.109  28.340  -16.908 0.1000000015
66657  -37.453  28.041  -20.912 0.2000000030
66622  -32.640  28.294  -17.527 0.1000000015
105872  -33.198  28.969  -18.406 0.3000000119
65929  -37.579  27.536  -21.084 0.2000000030
67231  -33.560  29.105  -19.211 0.3000000119
67787  -34.467  29.993  -21.481 0.3000000119
94571  -34.743  30.853  -21.925 0.3000000119
96867  -36.521  29.743  -23.242 0.3000000119
67245  -36.489  29.248  -22.872 0.3000000119
67251  -35.989  29.935  -24.260 0.4000000060
66675  -36.186  29.720  -23.950 0.3000000119
67250  -35.541  29.798  -23.694 0.3000000119
66670  -35.907  29.348  -23.529 0.3000000119
65176  -39.852  26.872  -17.256 0.3000000119
90493  -40.090  27.290  -18.210 0.3000000119
65903  -40.228  27.743  -19.674 0.3000000119
65902  -39.340  27.474  -18.807 0.3000000119
91996  -39.843  27.933  -21.563 0.3000000119
65916  -39.198  27.783  -20.290 0.3000000119
65901  -38.593  27.729  -19.409 0.3000000119
95935  -38.080  27.896  -19.977 0.3000000119
65915  -38.431  27.753  -20.965 0.3000000119
65914  -37.971  27.717  -20.810 0.2000000030
66647  -36.993  28.624  -20.054 0.2000000030
66656  -36.922  28.488  -21.243 0.2000000030
99680  -32.423  29.127  -17.191 0.1000000015
109091  -32.850  28.822  -17.799 0.3000000119
67779  -33.715  29.915  -19.428 0.3000000119
67780  -34.075  30.157  -20.348 0.3000000119
67769  -33.452  30.869  -17.958 0.3000000119
67774  -33.663  30.518  -18.808 0.3000000119
68312  -34.287  31.048  -20.227 0.3000000119
67239  -36.696  29.347  -21.286 0.2000000030
91704  -33.835  31.266  -18.729 0.3000000119
104895  -34.180  31.528  -19.472 0.3000000119
91814  -34.464  31.894  -20.224 0.3000000119
68328  -35.373  31.131  -23.235 0.3000000119
68323  -35.960  31.817  -23.515 0.4000000060
67794  -36.570  30.240  -22.952 0.4000000060
104249  -36.755  28.898  -22.044 0.3000000119
68329  -35.885  30.772  -24.173 0.4000000060
67256  -36.173  30.085  -24.218 0.3000000119
67252  -36.362  29.763  -23.680 0.3000000119
65887  -39.370  27.153  -17.827 0.3000000119
68825  -36.707  32.962  -15.440 0.8000000119
91288  -36.357  32.101  -16.914 0.4000000060
68303  -36.363  31.735  -17.715 0.3000000119
92289  -36.219  30.748  -18.002 0.3000000119
67224  -36.565  29.262  -19.118 0.2000000030
66648  -37.541  28.236  -19.734 0.3000000119
93598  -37.309  33.438  -15.891 0.6999999881
69386  -36.848  33.187  -16.293 0.6999999881
69393  -36.648  32.870  -16.921 0.6000000238
68308  -36.432  31.407  -18.620 0.3000000119
67775  -36.368  30.292  -19.031 0.3000000119
108366  -37.266  33.438  -16.420 0.6999999881
69394  -37.231  33.419  -17.029 0.6999999881
69400  -36.799  33.079  -17.706 0.5000000000
107433  -36.456  29.706  -19.608 0.2000000030
68839  -36.580  32.427  -18.327 0.4000000060
92387  -36.553  31.974  -19.177 0.4000000060
95469  -36.462  31.139  -19.659 0.2000000030
67233  -36.678  29.248  -20.222 0.2000000030
69401  -37.468  33.635  -18.010 0.6999999881
69407  -36.930  33.258  -18.582 0.6000000238
67781  -36.398  30.119  -20.260 0.2000000030
69928  -39.036  34.352  -17.868 0.6999999881
69408  -37.597  33.894  -18.977 0.6999999881
69413  -37.081  33.444  -19.520 0.6999999881
93632  -36.786  32.957  -20.147 0.6000000238
95463  -36.373  31.050  -20.934 0.4000000060
67788  -36.510  30.210  -21.618 0.3000000119
69937  -38.407  34.272  -18.577 0.6999999881
68317  -34.569  31.410  -21.083 0.3000000119
68848  -34.827  32.405  -21.244 0.4000000060
68318  -36.542  31.937  -21.872 0.4000000060
68313  -36.636  32.060  -20.307 0.4000000060
68307  -34.078  32.094  -18.769 0.4000000060
103771  -34.339  32.238  -19.482 0.3000000119
107000  -34.753  33.072  -20.663 0.4000000060
68857  -35.909  32.807  -23.135 0.6000000238
68862  -36.194  32.473  -23.320 0.5000000000
68324  -36.240  31.874  -23.154 0.4000000060
93202  -36.642  29.478  -22.403 0.3000000119
68838  -34.276  32.920  -18.996 0.3000000119
69412  -34.673  33.680  -20.300 0.5000000000
69427  -35.095  33.453  -21.296 0.5000000000
69428  -35.686  33.638  -22.631 0.5000000000
69971  -37.228  35.308  -23.529 0.6000000238
67802  -36.076  30.536  -24.235 0.4000000060
67799  -36.411  30.165  -23.903 0.4000000060
94128  -34.466  34.599  -19.894 0.6000000238
69954  -35.457  35.112  -21.382 0.6000000238
69963  -36.099  34.685  -22.768 0.6000000238
70482  -36.743  35.557  -23.305 0.6000000238
70484  -37.970  35.879  -23.519 0.6000000238
70465  -35.356  35.971  -20.896 0.6000000238
70466  -36.188  36.256  -21.742 0.6000000238
70474  -36.807  36.438  -22.913 0.6000000238
71042  -37.711  36.377  -23.273 0.6000000238
65886  -38.579  27.385  -18.025 0.3000000119
65900  -37.958  27.832  -18.803 0.3000000119
68819  -36.957  32.930  -14.532 0.6999999881
68830  -36.450  32.570  -16.197 0.5000000000
93601  -36.241  29.793  -18.185 0.3000000119
93605  -36.426  28.996  -18.108 0.3000000119
66634  -36.868  28.599  -18.811 0.2000000030
69414  -37.659  34.144  -20.040 0.6999999881
69420  -37.198  33.556  -20.708 0.6000000238
69946  -38.398  34.446  -19.701 0.6999999881
69948  -40.888  35.810  -21.106 0.6999999881
69947  -39.795  35.033  -20.736 0.6999999881
99576  -37.682  34.570  -22.619 0.6000000238
68858  -36.518  32.729  -22.761 0.5000000000
70475  -39.217  36.171  -22.486 0.6999999881
69964  -38.058  35.248  -23.163 0.6000000238
69430  -37.227  34.633  -23.303 0.6000000238
71051  -38.556  36.160  -23.099 0.6999999881
69972  -37.756  35.478  -23.421 0.6000000238
71035  -37.925  36.648  -21.855 0.6999999881
96967  -37.417  36.677  -22.746 0.6000000238
71023  -36.729  36.528  -20.681 0.6000000238
65872  -38.165  27.102  -16.995 0.3000000119
65175  -39.012  26.899  -17.107 0.3000000119
68812  -37.754  32.705  -12.756 0.6999999881
67764  -35.994  31.139  -16.998 0.3000000119
66635  -37.261  28.110  -18.309 0.3000000119
92234  -38.233  32.490  -11.791 0.6999999881
68811  -37.432  32.875  -13.691 0.6999999881
102351  -39.072  32.701  -11.816 0.8000000119
68806  -39.590  32.994  -12.191 0.8000000119
98589  -39.517  33.307  -12.907 0.6999999881
69352  -40.371  33.049  -11.919 0.8000000119
103104  -40.093  33.286  -12.524 0.8000000119
91514  -41.214  33.158  -11.791 0.8000000119
65885  -37.688  27.595  -17.673 0.3000000119
68818  -36.345  32.365  -14.732 0.6999999881
68290  -36.215  32.183  -15.507 0.4000000060
100924  -36.695  28.449  -17.780 0.3000000119
106928  -38.302  32.248  -10.909 0.6999999881
68298  -36.111  31.774  -16.215 0.3000000119
68796  -38.968  32.479  -11.095 0.8000000119
68789  -39.560  32.512  -10.475 0.6999999881
68790  -40.265  32.693  -10.624 0.6999999881
69353  -40.739  32.835  -11.182 0.6999999881
69364  -42.593  33.957  -12.128 0.6999999881
69354  -41.670  32.963  -11.128 0.6999999881
69877  -43.775  34.483  -11.923 0.6999999881
65871  -37.366  27.403  -16.770 0.3000000119
65842  -36.178  27.559  -14.907 0.3000000119
65828  -35.379  27.928  -13.920 0.3000000119
67770  -35.856  30.171  -17.385 0.3000000119
68804  -37.230  32.302  -12.111 0.6999999881
68810  -36.571  32.407  -13.901 0.6999999881
68788  -38.783  32.284  -10.328 0.8000000119
68780  -38.936  32.705  -9.351 0.6999999881
68781  -39.288  32.498  -9.824 0.6999999881
68782  -40.112  32.657  -9.957 0.6999999881
69332  -40.625  33.133  -9.490 0.6999999881
69870  -43.612  34.110  -10.875 0.6999999881
69345  -42.835  33.459  -10.527 0.6999999881
65870  -36.653  27.817  -16.452 0.3000000119
65857  -36.384  27.733  -15.632 0.3000000119
65841  -35.659  27.920  -14.562 0.3000000119
97604  -38.513  32.325  -9.693 0.8000000119
69330  -38.925  33.092  -8.948 0.6999999881
69331  -39.633  33.021  -9.282 0.6999999881
69322  -40.199  33.587  -8.767 0.6999999881
69323  -41.168  33.622  -8.938 0.6999999881
69334  -42.422  33.402  -9.995 0.6999999881
69859  -42.271  33.809  -9.194 0.6999999881
71492  -42.741  37.381  -7.263 0.5000000000
71471  -42.035  37.877  -6.725 0.5000000000
65884  -36.955  27.890  -17.321 0.3000000119
67216  -36.063  29.417  -17.464 0.3000000119
106269  -35.875  31.570  -15.596 0.5000000000
68772  -38.254  32.771  -9.012 0.6999999881
69320  -38.476  33.533  -8.545 0.8000000119
69845  -38.796  34.165  -8.124 0.6999999881
69821  -37.874  35.052  -6.923 0.6999999881
69321  -39.293  33.608  -8.627 0.6999999881
108903  -39.105  34.583  -7.617 0.6999999881
69833  -39.802  34.766  -7.350 0.6999999881
70345  -39.924  35.217  -6.635 0.6999999881
69835  -41.181  34.574  -7.721 0.6000000238
70346  -40.846  35.343  -6.453 0.6000000238
105196  -41.797  36.079  -4.962 0.6000000238
70864  -42.052  36.518  -3.999 0.6000000238
70851  -41.976  36.924  -2.729 0.5000000000
104313  -42.503  34.311  -8.474 0.6999999881
69848  -41.653  34.178  -8.375 0.6999999881
70361  -41.479  35.039  -7.099 0.6000000238
70347  -41.819  35.388  -6.379 0.6000000238
69860  -43.350  33.876  -9.976 0.6999999881
69849  -43.419  34.389  -9.034 0.6000000238
70362  -43.157  34.990  -7.378 0.6000000238
69861  -44.255  34.536  -9.708 0.6000000238
69850  -44.116  34.763  -8.519 0.6000000238
70363  -44.220  35.011  -7.881 0.6000000238
71505  -39.485  37.521  -8.409 0.5000000000
105605  -40.241  37.300  -8.200 0.6000000238
71490  -40.612  37.648  -7.579 0.5000000000
71995  -43.972  38.316  -5.784 0.4000000060
71994  -42.597  38.381  -6.155 0.5000000000
71987  -44.777  38.917  -4.888 0.4000000060
72503  -43.764  39.842  -5.088 0.5000000000
73002  -43.890  40.842  -4.914 0.5000000000
68297  -35.662  31.059  -16.064 0.3000000119
67763  -35.555  30.320  -16.547 0.3000000119
69318  -36.852  33.219  -8.328 0.8000000119
68285  -35.924  31.846  -14.150 0.5000000000
68803  -36.868  32.409  -13.022 0.6999999881
68787  -37.900  31.958  -10.226 0.8000000119
68795  -37.585  32.067  -11.188 0.6999999881
70343  -37.375  35.291  -6.177 0.8000000119
69820  -37.012  34.940  -6.904 0.8000000119
69310  -37.955  34.088  -8.072 0.8000000119
69319  -37.664  33.383  -8.468 0.8000000119
92185  -36.325  35.175  -3.929 0.6999999881
70330  -36.874  35.349  -5.201 0.6999999881
70331  -37.785  35.468  -5.242 0.6999999881
70344  -38.290  35.375  -6.159 0.6999999881
91190  -38.220  35.555  -4.377 0.6999999881
70332  -38.665  35.548  -5.267 0.8000000119
90890  -39.514  35.649  -5.113 0.6999999881
70863  -40.500  36.124  -3.532 0.6999999881
70850  -40.563  36.546  -1.987 0.6999999881
91147  -40.354  35.821  -4.815 0.6000000238
70323  -41.172  36.139  -4.369 0.6000000238
91150  -42.831  36.936  -3.363 0.5000000000
93451  -43.615  37.574  -3.236 0.5000000000
70852  -44.569  37.249  -3.883 0.5000000000
72487  -45.112  39.881  -3.962 0.3000000119
72504  -44.790  40.102  -4.295 0.4000000060
95651  -45.432  39.090  -4.218 0.4000000060
72042  -38.007  38.098  -8.929 0.6000000238
71504  -38.732  37.794  -8.649 0.5000000000
71489  -39.799  37.914  -7.750 0.5000000000
72011  -41.100  38.095  -7.016 0.5000000000
71993  -41.627  38.534  -6.496 0.4000000060
71986  -43.228  39.001  -5.580 0.5000000000
67207  -35.928  29.032  -16.827 0.3000000119
67215  -35.692  29.680  -16.891 0.3000000119
100565  -36.298  28.838  -17.407 0.3000000119
68257  -37.015  31.695  -10.627 0.6000000238
68271  -36.425  31.891  -12.400 0.6000000238
67758  -35.321  30.345  -15.669 0.3000000119
68771  -37.383  32.628  -8.818 0.8000000119
68778  -37.050  32.089  -9.119 0.8000000119
69812  -35.257  34.769  -5.321 0.6000000238
69829  -35.951  34.241  -7.170 0.8000000119
68779  -37.708  32.185  -9.437 0.6999999881
94469  -35.865  31.722  -14.938 0.5000000000
69818  -35.713  34.695  -6.311 0.8000000119
69308  -36.375  33.719  -7.746 0.8000000119
69309  -37.136  33.953  -7.974 0.8000000119
69830  -36.689  34.390  -7.386 0.8000000119
69831  -37.476  34.536  -7.493 0.8000000119
92096  -36.500  35.135  -2.217 0.6999999881
70297  -36.650  35.515  -1.108 0.6999999881
70314  -37.277  35.344  -1.869 0.6999999881
70315  -38.312  35.564  -2.941 0.6999999881
70316  -39.621  35.893  -2.804 0.6999999881
92377  -37.906  35.596  -1.524 0.6999999881
70831  -38.828  35.860  -1.694 0.6000000238
70287  -39.112  36.235  -1.018 0.6999999881
70833  -40.737  37.037  -1.333 0.5000000000
71418  -42.142  37.585  -2.552 0.5000000000
71419  -43.125  38.015  -2.573 0.4000000060
72465  -43.898  39.538  -2.764 0.4000000060
71420  -43.955  38.372  -3.017 0.4000000060
72466  -44.351  39.448  -3.080 0.4000000060
99596  -45.393  39.231  -3.963 0.3000000119
72985  -44.895  40.611  -3.938 0.3000000119
73532  -44.313  42.234  -4.393 0.3000000119
73536  -42.579  41.582  -6.255 0.2000000030
72009  -39.524  38.798  -7.591 0.3000000119
72513  -40.103  39.547  -7.156 0.3000000119
73013  -40.388  40.440  -7.036 0.3000000119
72506  -40.947  39.902  -6.637 0.3000000119
73006  -41.512  40.500  -6.447 0.3000000119
73007  -42.317  40.648  -6.030 0.4000000060
73530  -43.194  41.235  -5.639 0.2000000030
72010  -40.278  38.445  -7.267 0.4000000060
71992  -40.835  38.912  -6.752 0.4000000060
72507  -41.410  39.208  -6.394 0.4000000060
101849  -41.782  39.823  -6.181 0.4000000060
72502  -42.652  39.707  -5.696 0.3000000119
73001  -43.130  40.429  -5.511 0.4000000060
72508  -42.117  39.018  -5.994 0.4000000060
69819  -36.358  34.698  -6.832 0.8000000119
70312  -34.900  34.712  -2.796 0.6999999881
70329  -36.017  35.115  -5.282 0.6999999881
70342  -36.530  35.109  -6.190 0.8000000119
70313  -35.721  34.931  -2.452 0.6999999881
103715  -35.212  35.040  -1.641 0.6000000238
70829  -35.397  35.958  -1.282 0.4000000060
70296  -35.127  35.496  -1.481 0.5000000000
97585  -36.150  35.787  -1.044 0.5000000000
70285  -37.049  35.927  -0.749 0.6000000238
70821  -37.469  36.283  -0.806 0.5000000000
70822  -38.803  36.491  -0.857 0.5000000000
71410  -39.653  36.965  -0.582 0.4000000060
97059  -41.207  37.101  -2.110 0.3000000119
71951  -41.840  37.853  -2.478 0.4000000060
72464  -43.092  39.103  -2.707 0.4000000060
72977  -43.686  40.971  -2.923 0.3000000119
71950  -41.059  37.388  -2.238 0.3000000119
71960  -40.934  38.096  -2.908 0.3000000119
72971  -44.329  40.134  -3.029 0.3000000119
97347  -44.611  41.213  -3.652 0.3000000119
70862  -35.413  36.612  -2.629 0.4000000060
70849  -36.057  36.289  -1.441 0.4000000060
70830  -36.854  36.227  -0.870 0.5000000000
71415  -38.864  37.176  -0.966 0.3000000119
71431  -38.698  37.437  -2.595 0.3000000119
104740  -40.153  38.145  -3.392 0.3000000119
71961  -41.463  38.784  -3.208 0.4000000060
72473  -42.171  39.616  -3.221 0.3000000119
73502  -42.923  41.582  -3.315 0.3000000119
71429  -36.226  36.888  -2.879 0.4000000060
104466  -36.168  37.732  -5.090 0.1000000015
71448  -36.858  37.371  -3.744 0.3000000119
71449  -37.669  37.844  -4.546 0.1000000015
71450  -38.350  37.710  -3.886 0.2000000030
71430  -36.871  36.719  -2.172 0.3000000119
92263  -37.665  37.349  -3.106 0.3000000119
71971  -39.528  38.275  -4.045 0.3000000119
71972  -40.383  38.878  -3.988 0.3000000119
72486  -41.410  40.446  -3.872 0.3000000119
73501  -41.982  41.245  -3.675 0.3000000119
71462  -36.763  37.724  -4.866 0.1000000015
71983  -36.516  38.060  -5.273 0.2000000030
71984  -37.159  38.315  -5.248 0.1000000015
71985  -38.006  38.666  -5.209 0.2000000030
72500  -38.199  39.718  -5.415 0.2000000030
106379  -38.672  38.289  -4.575 0.2000000030
72501  -39.194  39.828  -5.145 0.2000000030
98108  -39.892  39.553  -4.628 0.3000000119
72485  -40.553  39.879  -4.303 0.3000000119
72498  -36.427  38.865  -5.496 0.2000000030
72499  -37.330  39.258  -5.461 0.2000000030
70872  -42.620  36.212  -4.936 0.6000000238
70334  -42.267  35.731  -5.655 0.6999999881
69363  -41.712  33.649  -12.397 0.8000000119
93823  -41.951  33.381  -11.707 0.8000000119
71043  -38.344  36.495  -22.778 0.6999999881
71435  -44.808  37.866  -3.616 0.4000000060
69362  -40.822  33.426  -12.500 0.8000000119
101846  -39.305  34.614  -19.604 0.6999999881
93618  -40.647  35.078  -20.172 0.6999999881
70458  -35.033  36.089  -20.026 0.6000000238
71517  -38.423  37.453  -9.363 0.6000000238
94901  -37.682  37.624  -9.631 0.6000000238
71516  -36.880  37.820  -9.909 0.6999999881
71954  -44.114  38.997  -2.868 0.4000000060
71491  -41.565  37.481  -7.431 0.5000000000
65203  -38.434  27.037  -22.082 0.2000000030
66671  -36.294  29.448  -23.418 0.3000000119
66599  -31.475  28.288  -16.199 0.1000000015
65869  -32.016  27.560  -16.621 0.1000000015
99475  -32.935  29.480  -17.766 0.1000000015
96397  -34.366  30.689  -20.981 0.3000000119
67793  -35.030  30.239  -22.946 0.3000000119
67798  -35.552  30.432  -23.930 0.4000000060
67255  -35.883  30.276  -24.282 0.4000000060
67801  -35.994  30.308  -24.358 0.4000000060
95905  -33.072  30.206  -17.677 0.3000000119
67223  -33.380  29.844  -18.465 0.3000000119
68311  -33.944  30.731  -19.494 0.3000000119
68842  -34.515  32.844  -20.034 0.3000000119
97674  -35.413  32.116  -22.621 0.6000000238
102986  -34.924  31.604  -22.056 0.3000000119
68861  -36.224  32.570  -23.236 0.5000000000
96348  -36.356  31.046  -22.359 0.4000000060
103667  -36.010  31.541  -23.657 0.4000000060
68834  -36.539  32.475  -17.497 0.4000000060
68843  -36.693  32.731  -19.271 0.5000000000
68856  -35.362  32.889  -22.232 0.4000000060
68849  -36.814  32.802  -21.394 0.4000000060
99471  -35.003  34.407  -20.729 0.5000000000
69434  -36.311  33.738  -23.168 0.6000000238
69435  -36.416  33.460  -23.079 0.6000000238
101226  -36.277  30.919  -23.657 0.4000000060
69406  -34.309  33.783  -19.455 0.5000000000
69419  -35.439  34.247  -21.724 0.5000000000
95640  -36.702  34.455  -23.282 0.6000000238
69953  -34.853  35.354  -20.331 0.6000000238
70473  -36.119  35.754  -22.177 0.6000000238
69965  -38.760  35.812  -22.889 0.6999999881
71033  -35.855  36.289  -20.884 0.6000000238
70464  -34.756  35.785  -20.008 0.6000000238
71034  -36.718  36.606  -21.949 0.6999999881
95502  -38.538  34.713  -20.935 0.6999999881
69421  -37.727  34.307  -21.347 0.6000000238
69956  -39.701  35.710  -21.902 0.6999999881
69955  -38.453  35.057  -22.216 0.6999999881
69429  -37.095  33.693  -22.371 0.6000000238
68805  -38.739  32.924  -12.607 0.6999999881
68797  -39.800  32.741  -11.320 0.6999999881
69343  -41.027  32.862  -10.345 0.6999999881
69355  -42.684  33.435  -11.222 0.6999999881
69344  -42.060  33.100  -10.485 0.6999999881
69333  -41.585  33.262  -9.713 0.6999999881
65858  -37.031  27.274  -15.979 0.3000000119
69847  -40.716  34.132  -8.289 0.6999999881
69832  -38.336  34.608  -7.541 0.6999999881
69822  -38.915  35.087  -6.937 0.6999999881
69846  -39.748  34.231  -8.101 0.6999999881
69834  -40.424  34.537  -7.721 0.6000000238
90554  -39.220  35.460  -6.040 0.6999999881
70360  -40.617  34.942  -7.170 0.6000000238
91882  -40.145  35.549  -5.793 0.6000000238
70333  -41.171  35.713  -5.519 0.6000000238
91181  -41.313  36.548  -3.017 0.6000000238
95928  -41.254  36.954  -2.159 0.6000000238
69836  -42.193  34.643  -7.720 0.6999999881
107612  -42.302  35.109  -7.026 0.6000000238
69837  -43.218  34.633  -8.143 0.6000000238
72027  -39.098  38.241  -8.067 0.5000000000
68264  -36.778  31.828  -11.523 0.6000000238
70320  -37.318  35.391  -3.756 0.6999999881
70321  -39.014  35.704  -4.210 0.8000000119
70322  -39.793  35.829  -4.175 0.6999999881
71434  -42.499  37.419  -2.705 0.3000000119
72979  -44.720  40.458  -3.552 0.3000000119
72026  -38.412  38.556  -8.365 0.6000000238
70319  -35.532  34.909  -4.116 0.6999999881
100167  -35.853  35.321  -1.405 0.6000000238
70298  -37.356  35.673  -0.942 0.6999999881
70832  -39.828  36.268  -1.269 0.6999999881
106233  -38.185  35.930  -0.981 0.6000000238
70823  -39.853  36.657  -0.716 0.5000000000
70824  -40.280  36.864  -0.756 0.5000000000
71417  -40.626  37.081  -1.038 0.4000000060
70834  -41.509  37.121  -2.321 0.4000000060
71952  -42.798  38.255  -2.545 0.5000000000
71953  -43.518  38.707  -2.721 0.4000000060
72474  -43.353  40.029  -2.953 0.4000000060
71409  -38.337  36.642  -0.809 0.5000000000
71416  -39.781  37.363  -1.323 0.3000000119
72463  -42.342  38.677  -2.752 0.4000000060
72976  -42.582  40.671  -3.306 0.3000000119
71433  -40.420  37.540  -2.402 0.3000000119
71414  -37.753  36.816  -1.358 0.3000000119
71432  -39.613  37.701  -3.073 0.3000000119
73999  -42.088  42.012  -3.735 0.2000000030
95576  -36.012  37.366  -4.201 0.2000000030
71451  -38.975  37.828  -3.791 0.3000000119
72472  -41.142  39.514  -3.762 0.3000000119
100668  -38.725  39.046  -5.131 0.3000000119
72484  -39.393  38.950  -4.667 0.3000000119
65146  -41.521  26.713  -15.662 0.2000000030
65874  -41.906  27.187  -16.457 0.2000000030
91185  -41.987  27.537  -17.365 0.2000000030
65890  -42.663  28.150  -18.039 0.2000000030
65145  -40.629  26.428  -15.598 0.2000000030
107581  -42.044  27.820  -18.033 0.2000000030
64419  -39.964  25.762  -14.081 0.2000000030
65135  -40.313  26.131  -14.786 0.2000000030
65873  -41.298  27.058  -16.998 0.2000000030
65905  -42.044  28.178  -19.097 0.2000000030
65918  -41.986  28.493  -20.880 0.2000000030
65933  -41.808  28.261  -22.088 0.2000000030
65944  -42.025  28.108  -22.277 0.1000000015
100465  -41.199  27.926  -22.460 0.2000000030
65210  -41.259  27.669  -22.506 0.2000000030
103720  -40.920  25.991  -21.614 0.2000000030
65205  -40.412  26.767  -22.577 0.2000000030
64407  -39.389  25.540  -13.550 0.2000000030
104320  -38.812  25.337  -12.963 0.2000000030
64418  -39.264  25.820  -14.167 0.2000000030
65163  -41.154  26.716  -16.257 0.2000000030
91627  -41.208  28.024  -19.781 0.2000000030
63753  -39.966  24.304  -21.163 0.1000000015
64484  -40.136  25.418  -21.881 0.1000000015
63737  -38.836  24.130  -19.422 0.1000000015
63746  -39.634  23.632  -20.407 0.1000000015
63730  -38.332  24.223  -17.496 0.1000000015
64406  -38.618  25.777  -13.809 0.2000000030
65134  -39.566  26.079  -14.732 0.2000000030
98851  -39.913  26.276  -15.285 0.2000000030
65889  -41.507  27.517  -17.880 0.2000000030
65904  -40.992  27.535  -18.620 0.2000000030
65888  -40.719  27.099  -17.551 0.2000000030
65917  -40.939  28.134  -21.147 0.2000000030
65943  -40.355  27.594  -22.713 0.2000000030
63752  -39.904  24.079  -21.007 0.1000000015
64483  -39.850  24.922  -21.594 0.1000000015
65209  -39.574  27.071  -22.941 0.2000000030
63736  -38.242  24.536  -18.387 0.1000000015
109019  -39.010  24.261  -20.130 0.1000000015
64394  -38.123  25.670  -13.298 0.2000000030
65144  -39.199  26.367  -15.486 0.2000000030
65133  -38.793  26.118  -14.632 0.2000000030
103168  -39.925  26.431  -15.859 0.2000000030
65162  -40.441  26.675  -16.552 0.2000000030
65161  -39.501  26.605  -16.407 0.2000000030
65932  -40.591  27.956  -22.458 0.2000000030
64487  -39.709  26.083  -22.404 0.1000000015
64468  -38.122  24.851  -19.163 0.1000000015
63745  -39.239  24.590  -20.867 0.1000000015
63729  -37.615  24.790  -17.663 0.1000000015
63728  -37.046  24.934  -17.251 0.1000000015
64460  -37.062  25.228  -17.775 0.1000000015
64459  -36.303  25.179  -17.468 0.1000000015
64465  -35.857  25.575  -18.018 0.1000000015
64458  -35.342  25.413  -17.440 0.1000000015
65089  -35.189  26.731  -11.778 0.2000000030
103885  -35.583  26.715  -12.426 0.2000000030
107613  -34.694  27.361  -11.813 0.2000000030
64361  -36.297  25.242  -10.834 0.2000000030
67707  -33.171  30.281  -7.284 0.2000000030
105363  -35.123  27.245  -12.367 0.2000000030
67708  -33.883  30.410  -7.724 0.2000000030
67153  -34.165  29.864  -8.358 0.2000000030
103536  -34.429  29.685  -9.071 0.2000000030
67163  -34.167  29.323  -9.706 0.2000000030
66553  -33.916  28.818  -10.333 0.2000000030
91427  -34.060  28.716  -11.146 0.2000000030
66569  -34.296  28.544  -11.962 0.2000000030
65814  -34.596  27.857  -12.243 0.2000000030
95790  -37.876  25.473  -12.736 0.2000000030
67712  -34.792  30.308  -8.831 0.2000000030
67720  -34.655  29.887  -9.699 0.2000000030
67170  -34.344  29.469  -10.609 0.2000000030
105159  -34.595  28.500  -12.763 0.2000000030
65815  -35.083  27.771  -13.061 0.2000000030
67728  -34.981  30.193  -10.399 0.2000000030
67176  -34.358  29.300  -11.596 0.2000000030
67736  -34.777  29.963  -11.246 0.2000000030
67182  -34.472  29.190  -12.431 0.2000000030
104282  -34.647  29.187  -13.204 0.2000000030
66580  -34.901  28.559  -13.568 0.2000000030
106217  -35.119  30.347  -11.703 0.2000000030
67743  -34.747  29.844  -12.046 0.2000000030
67187  -34.812  29.834  -12.825 0.2000000030
65931  -39.494  27.656  -22.702 0.2000000030
64474  -38.522  24.783  -19.999 0.1000000015
90628  -38.459  25.421  -20.904 0.1000000015
64482  -39.171  25.580  -21.750 0.1000000015
64486  -39.062  26.620  -22.595 0.1000000015
65174  -35.295  25.889  -18.081 0.1000000015
65172  -33.849  26.379  -17.542 0.1000000015
64377  -36.554  25.531  -11.648 0.2000000030
64392  -36.844  25.828  -12.601 0.2000000030
68224  -31.796  31.572  -5.944 0.3000000119
67704  -32.756  30.951  -6.814 0.2000000030
67705  -33.512  31.105  -7.271 0.2000000030
67709  -34.440  30.553  -8.148 0.2000000030
65102  -35.620  27.008  -12.972 0.2000000030
64405  -37.859  25.957  -13.708 0.2000000030
68227  -32.429  31.599  -6.348 0.2000000030
68228  -33.122  31.773  -6.762 0.2000000030
68230  -34.277  31.158  -7.707 0.2000000030
67721  -35.238  30.514  -9.559 0.2000000030
108549  -35.657  27.335  -13.545 0.2000000030
65119  -37.956  26.209  -14.328 0.2000000030
67713  -35.382  30.834  -8.946 0.2000000030
91535  -35.332  30.550  -11.059 0.2000000030
67744  -35.169  30.465  -12.367 0.2000000030
67188  -34.837  29.843  -13.599 0.2000000030
103388  -34.814  29.217  -13.870 0.2000000030
66589  -35.192  28.747  -14.518 0.2000000030
65856  -35.775  28.213  -15.184 0.2000000030
67749  -35.159  30.545  -13.186 0.2000000030
66600  -35.456  28.893  -15.408 0.2000000030
90856  -35.108  30.522  -14.016 0.2000000030
67193  -34.928  29.732  -14.354 0.2000000030
94731  -35.158  29.592  -15.160 0.2000000030
67752  -35.177  30.425  -14.822 0.2000000030
66612  -35.471  29.465  -16.100 0.2000000030
68289  -35.510  31.075  -15.257 0.2000000030
64467  -37.478  25.234  -18.525 0.1000000015
97917  -37.750  25.532  -19.821 0.1000000015
104521  -38.564  26.161  -21.727 0.1000000015
64466  -36.589  25.541  -18.261 0.1000000015
65171  -33.081  26.909  -17.404 0.1000000015
107467  -34.952  25.781  -17.683 0.1000000015
64456  -33.818  25.856  -16.957 0.1000000015
64457  -34.501  25.690  -17.264 0.1000000015
65173  -34.652  26.165  -17.933 0.1000000015
65067  -34.788  26.045  -9.892 0.2000000030
65077  -35.042  26.330  -10.879 0.2000000030
64376  -35.675  25.990  -11.400 0.2000000030
65090  -35.945  26.220  -12.150 0.2000000030
65103  -36.162  26.451  -12.834 0.2000000030
64393  -37.433  25.899  -13.258 0.2000000030
68750  -31.625  32.306  -5.422 0.3000000119
105873  -32.192  32.095  -5.925 0.3000000119
65117  -36.263  26.732  -13.559 0.2000000030
99975  -31.226  31.613  -5.590 0.3000000119
65131  -36.601  26.772  -14.205 0.2000000030
68238  -34.952  31.137  -8.318 0.3000000119
68239  -35.690  31.437  -8.708 0.5000000000
65829  -36.027  27.318  -14.191 0.2000000030
68255  -35.638  30.791  -10.252 0.2000000030
68256  -36.337  31.307  -10.297 0.5000000000
67729  -35.873  31.105  -11.018 0.3000000119
67737  -35.525  30.901  -11.758 0.2000000030
68263  -36.086  31.442  -11.743 0.3000000119
68270  -35.658  31.262  -12.630 0.3000000119
68278  -36.111  31.892  -13.292 0.3000000119
68277  -35.528  31.248  -13.624 0.3000000119
68284  -35.479  31.168  -14.461 0.2000000030
64473  -36.927  25.871  -19.183 0.1000000015
65186  -35.943  26.040  -18.772 0.1000000015
96742  -35.039  26.406  -18.673 0.1000000015
65184  -34.196  26.843  -18.406 0.1000000015
65185  -34.748  27.056  -19.276 0.1000000015
65899  -34.171  27.452  -19.030 0.1000000015
64345  -35.311  25.360  -9.431 0.2000000030
100205  -35.328  25.649  -10.194 0.2000000030
64360  -35.635  25.633  -10.674 0.2000000030
65104  -36.773  26.226  -13.243 0.2000000030
68755  -32.752  32.315  -6.221 0.4000000060
68756  -33.472  32.577  -6.542 0.4000000060
65118  -37.147  26.312  -13.861 0.2000000030
68229  -33.963  32.011  -7.207 0.4000000060
65132  -37.172  26.639  -14.743 0.2000000030
95534  -34.736  31.891  -7.750 0.4000000060
94855  -36.415  31.470  -11.035 0.4000000060
65192  -35.553  26.662  -19.528 0.1000000015
65912  -34.457  27.783  -19.840 0.1000000015
65913  -35.280  27.339  -20.152 0.1000000015
69302  -35.225  34.014  -6.841 0.6999999881
69307  -35.618  33.495  -7.489 0.6999999881
69306  -34.883  33.249  -7.171 0.6000000238
68761  -36.076  32.991  -8.118 0.6000000238
68757  -34.182  32.931  -6.864 0.6000000238
68760  -35.298  32.613  -7.780 0.6000000238
93474  -35.893  32.192  -8.422 0.6000000238
65143  -38.115  26.493  -15.309 0.2000000030
68759  -34.603  32.550  -7.358 0.5000000000
68240  -36.431  31.737  -8.988 0.6000000238
68249  -36.954  31.700  -9.725 0.6000000238
66623  -33.120  28.279  -18.142 0.1000000015
66633  -33.517  28.379  -18.878 0.2000000030
66645  -33.948  28.465  -19.663 0.2000000030
66646  -34.469  28.503  -20.581 0.2000000030
67214  -32.650  30.022  -17.147 0.1000000015
67232  -33.962  29.220  -20.195 0.2000000030
67757  -31.520  30.791  -15.385 0.1000000015
68288  -31.741  31.587  -15.578 0.1000000015
67761  -32.068  30.787  -15.903 0.1000000015
68295  -32.313  31.502  -16.195 0.1000000015
67762  -32.459  30.636  -16.505 0.2000000030
109289  -32.640  31.178  -16.635 0.2000000030
67768  -32.921  30.872  -17.132 0.1000000015
68301  -33.237  31.511  -17.380 0.2000000030
68824  -31.895  32.395  -15.863 0.1000000015
68828  -32.380  32.290  -16.354 0.1000000015
68296  -32.799  31.736  -16.788 0.1000000015
95396  -33.200  32.234  -17.263 0.2000000030
68302  -33.644  31.901  -17.932 0.2000000030
107858  -30.433  34.989  -12.639 0.1000000015
69882  -30.266  34.810  -13.364 0.1000000015
69890  -30.175  34.460  -14.233 0.1000000015
68823  -31.240  32.480  -15.342 0.1000000015
98596  -32.057  33.255  -16.305 0.1000000015
68829  -32.703  32.680  -16.791 0.1000000015
107265  -33.477  32.643  -17.658 0.2000000030
69875  -30.328  34.675  -11.853 0.1000000015
69891  -30.958  34.928  -13.855 0.2000000030
69392  -32.467  33.654  -16.970 0.1000000015
96885  -33.078  33.059  -17.300 0.2000000030
96884  -33.436  33.379  -17.828 0.2000000030
69405  -33.772  33.824  -18.556 0.2000000030
69936  -33.878  34.765  -19.152 0.4000000060
69869  -31.073  34.856  -11.192 0.2000000030
69876  -31.094  35.077  -12.093 0.2000000030
98156  -31.968  35.280  -11.598 0.2000000030
94981  -30.996  35.193  -12.951 0.2000000030
70408  -31.806  35.324  -13.275 0.2000000030
69927  -32.717  34.916  -17.802 0.3000000119
69399  -33.196  34.218  -18.037 0.2000000030
72048  -36.005  38.067  -10.151 0.6000000238
70387  -31.652  35.308  -10.805 0.2000000030
70401  -31.729  35.301  -12.483 0.2000000030
70402  -32.598  35.505  -12.479 0.2000000030
69945  -34.334  35.358  -19.558 0.5000000000
69935  -33.214  34.951  -18.457 0.5000000000
70451  -33.757  35.518  -18.782 0.5000000000
72041  -37.214  38.375  -9.275 0.5000000000
72040  -36.341  38.623  -9.593 0.5000000000
71522  -33.424  37.492  -10.434 0.4000000060
72039  -35.480  38.764  -9.853 0.6000000238
70388  -32.461  35.628  -10.946 0.2000000030
70927  -32.719  36.288  -10.618 0.4000000060
70394  -32.916  35.603  -11.580 0.2000000030
70457  -34.425  35.821  -19.367 0.5000000000
72529  -38.499  39.857  -7.904 0.3000000119
72025  -37.624  39.012  -8.568 0.3000000119
106986  -38.244  39.266  -8.183 0.2000000030
73011  -38.848  40.724  -7.803 0.2000000030
103899  -37.852  39.860  -8.223 0.2000000030
73025  -38.157  40.475  -8.060 0.2000000030
72549  -36.738  39.255  -9.010 0.4000000060
72528  -37.140  39.924  -8.572 0.2000000030
73024  -37.550  40.654  -8.374 0.2000000030
72548  -36.425  40.048  -8.902 0.4000000060
65160  -38.622  26.672  -16.248 0.2000000030
65843  -36.748  27.153  -15.243 0.2000000030
66613  -35.991  28.501  -16.064 0.2000000030
106740  -36.525  27.058  -14.659 0.2000000030
108423  -37.767  26.930  -16.155 0.2000000030
108533  -37.356  26.867  -15.507 0.2000000030
97200  -36.432  28.412  -16.938 0.2000000030
65911  -33.891  27.912  -19.208 0.2000000030
65159  -33.228  26.270  -16.910 0.1000000015
65883  -33.066  27.612  -17.781 0.2000000030
95998  -33.527  27.041  -17.930 0.1000000015
65898  -33.594  27.617  -18.487 0.2000000030
67238  -34.477  29.175  -21.187 0.2000000030
68837  -33.842  32.775  -18.221 0.2000000030
68770  -36.625  32.447  -8.631 0.6000000238
68248  -35.949  31.192  -9.474 0.5000000000
68231  -35.306  31.864  -8.200 0.5000000000
67206  -32.256  29.853  -16.537 0.2000000030
69881  -29.746  34.609  -12.785 0.1000000015
69398  -32.851  33.969  -17.546 0.2000000030
67700  -31.298  30.960  -5.937 0.2000000030
68223  -30.567  31.199  -5.449 0.2000000030
67135  -26.084  29.873  -3.914 0.2000000030
67687  -26.799  30.590  -3.970 0.2000000030
67693  -27.579  30.164  -4.439 0.2000000030
104213  -28.323  30.583  -4.577 0.2000000030
67695  -29.177  30.761  -4.932 0.2000000030
95031  -29.988  30.509  -5.442 0.2000000030
109176  -29.853  31.142  -5.125 0.2000000030
100084  -23.171  30.929  -3.184 0.2000000030
96917  -23.923  31.079  -3.369 0.2000000030
67685  -24.387  30.458  -3.455 0.2000000030
91039  -24.700  31.236  -3.462 0.2000000030
67686  -25.204  30.577  -3.560 0.2000000030
108601  -25.657  30.261  -3.677 0.2000000030
68205  -25.566  31.509  -3.502 0.2000000030
91708  -25.962  30.705  -3.648 0.2000000030
67688  -27.067  31.360  -3.774 0.2000000030
68216  -28.262  31.364  -4.218 0.2000000030
97153  -28.904  31.506  -4.440 0.2000000030
68217  -29.483  31.471  -4.730 0.2000000030
68199  -20.673  31.740  -2.143 0.1000000015
68725  -21.300  32.043  -2.511 0.1000000015
68726  -22.028  32.189  -2.857 0.1000000015
68728  -22.809  32.303  -3.171 0.1000000015
68202  -22.611  31.523  -3.016 0.1000000015
68203  -23.402  31.679  -3.278 0.1000000015
68729  -23.645  32.435  -3.364 0.2000000030
68204  -24.191  31.806  -3.402 0.2000000030
95967  -24.893  31.914  -3.434 0.2000000030
68206  -26.435  31.374  -3.617 0.2000000030
68207  -26.921  31.881  -3.579 0.2000000030
68208  -27.655  31.861  -3.713 0.2000000030
68740  -28.527  32.098  -3.887 0.3000000119
68741  -29.417  32.196  -4.215 0.3000000119
68218  -30.082  31.754  -4.847 0.2000000030
68751  -32.367  32.720  -5.606 0.3000000119
68752  -33.078  33.038  -5.897 0.3000000119
69300  -33.791  33.370  -6.212 0.5000000000
72911  -25.593  40.842  4.629 0.1000000015
69243  -19.769  33.135  0.895 0.1000000015
106829  -20.192  33.475  1.313 0.1000000015
69256  -19.812  33.601  -0.719 0.1000000015
69260  -19.824  32.963  -1.218 0.1000000015
68724  -20.737  32.647  -2.184 0.1000000015
98476  -21.468  32.968  -2.621 0.1000000015
97007  -22.221  32.949  -3.019 0.1000000015
68730  -24.505  32.502  -3.429 0.2000000030
68731  -25.440  32.514  -3.441 0.2000000030
68732  -26.314  32.153  -3.485 0.2000000030
68734  -28.087  32.703  -3.509 0.3000000119
68735  -28.956  32.859  -3.511 0.3000000119
68742  -30.326  32.503  -4.385 0.4000000060
68743  -31.140  32.782  -4.653 0.3000000119
69292  -31.903  33.124  -4.937 0.4000000060
73430  -26.087  41.464  4.747 0.1000000015
73418  -26.203  41.956  5.257 0.1000000015
74460  -26.798  43.019  5.707 0.1000000015
94005  -26.366  43.145  6.439 0.1000000015
72400  -25.156  40.016  4.210 0.1000000015
71369  -22.964  36.950  3.962 0.1000000015
106570  -23.627  38.228  4.285 0.1000000015
70785  -23.211  35.986  3.564 0.1000000015
70784  -22.557  36.038  3.752 0.1000000015
69747  -22.214  34.570  3.007 0.1000000015
70252  -23.175  35.137  3.327 0.1000000015
69244  -20.565  33.879  1.376 0.1000000015
69752  -21.089  34.094  1.887 0.1000000015
69753  -21.856  34.380  2.360 0.1000000015
69252  -19.683  33.376  0.052 0.1000000015
69758  -20.736  34.399  0.996 0.1000000015
69766  -19.998  34.129  -0.227 0.1000000015
69772  -20.147  34.375  -0.925 0.1000000015
69261  -20.207  33.724  -1.401 0.1000000015
69265  -20.786  33.655  -2.119 0.1000000015
108514  -21.868  33.397  -2.847 0.1000000015
69268  -22.990  33.087  -3.304 0.1000000015
102080  -24.837  33.108  -3.449 0.2000000030
69272  -26.328  32.993  -3.419 0.2000000030
68733  -27.160  32.601  -3.473 0.3000000119
68736  -29.819  33.015  -3.606 0.4000000060
69282  -30.667  33.215  -3.829 0.4000000060
69293  -32.656  33.437  -5.201 0.5000000000
69294  -33.420  33.734  -5.479 0.5000000000
69283  -31.465  33.453  -4.054 0.4000000060
69284  -32.243  33.683  -4.288 0.5000000000
69295  -34.152  34.051  -5.778 0.5000000000
69301  -34.507  33.700  -6.518 0.5000000000
69817  -34.866  34.382  -6.070 0.5000000000
73922  -26.736  42.444  5.163 0.1000000015
75038  -27.402  44.277  6.634 0.1000000015
71907  -24.360  38.825  4.042 0.1000000015
71908  -24.894  39.129  3.856 0.1000000015
73431  -26.681  41.808  4.543 0.1000000015
109157  -27.276  42.839  5.163 0.1000000015
71370  -23.634  37.508  3.917 0.1000000015
71906  -24.074  38.167  3.917 0.1000000015
72410  -25.702  39.382  3.664 0.1000000015
72919  -25.959  40.387  3.853 0.1000000015
72912  -26.313  41.147  4.167 0.1000000015
96975  -24.767  38.094  3.703 0.1000000015
69748  -23.131  34.669  3.024 0.1000000015
70265  -21.498  34.732  1.392 0.1000000015
69754  -22.811  34.549  2.526 0.1000000015
69767  -20.372  34.537  0.269 0.1000000015
70278  -20.369  34.887  -0.363 0.1000000015
70270  -20.801  35.222  0.378 0.1000000015
69773  -20.559  34.468  -1.599 0.1000000015
70283  -20.503  35.111  -1.080 0.1000000015
93499  -21.540  33.883  -2.641 0.1000000015
69266  -22.321  33.781  -3.091 0.1000000015
103537  -23.148  33.782  -3.366 0.1000000015
69269  -23.938  33.279  -3.444 0.2000000030
69270  -24.684  33.837  -3.493 0.2000000030
69271  -25.537  33.442  -3.456 0.2000000030
69791  -26.393  33.926  -3.446 0.2000000030
107633  -27.006  33.341  -3.417 0.2000000030
69273  -27.714  33.296  -3.397 0.2000000030
69274  -28.511  33.432  -3.326 0.3000000119
69285  -33.025  33.971  -4.587 0.5000000000
94844  -25.594  38.149  3.612 0.1000000015
92868  -23.928  35.221  3.358 0.1000000015
70786  -24.689  35.380  3.439 0.1000000015
71372  -25.509  36.836  3.684 0.1000000015
69749  -23.930  34.676  3.061 0.1000000015
71909  -26.465  38.369  3.596 0.1000000015
70260  -23.624  34.612  2.662 0.1000000015
92390  -25.452  34.809  3.091 0.1000000015
70787  -25.479  35.606  3.578 0.1000000015
93115  -26.178  35.782  3.754 0.1000000015
70267  -23.090  34.687  1.981 0.1000000015
70261  -24.409  34.642  2.879 0.1000000015
70253  -24.675  34.696  3.066 0.1000000015
70271  -21.486  35.661  0.714 0.1000000015
70266  -22.268  35.126  1.455 0.1000000015
90621  -23.930  34.922  2.081 0.1000000015
92414  -21.031  36.012  0.069 0.1000000015
70800  -22.979  35.539  1.492 0.1000000015
70279  -20.735  35.649  -0.457 0.1000000015
70808  -22.170  36.078  0.887 0.1000000015
104415  -20.839  35.146  -1.706 0.1000000015
70814  -21.225  36.427  -0.615 0.1000000015
69777  -21.102  34.622  -2.224 0.1000000015
69778  -21.941  34.784  -2.794 0.1000000015
69779  -22.857  34.505  -3.257 0.1000000015
69788  -23.769  34.217  -3.455 0.2000000030
69790  -25.434  34.304  -3.495 0.2000000030
96226  -26.088  34.812  -3.503 0.2000000030
96225  -26.936  34.671  -3.458 0.3000000119
96177  -27.832  34.525  -3.360 0.3000000119
69793  -28.664  34.184  -3.158 0.3000000119
98214  -29.517  34.595  -2.898 0.5000000000
69794  -30.847  34.201  -2.644 0.5000000000
69275  -29.423  33.675  -3.089 0.3000000119
69276  -30.311  33.651  -3.053 0.5000000000
69277  -31.118  33.752  -3.076 0.6000000238
69278  -31.888  33.903  -3.130 0.5000000000
69810  -33.787  34.276  -4.911 0.5000000000
69811  -34.533  34.498  -5.191 0.5000000000
71373  -26.498  36.770  3.835 0.1000000015
95819  -25.141  34.683  2.990 0.1000000015
70254  -26.260  35.128  3.330 0.1000000015
70788  -26.886  35.574  3.792 0.1000000015
70268  -24.733  34.864  2.549 0.1000000015
70262  -26.046  34.874  3.044 0.1000000015
70789  -27.632  35.455  3.940 0.1000000015
70801  -23.619  36.109  1.439 0.1000000015
70803  -25.389  35.054  2.574 0.1000000015
70807  -21.591  36.526  0.166 0.1000000015
70819  -21.460  36.438  -1.539 0.1000000015
70290  -22.188  35.723  -2.697 0.2000000030
70289  -21.391  35.596  -2.142 0.1000000015
70291  -22.656  35.225  -3.080 0.1000000015
70304  -23.554  35.168  -3.361 0.2000000030
69789  -24.536  34.698  -3.490 0.2000000030
96038  -25.304  35.120  -3.502 0.2000000030
69780  -31.312  34.773  -2.396 0.5000000000
69796  -32.392  34.460  -2.447 0.5000000000
69782  -33.073  34.932  -2.006 0.6000000238
69784  -34.544  34.970  -1.647 0.5000000000
100920  -30.457  34.685  -2.600 0.5000000000
69797  -33.211  34.589  -2.399 0.6000000238
69798  -34.030  34.625  -2.450 0.6000000238
69795  -31.633  34.307  -2.533 0.5000000000
69801  -32.655  34.104  -3.333 0.5000000000
69803  -34.246  34.562  -4.020 0.5000000000
69804  -34.902  34.705  -4.406 0.5000000000
70255  -27.018  35.192  3.256 0.1000000015
70809  -22.774  36.578  0.912 0.1000000015
70794  -26.182  35.638  2.347 0.1000000015
71400  -21.704  36.983  -0.388 0.1000000015
71395  -22.503  37.325  0.334 0.1000000015
71396  -23.331  37.331  0.847 0.1000000015
71407  -21.701  37.102  -1.023 0.1000000015
93497  -21.928  36.402  -2.242 0.1000000015
70303  -22.953  35.894  -3.074 0.2000000030
93883  -24.508  35.530  -3.460 0.2000000030
106047  -22.528  36.363  -2.679 0.2000000030
68749  -30.820  32.054  -5.102 0.2000000030
67139  -26.916  29.584  -4.330 0.2000000030
67684  -23.640  30.325  -3.306 0.2000000030
68215  -27.597  31.005  -4.134 0.2000000030
107362  -28.665  31.050  -4.552 0.2000000030
72900  -25.265  40.827  5.524 0.1000000015
95208  -20.325  33.085  -1.731 0.1000000015
74446  -27.036  43.612  6.194 0.1000000015
75037  -26.535  43.856  6.906 0.1000000015
91486  -23.767  36.380  3.612 0.1000000015
69759  -22.406  34.549  1.937 0.1000000015
69253  -20.173  33.834  0.658 0.1000000015
73937  -27.440  42.342  4.550 0.1000000015
73444  -26.890  41.386  3.965 0.1000000015
71371  -24.513  36.903  3.657 0.1000000015
69792  -27.336  33.923  -3.394 0.3000000119
93529  -28.039  33.852  -3.313 0.3000000119
70284  -20.920  35.789  -1.290 0.1000000015
70308  -27.417  35.448  -3.489 0.2000000030
102723  -30.130  34.125  -2.748 0.5000000000
71374  -27.419  36.172  4.218 0.1000000015
70776  -28.177  35.844  4.368 0.1000000015
94517  -22.168  36.785  0.444 0.1000000015
104579  -21.974  37.106  0.029 0.1000000015
70309  -28.530  35.158  -3.308 0.3000000119
69781  -32.181  34.816  -2.199 0.5000000000
69802  -33.464  34.345  -3.673 0.5000000000
65036  -31.482  26.653  -6.634 0.1000000015
65751  -30.462  27.012  -6.276 0.1000000015
65744  -29.862  27.255  -5.988 0.1000000015
65752  -31.086  27.255  -6.484 0.1000000015
66525  -29.701  28.220  -5.851 0.1000000015
101235  -30.526  27.906  -6.282 0.1000000015
65753  -31.844  27.557  -6.871 0.1000000015
67145  -29.575  29.113  -5.648 0.1000000015
101238  -31.284  27.982  -6.557 0.1000000015
67141  -28.406  29.276  -5.053 0.1000000015
67144  -29.003  29.367  -5.324 0.1000000015
100412  -30.300  28.874  -6.080 0.1000000015
66531  -31.088  28.691  -6.407 0.1000000015
66532  -31.805  28.496  -6.777 0.1000000015
101124  -32.477  28.295  -7.236 0.1000000015
65759  -32.700  27.385  -7.417 0.1000000015
98639  -33.154  28.189  -7.707 0.1000000015
67146  -30.148  29.718  -5.789 0.1000000015
67148  -30.895  29.530  -6.189 0.1000000015
67698  -29.436  29.908  -5.389 0.1000000015
67149  -31.672  29.346  -6.591 0.1000000015
100414  -32.396  29.117  -7.042 0.1000000015
66538  -33.034  28.943  -7.518 0.1000000015
65766  -33.534  28.124  -8.420 0.1000000015
67699  -30.728  30.346  -5.862 0.1000000015
67703  -31.476  30.190  -6.316 0.1000000015
67150  -32.343  30.052  -6.821 0.1000000015
67152  -32.917  29.595  -7.294 0.1000000015
66539  -33.533  28.836  -8.005 0.1000000015
65779  -33.682  28.124  -9.267 0.1000000015
68226  -32.019  30.880  -6.354 0.1000000015
93818  -33.557  29.596  -7.757 0.1000000015
66543  -33.761  28.759  -8.704 0.1000000015
65792  -33.790  28.195  -10.100 0.1000000015
67155  -33.831  29.281  -8.318 0.1000000015
105290  -34.089  29.259  -8.916 0.1000000015
100859  -33.938  28.249  -10.768 0.1000000015
65035  -30.812  26.444  -6.362 0.1000000015
64313  -31.191  25.859  -6.419 0.1000000015
101239  -29.104  27.535  -5.609 0.1000000015
64314  -31.877  26.002  -6.735 0.1000000015
66518  -27.991  28.566  -4.965 0.1000000015
66519  -28.858  28.556  -5.413 0.1000000015
65037  -32.173  26.717  -7.038 0.1000000015
65760  -33.438  27.379  -7.978 0.1000000015
106903  -33.739  27.219  -8.869 0.1000000015
65780  -33.892  27.399  -9.815 0.1000000015
65793  -34.068  27.620  -10.668 0.1000000015
65802  -34.217  27.891  -11.442 0.1000000015
65029  -30.095  26.278  -6.044 0.1000000015
64312  -30.609  25.764  -6.175 0.1000000015
63612  -31.702  25.247  -6.439 0.1000000015
65743  -29.357  26.562  -5.667 0.1000000015
100497  -27.571  27.847  -4.816 0.1000000015
65734  -27.866  27.070  -4.978 0.1000000015
101236  -28.308  27.741  -5.228 0.1000000015
64321  -32.573  25.983  -7.125 0.1000000015
66517  -27.115  28.595  -4.552 0.1000000015
65044  -32.961  26.407  -7.446 0.1000000015
67140  -27.701  29.336  -4.689 0.1000000015
101142  -33.309  26.770  -7.775 0.1000000015
107674  -28.162  29.855  -4.760 0.1000000015
65761  -33.717  26.591  -8.209 0.1000000015
67234  -45.784  30.018  -20.179 0.1000000015
63604  -33.193  23.205  -5.402 0.1000000015
64304  -29.496  25.161  -5.358 0.1000000015
63602  -30.984  25.043  -6.032 0.1000000015
99568  -31.778  24.452  -6.026 0.1000000015
65027  -28.898  25.780  -5.301 0.1000000015
65028  -29.597  25.792  -5.646 0.1000000015
64305  -30.161  25.308  -5.749 0.1000000015
65733  -27.223  27.200  -4.624 0.1000000015
65742  -28.586  26.804  -5.341 0.1000000015
64315  -32.569  25.329  -6.812 0.1000000015
64322  -33.320  25.526  -7.323 0.1000000015
65045  -33.635  26.085  -7.782 0.1000000015
104861  -34.078  26.355  -8.708 0.1000000015
65066  -34.374  26.812  -10.350 0.1000000015
65076  -34.544  27.126  -11.211 0.1000000015
66625  -43.835  28.973  -18.672 0.1000000015
66652  -45.143  29.572  -20.600 0.1000000015
65921  -45.569  29.408  -20.481 0.1000000015
65919  -44.044  28.308  -21.342 0.1000000015
64185  -31.840  25.836  2.856 0.1000000015
64900  -32.539  26.411  3.057 0.1000000015
65616  -32.911  27.262  3.373 0.1000000015
65601  -33.248  27.968  3.547 0.1000000015
66392  -33.625  28.590  3.508 0.1000000015
66417  -33.127  28.953  2.509 0.1000000015
66435  -33.418  28.596  1.696 0.1000000015
65652  -32.882  28.064  1.131 0.1000000015
64952  -32.976  27.127  0.153 0.1000000015
64964  -32.894  26.402  -0.256 0.1000000015
67040  -33.964  29.065  3.406 0.1000000015
67078  -33.993  29.088  2.379 0.1000000015
63517  -33.768  25.013  -0.977 0.1000000015
63537  -33.122  23.834  -1.172 0.1000000015
64216  -23.431  25.310  1.697 0.1000000015
63584  -28.832  24.429  -4.524 0.1000000015
63585  -29.468  24.464  -4.903 0.1000000015
63570  -29.479  23.553  -4.187 0.1000000015
63586  -30.248  23.674  -4.650 0.1000000015
63474  -23.873  24.617  1.166 0.1000000015
63601  -30.599  24.399  -5.412 0.1000000015
63587  -31.177  23.344  -4.739 0.1000000015
63588  -32.040  23.056  -4.770 0.1000000015
63600  -29.947  24.645  -5.300 0.1000000015
92962  -31.472  23.985  -5.490 0.1000000015
62893  -34.011  23.878  -6.507 0.1000000015
63613  -32.486  24.505  -6.348 0.1000000015
65020  -27.563  25.807  -4.508 0.1000000015
106893  -28.322  25.236  -4.685 0.1000000015
65021  -28.118  26.200  -4.946 0.1000000015
66516  -26.369  28.067  -4.314 0.1000000015
101086  -26.969  27.816  -4.532 0.1000000015
65732  -26.567  27.306  -4.370 0.1000000015
63621  -33.861  24.931  -7.343 0.1000000015
62905  -36.645  23.306  -7.554 0.1000000015
66507  -25.526  28.316  -3.937 0.1000000015
66508  -26.264  28.935  -4.191 0.1000000015
64323  -34.067  25.391  -7.733 0.1000000015
98351  -25.628  29.198  -3.869 0.1000000015
65046  -34.165  25.867  -8.244 0.1000000015
102362  -38.134  23.476  -8.834 0.1000000015
63661  -39.416  24.026  -10.676 0.1000000015
63676  -39.918  24.476  -11.576 0.1000000015
65053  -34.217  26.570  -9.429 0.1000000015
90584  -41.084  25.209  -12.303 0.1000000015
64409  -41.243  25.573  -13.067 0.1000000015
65875  -42.687  27.553  -16.320 0.1000000015
66638  -44.982  29.899  -19.922 0.1000000015
65920  -44.806  29.016  -21.091 0.1000000015
63423  -25.687  24.794  6.329 0.1000000015
63410  -25.959  24.659  7.047 0.1000000015
63434  -26.449  24.269  5.811 0.1000000015
62786  -27.106  23.969  4.838 0.1000000015
62794  -28.025  23.826  3.756 0.1000000015
64165  -26.011  24.875  5.350 0.1000000015
101608  -26.343  25.418  4.537 0.1000000015
63447  -29.904  24.608  2.802 0.1000000015
64173  -25.558  25.552  4.798 0.1000000015
64197  -30.730  24.849  2.687 0.1000000015
64881  -26.003  26.059  4.207 0.1000000015
65610  -25.419  27.478  2.836 0.1000000015
64896  -24.626  27.114  2.946 0.1000000015
64914  -25.197  27.489  2.298 0.1000000015
66391  -32.912  28.574  3.460 0.1000000015
67039  -33.356  28.971  3.367 0.1000000015
65669  -32.458  27.507  0.667 0.1000000015
105215  -32.261  26.028  -0.142 0.1000000015
64930  -24.911  27.032  1.947 0.1000000015
64196  -24.057  26.201  2.094 0.1000000015
67047  -33.507  29.174  3.181 0.1000000015
63516  -32.774  25.142  -0.583 0.1000000015
99337  -24.141  25.333  1.604 0.1000000015
63557  -33.250  22.839  -1.916 0.1000000015
63536  -32.288  23.587  -1.037 0.1000000015
63556  -32.478  22.769  -1.818 0.1000000015
63491  -23.519  24.242  0.421 0.1000000015
63583  -28.213  24.480  -4.215 0.1000000015
64295  -27.602  24.941  -4.161 0.1000000015
107723  -27.528  26.564  -4.683 0.1000000015
64294  -26.926  25.529  -4.070 0.1000000015
65018  -26.193  26.786  -4.152 0.1000000015
65731  -25.853  27.418  -4.096 0.1000000015
63631  -37.346  23.791  -9.048 0.1000000015
67133  -24.870  29.071  -3.640 0.1000000015
65054  -34.679  25.783  -8.913 0.1000000015
63646  -38.326  23.797  -9.839 0.1000000015
67134  -25.373  29.824  -3.682 0.1000000015
64380  -40.235  24.908  -12.248 0.1000000015
64396  -40.453  25.330  -12.914 0.1000000015
65121  -41.460  26.063  -13.855 0.1000000015
64395  -39.689  25.230  -12.877 0.1000000015
64408  -40.617  25.659  -13.603 0.1000000015
96698  -41.228  26.350  -14.804 0.1000000015
65120  -40.697  25.958  -14.235 0.1000000015
65891  -43.181  28.157  -17.195 0.1000000015
108652  -42.496  27.678  -17.032 0.1000000015
66637  -44.132  29.468  -20.611 0.1000000015
96205  -41.489  27.038  -22.192 0.1000000015
100171  -44.400  29.301  -21.205 0.1000000015
66650  -42.813  28.668  -21.694 0.1000000015
66658  -43.150  28.600  -21.824 0.1000000015
66651  -43.686  29.088  -21.449 0.1000000015
65936  -43.923  28.954  -21.544 0.1000000015
102060  -26.591  24.845  4.743 0.1000000015
63438  -26.667  24.351  5.139 0.1000000015
63439  -27.087  24.482  4.550 0.1000000015
63445  -27.637  24.543  3.974 0.1000000015
104948  -28.445  24.647  3.487 0.1000000015
63446  -29.193  24.399  3.071 0.1000000015
64184  -30.174  25.321  2.942 0.1000000015
99082  -30.920  25.765  2.969 0.1000000015
64882  -26.840  26.224  3.961 0.1000000015
64899  -31.541  26.508  3.193 0.1000000015
65615  -32.068  27.209  3.399 0.1000000015
65594  -26.057  26.895  3.570 0.1000000015
65600  -32.453  27.962  3.555 0.1000000015
65628  -25.786  27.947  2.220 0.1000000015
67038  -32.833  28.917  3.215 0.1000000015
66434  -32.544  28.541  1.841 0.1000000015
65651  -32.061  27.974  1.276 0.1000000015
64951  -32.134  26.776  0.254 0.1000000015
64913  -24.452  26.889  2.522 0.1000000015
64218  -25.323  25.942  1.627 0.1000000015
67062  -33.698  29.311  2.964 0.1000000015
64217  -24.618  25.873  1.739 0.1000000015
63475  -24.792  24.835  1.313 0.1000000015
100560  -31.978  25.353  -0.250 0.1000000015
63515  -31.868  24.342  -0.551 0.1000000015
93849  -31.014  22.742  -3.842 0.1000000015
63492  -24.390  24.080  0.645 0.1000000015
63571  -30.244  22.829  -3.641 0.1000000015
91119  -30.954  22.467  -2.810 0.1000000015
63493  -25.297  24.002  0.708 0.1000000015
63554  -29.567  22.786  -3.209 0.1000000015
63510  -23.501  24.176  -0.400 0.1000000015
107158  -23.068  24.285  0.007 0.1000000015
62828  -24.795  23.616  0.095 0.1000000015
63569  -28.657  23.550  -3.734 0.1000000015
63553  -28.939  22.714  -2.460 0.1000000015
64278  -24.490  25.372  -2.744 0.1000000015
63548  -24.075  24.801  -2.089 0.1000000015
63528  -23.779  24.337  -1.283 0.1000000015
62837  -24.396  23.772  -0.668 0.1000000015
63568  -27.745  24.111  -3.655 0.1000000015
104162  -28.104  23.298  -3.071 0.1000000015
63567  -26.910  24.635  -3.535 0.1000000015
65008  -25.519  26.582  -3.771 0.1000000015
65009  -26.263  26.079  -3.945 0.1000000015
64289  -26.385  25.356  -3.665 0.1000000015
66505  -24.060  28.613  -3.438 0.1000000015
65722  -23.623  27.319  -3.219 0.1000000015
65007  -24.649  26.690  -3.478 0.1000000015
65724  -25.080  27.421  -3.743 0.1000000015
67132  -24.062  29.557  -3.423 0.1000000015
66506  -24.645  28.114  -3.608 0.1000000015
64332  -35.210  25.132  -8.774 0.1000000015
63660  -38.487  24.221  -10.799 0.1000000015
103218  -24.779  29.908  -3.548 0.1000000015
63675  -38.986  24.473  -11.563 0.1000000015
102784  -39.354  24.829  -12.265 0.1000000015
105408  -40.005  25.468  -13.412 0.1000000015
66624  -43.144  28.767  -19.403 0.1000000015
66636  -43.026  29.012  -20.751 0.1000000015
64181  -27.860  25.211  3.790 0.1000000015
64174  -27.150  25.262  4.233 0.1000000015
64183  -29.357  25.261  3.216 0.1000000015
64897  -29.243  26.185  3.487 0.1000000015
97762  -27.548  26.748  3.708 0.1000000015
93566  -30.034  25.974  3.261 0.1000000015
64898  -30.634  26.690  3.373 0.1000000015
65595  -26.913  27.303  3.453 0.1000000015
65614  -31.324  27.185  3.429 0.1000000015
65612  -27.091  28.106  2.870 0.1000000015
65599  -31.593  27.854  3.514 0.1000000015
65611  -26.257  27.845  2.791 0.1000000015
66390  -32.037  28.472  3.330 0.1000000015
65629  -26.510  28.203  2.210 0.1000000015
66402  -32.123  28.783  3.054 0.1000000015
66416  -32.284  28.748  2.586 0.1000000015
66433  -31.674  28.428  1.927 0.1000000015
65647  -26.067  27.980  1.891 0.1000000015
64931  -25.690  27.188  1.767 0.1000000015
66403  -32.924  29.099  3.017 0.1000000015
65668  -31.645  27.378  0.799 0.1000000015
65646  -25.511  27.718  1.975 0.1000000015
64219  -26.242  25.984  1.513 0.1000000015
63476  -25.826  24.826  1.243 0.1000000015
63534  -30.318  22.865  -1.305 0.1000000015
63494  -26.319  23.945  0.575 0.1000000015
91974  -29.931  22.559  -2.117 0.1000000015
62849  -25.156  23.640  -1.169 0.1000000015
62838  -25.164  23.511  -0.474 0.1000000015
62829  -25.630  23.494  0.069 0.1000000015
63549  -24.888  24.633  -2.377 0.1000000015
63529  -24.582  24.159  -1.609 0.1000000015
63551  -26.460  24.078  -2.793 0.1000000015
96375  -27.261  23.624  -2.878 0.1000000015
64995  -24.135  26.101  -3.093 0.1000000015
64287  -24.937  25.914  -3.339 0.1000000015
98006  -25.732  25.657  -3.524 0.1000000015
63566  -26.068  24.845  -3.232 0.1000000015
106117  -37.327  24.136  -9.863 0.1000000015
63630  -36.545  24.069  -8.800 0.1000000015
63645  -36.630  24.387  -9.502 0.1000000015
101566  -23.993  27.907  -3.399 0.1000000015
63629  -35.871  24.676  -9.004 0.1000000015
65723  -24.328  27.372  -3.464 0.1000000015
64346  -35.980  25.041  -9.978 0.1000000015
64348  -37.686  24.346  -10.537 0.1000000015
64363  -38.043  24.607  -11.356 0.1000000015
64379  -38.467  24.935  -12.190 0.1000000015
64175  -27.713  25.975  3.821 0.1000000015
64182  -28.495  25.646  3.588 0.1000000015
100925  -29.845  26.619  3.458 0.1000000015
64885  -30.015  27.279  3.523 0.1000000015
66389  -31.037  28.204  3.353 0.1000000015
66400  -30.466  28.412  3.142 0.1000000015
66401  -31.304  28.525  3.126 0.1000000015
65630  -27.390  28.332  2.312 0.1000000015
66415  -31.331  28.563  2.647 0.1000000015
66432  -30.781  28.298  1.948 0.1000000015
65648  -26.918  28.081  1.866 0.1000000015
95549  -31.231  27.852  1.396 0.1000000015
64950  -31.243  26.743  0.532 0.1000000015
64932  -26.657  27.223  1.629 0.1000000015
64235  -31.530  25.989  0.161 0.1000000015
64252  -31.370  25.000  -0.148 0.1000000015
63477  -26.788  24.940  1.172 0.1000000015
63514  -31.127  23.935  -0.528 0.1000000015
63495  -27.283  24.215  0.609 0.1000000015
101758  -30.831  23.197  -0.993 0.1000000015
63535  -31.468  23.305  -1.030 0.1000000015
62830  -26.927  23.486  0.070 0.1000000015
63533  -29.638  22.793  -1.241 0.1000000015
92885  -30.797  22.656  -1.786 0.1000000015
63555  -31.655  22.680  -1.813 0.1000000015
99378  -25.879  23.387  -0.737 0.1000000015
106481  -26.307  23.390  -0.089 0.1000000015
63530  -25.339  24.007  -1.923 0.1000000015
63532  -28.751  22.816  -1.130 0.1000000015
105909  -27.381  23.110  -1.944 0.1000000015
63552  -28.044  22.904  -2.155 0.1000000015
62858  -26.726  23.472  -2.117 0.1000000015
64288  -25.286  25.137  -3.009 0.1000000015
64347  -36.839  24.619  -10.309 0.1000000015
64362  -37.151  24.855  -11.085 0.1000000015
64378  -37.497  25.197  -11.917 0.1000000015
64883  -28.411  26.717  3.651 0.1000000015
65596  -28.723  27.719  3.444 0.1000000015
65597  -29.493  27.642  3.502 0.1000000015
66388  -30.092  28.010  3.451 0.1000000015
94893  -27.760  27.553  3.445 0.1000000015
66387  -29.355  28.043  3.366 0.1000000015
99578  -30.005  28.510  2.950 0.1000000015
65613  -27.968  28.255  3.042 0.1000000015
66386  -28.821  28.272  3.119 0.1000000015
66414  -30.396  28.479  2.584 0.1000000015
65631  -28.322  28.380  2.498 0.1000000015
66430  -28.931  28.304  2.047 0.1000000015
65650  -30.408  27.767  1.472 0.1000000015
65649  -28.031  28.070  1.861 0.1000000015
98150  -29.040  27.876  1.697 0.1000000015
64949  -30.499  26.668  0.747 0.1000000015
101811  -27.564  27.461  1.611 0.1000000015
64933  -28.498  27.321  1.482 0.1000000015
98976  -30.860  26.188  0.458 0.1000000015
108302  -27.355  26.826  1.486 0.1000000015
64221  -27.996  26.397  1.341 0.1000000015
64947  -28.943  26.450  1.146 0.1000000015
64231  -27.700  25.221  1.085 0.1000000015
64232  -28.551  25.500  0.943 0.1000000015
93555  -30.323  23.617  -0.509 0.1000000015
63496  -28.140  24.455  0.587 0.1000000015
62839  -26.642  23.256  -0.607 0.1000000015
63511  -27.654  23.575  0.081 0.1000000015
63512  -28.488  23.643  -0.019 0.1000000015
62857  -26.043  23.761  -2.108 0.1000000015
108457  -25.764  23.593  -1.493 0.1000000015
62851  -27.006  23.119  -1.224 0.1000000015
63531  -27.826  22.967  -0.923 0.1000000015
62850  -26.383  23.374  -1.406 0.1000000015
63550  -25.683  24.404  -2.602 0.1000000015
94140  -22.479  37.006  -2.367 0.1000000015
70826  -23.207  36.767  -2.947 0.1000000015
100702  -24.126  36.808  -3.316 0.1000000015
108905  -24.560  36.206  -3.437 0.1000000015
70307  -26.544  35.387  -3.514 0.1000000015
70306  -25.891  35.447  -3.520 0.1000000015
70840  -26.157  35.975  -3.536 0.1000000015
100933  -26.783  35.939  -3.554 0.1000000015
95213  -28.064  36.139  -3.584 0.2000000030
102207  -29.293  35.412  -3.194 0.2000000030
70310  -29.991  35.347  -2.914 0.3000000119
70311  -30.837  35.338  -2.683 0.3000000119
100082  -28.869  36.055  -3.498 0.2000000030
70292  -31.789  35.367  -2.434 0.3000000119
70295  -34.340  35.238  -1.624 0.4000000060
96882  -31.814  29.998  -15.901 0.1000000015
108149  -32.176  30.308  -16.187 0.1000000015
66399  -29.616  28.361  3.148 0.1000000015
66431  -29.802  28.196  1.899 0.1000000015
66412  -29.036  28.418  2.711 0.1000000015
66413  -29.611  28.444  2.567 0.1000000015
109124  -29.735  27.678  1.502 0.1000000015
64935  -30.103  27.189  1.158 0.1000000015
64934  -29.351  27.199  1.313 0.1000000015
64948  -29.756  26.543  0.943 0.1000000015
64233  -30.214  25.950  0.584 0.1000000015
64234  -30.797  25.483  0.255 0.1000000015
101029  -29.402  25.715  0.755 0.1000000015
63497  -28.995  24.679  0.499 0.1000000015
63498  -29.992  24.854  0.318 0.1000000015
64251  -30.740  24.578  -0.097 0.1000000015
63513  -29.405  23.656  -0.250 0.1000000015
70305  -25.332  35.937  -3.496 0.1000000015
70293  -32.782  35.185  -2.058 0.3000000119
70294  -33.620  35.136  -1.775 0.3000000119
70847  -32.450  35.856  -2.642 0.3000000119
103411  -34.019  35.525  -1.811 0.3000000119
70848  -33.883  36.170  -2.498 0.3000000119
72047  -35.085  38.238  -10.291 0.4000000060
107651  -34.925  38.774  -10.019 0.4000000060
72038  -34.362  38.735  -10.116 0.5000000000
63603  -32.413  23.652  -5.594 0.1000000015
91118  -32.535  22.427  -2.853 0.1000000015
63614  -33.381  24.644  -6.809 0.1000000015
90942  -31.753  22.437  -2.854 0.1000000015
62884  -33.887  23.243  -5.706 0.1000000015
63622  -34.470  24.703  -7.556 0.1000000015
63623  -36.065  24.008  -8.161 0.1000000015
62914  -36.948  23.507  -8.202 0.1000000015
62883  -33.197  23.825  -6.109 0.1000000015
62904  -35.896  23.511  -7.305 0.1000000015
95715  -35.228  24.331  -7.797 0.1000000015
70828  -34.679  35.910  -1.644 0.3000000119
66649  -42.569  28.377  -22.038 0.1000000015
65211  -42.173  27.849  -22.290 0.1000000015
67694  -28.745  29.961  -5.040 0.1000000015
69783  -33.856  34.942  -1.764 0.4000000060
90707  -23.794  36.068  -3.336 0.1000000015
66552  -33.860  28.773  -9.513 0.1000000015
63589  -32.862  22.789  -4.747 0.1000000015
66626  -44.822  29.478  -18.373 0.1000000015
64296  -28.981  24.993  -5.020 0.1000000015
63572  -31.836  22.593  -3.881 0.1000000015
63573  -32.623  22.469  -3.866 0.1000000015
63615  -34.111  24.437  -7.075 0.1000000015
65019  -26.883  26.476  -4.361 0.1000000015
62779  -27.017  23.773  5.361 0.1000000015
62787  -27.467  23.901  4.323 0.1000000015
64172  -24.713  25.737  4.968 0.1000000015
64880  -25.058  26.421  3.892 0.1000000015
62827  -24.081  23.821  0.048 0.1000000015
64324  -34.754  25.138  -8.195 0.1000000015
65147  -42.097  26.784  -15.105 0.1000000015
105134  -30.293  22.529  -2.739 0.1000000015
66504  -23.479  28.951  -3.273 0.1000000015
97595  -35.404  24.664  -8.402 0.1000000015
65598  -30.768  27.596  3.479 0.1000000015
94874  -30.865  28.550  2.943 0.1000000015
65667  -30.840  27.281  0.972 0.1000000015
64220  -27.130  26.051  1.405 0.1000000015
64884  -29.292  27.039  3.582 0.1000000015
62840  -27.202  23.242  -0.464 0.1000000015
70827  -33.280  35.661  -2.182 0.3000000119
62903  -34.864  23.873  -7.057 0.1000000015
102313  -31.614  36.302  -10.107 0.2000000030
71514  -32.260  37.493  -10.091 0.2000000030
70926  -32.010  35.914  -10.466 0.2000000030
71521  -32.852  37.077  -10.369 0.2000000030
97477  -35.800  39.584  -9.378 0.4000000060
72035  -32.286  38.298  -9.947 0.2000000030
71515  -32.920  37.888  -10.213 0.2000000030
72036  -32.937  38.671  -10.015 0.2000000030
72512  -39.241  39.753  -7.596 0.2000000030
73042  -35.872  40.696  -9.127 0.3000000119
72547  -34.836  39.360  -9.761 0.4000000060
73003  -44.548  41.316  -4.253 0.3000000119
72530  -38.817  39.062  -7.915 0.2000000030
70916  -32.172  36.675  -10.240 0.2000000030
73012  -39.736  40.542  -7.415 0.2000000030
103773  -31.543  38.591  -9.740 0.1000000015
71981  -34.235  38.156  -5.468 0.1000000015
71982  -35.858  38.189  -5.401 0.1000000015
102213  -35.069  38.183  -5.458 0.1000000015
72496  -34.644  38.894  -5.583 0.1000000015
71980  -33.397  38.120  -5.472 0.1000000015
96429  -33.563  39.035  -9.988 0.3000000119
72497  -35.498  38.895  -5.557 0.1000000015
72494  -32.749  38.826  -5.597 0.1000000015
72495  -33.766  38.866  -5.593 0.1000000015
72544  -32.164  39.200  -9.794 0.1000000015
72546  -34.073  39.392  -9.867 0.3000000119
100046  -34.228  40.035  -9.630 0.1000000015
103842  -35.051  40.280  -9.461 0.1000000015
72545  -33.394  39.849  -9.725 0.2000000030
103244  -34.450  40.748  -9.541 0.1000000015
104164  -32.907  39.372  -9.830 0.2000000030
100117  -31.066  37.936  -9.640 0.1000000015
70915  -30.987  36.311  -9.819 0.1000000015
71513  -31.514  37.096  -9.861 0.1000000015
100306  -31.753  37.889  -9.840 0.1000000015
70381  -31.299  35.685  -10.277 0.1000000015
97756  -36.730  39.723  -5.548 0.1000000015
96267  -33.317  39.728  -5.613 0.1000000015
96265  -35.110  39.706  -5.585 0.1000000015
95425  -35.968  39.688  -5.569 0.1000000015
93907  -39.971  40.329  -4.811 0.2000000030
107406  -35.770  41.399  -9.275 0.1000000015
73573  -36.362  41.500  -9.092 0.2000000030
93564  -36.776  42.361  -9.396 0.1000000015
74060  -37.739  42.577  -9.334 0.2000000030
74061  -38.601  42.788  -9.332 0.2000000030
73572  -35.124  41.265  -9.449 0.1000000015
74596  -39.803  43.452  -9.922 0.1000000015
74594  -38.151  43.243  -9.939 0.1000000015
74595  -38.993  43.375  -9.914 0.1000000015
73041  -32.541  40.049  -9.727 0.1000000015
74616  -39.558  43.564  -10.533 0.1000000015
74615  -38.591  43.575  -10.540 0.1000000015
73000  -38.582  40.584  -5.413 0.1000000015
73511  -40.182  41.205  -4.835 0.2000000030
73553  -37.341  41.608  -8.752 0.2000000030
74042  -38.256  42.046  -8.668 0.2000000030
74059  -35.744  42.104  -9.514 0.1000000015
74062  -39.450  42.982  -9.335 0.1000000015
73571  -34.206  41.447  -9.653 0.1000000015
74617  -40.888  43.447  -10.489 0.1000000015
73570  -33.355  41.597  -9.880 0.1000000015
103979  -33.595  40.710  -9.643 0.1000000015
73512  -41.131  41.433  -4.234 0.2000000030
72978  -44.302  41.011  -3.060 0.1000000015
72998  -36.482  40.462  -5.552 0.1000000015
108066  -38.011  40.491  -5.498 0.1000000015
73510  -39.388  40.838  -5.223 0.1000000015
73535  -41.721  41.221  -6.543 0.1000000015
73534  -40.955  40.874  -6.762 0.1000000015
74032  -42.052  42.002  -6.754 0.1000000015
73540  -39.532  41.401  -7.728 0.1000000015
73541  -40.371  41.311  -7.330 0.1000000015
74036  -41.716  42.390  -7.364 0.1000000015
73556  -40.095  42.015  -7.864 0.1000000015
74035  -40.871  42.078  -7.618 0.1000000015
107472  -40.644  42.442  -8.182 0.1000000015
74045  -41.437  42.687  -8.101 0.1000000015
74046  -42.460  43.088  -7.964 0.1000000015
73023  -36.757  40.747  -8.725 0.2000000030
74582  -42.116  43.415  -8.818 0.1000000015
74597  -41.688  43.433  -9.689 0.1000000015
74058  -34.744  42.103  -9.746 0.1000000015
74077  -36.266  42.997  -9.946 0.1000000015
74593  -37.258  43.141  -9.933 0.1000000015
74063  -40.399  43.263  -9.442 0.1000000015
74598  -43.344  43.396  -9.925 0.1000000015
74619  -43.731  43.788  -10.505 0.1000000015
74057  -33.944  42.081  -9.920 0.1000000015
74076  -35.270  42.794  -10.102 0.1000000015
96556  -42.808  43.181  -10.999 0.1000000015
74634  -40.312  43.437  -11.300 0.1000000015
104149  -38.792  41.332  -5.399 0.1000000015
72984  -40.621  40.670  -4.425 0.2000000030
73537  -43.412  42.193  -5.774 0.1000000015
108511  -42.810  42.291  -6.459 0.1000000015
74037  -42.678  42.846  -7.043 0.1000000015
100159  -38.849  41.645  -8.139 0.1000000015
74578  -43.380  43.713  -7.773 0.1000000015
74584  -44.252  44.038  -8.818 0.1000000015
75187  -44.331  44.158  -9.191 0.1000000015
73554  -38.136  41.211  -8.230 0.1000000015
74043  -39.075  42.351  -8.671 0.1000000015
74044  -39.988  42.564  -8.623 0.1000000015
74075  -34.306  42.607  -10.327 0.1000000015
74612  -35.856  43.399  -10.649 0.1000000015
74613  -36.834  43.505  -10.591 0.1000000015
74614  -37.729  43.555  -10.569 0.1000000015
73513  -44.495  41.976  -3.862 0.2000000030
73503  -43.873  41.821  -3.112 0.1000000015
73531  -43.928  41.746  -5.039 0.2000000030
74033  -43.384  42.949  -6.270 0.1000000015
75764  -44.197  45.945  -6.965 0.1000000015
75184  -43.990  44.835  -7.920 0.1000000015
73555  -39.463  42.021  -8.134 0.1000000015
75772  -43.971  45.316  -8.262 0.1000000015
73504  -44.278  41.853  -3.439 0.1000000015
99244  -39.526  41.823  -5.217 0.1000000015
104887  -44.015  42.499  -5.004 0.1000000015
74028  -43.879  43.108  -5.343 0.1000000015
74575  -43.854  43.941  -5.840 0.1000000015
75164  -43.877  44.645  -5.063 0.1000000015
74579  -43.827  44.320  -7.001 0.1000000015
91838  -43.970  44.928  -5.894 0.1000000015
101956  -44.030  45.216  -6.785 0.1000000015
77422  -42.646  49.200  -6.206 0.1000000015
76351  -43.911  46.501  -7.483 0.1000000015
74010  -42.133  42.852  -3.865 0.1000000015
74000  -43.194  42.570  -3.480 0.1000000015
74001  -44.031  42.551  -3.429 0.1000000015
74002  -44.282  42.419  -3.690 0.1000000015
74012  -44.369  42.578  -3.954 0.2000000030
74009  -40.496  42.164  -4.726 0.1000000015
95857  -41.377  42.272  -4.201 0.1000000015
74011  -42.942  43.463  -3.786 0.1000000015
74539  -43.784  43.268  -3.720 0.1000000015
74029  -44.152  43.082  -4.321 0.1000000015
107692  -39.913  42.446  -5.092 0.1000000015
74027  -40.279  43.032  -4.903 0.1000000015
94201  -41.166  42.904  -4.393 0.1000000015
74540  -44.139  42.981  -3.786 0.1000000015
74026  -39.298  42.753  -5.292 0.1000000015
74549  -41.033  43.512  -4.579 0.1000000015
74564  -39.658  43.583  -5.276 0.1000000015
74565  -40.534  43.848  -4.914 0.1000000015
74566  -43.879  43.924  -4.707 0.1000000015
103637  -38.743  43.446  -5.484 0.1000000015
75741  -43.840  45.508  -4.879 0.1000000015
76315  -43.903  46.426  -5.096 0.1000000015
105204  -44.022  46.548  -5.889 0.1000000015
95201  -39.140  52.012  -6.945 0.1000000015
95988  -39.552  51.071  -6.758 0.1000000015
78593  -40.148  51.534  -6.911 0.1000000015
76340  -43.995  47.024  -6.361 0.1000000015
109246  -41.616  50.309  -6.657 0.1000000015
103438  -41.842  49.928  -6.431 0.1000000015
76339  -43.696  47.694  -6.883 0.1000000015
74550  -41.880  43.543  -4.179 0.1000000015
74552  -43.993  43.742  -4.009 0.1000000015
75176  -39.155  44.148  -5.607 0.1000000015
75161  -40.082  44.312  -5.353 0.1000000015
75153  -43.291  44.696  -4.394 0.1000000015
75154  -43.735  44.578  -4.481 0.1000000015
75729  -43.083  45.351  -4.554 0.1000000015
75160  -38.104  44.001  -5.768 0.1000000015
75730  -43.620  45.258  -4.650 0.1000000015
76314  -43.618  46.720  -5.139 0.1000000015
76326  -43.786  47.138  -5.500 0.1000000015
78007  -37.783  51.121  -7.250 0.1000000015
105715  -38.693  51.506  -6.934 0.1000000015
77429  -41.117  49.877  -6.443 0.1000000015
76872  -42.729  48.468  -5.787 0.1000000015
76325  -43.291  47.725  -5.515 0.1000000015
76873  -43.170  48.525  -5.855 0.1000000015
76874  -43.584  47.907  -5.929 0.1000000015
102137  -42.658  44.133  -4.177 0.1000000015
74551  -43.570  43.989  -4.089 0.1000000015
75151  -41.561  44.218  -4.539 0.1000000015
75152  -42.470  44.731  -4.437 0.1000000015
75162  -40.897  44.500  -4.991 0.1000000015
75163  -41.869  45.141  -4.774 0.1000000015
74562  -37.360  43.601  -5.689 0.1000000015
75737  -39.733  44.871  -5.838 0.1000000015
74574  -37.128  44.122  -6.099 0.1000000015
75174  -37.899  44.627  -6.408 0.1000000015
75739  -41.726  45.911  -5.351 0.1000000015
99663  -42.935  46.036  -4.848 0.1000000015
99422  -41.633  46.728  -5.789 0.1000000015
76324  -42.789  46.885  -5.223 0.1000000015
77428  -40.030  49.891  -6.800 0.1000000015
77421  -41.952  49.111  -6.098 0.1000000015
75175  -38.780  44.673  -6.141 0.1000000015
75753  -40.504  45.786  -6.083 0.1000000015
95517  -40.182  48.706  -7.077 0.1000000015
76883  -40.837  48.335  -6.648 0.1000000015
97037  -42.546  47.600  -5.549 0.1000000015
75171  -34.832  44.369  -6.852 0.1000000015
75173  -36.552  44.532  -6.680 0.1000000015
101559  -37.225  44.715  -6.680 0.1000000015
75751  -38.488  45.251  -6.744 0.1000000015
75752  -39.367  45.414  -6.473 0.1000000015
76882  -39.768  47.647  -7.334 0.1000000015
76338  -40.317  47.140  -6.863 0.1000000015
76871  -41.558  47.720  -6.106 0.1000000015
75750  -37.701  45.213  -7.004 0.1000000015
75182  -34.240  44.861  -7.519 0.1000000015
75172  -35.740  44.437  -6.774 0.1000000015
103992  -36.148  44.896  -7.184 0.1000000015
76322  -39.858  46.220  -6.769 0.1000000015
76323  -40.716  46.660  -6.409 0.1000000015
75762  -38.249  45.827  -7.265 0.1000000015
75763  -39.000  45.921  -7.038 0.1000000015
75760  -36.179  45.385  -7.536 0.1000000015
76337  -39.412  46.700  -7.255 0.1000000015
75749  -36.854  45.199  -7.227 0.1000000015
75183  -35.353  45.119  -7.536 0.1000000015
75761  -37.491  45.882  -7.520 0.1000000015
75769  -35.238  45.952  -8.173 0.1000000015
76891  -32.694  47.257  -8.610 0.1000000015
75768  -34.599  46.225  -8.384 0.1000000015
75767  -33.880  46.130  -8.413 0.1000000015
75759  -34.486  45.570  -8.064 0.1000000015
75770  -35.879  45.781  -7.897 0.1000000015
76345  -33.500  46.861  -8.625 0.1000000015
76347  -35.080  46.727  -8.500 0.1000000015
76334  -36.638  46.027  -7.829 0.1000000015
76348  -35.932  46.560  -8.287 0.1000000015
76336  -38.140  46.540  -7.682 0.1000000015
76335  -37.410  46.713  -8.007 0.1000000015
76349  -36.720  46.866  -8.253 0.1000000015
74583  -43.446  43.681  -8.875 0.1000000015
74581  -40.974  43.014  -8.760 0.1000000015
78594  -41.447  50.664  -6.941 0.1000000015
76884  -43.259  48.618  -6.377 0.1000000015
72999  -37.383  40.312  -5.536 0.1000000015
109050  -33.031  40.384  -9.683 0.2000000030
73542  -41.189  41.691  -6.960 0.1000000015
74599  -44.266  43.896  -9.730 0.1000000015
75195  -44.230  44.029  -10.067 0.1000000015
74038  -43.435  43.508  -6.812 0.1000000015
96166  -44.003  45.811  -5.883 0.1000000015
78008  -40.650  50.923  -6.643 0.1000000015
78000  -41.281  50.578  -6.644 0.1000000015
75738  -40.738  45.063  -5.404 0.1000000015
76346  -34.282  46.847  -8.620 0.1000000015
70860  -33.072  36.467  -3.399 0.2000000030
70861  -34.519  36.627  -3.174 0.2000000030
71446  -34.222  37.199  -4.391 0.2000000030
71458  -33.020  37.582  -5.204 0.2000000030
104206  -33.810  36.760  -3.634 0.2000000030
70859  -32.182  36.564  -3.715 0.2000000030
71445  -33.417  37.171  -4.508 0.2000000030
106134  -31.762  36.115  -3.106 0.2000000030
71447  -35.063  37.211  -4.171 0.2000000030
71444  -32.598  37.094  -4.510 0.2000000030
70842  -27.263  36.354  -3.639 0.1000000015
70844  -29.585  36.067  -3.434 0.1000000015
70846  -31.108  36.070  -3.185 0.1000000015
71427  -26.691  37.927  -4.088 0.1000000015
70841  -26.549  36.541  -3.619 0.1000000015
99768  -27.013  37.135  -3.835 0.1000000015
71428  -27.794  36.981  -3.930 0.1000000015
70843  -28.585  36.827  -3.947 0.1000000015
99263  -29.226  36.645  -3.859 0.1000000015
70857  -30.670  36.730  -4.035 0.1000000015
70858  -31.441  36.659  -3.947 0.1000000015
71970  -28.830  38.201  -4.915 0.1000000015
71976  -29.295  38.840  -5.302 0.1000000015
71439  -27.510  37.771  -4.273 0.1000000015
71455  -29.703  38.052  -5.149 0.1000000015
71456  -30.608  37.942  -5.295 0.1000000015
104226  -31.366  37.890  -5.362 0.1000000015
71457  -32.083  37.567  -5.194 0.1000000015
70855  -29.238  37.361  -4.483 0.1000000015
71460  -34.678  37.569  -5.129 0.1000000015
70845  -30.329  36.078  -3.342 0.1000000015
71459  -33.842  37.606  -5.191 0.1000000015
71443  -31.877  37.067  -4.516 0.1000000015
90834  -26.229  37.279  -3.712 0.1000000015
71440  -28.329  37.595  -4.412 0.1000000015
70856  -29.867  36.738  -3.994 0.1000000015
71441  -30.199  37.373  -4.689 0.1000000015
71977  -30.196  38.722  -5.446 0.1000000015
71442  -31.167  37.316  -4.839 0.1000000015
69949  -41.479  35.876  -20.381 0.8000000119
69970  -36.668  34.752  -23.374 0.6000000238
69973  -38.262  35.760  -23.347 0.6999999881
70286  -37.707  36.121  -0.807 0.6000000238
70483  -37.300  36.002  -23.560 0.6000000238
70485  -38.581  35.987  -23.203 0.6999999881
71006  -42.825  36.219  -17.806 1.0000000000
71037  -40.266  36.402  -21.539 0.8000000119
71044  -39.048  36.228  -22.545 0.6999999881
71453  -46.102  37.552  -4.693 0.6000000238
72475  -44.044  40.359  -2.807 0.3000000119
72476  -44.821  39.683  -3.555 0.3000000119
75740  -43.691  45.951  -4.775 0.1000000015
76893  -33.914  47.475  -8.721 0.1000000015
77430  -42.159  49.897  -6.771 0.1000000015
78592  -38.307  52.141  -7.023 0.1000000015
91044  -42.278  35.215  -17.728 1.0000000000
93164  -40.343  36.678  -0.908 0.5000000000
104619  -40.893  51.081  -6.801 0.1000000015
108917  -33.386  47.377  -8.684 0.1000000015
109291  -43.761  44.264  -7.893 0.1000000015
