#!ascii label  , from subject sub-v1s10x0050987_ses-1 vox2ras=TkReg
327
29469  -23.140  -45.125  -49.515 0.6999999881
30471  -23.071  -44.521  -49.505 0.6000000238
30472  -24.391  -44.454  -49.769 0.6000000238
30473  -25.939  -44.437  -49.676 0.4000000060
26284  -27.664  -48.308  -45.309 0.6999999881
27327  -28.339  -46.977  -45.823 0.6999999881
26293  -27.451  -48.391  -46.220 0.6999999881
27338  -27.907  -47.684  -45.993 0.6000000238
116222  -27.526  -47.706  -46.640 0.6999999881
28420  -27.774  -46.880  -46.566 0.6000000238
27342  -27.242  -47.246  -47.207 0.6000000238
28425  -27.301  -46.484  -47.183 0.6000000238
28423  -25.930  -46.837  -48.457 0.6000000238
28424  -26.718  -46.598  -47.716 0.6000000238
29456  -25.625  -44.848  -47.551 0.5000000000
29461  -25.980  -45.819  -48.047 0.5000000000
111653  -22.686  -44.565  -48.636 0.6000000238
29466  -23.013  -45.152  -49.163 0.6000000238
117115  -22.587  -43.936  -49.205 0.6000000238
108149  -23.768  -43.768  -49.395 0.6000000238
27326  -28.162  -47.559  -45.163 0.6000000238
28408  -28.538  -46.445  -45.488 0.6000000238
28421  -28.282  -46.208  -46.121 0.6000000238
112202  -27.552  -45.817  -46.804 0.6000000238
30458  -27.327  -44.795  -46.652 0.6000000238
29457  -26.735  -45.243  -47.298 0.6000000238
30456  -25.236  -44.038  -47.166 0.6000000238
29460  -24.210  -45.092  -48.319 0.6000000238
29455  -24.446  -44.406  -47.589 0.6999999881
30463  -23.303  -44.291  -47.990 0.6000000238
31421  -22.817  -43.843  -48.479 0.6000000238
31434  -25.173  -43.587  -49.473 0.5000000000
26275  -27.890  -48.129  -44.338 0.6000000238
115827  -28.506  -46.923  -45.133 0.6000000238
29451  -28.592  -45.758  -45.478 0.6000000238
29450  -28.108  -45.300  -46.113 0.6000000238
30451  -27.847  -44.362  -45.954 0.6000000238
31417  -27.045  -43.854  -46.491 0.6000000238
31416  -26.014  -43.514  -46.781 0.6000000238
30457  -26.411  -44.354  -47.025 0.6000000238
30470  -22.451  -43.868  -48.941 0.6000000238
31433  -23.474  -43.439  -49.022 0.6000000238
31435  -26.550  -43.575  -49.477 0.4000000060
27293  -28.522  -46.943  -43.405 0.6000000238
27316  -28.459  -47.210  -44.345 0.6000000238
29438  -28.840  -45.396  -44.707 0.6000000238
31411  -27.607  -43.424  -45.826 0.5000000000
31410  -26.636  -42.883  -46.286 0.6000000238
32437  -25.602  -42.755  -46.676 0.6999999881
109771  -24.120  -43.156  -47.545 0.6000000238
30455  -24.118  -43.847  -47.494 0.6000000238
31422  -23.441  -43.406  -48.142 0.6000000238
32450  -23.730  -42.933  -48.369 0.6000000238
32451  -25.466  -42.321  -48.731 0.6000000238
32463  -24.615  -42.993  -49.181 0.6000000238
32464  -25.921  -42.877  -49.247 0.4000000060
28373  -28.783  -45.978  -43.802 0.6000000238
30438  -28.790  -44.465  -44.678 0.6000000238
30452  -28.488  -44.862  -45.401 0.5000000000
32431  -28.190  -42.986  -45.248 0.5000000000
31412  -28.320  -43.937  -45.307 0.5000000000
33454  -26.472  -42.076  -45.884 0.6000000238
32428  -25.173  -41.960  -46.706 0.6999999881
31415  -24.956  -43.325  -47.084 0.6999999881
104744  -24.481  -40.859  -46.987 0.6000000238
32435  -24.637  -42.267  -47.323 0.6000000238
33467  -24.692  -41.839  -47.399 0.6000000238
32441  -24.102  -42.649  -47.829 0.6000000238
33478  -24.449  -42.171  -48.068 0.6000000238
33479  -25.083  -41.714  -48.069 0.6000000238
32452  -26.652  -42.307  -48.769 0.5000000000
28351  -28.621  -46.200  -42.769 0.6000000238
29424  -29.007  -44.963  -43.930 0.6000000238
31404  -28.700  -43.549  -44.618 0.6000000238
32424  -27.932  -42.050  -45.154 0.5000000000
32430  -27.338  -42.511  -45.654 0.6000000238
33455  -27.055  -41.682  -45.491 0.5000000000
118074  -26.262  -41.476  -45.702 0.5000000000
34525  -24.903  -40.299  -45.802 0.5000000000
115245  -25.707  -41.620  -46.102 0.6000000238
35561  -24.282  -39.357  -45.706 0.5000000000
33453  -25.002  -41.026  -46.343 0.5000000000
35567  -24.116  -39.401  -46.178 0.4000000060
33459  -24.623  -41.322  -46.923 0.6999999881
102703  -24.451  -40.070  -46.645 0.5000000000
35576  -24.714  -39.907  -47.014 0.5000000000
34539  -24.570  -40.642  -47.113 0.6000000238
35577  -25.693  -39.657  -47.257 0.5000000000
33481  -27.285  -41.700  -48.366 0.5000000000
34540  -25.334  -40.391  -47.425 0.6000000238
34551  -25.865  -40.992  -47.794 0.6000000238
33480  -26.222  -41.642  -48.328 0.6000000238
29410  -28.876  -45.351  -43.014 0.5000000000
30422  -29.120  -44.086  -44.002 0.5000000000
32425  -28.646  -42.537  -44.489 0.5000000000
33448  -26.593  -40.944  -45.440 0.4000000060
33447  -25.611  -40.985  -45.754 0.5000000000
35556  -25.221  -39.580  -45.286 0.5000000000
36546  -23.632  -38.095  -45.660 0.4000000060
36547  -23.838  -38.647  -45.710 0.4000000060
111167  -23.880  -38.732  -46.124 0.4000000060
35575  -24.352  -39.385  -46.444 0.5000000000
36555  -24.534  -38.579  -46.446 0.5000000000
36565  -25.111  -39.157  -46.826 0.5000000000
34542  -27.582  -40.399  -47.657 0.5000000000
34552  -26.925  -41.003  -47.963 0.5000000000
34519  -25.913  -40.282  -45.404 0.4000000060
36541  -24.654  -38.847  -45.070 0.5000000000
36540  -23.894  -38.475  -45.259 0.5000000000
109040  -23.960  -38.010  -46.127 0.4000000060
36556  -25.677  -38.367  -46.615 0.5000000000
35578  -27.393  -39.640  -47.365 0.5000000000
34543  -28.294  -40.630  -47.657 0.3000000119
37503  -25.032  -37.656  -46.264 0.5000000000
36566  -26.180  -38.959  -46.996 0.5000000000
34541  -26.517  -40.202  -47.572 0.5000000000
36533  -24.173  -38.303  -44.832 0.4000000060
36539  -23.485  -37.979  -45.229 0.4000000060
37478  -23.524  -37.893  -44.914 0.4000000060
38400  -23.346  -36.985  -45.365 0.4000000060
37493  -23.269  -37.494  -45.190 0.4000000060
105842  -24.917  -36.931  -45.839 0.4000000060
38388  -24.051  -36.521  -45.616 0.4000000060
35568  -27.946  -39.077  -47.070 0.4000000060
35579  -28.285  -39.903  -47.324 0.4000000060
37504  -26.324  -37.640  -46.346 0.5000000000
36557  -26.763  -38.317  -46.686 0.5000000000
36567  -27.142  -38.941  -47.064 0.5000000000
39229  -24.151  -35.727  -45.455 0.4000000060
38389  -25.204  -36.300  -45.701 0.4000000060
36559  -28.298  -38.600  -46.623 0.4000000060
36558  -27.629  -38.404  -46.709 0.5000000000
38401  -25.861  -36.943  -45.967 0.5000000000
37505  -27.309  -37.728  -46.364 0.5000000000
40080  -24.616  -35.004  -45.093 0.4000000060
37506  -27.999  -37.874  -46.385 0.4000000060
36548  -28.570  -38.177  -46.044 0.3000000119
111043  -26.302  -36.269  -45.708 0.5000000000
37494  -26.980  -36.962  -45.975 0.5000000000
37495  -27.718  -37.308  -46.090 0.3000000119
37496  -28.238  -37.405  -45.890 0.3000000119
39230  -25.555  -35.609  -45.479 0.4000000060
39231  -26.689  -35.638  -45.418 0.4000000060
38390  -27.126  -36.260  -45.634 0.5000000000
40067  -25.309  -34.306  -44.698 0.4000000060
38391  -28.219  -36.173  -45.316 0.3000000119
38392  -28.601  -36.841  -45.298 0.3000000119
40081  -26.044  -34.975  -45.111 0.4000000060
39232  -27.627  -35.776  -45.349 0.4000000060
41002  -26.034  -33.576  -44.362 0.5000000000
39233  -28.263  -35.656  -45.057 0.3000000119
116127  -28.957  -36.115  -44.781 0.4000000060
39220  -29.701  -35.515  -44.389 0.4000000060
112507  -29.900  -36.223  -44.460 0.4000000060
40068  -26.603  -34.332  -44.726 0.4000000060
39218  -27.967  -35.096  -44.930 0.5000000000
40082  -27.128  -35.049  -45.035 0.5000000000
40069  -27.581  -34.412  -44.663 0.5000000000
40070  -28.461  -34.541  -44.426 0.4000000060
40071  -29.409  -34.722  -44.208 0.4000000060
100412  -30.315  -34.888  -44.278 0.3000000119
41003  -27.158  -33.681  -44.350 0.5000000000
40992  -29.555  -33.371  -43.817 0.4000000060
41936  -30.027  -32.665  -43.903 0.3000000119
41932  -26.372  -32.278  -43.489 0.5000000000
40991  -28.640  -33.271  -43.726 0.4000000060
40052  -29.023  -34.012  -43.869 0.4000000060
40053  -29.923  -34.110  -44.020 0.4000000060
40072  -30.768  -34.151  -44.347 0.3000000119
40989  -26.722  -32.995  -43.879 0.5000000000
41004  -28.082  -33.813  -44.219 0.5000000000
41935  -29.212  -32.639  -43.647 0.4000000060
42967  -26.554  -30.948  -42.856 0.5000000000
40993  -30.323  -33.421  -44.113 0.3000000119
42976  -27.025  -31.661  -43.193 0.5000000000
41933  -27.397  -32.401  -43.526 0.5000000000
41934  -28.326  -32.524  -43.575 0.5000000000
40990  -27.714  -33.134  -43.823 0.5000000000
42979  -29.942  -31.181  -43.757 0.4000000060
43917  -28.517  -30.738  -43.378 0.5000000000
42985  -30.457  -31.819  -44.208 0.3000000119
43916  -27.572  -30.881  -43.189 0.5000000000
108771  -24.376  -42.591  -48.576 0.6000000238
32429  -25.932  -42.244  -46.329 0.6999999881
32436  -24.958  -42.754  -46.976 0.6999999881
34550  -24.737  -41.442  -47.453 0.6000000238
34531  -24.541  -40.232  -46.462 0.4000000060
108869  -26.614  -39.456  -47.293 0.5000000000
113559  -23.647  -37.588  -45.631 0.4000000060
37486  -23.075  -37.349  -44.972 0.4000000060
106259  -27.811  -36.651  -45.718 0.4000000060
39219  -28.773  -35.269  -44.617 0.4000000060
42977  -28.146  -31.638  -43.435 0.5000000000
24209  -21.480  -50.725  -48.972 0.5000000000
102599  -20.779  -49.571  -50.846 0.5000000000
24217  -21.348  -50.539  -50.042 0.5000000000
25262  -23.774  -49.463  -51.832 0.5000000000
25261  -21.341  -49.684  -51.693 0.5000000000
25251  -20.589  -49.514  -51.363 0.4000000060
115704  -22.228  -50.467  -49.388 0.5000000000
25247  -22.172  -50.038  -50.286 0.6000000238
104687  -22.706  -49.538  -51.636 0.5000000000
25252  -21.848  -49.396  -51.228 0.5000000000
25263  -24.661  -49.478  -51.676 0.4000000060
99661  -22.996  -50.770  -46.804 0.6999999881
25232  -23.272  -50.491  -47.704 0.6999999881
24210  -22.596  -50.537  -48.454 0.6999999881
25248  -22.907  -49.326  -50.652 0.5000000000
100000  -23.021  -50.050  -49.490 0.6999999881
26314  -24.116  -48.709  -51.275 0.5000000000
25253  -22.960  -49.171  -51.162 0.5000000000
116465  -25.016  -48.594  -51.199 0.5000000000
23185  -22.936  -51.277  -45.274 0.5000000000
24188  -23.472  -50.902  -46.059 0.6999999881
23197  -22.594  -51.177  -46.056 0.6999999881
24199  -23.971  -50.401  -47.007 0.6999999881
119207  -23.384  -50.218  -48.534 0.6000000238
111745  -23.451  -49.180  -49.976 0.6999999881
25241  -23.758  -49.587  -49.084 0.6000000238
26310  -23.477  -48.929  -51.242 0.5000000000
26311  -24.043  -48.311  -50.759 0.6000000238
26307  -23.523  -48.648  -50.713 0.6000000238
107619  -25.367  -47.799  -51.097 0.5000000000
24176  -23.979  -51.080  -45.161 0.5000000000
100415  -24.053  -50.074  -48.159 0.6999999881
25233  -24.856  -49.943  -47.744 0.6999999881
25242  -24.610  -49.249  -48.756 0.6999999881
26308  -24.112  -48.144  -50.398 0.6000000238
26304  -23.889  -48.745  -49.751 0.6999999881
27356  -24.520  -47.811  -50.694 0.6000000238
27351  -25.777  -47.164  -51.036 0.6000000238
23173  -23.168  -51.312  -44.369 0.5000000000
24169  -24.800  -50.871  -44.720 0.6000000238
24177  -24.773  -50.773  -45.457 0.6000000238
102168  -24.388  -50.671  -46.081 0.6000000238
24200  -25.029  -50.397  -46.832 0.6999999881
115771  -25.312  -49.260  -48.080 0.6999999881
25234  -25.667  -49.680  -47.297 0.6000000238
28434  -24.301  -46.927  -50.419 0.6999999881
28442  -25.101  -47.188  -50.848 0.6999999881
24168  -24.097  -51.139  -44.098 0.5000000000
24178  -25.378  -50.526  -45.275 0.6000000238
24189  -25.212  -50.532  -46.034 0.6000000238
25225  -25.634  -50.198  -46.549 0.6000000238
26298  -25.354  -48.558  -48.797 0.5000000000
26299  -25.862  -48.758  -47.898 0.6000000238
26305  -24.517  -48.365  -49.638 0.6999999881
28428  -24.058  -46.839  -49.849 0.6999999881
29478  -23.933  -46.189  -50.345 0.6999999881
28431  -23.854  -46.536  -50.167 0.6999999881
28436  -26.249  -46.465  -50.739 0.5000000000
120566  -25.540  -46.177  -50.583 0.6999999881
29480  -25.971  -45.778  -50.391 0.5000000000
24157  -24.867  -50.774  -43.833 0.5000000000
24170  -25.468  -50.451  -44.442 0.5000000000
25209  -26.014  -50.079  -45.055 0.6000000238
25220  -26.518  -49.649  -45.739 0.6000000238
25219  -25.871  -50.196  -45.887 0.6000000238
26292  -26.928  -49.075  -46.462 0.6000000238
25226  -26.227  -49.695  -46.571 0.6000000238
28429  -25.156  -47.174  -49.174 0.6000000238
27340  -25.907  -47.830  -48.551 0.5000000000
25235  -26.426  -48.989  -47.209 0.5000000000
107387  -23.503  -45.843  -49.786 0.6000000238
117860  -23.492  -45.790  -50.033 0.6000000238
29471  -25.277  -45.199  -50.069 0.5000000000
24158  -25.484  -50.298  -43.581 0.5000000000
25200  -26.080  -49.928  -44.171 0.6000000238
26283  -27.177  -49.044  -45.561 0.6000000238
27341  -26.592  -47.482  -47.790 0.5000000000
115302  -24.481  -46.197  -49.051 0.4000000060
29470  -23.714  -45.359  -50.121 0.6000000238
115855  -24.919  -50.554  -43.102 0.5000000000
26274  -27.283  -48.876  -44.619 0.6000000238
25210  -26.645  -49.501  -44.826 0.6000000238
24142  -24.474  -50.342  -42.441 0.5000000000
104190  -25.989  -49.737  -43.298 0.5000000000
25201  -26.740  -49.303  -43.828 0.6000000238
24130  -23.956  -50.061  -41.739 0.5000000000
24143  -25.282  -49.989  -42.705 0.5000000000
26249  -26.386  -49.179  -42.898 0.6000000238
25174  -23.506  -49.714  -41.153 0.5000000000
25175  -24.657  -49.633  -41.904 0.5000000000
25176  -25.306  -49.384  -42.220 0.5000000000
26264  -27.053  -48.718  -43.198 0.6000000238
115046  -27.361  -48.689  -43.878 0.6000000238
106705  -24.042  -49.502  -41.393 0.5000000000
26248  -25.781  -48.841  -42.195 0.5000000000
25164  -23.759  -49.087  -40.849 0.5000000000
27306  -28.195  -47.668  -43.670 0.5000000000
109506  -25.041  -48.947  -41.705 0.5000000000
118488  -26.581  -48.506  -42.500 0.5000000000
26218  -23.221  -48.624  -40.349 0.5000000000
26230  -24.724  -48.459  -41.254 0.5000000000
115813  -26.779  -47.928  -42.194 0.5000000000
27292  -28.019  -47.615  -42.942 0.4000000060
26219  -24.101  -48.291  -40.670 0.5000000000
26231  -25.371  -48.300  -41.557 0.5000000000
27274  -27.378  -47.369  -42.164 0.4000000060
26250  -27.301  -48.097  -42.730 0.4000000060
27272  -25.698  -47.544  -41.432 0.4000000060
27273  -26.511  -47.519  -41.715 0.4000000060
28328  -28.316  -46.208  -42.062 0.4000000060
29472  -26.631  -45.197  -49.923 0.4000000060
112973  -26.400  -48.247  -47.700 0.6000000238
28350  -28.202  -46.869  -42.488 0.4000000060
27350  -24.282  -47.462  -50.357 0.6999999881
27345  -24.991  -47.795  -49.449 0.6999999881
27347  -24.144  -47.499  -50.096 0.6999999881
29479  -24.795  -45.910  -50.449 0.6000000238
25165  -24.380  -48.986  -41.282 0.5000000000
25186  -25.760  -49.450  -42.649 0.5000000000
26232  -26.140  -48.141  -41.863 0.5000000000
26265  -27.675  -48.194  -43.446 0.5000000000
26300  -27.071  -48.224  -47.105 0.6000000238
28394  -28.698  -46.344  -44.731 0.6000000238
28435  -25.021  -46.583  -50.664 0.6999999881
29462  -26.930  -45.946  -47.443 0.6000000238
30462  -23.282  -43.904  -47.947 0.6000000238
30466  -22.563  -44.106  -48.601 0.6000000238
30467  -22.332  -44.378  -49.147 0.6000000238
31425  -23.149  -43.575  -48.578 0.6000000238
37502  -24.109  -37.296  -45.836 0.4000000060
105406  -29.632  -31.941  -43.734 0.4000000060
111066  -24.845  -47.828  -41.074 0.4000000060
115650  -25.051  -41.034  -47.524 0.6000000238
117945  -28.641  -46.624  -44.065 0.6000000238
