#!ascii label  , from subject sub-v1s10x0050987_ses-1 vox2ras=TkReg
1530
106851  21.741  -43.832  25.948 0.0000000000
48960  54.732  -19.865  3.641 0.0000000000
29734  40.069  -39.221  17.736 0.0000000000
105398  49.097  -36.000  20.619 0.0000000000
27953  32.263  -41.117  17.935 0.0000000000
26887  30.523  -43.057  27.678 0.0000000000
58207  60.529  -9.081  -2.348 0.0000000000
52580  62.838  -15.002  7.262 0.0000000000
41103  48.270  -26.466  11.743 0.0000000000
64589  60.769  -1.092  -7.104 0.0000000000
25971  39.355  -42.972  23.847 0.0000000000
27823  26.064  -41.551  27.199 0.0000000000
55258  61.453  -12.522  2.301 0.0000000000
53492  57.267  -14.358  0.596 0.0000000000
110879  54.978  -21.789  8.424 0.0000000000
46988  59.919  -21.525  8.476 0.0000000000
46065  50.453  -22.599  8.625 0.0000000000
36332  44.084  -32.840  15.324 0.0000000000
109688  44.288  -37.770  18.936 0.0000000000
104304  35.715  -44.330  24.038 0.0000000000
22724  34.236  -46.433  28.885 0.0000000000
121909  31.433  -43.430  23.134 0.0000000000
27890  26.756  -41.230  21.605 0.0000000000
28824  36.397  -40.506  17.308 0.0000000000
59073  64.143  -8.409  -1.639 0.0000000000
56174  67.527  -10.980  3.854 0.0000000000
110885  59.218  -17.828  5.214 0.0000000000
101686  50.140  -22.768  14.372 0.0000000000
37352  49.183  -31.281  16.511 0.0000000000
62135  60.355  -4.933  -3.635 0.0000000000
62912  65.214  -2.746  -3.157 0.0000000000
63755  68.057  -1.529  -6.263 0.0000000000
25928  38.453  -42.833  27.379 0.0000000000
26908  23.915  -42.588  26.821 0.0000000000
27780  25.661  -41.494  30.698 0.0000000000
26867  23.764  -42.487  29.880 0.0000000000
55297  56.785  -12.820  -1.035 0.0000000000
112836  55.256  -22.612  11.280 0.0000000000
46014  57.945  -22.429  11.482 0.0000000000
22717  16.964  -46.036  29.350 0.0000000000
47040  49.723  -21.838  5.194 0.0000000000
32690  40.136  -36.688  15.828 0.0000000000
33610  42.172  -35.605  16.717 0.0000000000
31744  42.105  -38.119  18.121 0.0000000000
26039  34.302  -42.931  20.858 0.0000000000
24965  33.591  -44.009  23.025 0.0000000000
27028  31.813  -42.057  19.844 0.0000000000
114031  34.151  -41.139  17.887 0.0000000000
26037  36.193  -43.033  20.937 0.0000000000
24895  32.287  -44.951  27.795 0.0000000000
118880  62.112  -8.886  -2.191 0.0000000000
58178  66.302  -8.931  0.735 0.0000000000
57158  63.357  -10.313  0.618 0.0000000000
54351  61.959  -13.732  4.453 0.0000000000
55229  64.647  -12.617  5.046 0.0000000000
50758  53.941  -18.046  2.048 0.0000000000
50757  56.270  -17.262  2.688 0.0000000000
48958  56.392  -18.959  3.961 0.0000000000
112145  46.326  -24.295  10.914 0.0000000000
45030  47.731  -22.587  11.181 0.0000000000
43963  48.728  -24.366  13.870 0.0000000000
35371  46.869  -33.974  17.973 0.0000000000
116559  47.338  -32.120  15.395 0.0000000000
35368  48.763  -32.898  19.151 0.0000000000
60664  57.999  -6.208  -2.524 0.0000000000
62159  57.611  -4.238  -4.106 0.0000000000
60662  60.309  -6.335  -2.617 0.0000000000
61386  61.448  -5.359  -2.766 0.0000000000
63793  65.398  -1.965  -9.497 0.0000000000
62975  64.263  -3.279  -8.137 0.0000000000
62934  66.243  -3.052  -4.808 0.0000000000
62188  62.529  -4.548  -6.530 0.0000000000
27903  39.495  -41.530  20.375 0.0000000000
28788  41.686  -40.285  20.270 0.0000000000
26944  41.177  -41.667  24.110 0.0000000000
104044  28.423  -41.736  27.653 0.0000000000
26860  30.502  -42.900  31.317 0.0000000000
27777  28.403  -41.703  30.371 0.0000000000
117499  58.229  -9.598  -2.086 0.0000000000
56221  61.376  -11.060  0.064 0.0000000000
55295  59.089  -12.029  -0.553 0.0000000000
54388  59.550  -13.361  1.559 0.0000000000
103793  60.543  -14.750  4.344 0.0000000000
47035  54.863  -21.133  5.984 0.0000000000
104571  57.038  -20.744  6.332 0.0000000000
46990  57.579  -21.803  8.503 0.0000000000
40208  47.230  -28.628  10.804 0.0000000000
34460  49.981  -34.144  22.015 0.0000000000
106576  19.719  -44.816  26.083 0.0000000000
24872  21.932  -43.954  29.883 0.0000000000
24875  19.858  -44.905  29.284 0.0000000000
48032  51.758  -20.669  3.438 0.0000000000
107292  51.921  -21.501  5.823 0.0000000000
46063  52.726  -22.229  8.424 0.0000000000
45025  53.337  -22.904  11.076 0.0000000000
35435  41.650  -33.119  15.217 0.0000000000
34527  44.294  -34.703  17.330 0.0000000000
31728  46.730  -37.186  19.764 0.0000000000
28773  43.802  -39.772  20.736 0.0000000000
29678  45.969  -39.516  21.501 0.0000000000
24894  36.907  -44.404  27.819 0.0000000000
22721  36.283  -46.285  29.795 0.0000000000
121598  34.890  -45.531  25.860 0.0000000000
121625  32.804  -45.093  25.528 0.0000000000
25945  30.707  -43.250  25.416 0.0000000000
108439  29.220  -41.434  20.345 0.0000000000
26986  28.739  -41.680  22.063 0.0000000000
108279  28.470  -41.633  24.955 0.0000000000
115569  26.189  -41.427  23.500 0.0000000000
112103  23.729  -42.415  23.248 0.0000000000
26001  22.134  -43.015  22.890 0.0000000000
107845  38.226  -37.542  15.418 0.0000000000
30798  36.630  -38.497  15.325 0.0000000000
28822  38.126  -40.426  17.807 0.0000000000
27000  38.281  -42.318  20.654 0.0000000000
24961  37.301  -43.814  23.868 0.0000000000
56173  68.675  -11.128  3.393 0.0000000000
56177  63.640  -11.529  2.548 0.0000000000
52661  55.358  -15.442  0.821 0.0000000000
51702  57.985  -16.203  3.058 0.0000000000
51654  61.101  -16.235  6.272 0.0000000000
48002  59.562  -19.936  6.827 0.0000000000
49828  61.290  -18.303  7.281 0.0000000000
103999  47.892  -22.620  8.566 0.0000000000
45028  50.017  -22.723  11.096 0.0000000000
44971  53.552  -23.454  14.755 0.0000000000
38360  47.475  -30.873  13.564 0.0000000000
40168  49.328  -28.507  13.754 0.0000000000
37317  50.921  -31.271  20.410 0.0000000000
39262  51.335  -29.437  17.708 0.0000000000
41071  51.168  -26.898  15.506 0.0000000000
42854  50.958  -24.575  17.148 0.0000000000
44916  52.772  -22.814  18.317 0.0000000000
62948  59.628  -3.231  -6.478 0.0000000000
62154  61.711  -4.578  -3.839 0.0000000000
110987  64.809  -5.230  -1.535 0.0000000000
24891  39.335  -43.494  28.551 0.0000000000
119855  22.869  -43.302  26.221 0.0000000000
105408  23.871  -42.512  28.344 0.0000000000
110318  22.777  -43.386  27.842 0.0000000000
44998  56.153  -23.210  12.818 0.0000000000
44997  56.964  -22.995  12.802 0.0000000000
22740  15.469  -46.917  27.270 0.0000000000
31756  39.979  -38.200  16.917 0.0000000000
31755  40.817  -37.798  17.159 0.0000000000
30764  40.823  -38.983  18.024 0.0000000000
27924  33.090  -41.814  19.132 0.0000000000
27005  33.126  -42.564  20.336 0.0000000000
27925  32.237  -41.724  19.163 0.0000000000
29752  33.475  -39.870  16.134 0.0000000000
27952  33.141  -41.138  17.920 0.0000000000
27025  34.363  -42.272  19.673 0.0000000000
25908  31.480  -43.938  28.054 0.0000000000
25904  31.402  -43.748  28.999 0.0000000000
58206  61.236  -9.355  -2.158 0.0000000000
58188  62.829  -9.703  -0.743 0.0000000000
57183  62.058  -9.917  -1.118 0.0000000000
53439  62.438  -14.356  5.965 0.0000000000
53438  63.148  -14.082  6.217 0.0000000000
49886  53.691  -18.828  2.358 0.0000000000
49884  55.285  -18.198  2.758 0.0000000000
48959  55.640  -19.393  3.775 0.0000000000
109818  47.429  -26.745  10.641 0.0000000000
41985  47.644  -25.908  11.182 0.0000000000
43982  47.761  -24.247  12.558 0.0000000000
42903  49.023  -25.864  13.282 0.0000000000
34491  47.815  -34.881  18.913 0.0000000000
35370  47.528  -33.559  18.124 0.0000000000
34489  48.812  -34.099  19.759 0.0000000000
59087  59.033  -8.262  -2.418 0.0000000000
59918  58.659  -6.729  -2.505 0.0000000000
59086  60.101  -8.188  -2.453 0.0000000000
106085  60.808  -7.679  -2.507 0.0000000000
63782  63.007  -2.222  -8.257 0.0000000000
63768  62.460  -2.789  -7.776 0.0000000000
62961  63.782  -3.919  -7.509 0.0000000000
62963  61.856  -3.304  -7.337 0.0000000000
26979  39.290  -42.369  21.598 0.0000000000
26978  40.055  -42.037  21.849 0.0000000000
111380  39.984  -42.565  24.000 0.0000000000
111523  27.339  -41.414  26.958 0.0000000000
122008  28.567  -41.813  29.018 0.0000000000
104756  27.081  -41.492  29.109 0.0000000000
27774  25.598  -41.470  31.724 0.0000000000
102379  27.126  -41.408  32.254 0.0000000000
112320  57.105  -10.123  -1.717 0.0000000000
57184  59.125  -10.919  -1.567 0.0000000000
57186  57.300  -10.742  -1.605 0.0000000000
54400  57.663  -13.622  0.193 0.0000000000
54399  58.470  -13.320  0.467 0.0000000000
54389  58.863  -13.664  1.191 0.0000000000
53467  60.146  -13.959  3.005 0.0000000000
52633  58.794  -14.599  2.296 0.0000000000
47005  55.099  -21.595  7.635 0.0000000000
113529  56.380  -21.549  7.639 0.0000000000
46978  56.848  -21.912  9.209 0.0000000000
59075  57.200  -8.730  -2.176 0.0000000000
24905  19.900  -44.826  27.379 0.0000000000
23808  19.106  -45.213  27.572 0.0000000000
48052  50.804  -20.748  3.230 0.0000000000
47062  51.819  -21.078  4.378 0.0000000000
47085  51.007  -21.089  4.051 0.0000000000
46099  50.276  -22.216  6.807 0.0000000000
46098  51.092  -22.053  6.913 0.0000000000
113736  51.798  -22.362  8.297 0.0000000000
46049  52.857  -22.482  9.338 0.0000000000
108058  52.194  -22.744  9.882 0.0000000000
120825  40.473  -33.303  14.755 0.0000000000
32663  43.284  -37.012  17.928 0.0000000000
118241  43.052  -35.124  17.054 0.0000000000
32677  44.031  -36.255  17.882 0.0000000000
33574  45.563  -35.614  18.295 0.0000000000
31729  45.634  -37.274  19.320 0.0000000000
27885  42.148  -40.856  22.078 0.0000000000
28774  43.159  -40.142  20.960 0.0000000000
101966  43.857  -40.258  22.324 0.0000000000
28747  46.142  -39.768  23.132 0.0000000000
30723  47.603  -38.835  21.526 0.0000000000
24925  36.104  -44.583  25.520 0.0000000000
23827  35.958  -45.021  26.223 0.0000000000
24943  35.499  -44.666  24.871 0.0000000000
25976  32.752  -44.017  23.269 0.0000000000
111294  33.116  -44.930  24.904 0.0000000000
24947  32.004  -44.206  24.541 0.0000000000
24928  31.769  -44.252  25.367 0.0000000000
25957  31.125  -43.475  24.190 0.0000000000
28811  29.782  -40.745  18.657 0.0000000000
27907  27.062  -40.953  20.841 0.0000000000
114765  27.563  -40.811  20.468 0.0000000000
101996  27.955  -41.320  22.200 0.0000000000
26948  28.725  -41.802  23.358 0.0000000000
27876  27.663  -41.354  22.973 0.0000000000
27862  27.451  -41.325  23.773 0.0000000000
27877  26.817  -41.341  23.090 0.0000000000
26952  22.928  -42.712  23.038 0.0000000000
32710  38.318  -36.452  14.495 0.0000000000
32711  37.639  -36.561  14.183 0.0000000000
29750  35.323  -39.726  16.134 0.0000000000
29749  36.485  -39.631  16.339 0.0000000000
29748  37.338  -39.674  16.681 0.0000000000
28823  37.258  -40.390  17.402 0.0000000000
27922  38.401  -41.476  19.331 0.0000000000
27923  37.036  -41.802  19.034 0.0000000000
25995  35.810  -43.571  22.335 0.0000000000
25994  36.750  -43.562  22.463 0.0000000000
24962  36.608  -44.072  23.894 0.0000000000
104472  36.797  -44.096  25.474 0.0000000000
22733  35.211  -46.467  28.410 0.0000000000
24850  21.269  -43.954  31.708 0.0000000000
25895  22.416  -43.283  31.414 0.0000000000
59057  67.079  -7.722  0.250 0.0000000000
101267  66.758  -9.978  2.102 0.0000000000
57140  68.199  -9.891  2.438 0.0000000000
57109  68.422  -10.822  3.490 0.0000000000
55226  68.159  -11.901  4.827 0.0000000000
55268  61.372  -11.779  1.138 0.0000000000
56190  62.617  -11.417  1.625 0.0000000000
55256  62.963  -12.063  2.792 0.0000000000
108268  65.912  -12.302  5.242 0.0000000000
50739  57.614  -17.652  3.863 0.0000000000
51703  57.262  -16.711  2.964 0.0000000000
50738  58.372  -17.251  4.059 0.0000000000
51689  59.932  -16.056  4.812 0.0000000000
50724  59.559  -17.057  4.974 0.0000000000
47001  58.854  -21.288  7.721 0.0000000000
48003  58.695  -20.153  6.496 0.0000000000
47994  59.968  -20.452  7.448 0.0000000000
46068  46.226  -22.515  8.489 0.0000000000
45003  48.870  -22.845  13.081 0.0000000000
45029  48.959  -22.599  11.064 0.0000000000
103804  50.548  -22.821  12.711 0.0000000000
103813  52.160  -23.280  12.392 0.0000000000
115894  51.522  -22.873  14.898 0.0000000000
36350  43.671  -32.393  14.038 0.0000000000
36349  45.055  -32.106  13.880 0.0000000000
37353  48.590  -31.657  16.100 0.0000000000
37373  47.508  -31.375  14.322 0.0000000000
38354  48.505  -30.737  14.621 0.0000000000
39300  48.525  -29.697  13.528 0.0000000000
39282  49.542  -30.021  15.333 0.0000000000
36278  50.567  -32.496  21.613 0.0000000000
40114  52.438  -27.943  18.043 0.0000000000
113604  51.649  -28.003  16.666 0.0000000000
41058  51.960  -26.726  16.963 0.0000000000
117215  51.056  -26.002  15.752 0.0000000000
42845  52.035  -25.590  18.056 0.0000000000
104794  58.573  -4.533  -3.993 0.0000000000
62173  59.571  -4.209  -5.494 0.0000000000
62171  61.441  -4.834  -5.047 0.0000000000
62155  60.845  -4.817  -4.253 0.0000000000
59914  62.770  -7.389  -2.505 0.0000000000
61384  63.523  -5.379  -2.141 0.0000000000
59913  64.111  -7.270  -2.362 0.0000000000
59912  65.377  -6.587  -1.530 0.0000000000
63779  65.941  -2.657  -8.879 0.0000000000
62151  65.156  -3.643  -4.635 0.0000000000
62910  66.913  -3.008  -2.438 0.0000000000
62130  66.182  -2.965  -2.088 0.0000000000
25942  38.359  -43.185  25.502 0.0000000000
26918  39.674  -42.257  26.204 0.0000000000
120638  39.012  -42.567  27.510 0.0000000000
26907  24.669  -42.171  26.273 0.0000000000
27803  25.821  -41.607  28.901 0.0000000000
26875  25.147  -41.794  28.358 0.0000000000
27791  24.978  -41.716  30.111 0.0000000000
27775  24.866  -41.604  32.119 0.0000000000
55298  55.847  -12.944  -1.115 0.0000000000
53505  56.083  -14.171  -0.194 0.0000000000
46047  55.370  -22.074  9.669 0.0000000000
46046  56.279  -22.031  9.898 0.0000000000
46015  57.012  -22.454  11.414 0.0000000000
45991  58.295  -22.714  13.290 0.0000000000
108015  17.694  -45.883  27.201 0.0000000000
108795  17.104  -46.218  27.606 0.0000000000
22729  16.328  -46.549  28.972 0.0000000000
47064  49.374  -21.558  4.273 0.0000000000
46100  49.346  -22.414  6.739 0.0000000000
34560  40.567  -34.607  15.256 0.0000000000
33612  41.094  -35.644  15.893 0.0000000000
32679  42.035  -36.970  17.279 0.0000000000
31743  42.848  -37.705  18.201 0.0000000000
25996  34.904  -43.573  22.233 0.0000000000
24944  34.628  -44.611  24.314 0.0000000000
25997  33.905  -43.609  22.239 0.0000000000
102550  33.022  -43.433  21.972 0.0000000000
26022  31.539  -42.982  21.820 0.0000000000
27891  25.813  -41.415  21.679 0.0000000000
27910  24.781  -41.175  20.377 0.0000000000
29751  34.733  -39.856  16.187 0.0000000000
27951  35.156  -41.081  17.851 0.0000000000
27034  36.204  -41.870  18.976 0.0000000000
27035  35.403  -41.911  19.032 0.0000000000
26038  35.224  -42.971  20.864 0.0000000000
23804  33.053  -45.858  28.033 0.0000000000
58185  65.608  -8.626  0.001 0.0000000000
58186  64.481  -9.192  -0.175 0.0000000000
57157  64.503  -10.089  1.119 0.0000000000
105483  64.869  -10.376  1.701 0.0000000000
54364  61.635  -13.300  3.567 0.0000000000
55244  63.172  -12.508  3.644 0.0000000000
54350  62.755  -13.492  4.830 0.0000000000
54326  64.703  -13.538  6.842 0.0000000000
51714  54.648  -16.542  1.534 0.0000000000
106930  54.744  -17.762  2.247 0.0000000000
49873  56.491  -18.228  3.529 0.0000000000
49858  58.059  -18.056  4.453 0.0000000000
46987  60.730  -21.384  8.732 0.0000000000
43996  45.582  -23.192  10.403 0.0000000000
46037  46.610  -22.614  10.198 0.0000000000
43984  46.778  -23.138  11.510 0.0000000000
45004  48.298  -23.333  13.154 0.0000000000
44975  49.374  -23.208  14.450 0.0000000000
35399  45.176  -33.347  16.557 0.0000000000
36331  45.501  -32.666  15.483 0.0000000000
36312  46.937  -32.854  17.013 0.0000000000
36311  48.169  -32.437  17.512 0.0000000000
36310  48.941  -32.029  17.870 0.0000000000
61390  57.464  -5.762  -2.604 0.0000000000
62138  57.041  -4.519  -3.429 0.0000000000
61389  58.087  -5.439  -2.721 0.0000000000
121753  58.690  -5.198  -2.885 0.0000000000
61401  59.828  -5.142  -3.207 0.0000000000
61400  60.815  -5.182  -3.050 0.0000000000
107722  60.869  -5.889  -2.678 0.0000000000
64596  63.506  -1.608  -8.687 0.0000000000
63780  64.778  -2.654  -8.746 0.0000000000
62959  65.764  -3.602  -7.462 0.0000000000
118710  67.647  -1.926  -5.669 0.0000000000
62198  65.284  -4.384  -6.999 0.0000000000
62186  64.735  -4.598  -6.360 0.0000000000
62169  64.197  -4.603  -5.626 0.0000000000
28805  39.768  -40.365  18.720 0.0000000000
29706  41.300  -39.947  19.445 0.0000000000
27902  40.301  -41.222  20.612 0.0000000000
27873  41.575  -41.257  22.574 0.0000000000
27848  41.931  -41.194  24.613 0.0000000000
26889  29.182  -42.160  27.605 0.0000000000
25905  30.805  -43.190  29.207 0.0000000000
26865  29.276  -42.181  29.318 0.0000000000
26861  29.768  -42.405  31.307 0.0000000000
102378  27.291  -41.444  31.239 0.0000000000
27771  28.596  -41.720  32.197 0.0000000000
121205  58.945  -9.624  -2.168 0.0000000000
57175  60.588  -10.541  -1.298 0.0000000000
105479  59.797  -10.479  -1.714 0.0000000000
56223  59.833  -11.627  -0.447 0.0000000000
55281  60.591  -12.174  0.916 0.0000000000
55312  57.813  -12.058  -1.173 0.0000000000
55270  59.964  -12.762  1.190 0.0000000000
55259  60.795  -12.817  2.160 0.0000000000
54365  60.783  -13.654  3.366 0.0000000000
53455  61.126  -14.085  4.195 0.0000000000
52606  61.244  -15.186  5.611 0.0000000000
48029  54.778  -20.408  4.467 0.0000000000
118058  55.963  -20.114  4.803 0.0000000000
48005  56.185  -20.861  6.093 0.0000000000
47002  58.019  -21.469  7.680 0.0000000000
46989  58.561  -21.708  8.358 0.0000000000
114052  57.900  -22.158  9.962 0.0000000000
46044  58.778  -22.186  9.851 0.0000000000
46043  59.706  -22.139  9.854 0.0000000000
41104  48.105  -27.440  11.535 0.0000000000
33516  49.746  -34.967  21.737 0.0000000000
61392  55.468  -5.363  -2.502 0.0000000000
111019  56.739  -7.122  -2.402 0.0000000000
59088  58.008  -8.235  -2.339 0.0000000000
66265  61.739  0.750  -6.425 0.0000000000
66266  60.988  0.445  -6.121 0.0000000000
24934  21.003  -44.183  25.712 0.0000000000
24902  22.047  -43.919  28.116 0.0000000000
105928  20.595  -44.530  27.024 0.0000000000
24874  20.713  -44.612  29.483 0.0000000000
105555  20.140  -44.595  31.095 0.0000000000
23785  18.451  -45.463  29.370 0.0000000000
49887  52.944  -19.117  2.215 0.0000000000
108378  51.699  -19.712  2.293 0.0000000000
48071  53.002  -20.073  2.937 0.0000000000
48030  53.280  -20.741  4.382 0.0000000000
104507  53.253  -21.359  6.007 0.0000000000
47006  53.796  -21.691  7.374 0.0000000000
47038  51.314  -21.586  5.648 0.0000000000
47007  52.508  -21.790  7.071 0.0000000000
46994  53.617  -21.955  8.159 0.0000000000
46061  54.347  -22.262  9.546 0.0000000000
46017  54.356  -22.752  11.158 0.0000000000
115800  54.532  -23.370  12.863 0.0000000000
119827  43.379  -33.012  15.486 0.0000000000
34559  41.752  -34.187  15.983 0.0000000000
34545  42.580  -34.090  16.366 0.0000000000
35400  44.308  -33.618  16.441 0.0000000000
34526  45.208  -34.388  17.493 0.0000000000
33554  46.739  -35.825  18.939 0.0000000000
32631  47.722  -36.874  19.964 0.0000000000
103960  42.101  -39.353  19.337 0.0000000000
30755  42.835  -38.903  19.268 0.0000000000
29703  44.064  -38.821  19.790 0.0000000000
28761  44.752  -40.045  22.255 0.0000000000
29679  45.063  -39.800  21.443 0.0000000000
30740  45.548  -38.585  20.210 0.0000000000
30739  46.303  -38.406  20.406 0.0000000000
30738  47.766  -38.120  20.847 0.0000000000
31711  48.854  -37.205  20.854 0.0000000000
24878  37.208  -44.691  28.833 0.0000000000
23801  36.462  -45.389  28.266 0.0000000000
23802  35.691  -46.040  27.655 0.0000000000
22744  34.136  -46.287  27.231 0.0000000000
23845  33.913  -45.043  24.977 0.0000000000
23815  33.701  -45.769  26.384 0.0000000000
102664  33.344  -45.884  27.153 0.0000000000
109395  32.704  -45.476  27.175 0.0000000000
24911  31.554  -44.170  26.337 0.0000000000
25930  30.821  -43.390  26.257 0.0000000000
27944  30.482  -41.218  18.881 0.0000000000
27927  30.524  -41.525  19.504 0.0000000000
26984  30.145  -42.236  21.324 0.0000000000
28777  27.826  -40.547  19.937 0.0000000000
26985  29.216  -41.743  21.234 0.0000000000
26964  30.351  -42.688  22.514 0.0000000000
26934  30.477  -43.005  24.182 0.0000000000
105837  30.178  -42.764  24.972 0.0000000000
109235  29.191  -42.200  26.107 0.0000000000
26921  28.539  -41.731  25.761 0.0000000000
119070  27.421  -41.308  25.762 0.0000000000
27838  26.310  -41.389  25.581 0.0000000000
27878  25.854  -41.486  22.751 0.0000000000
26949  25.291  -41.811  24.130 0.0000000000
26922  25.473  -41.721  25.880 0.0000000000
26924  23.616  -42.613  24.866 0.0000000000
25978  22.828  -42.875  24.407 0.0000000000
106633  21.996  -43.514  25.193 0.0000000000
25961  20.905  -43.849  24.121 0.0000000000
24953  20.227  -44.321  24.438 0.0000000000
33638  39.511  -35.711  14.780 0.0000000000
31789  38.779  -36.966  15.200 0.0000000000
121557  39.410  -38.336  16.689 0.0000000000
31777  37.513  -37.888  15.325 0.0000000000
29747  38.347  -39.285  16.843 0.0000000000
29736  38.713  -39.748  17.484 0.0000000000
28790  39.088  -40.928  18.933 0.0000000000
27904  38.732  -41.778  20.144 0.0000000000
26962  38.818  -42.894  22.134 0.0000000000
116063  37.338  -42.781  20.770 0.0000000000
26015  38.092  -43.147  21.935 0.0000000000
25972  38.581  -43.329  23.617 0.0000000000
106490  37.535  -43.646  25.448 0.0000000000
24908  37.343  -43.745  27.278 0.0000000000
25907  22.602  -43.496  29.605 0.0000000000
26858  23.611  -42.221  31.755 0.0000000000
58177  67.729  -8.278  0.790 0.0000000000
57160  62.003  -10.766  0.219 0.0000000000
56188  64.050  -11.105  2.217 0.0000000000
56176  64.586  -11.368  2.854 0.0000000000
101059  63.998  -12.434  4.132 0.0000000000
56165  65.421  -11.597  3.843 0.0000000000
56164  67.060  -11.435  4.381 0.0000000000
53506  55.340  -14.304  -0.242 0.0000000000
53493  56.472  -14.606  0.388 0.0000000000
103940  55.882  -16.329  1.777 0.0000000000
108297  56.814  -15.696  1.737 0.0000000000
52647  57.478  -15.301  1.831 0.0000000000
108457  59.351  -15.689  3.950 0.0000000000
52607  60.612  -15.318  4.953 0.0000000000
51653  61.629  -15.792  6.674 0.0000000000
48923  57.360  -19.701  5.368 0.0000000000
48922  58.161  -19.259  5.494 0.0000000000
49842  59.254  -18.457  5.664 0.0000000000
47993  60.721  -20.240  7.732 0.0000000000
49829  60.545  -18.685  6.831 0.0000000000
109970  60.463  -17.773  6.302 0.0000000000
50707  61.002  -17.072  6.530 0.0000000000
51631  61.983  -16.236  7.299 0.0000000000
46102  47.704  -22.648  6.987 0.0000000000
101735  48.640  -22.666  8.216 0.0000000000
46036  47.593  -22.532  10.130 0.0000000000
46035  48.785  -22.628  9.923 0.0000000000
46051  50.552  -22.700  9.472 0.0000000000
45026  51.716  -23.031  11.117 0.0000000000
44987  53.924  -23.466  13.337 0.0000000000
44970  54.536  -23.705  14.602 0.0000000000
37375  45.986  -31.922  14.069 0.0000000000
39315  47.326  -29.627  11.622 0.0000000000
40183  48.522  -28.596  12.685 0.0000000000
103077  48.748  -27.870  12.684 0.0000000000
35351  49.543  -33.472  20.752 0.0000000000
115565  49.964  -32.050  19.976 0.0000000000
37335  50.138  -31.147  18.683 0.0000000000
38317  51.479  -30.111  19.162 0.0000000000
38326  50.328  -30.430  17.420 0.0000000000
39273  50.612  -29.343  16.287 0.0000000000
110583  50.301  -27.902  14.592 0.0000000000
41956  49.548  -26.573  13.596 0.0000000000
41940  49.944  -26.045  14.348 0.0000000000
100849  49.871  -25.022  15.105 0.0000000000
44957  50.394  -23.429  16.323 0.0000000000
42832  51.730  -24.567  18.674 0.0000000000
43899  51.437  -23.276  18.172 0.0000000000
120880  51.448  -22.719  16.331 0.0000000000
115312  53.177  -23.044  16.318 0.0000000000
106653  60.172  -1.040  -6.581 0.0000000000
63756  60.218  -2.703  -6.867 0.0000000000
62189  61.688  -4.410  -6.408 0.0000000000
113582  62.102  -4.866  -5.809 0.0000000000
62153  63.102  -3.585  -3.487 0.0000000000
61399  61.750  -4.721  -2.954 0.0000000000
105377  62.895  -3.731  -2.812 0.0000000000
106440  63.835  -3.442  -2.314 0.0000000000
61383  65.679  -4.621  -1.032 0.0000000000
24877  37.987  -44.497  28.981 0.0000000000
104263  38.695  -45.018  29.059 0.0000000000
25931  22.334  -43.603  26.461 0.0000000000
25919  23.009  -43.265  26.919 0.0000000000
25920  22.210  -43.749  27.236 0.0000000000
44985  55.804  -23.580  13.590 0.0000000000
44984  56.662  -23.401  13.548 0.0000000000
121440  39.971  -38.712  17.299 0.0000000000
30774  40.477  -38.526  17.477 0.0000000000
27941  32.681  -41.458  18.531 0.0000000000
27027  32.668  -42.174  19.751 0.0000000000
27942  31.836  -41.384  18.533 0.0000000000
111535  33.584  -41.506  18.532 0.0000000000
25909  30.915  -43.383  28.246 0.0000000000
102228  61.835  -9.516  -1.788 0.0000000000
58196  61.275  -10.005  -1.594 0.0000000000
53419  62.913  -14.522  6.678 0.0000000000
48971  54.195  -19.322  2.898 0.0000000000
49875  55.041  -18.997  3.144 0.0000000000
107417  47.815  -26.869  11.139 0.0000000000
42921  48.120  -25.372  12.099 0.0000000000
41974  48.669  -26.047  12.538 0.0000000000
33552  48.259  -35.329  19.452 0.0000000000
34490  48.403  -34.530  19.278 0.0000000000
33551  48.819  -34.833  19.907 0.0000000000
58208  59.585  -9.179  -2.331 0.0000000000
59085  61.235  -8.489  -2.429 0.0000000000
64587  62.241  -1.793  -7.990 0.0000000000
63769  61.639  -2.458  -7.558 0.0000000000
26961  39.541  -42.555  22.367 0.0000000000
26946  39.778  -42.606  23.202 0.0000000000
27822  26.687  -41.433  26.880 0.0000000000
27801  27.363  -41.514  28.475 0.0000000000
27812  26.813  -41.453  27.688 0.0000000000
58201  56.539  -9.781  -1.769 0.0000000000
111368  56.555  -10.484  -1.630 0.0000000000
53491  58.098  -13.981  0.881 0.0000000000
53482  58.483  -14.266  1.596 0.0000000000
46992  55.770  -21.691  8.179 0.0000000000
46979  56.049  -21.849  9.064 0.0000000000
23833  18.898  -45.219  26.038 0.0000000000
48075  49.509  -20.518  2.635 0.0000000000
48053  50.077  -20.822  3.077 0.0000000000
47086  50.173  -21.163  3.746 0.0000000000
46082  50.557  -22.394  7.663 0.0000000000
104075  51.104  -22.439  8.201 0.0000000000
104095  52.039  -22.527  9.063 0.0000000000
46064  51.206  -22.577  8.903 0.0000000000
102563  44.115  -37.102  18.399 0.0000000000
103779  43.247  -36.167  17.573 0.0000000000
32662  44.657  -36.584  18.370 0.0000000000
31730  44.920  -37.710  19.259 0.0000000000
28751  42.888  -40.609  23.351 0.0000000000
101846  42.954  -40.530  22.419 0.0000000000
24942  36.312  -44.309  24.697 0.0000000000
101399  32.012  -43.671  23.155 0.0000000000
118230  32.123  -44.008  23.810 0.0000000000
114806  31.560  -43.638  23.661 0.0000000000
121152  31.637  -43.838  24.195 0.0000000000
27889  27.489  -41.214  21.553 0.0000000000
102948  27.215  -41.297  22.300 0.0000000000
109829  26.520  -41.351  22.294 0.0000000000
28841  35.935  -40.064  16.639 0.0000000000
118416  35.886  -39.579  16.098 0.0000000000
28840  36.681  -40.089  16.849 0.0000000000
28809  36.822  -40.921  17.934 0.0000000000
108037  37.132  -41.315  18.469 0.0000000000
25975  36.066  -43.903  23.173 0.0000000000
22734  34.528  -46.521  28.115 0.0000000000
25887  21.560  -43.543  32.533 0.0000000000
107501  65.468  -7.591  -1.193 0.0000000000
59065  66.320  -7.509  -0.369 0.0000000000
57122  67.087  -10.535  2.862 0.0000000000
56163  68.190  -11.499  4.442 0.0000000000
55267  61.871  -11.940  1.818 0.0000000000
105988  62.132  -12.290  2.521 0.0000000000
50725  58.831  -17.569  4.682 0.0000000000
112630  59.253  -21.548  8.260 0.0000000000
47000  59.605  -21.112  7.841 0.0000000000
46069  45.352  -22.570  8.404 0.0000000000
44990  49.672  -22.791  13.583 0.0000000000
116393  49.676  -22.713  12.714 0.0000000000
44989  50.766  -22.835  13.470 0.0000000000
101550  51.145  -22.836  14.179 0.0000000000
35433  43.492  -32.685  14.851 0.0000000000
118243  44.334  -32.205  13.730 0.0000000000
36345  44.398  -32.471  14.508 0.0000000000
37360  48.427  -31.349  15.290 0.0000000000
37359  48.961  -31.151  15.831 0.0000000000
38353  49.066  -30.201  14.816 0.0000000000
38343  49.549  -30.619  16.050 0.0000000000
40097  52.951  -27.987  19.257 0.0000000000
41046  52.363  -27.179  17.671 0.0000000000
41914  52.189  -26.356  17.594 0.0000000000
41908  52.493  -26.425  18.323 0.0000000000
62136  59.456  -4.740  -3.846 0.0000000000
62157  59.078  -4.368  -4.767 0.0000000000
62156  59.939  -4.632  -4.598 0.0000000000
59083  63.630  -8.038  -2.306 0.0000000000
59082  64.739  -7.543  -1.917 0.0000000000
62972  67.695  -1.660  -7.385 0.0000000000
63778  67.178  -2.194  -8.740 0.0000000000
63765  68.547  -1.830  -6.559 0.0000000000
62923  66.334  -2.708  -3.628 0.0000000000
25927  38.832  -42.628  26.626 0.0000000000
118507  24.726  -42.117  26.999 0.0000000000
26891  24.396  -42.229  27.776 0.0000000000
26877  23.828  -42.542  29.053 0.0000000000
26866  24.402  -42.143  29.567 0.0000000000
26862  24.307  -41.984  30.447 0.0000000000
27781  24.867  -41.592  31.031 0.0000000000
26857  24.227  -41.852  31.389 0.0000000000
55315  55.039  -12.597  -1.315 0.0000000000
107916  56.411  -13.492  -0.603 0.0000000000
112885  55.635  -13.679  -0.619 0.0000000000
46029  55.754  -22.294  10.566 0.0000000000
46016  56.140  -22.504  11.357 0.0000000000
22759  16.844  -46.124  25.971 0.0000000000
22730  15.660  -46.997  28.282 0.0000000000
119588  39.911  -35.902  15.148 0.0000000000
33627  40.110  -35.337  15.072 0.0000000000
32700  40.356  -35.994  15.525 0.0000000000
31754  41.645  -37.575  17.490 0.0000000000
31765  41.317  -36.938  16.847 0.0000000000
31753  42.438  -37.346  17.725 0.0000000000
30762  42.868  -38.291  18.674 0.0000000000
26019  34.579  -43.293  21.532 0.0000000000
24980  34.450  -43.897  22.882 0.0000000000
26020  33.685  -43.217  21.424 0.0000000000
27006  32.263  -42.531  20.487 0.0000000000
26981  32.793  -42.980  21.148 0.0000000000
26021  32.200  -43.219  21.854 0.0000000000
26982  31.855  -42.811  21.221 0.0000000000
28827  33.629  -40.700  17.310 0.0000000000
28843  34.165  -40.213  16.589 0.0000000000
28826  34.655  -40.647  17.243 0.0000000000
28842  35.099  -40.198  16.643 0.0000000000
27939  35.688  -41.479  18.439 0.0000000000
27940  34.672  -41.575  18.579 0.0000000000
27003  34.822  -42.594  20.228 0.0000000000
26018  35.518  -43.313  21.599 0.0000000000
24879  32.658  -45.292  28.896 0.0000000000
59074  63.062  -8.697  -1.967 0.0000000000
118012  64.040  -8.963  -0.827 0.0000000000
58194  63.345  -9.139  -1.210 0.0000000000
57172  63.134  -10.023  0.033 0.0000000000
58180  63.945  -9.837  0.425 0.0000000000
100973  63.787  -10.336  0.993 0.0000000000
54363  62.518  -13.122  4.014 0.0000000000
54337  63.997  -13.560  6.120 0.0000000000
50768  53.255  -17.467  1.622 0.0000000000
50767  54.212  -17.267  1.801 0.0000000000
49874  55.820  -18.618  3.341 0.0000000000
49859  57.160  -18.409  4.161 0.0000000000
49844  57.716  -18.873  4.866 0.0000000000
44012  45.048  -23.567  9.908 0.0000000000
43995  46.171  -23.512  10.975 0.0000000000
43994  46.680  -23.960  11.513 0.0000000000
42883  48.448  -24.856  13.088 0.0000000000
43974  48.023  -23.898  13.085 0.0000000000
43964  48.350  -23.930  13.492 0.0000000000
44991  48.786  -23.368  13.826 0.0000000000
43947  48.965  -23.933  14.414 0.0000000000
34525  46.088  -33.992  17.651 0.0000000000
35381  46.066  -33.207  17.012 0.0000000000
35380  46.826  -33.405  17.554 0.0000000000
35369  48.204  -33.282  18.612 0.0000000000
120376  47.963  -32.956  18.059 0.0000000000
36303  48.500  -32.627  18.364 0.0000000000
36302  49.148  -32.231  18.762 0.0000000000
107333  59.523  -6.313  -2.603 0.0000000000
60663  58.735  -5.844  -2.635 0.0000000000
61388  59.329  -5.413  -2.840 0.0000000000
61387  60.096  -5.601  -2.824 0.0000000000
105706  62.112  -8.206  -2.427 0.0000000000
59915  61.598  -7.537  -2.505 0.0000000000
59084  62.737  -8.309  -2.329 0.0000000000
63767  63.325  -3.089  -7.941 0.0000000000
63781  63.837  -2.463  -8.473 0.0000000000
62974  65.358  -3.364  -8.242 0.0000000000
62960  64.795  -3.988  -7.653 0.0000000000
62200  63.436  -4.581  -6.766 0.0000000000
62199  64.406  -4.580  -6.949 0.0000000000
117155  63.993  -4.823  -6.321 0.0000000000
62187  63.160  -4.947  -5.907 0.0000000000
104494  39.677  -40.851  19.303 0.0000000000
27920  39.985  -41.057  19.863 0.0000000000
26959  41.021  -41.683  23.089 0.0000000000
27874  40.798  -41.609  22.193 0.0000000000
27860  41.735  -41.258  23.522 0.0000000000
26873  29.628  -42.418  28.420 0.0000000000
26874  28.877  -41.961  28.392 0.0000000000
105607  29.166  -42.057  30.357 0.0000000000
26855  29.704  -42.343  32.296 0.0000000000
105608  28.999  -41.927  31.465 0.0000000000
27790  25.754  -41.573  29.771 0.0000000000
27789  26.485  -41.516  29.404 0.0000000000
27779  26.603  -41.469  30.342 0.0000000000
58198  59.480  -10.005  -2.061 0.0000000000
121191  59.299  -10.407  -1.822 0.0000000000
116582  59.296  -11.475  -1.044 0.0000000000
56207  60.355  -11.743  0.178 0.0000000000
55282  59.710  -12.301  0.290 0.0000000000
55313  57.103  -12.122  -1.327 0.0000000000
104633  57.560  -12.607  -0.860 0.0000000000
54398  59.245  -13.022  0.781 0.0000000000
55283  58.809  -12.656  0.013 0.0000000000
54387  60.199  -13.119  1.899 0.0000000000
54377  61.148  -13.075  2.800 0.0000000000
54378  60.486  -13.397  2.611 0.0000000000
53457  59.843  -14.474  3.279 0.0000000000
53456  60.388  -14.289  3.698 0.0000000000
53450  61.165  -14.720  4.914 0.0000000000
48015  54.796  -20.786  5.237 0.0000000000
48014  55.487  -20.804  5.633 0.0000000000
47034  55.505  -21.099  6.210 0.0000000000
47003  57.122  -21.527  7.643 0.0000000000
46977  58.277  -21.984  9.144 0.0000000000
46027  57.468  -22.268  10.717 0.0000000000
46045  57.090  -22.080  9.996 0.0000000000
46026  59.188  -22.266  10.644 0.0000000000
46024  60.916  -21.953  10.746 0.0000000000
40209  46.803  -28.209  10.159 0.0000000000
110606  47.458  -27.638  10.795 0.0000000000
40196  47.790  -28.316  11.407 0.0000000000
60666  55.785  -6.248  -2.427 0.0000000000
121846  56.460  -6.511  -2.466 0.0000000000
58210  57.879  -9.013  -2.192 0.0000000000
58209  58.612  -8.994  -2.294 0.0000000000
65435  61.182  -0.020  -6.836 0.0000000000
24918  20.475  -44.520  26.233 0.0000000000
24917  21.168  -44.218  26.509 0.0000000000
24888  19.709  -44.963  28.314 0.0000000000
24887  20.442  -44.729  28.685 0.0000000000
24863  20.624  -44.539  30.334 0.0000000000
24864  19.905  -44.768  30.242 0.0000000000
117135  17.633  -45.923  27.911 0.0000000000
104492  18.275  -45.628  27.757 0.0000000000
23799  17.855  -45.758  28.687 0.0000000000
49899  52.375  -18.729  1.822 0.0000000000
48073  51.337  -20.253  2.651 0.0000000000
48974  50.941  -19.613  2.109 0.0000000000
48072  52.225  -20.105  2.691 0.0000000000
48051  52.563  -20.406  3.265 0.0000000000
48050  53.201  -20.398  3.581 0.0000000000
48031  52.531  -20.732  3.971 0.0000000000
115769  51.882  -21.346  5.181 0.0000000000
47061  52.562  -21.074  4.767 0.0000000000
47037  52.541  -21.338  5.552 0.0000000000
47017  53.161  -21.606  6.816 0.0000000000
47063  50.342  -21.470  4.603 0.0000000000
47039  50.564  -21.694  5.435 0.0000000000
46080  52.219  -22.083  7.652 0.0000000000
47008  51.858  -21.881  6.985 0.0000000000
46995  52.992  -21.872  7.578 0.0000000000
46062  53.558  -22.240  8.960 0.0000000000
105460  53.060  -22.689  10.145 0.0000000000
46031  53.938  -22.584  10.333 0.0000000000
45012  53.913  -23.088  11.749 0.0000000000
45011  54.713  -23.020  12.060 0.0000000000
36346  41.940  -32.668  14.591 0.0000000000
36351  42.854  -32.547  14.383 0.0000000000
35434  42.605  -32.940  15.241 0.0000000000
33625  41.180  -34.797  15.710 0.0000000000
35419  41.038  -34.017  15.505 0.0000000000
33611  41.801  -35.071  16.283 0.0000000000
34544  43.350  -34.584  16.888 0.0000000000
35401  43.480  -33.845  16.429 0.0000000000
34543  44.020  -34.139  16.828 0.0000000000
34542  44.715  -33.969  17.002 0.0000000000
33592  45.001  -35.150  17.830 0.0000000000
32646  46.282  -36.507  19.147 0.0000000000
32660  46.065  -35.969  18.675 0.0000000000
32645  47.182  -36.356  19.452 0.0000000000
29695  43.277  -39.633  20.329 0.0000000000
29704  43.430  -39.102  19.777 0.0000000000
103961  43.958  -39.310  20.261 0.0000000000
28760  45.666  -39.833  22.251 0.0000000000
29693  45.335  -39.280  20.790 0.0000000000
29692  46.162  -38.968  20.863 0.0000000000
30737  48.731  -37.862  21.178 0.0000000000
23813  35.400  -45.697  26.553 0.0000000000
22743  34.924  -46.361  27.334 0.0000000000
23814  34.520  -45.909  26.450 0.0000000000
24964  34.080  -44.311  23.569 0.0000000000
24945  33.601  -44.644  24.243 0.0000000000
24926  33.386  -45.364  25.607 0.0000000000
23816  32.864  -45.419  26.315 0.0000000000
25929  31.229  -43.756  25.642 0.0000000000
27928  29.677  -41.191  19.445 0.0000000000
27905  30.147  -41.678  20.117 0.0000000000
27008  30.598  -42.136  20.695 0.0000000000
27009  29.880  -41.855  20.734 0.0000000000
28792  28.197  -40.310  19.260 0.0000000000
101945  28.263  -41.321  21.347 0.0000000000
121033  28.711  -41.402  20.846 0.0000000000
26965  29.672  -42.260  22.065 0.0000000000
26947  30.228  -42.755  23.369 0.0000000000
26966  29.081  -41.998  22.756 0.0000000000
26936  28.794  -41.852  24.169 0.0000000000
26920  29.268  -42.201  25.176 0.0000000000
26919  30.032  -42.702  25.957 0.0000000000
27863  26.711  -41.330  23.975 0.0000000000
27850  27.270  -41.277  24.584 0.0000000000
27837  27.067  -41.248  25.354 0.0000000000
27851  26.502  -41.352  24.756 0.0000000000
27892  24.689  -41.688  21.199 0.0000000000
26967  24.281  -42.137  22.667 0.0000000000
27865  25.042  -41.751  22.947 0.0000000000
26950  24.643  -42.031  23.577 0.0000000000
26937  24.613  -42.145  24.500 0.0000000000
26923  24.644  -42.190  25.388 0.0000000000
116154  23.942  -42.348  24.028 0.0000000000
25979  22.472  -42.955  23.729 0.0000000000
25958  22.693  -43.109  25.067 0.0000000000
25959  22.185  -43.252  24.450 0.0000000000
24971  20.206  -44.058  23.651 0.0000000000
31776  38.824  -37.657  15.862 0.0000000000
31791  36.848  -37.654  14.691 0.0000000000
29737  37.930  -39.961  17.226 0.0000000000
30787  37.845  -38.882  16.244 0.0000000000
28806  39.045  -40.282  18.182 0.0000000000
28807  38.322  -40.948  18.520 0.0000000000
27021  38.016  -42.039  19.940 0.0000000000
105800  38.541  -42.623  21.388 0.0000000000
27023  36.550  -42.246  19.609 0.0000000000
27001  36.868  -42.657  20.387 0.0000000000
25974  37.044  -43.774  23.207 0.0000000000
25993  37.586  -43.483  22.569 0.0000000000
25973  37.814  -43.591  23.373 0.0000000000
25992  38.346  -43.304  22.731 0.0000000000
25956  37.936  -43.552  24.397 0.0000000000
24909  36.631  -44.364  26.535 0.0000000000
24924  37.211  -43.791  26.293 0.0000000000
24893  37.607  -43.925  28.257 0.0000000000
106789  30.678  -42.996  30.238 0.0000000000
25897  31.401  -43.656  30.248 0.0000000000
25898  31.170  -43.437  31.341 0.0000000000
24885  21.996  -43.990  29.021 0.0000000000
25903  22.514  -43.439  30.499 0.0000000000
26853  22.716  -42.395  33.339 0.0000000000
26859  22.926  -42.638  32.090 0.0000000000
26852  23.478  -42.022  32.962 0.0000000000
26847  23.251  -41.660  34.527 0.0000000000
57121  68.579  -10.432  2.800 0.0000000000
57174  61.473  -10.527  -0.624 0.0000000000
56178  63.000  -11.584  2.214 0.0000000000
56189  63.410  -11.187  1.881 0.0000000000
55230  63.397  -12.903  4.477 0.0000000000
55242  66.444  -11.916  4.871 0.0000000000
56150  67.995  -11.977  5.209 0.0000000000
53495  54.920  -14.878  0.168 0.0000000000
53507  54.595  -14.316  -0.337 0.0000000000
53494  55.715  -14.769  0.269 0.0000000000
52660  56.098  -15.148  0.794 0.0000000000
51713  55.407  -16.729  1.884 0.0000000000
52649  55.365  -16.105  1.450 0.0000000000
51705  56.038  -16.787  2.197 0.0000000000
52635  57.258  -16.051  2.358 0.0000000000
52634  58.235  -15.397  2.533 0.0000000000
52626  58.664  -15.723  3.278 0.0000000000
51675  60.683  -15.937  5.610 0.0000000000
51674  61.316  -15.605  6.121 0.0000000000
48013  56.777  -20.350  5.668 0.0000000000
48924  56.552  -19.928  5.036 0.0000000000
110127  57.404  -20.269  5.938 0.0000000000
48012  58.002  -19.926  5.944 0.0000000000
106447  58.553  -19.526  5.979 0.0000000000
48921  58.751  -19.006  5.691 0.0000000000
48910  59.220  -19.273  6.204 0.0000000000
49820  61.789  -18.671  7.873 0.0000000000
48903  61.119  -19.345  7.563 0.0000000000
117065  60.965  -17.843  6.790 0.0000000000
46084  46.979  -22.626  7.665 0.0000000000
101737  47.835  -22.671  7.858 0.0000000000
104989  48.520  -22.625  7.309 0.0000000000
102967  46.876  -22.688  10.878 0.0000000000
46034  49.820  -22.722  10.155 0.0000000000
46033  50.722  -22.788  10.317 0.0000000000
46032  51.554  -22.876  10.454 0.0000000000
45027  50.963  -22.889  11.125 0.0000000000
101551  53.213  -23.408  13.996 0.0000000000
45001  52.936  -23.373  13.063 0.0000000000
101552  54.033  -23.579  14.044 0.0000000000
36330  46.516  -32.472  15.582 0.0000000000
100860  46.068  -32.317  14.859 0.0000000000
36343  46.869  -31.928  14.692 0.0000000000
37374  46.790  -31.446  13.843 0.0000000000
38361  46.676  -31.081  13.090 0.0000000000
105017  47.192  -30.532  12.705 0.0000000000
38386  47.634  -29.875  12.326 0.0000000000
39299  49.116  -29.211  13.982 0.0000000000
39306  48.254  -29.412  12.795 0.0000000000
40169  48.778  -28.929  13.339 0.0000000000
40182  49.054  -28.146  13.234 0.0000000000
34461  49.602  -34.217  21.157 0.0000000000
35340  49.848  -33.588  21.443 0.0000000000
37307  50.743  -31.819  21.035 0.0000000000
36287  50.212  -32.301  20.741 0.0000000000
37327  49.724  -31.764  19.182 0.0000000000
107674  50.440  -31.330  19.613 0.0000000000
39251  51.782  -29.493  18.571 0.0000000000
118805  51.124  -30.050  18.398 0.0000000000
118941  50.793  -30.032  17.789 0.0000000000
39263  50.741  -29.769  17.133 0.0000000000
39272  51.113  -29.187  16.936 0.0000000000
40139  51.242  -27.874  15.926 0.0000000000
111964  50.771  -27.796  15.188 0.0000000000
41077  50.488  -27.007  14.588 0.0000000000
41078  49.786  -27.589  13.877 0.0000000000
119340  50.002  -26.807  14.068 0.0000000000
41929  50.583  -26.038  15.121 0.0000000000
42861  51.064  -25.389  16.397 0.0000000000
42862  50.491  -25.146  15.767 0.0000000000
42855  50.489  -24.298  16.451 0.0000000000
43930  49.911  -23.920  15.774 0.0000000000
104693  52.329  -25.476  18.944 0.0000000000
42814  52.141  -24.304  19.557 0.0000000000
44895  51.920  -22.963  18.711 0.0000000000
44917  51.845  -22.719  17.847 0.0000000000
44918  51.143  -22.955  17.405 0.0000000000
44941  51.878  -22.690  16.698 0.0000000000
44956  51.708  -22.813  15.776 0.0000000000
44940  52.923  -22.898  17.222 0.0000000000
65437  59.872  -0.536  -6.124 0.0000000000
62914  56.717  -3.818  -4.069 0.0000000000
62947  60.505  -3.477  -6.662 0.0000000000
62946  61.330  -3.715  -6.831 0.0000000000
62190  60.867  -4.201  -6.318 0.0000000000
121279  61.332  -4.665  -5.867 0.0000000000
104208  62.363  -4.666  -4.794 0.0000000000
121971  62.327  -3.956  -3.366 0.0000000000
61385  62.298  -5.043  -2.607 0.0000000000
62117  63.127  -4.159  -2.390 0.0000000000
107113  64.257  -4.265  -1.710 0.0000000000
62116  65.159  -3.627  -1.718 0.0000000000
59911  66.691  -5.775  -0.602 0.0000000000
64609  63.921  -1.045  -9.320 0.0000000000
64608  64.723  -1.259  -9.744 0.0000000000
62944  66.755  -2.650  -5.666 0.0000000000
24892  38.381  -43.646  28.426 0.0000000000
119594  23.365  -42.979  26.297 0.0000000000
26892  23.505  -42.797  27.679 0.0000000000
25910  23.301  -42.934  28.495 0.0000000000
25906  23.224  -42.985  29.320 0.0000000000
46004  55.674  -22.841  12.082 0.0000000000
46003  56.547  -22.748  12.102 0.0000000000
31766  40.297  -37.304  16.435 0.0000000000
30773  41.228  -38.298  17.756 0.0000000000
30763  41.481  -38.784  18.315 0.0000000000
27004  33.975  -42.564  20.247 0.0000000000
26040  33.576  -42.858  20.802 0.0000000000
27037  33.953  -41.885  19.137 0.0000000000
119606  31.849  -44.395  27.935 0.0000000000
24880  31.997  -44.413  28.716 0.0000000000
24865  31.859  -44.182  29.728 0.0000000000
24855  32.224  -44.424  30.999 0.0000000000
58195  62.533  -9.345  -1.559 0.0000000000
57173  62.380  -10.263  -0.297 0.0000000000
53448  62.238  -14.076  5.208 0.0000000000
54338  62.977  -13.797  5.605 0.0000000000
53425  63.825  -14.064  6.764 0.0000000000
49885  54.496  -18.524  2.556 0.0000000000
42939  46.946  -24.993  11.003 0.0000000000
42922  47.368  -24.648  11.774 0.0000000000
42882  48.962  -25.198  13.702 0.0000000000
34507  47.320  -34.370  18.424 0.0000000000
34506  48.006  -34.092  18.714 0.0000000000
35359  48.546  -33.699  19.221 0.0000000000
116890  58.560  -7.548  -2.444 0.0000000000
59917  59.341  -7.364  -2.493 0.0000000000
59916  60.165  -7.132  -2.542 0.0000000000
62962  62.749  -3.803  -7.329 0.0000000000
62945  62.016  -3.971  -6.944 0.0000000000
27888  39.771  -41.774  21.112 0.0000000000
26960  40.280  -42.141  22.671 0.0000000000
26945  40.481  -42.142  23.585 0.0000000000
27810  28.003  -41.491  27.067 0.0000000000
27811  27.684  -41.522  27.703 0.0000000000
27788  27.873  -41.582  29.374 0.0000000000
27773  26.411  -41.410  31.402 0.0000000000
58200  57.329  -9.521  -1.947 0.0000000000
58199  58.745  -10.242  -1.901 0.0000000000
110177  57.806  -10.182  -1.819 0.0000000000
57185  58.160  -10.870  -1.626 0.0000000000
56231  58.490  -11.619  -1.218 0.0000000000
54412  57.246  -13.266  -0.479 0.0000000000
54411  58.022  -12.966  -0.235 0.0000000000
54379  59.822  -13.651  2.296 0.0000000000
53481  59.169  -13.948  1.943 0.0000000000
53468  59.498  -14.263  2.649 0.0000000000
47016  55.113  -21.365  6.776 0.0000000000
47015  55.838  -21.233  6.631 0.0000000000
47004  55.800  -21.465  7.270 0.0000000000
46991  56.627  -21.739  8.350 0.0000000000
119900  58.493  -22.426  11.799 0.0000000000
24936  19.259  -44.923  25.339 0.0000000000
24919  20.022  -44.732  26.704 0.0000000000
23820  19.367  -45.032  26.772 0.0000000000
48074  50.455  -20.320  2.594 0.0000000000
110522  51.156  -21.386  4.893 0.0000000000
46118  49.986  -22.045  6.024 0.0000000000
47020  50.804  -21.868  6.192 0.0000000000
46081  51.446  -22.222  7.607 0.0000000000
115821  52.362  -22.919  10.685 0.0000000000
32678  42.643  -36.583  17.447 0.0000000000
33609  42.556  -34.933  16.698 0.0000000000
33594  43.559  -35.383  17.404 0.0000000000
33593  44.339  -35.458  17.717 0.0000000000
32676  44.835  -35.911  18.136 0.0000000000
32661  45.416  -36.448  18.664 0.0000000000
28764  41.945  -40.716  21.429 0.0000000000
28775  42.227  -40.402  20.906 0.0000000000
28763  42.644  -40.496  21.542 0.0000000000
28762  43.343  -40.314  21.674 0.0000000000
29677  46.808  -39.209  21.505 0.0000000000
23812  36.186  -45.195  27.125 0.0000000000
23828  35.434  -45.139  25.670 0.0000000000
115907  33.323  -44.335  23.636 0.0000000000
24966  32.740  -44.474  24.168 0.0000000000
24946  32.461  -44.651  25.032 0.0000000000
24927  32.268  -44.760  25.870 0.0000000000
25944  31.310  -43.723  24.873 0.0000000000
117525  30.747  -43.235  24.739 0.0000000000
28791  29.027  -40.578  19.020 0.0000000000
28778  27.082  -40.475  20.032 0.0000000000
115451  27.700  -41.083  20.955 0.0000000000
27875  28.360  -41.554  22.825 0.0000000000
27861  28.155  -41.461  23.592 0.0000000000
27849  28.007  -41.364  24.396 0.0000000000
26968  23.454  -42.469  22.386 0.0000000000
33640  37.885  -35.981  13.874 0.0000000000
31790  37.787  -37.140  14.779 0.0000000000
29766  36.189  -39.183  15.734 0.0000000000
29765  36.950  -39.116  16.003 0.0000000000
28808  37.552  -40.916  18.156 0.0000000000
109800  37.693  -41.798  19.376 0.0000000000
26017  36.471  -43.326  21.693 0.0000000000
24941  37.076  -43.934  24.599 0.0000000000
24862  21.768  -43.872  30.878 0.0000000000
25896  21.862  -43.571  31.736 0.0000000000
25886  22.241  -43.087  32.390 0.0000000000
57141  65.671  -9.810  1.414 0.0000000000
58166  67.245  -9.282  1.528 0.0000000000
56161  68.687  -10.812  3.144 0.0000000000
56162  68.415  -11.397  3.966 0.0000000000
56205  61.707  -11.303  0.661 0.0000000000
56191  61.989  -11.498  1.235 0.0000000000
54348  64.755  -13.016  5.814 0.0000000000
52662  54.492  -15.460  0.589 0.0000000000
50756  56.773  -17.115  2.950 0.0000000000
51704  56.668  -16.702  2.514 0.0000000000
50749  57.160  -17.309  3.353 0.0000000000
50748  57.855  -16.937  3.496 0.0000000000
51696  58.574  -16.420  3.687 0.0000000000
50737  59.115  -16.685  4.338 0.0000000000
50723  60.160  -16.672  5.364 0.0000000000
50708  60.548  -16.835  5.947 0.0000000000
47995  58.367  -20.906  7.080 0.0000000000
48004  57.837  -20.540  6.450 0.0000000000
105537  59.192  -20.667  7.223 0.0000000000
50686  61.816  -17.857  7.658 0.0000000000
46085  46.075  -22.578  7.612 0.0000000000
46067  47.157  -22.580  8.508 0.0000000000
45017  48.185  -22.911  12.610 0.0000000000
114975  48.196  -22.661  11.928 0.0000000000
45016  49.146  -22.673  12.098 0.0000000000
45015  50.314  -22.792  11.925 0.0000000000
45014  51.356  -23.066  11.911 0.0000000000
45002  51.349  -23.066  12.729 0.0000000000
44988  51.782  -23.175  13.280 0.0000000000
118550  52.209  -23.209  14.017 0.0000000000
36329  47.973  -31.964  15.699 0.0000000000
37361  47.738  -31.697  14.980 0.0000000000
37372  48.064  -31.278  14.658 0.0000000000
38355  47.977  -30.986  14.193 0.0000000000
38367  47.929  -30.180  13.080 0.0000000000
38359  48.216  -30.426  13.844 0.0000000000
39293  48.821  -29.981  14.222 0.0000000000
39292  49.425  -29.536  14.666 0.0000000000
35339  50.352  -33.354  22.099 0.0000000000
40105  52.056  -28.734  18.018 0.0000000000
116596  51.579  -28.679  17.175 0.0000000000
118579  52.053  -28.019  17.391 0.0000000000
117997  51.943  -27.454  16.987 0.0000000000
41059  51.642  -27.246  16.336 0.0000000000
41921  51.514  -26.359  16.287 0.0000000000
41915  51.681  -25.710  17.134 0.0000000000
42846  51.424  -24.681  17.866 0.0000000000
62936  59.164  -3.636  -6.021 0.0000000000
62935  60.001  -3.943  -6.172 0.0000000000
62172  60.509  -4.544  -5.486 0.0000000000
60660  62.690  -6.127  -2.466 0.0000000000
115766  63.530  -6.592  -2.422 0.0000000000
60659  64.517  -6.318  -2.003 0.0000000000
63777  68.197  -1.513  -8.198 0.0000000000
62150  67.256  -3.331  -2.696 0.0000000000
25955  38.862  -43.142  24.596 0.0000000000
26933  39.735  -42.637  24.897 0.0000000000
25941  39.083  -42.777  25.530 0.0000000000
107919  38.732  -42.934  28.020 0.0000000000
26906  25.414  -41.770  26.708 0.0000000000
27813  25.948  -41.564  28.037 0.0000000000
26890  25.284  -41.788  27.509 0.0000000000
26876  24.455  -42.184  28.722 0.0000000000
27804  25.072  -41.801  29.230 0.0000000000
27770  24.853  -41.345  33.473 0.0000000000
55314  56.292  -12.226  -1.367 0.0000000000
54401  56.860  -13.973  -0.081 0.0000000000
46980  55.417  -21.860  8.911 0.0000000000
46028  56.616  -22.250  10.674 0.0000000000
46002  57.389  -22.655  12.134 0.0000000000
46001  58.239  -22.542  12.312 0.0000000000
23821  17.633  -45.839  26.386 0.0000000000
22748  16.999  -46.218  26.816 0.0000000000
22728  17.115  -46.152  28.407 0.0000000000
22739  16.383  -46.583  27.381 0.0000000000
120821  16.585  -46.520  28.094 0.0000000000
22718  15.902  -46.261  30.214 0.0000000000
46119  49.127  -22.213  5.803 0.0000000000
104090  49.808  -22.454  7.390 0.0000000000
33626  40.657  -35.294  15.480 0.0000000000
109698  41.579  -36.037  16.447 0.0000000000
102090  40.803  -36.464  16.157 0.0000000000
32689  42.091  -36.313  16.983 0.0000000000
31742  43.525  -37.742  18.541 0.0000000000
24979  35.241  -43.797  22.812 0.0000000000
24963  35.022  -44.147  23.452 0.0000000000
110781  33.137  -43.751  22.614 0.0000000000
25998  32.465  -43.577  22.567 0.0000000000
25999  31.662  -43.305  22.502 0.0000000000
28794  26.279  -40.299  19.619 0.0000000000
28779  26.505  -40.711  20.318 0.0000000000
27908  26.249  -41.102  20.897 0.0000000000
27909  25.465  -41.279  20.849 0.0000000000
28825  35.573  -40.574  17.243 0.0000000000
27950  36.043  -40.990  17.856 0.0000000000
27938  36.508  -41.405  18.440 0.0000000000
104212  35.857  -42.202  19.452 0.0000000000
27002  35.837  -42.576  20.148 0.0000000000
27036  34.714  -41.991  19.206 0.0000000000
27024  35.173  -42.274  19.611 0.0000000000
59066  64.945  -8.472  -0.812 0.0000000000
58179  65.005  -9.444  0.589 0.0000000000
58187  63.602  -9.491  -0.393 0.0000000000
57123  65.731  -10.457  2.201 0.0000000000
55246  61.720  -12.735  2.882 0.0000000000
55245  62.326  -12.634  3.231 0.0000000000
54349  63.693  -13.256  5.278 0.0000000000
51715  53.651  -16.637  1.407 0.0000000000
50766  54.922  -17.147  1.966 0.0000000000
108616  55.525  -17.393  2.394 0.0000000000
50750  55.998  -17.883  2.979 0.0000000000
106797  56.594  -17.603  3.192 0.0000000000
49872  56.986  -17.842  3.612 0.0000000000
46975  60.243  -21.843  9.208 0.0000000000
45039  45.033  -22.893  9.842 0.0000000000
46056  45.461  -22.605  9.333 0.0000000000
45038  45.726  -22.764  10.138 0.0000000000
45031  46.175  -22.916  10.813 0.0000000000
45018  47.544  -22.964  12.118 0.0000000000
43983  47.265  -23.652  12.075 0.0000000000
43975  47.815  -23.451  12.643 0.0000000000
35415  44.695  -33.038  15.871 0.0000000000
100937  44.793  -32.656  15.175 0.0000000000
120941  45.284  -32.957  16.052 0.0000000000
36322  46.519  -32.746  16.426 0.0000000000
112422  47.496  -32.957  17.559 0.0000000000
36321  47.307  -32.453  16.215 0.0000000000
36320  48.078  -32.187  16.559 0.0000000000
37345  48.743  -31.835  16.966 0.0000000000
37344  49.376  -31.451  17.371 0.0000000000
62119  57.309  -5.125  -2.847 0.0000000000
62137  58.094  -4.831  -3.210 0.0000000000
61402  59.009  -4.937  -3.276 0.0000000000
60661  61.746  -6.317  -2.559 0.0000000000
108085  60.905  -6.826  -2.542 0.0000000000
64595  64.304  -1.855  -9.056 0.0000000000
64597  62.870  -1.445  -8.388 0.0000000000
62973  66.455  -2.927  -8.129 0.0000000000
62958  66.920  -2.181  -6.621 0.0000000000
62184  65.878  -3.691  -6.780 0.0000000000
62185  65.621  -3.971  -6.176 0.0000000000
62168  65.103  -4.224  -5.635 0.0000000000
62152  64.091  -3.639  -4.195 0.0000000000
115679  39.779  -39.849  18.175 0.0000000000
29721  40.579  -39.692  18.566 0.0000000000
28789  40.345  -40.480  19.323 0.0000000000
28776  40.792  -40.648  20.076 0.0000000000
27901  41.250  -40.819  20.923 0.0000000000
27887  40.579  -41.430  21.392 0.0000000000
27886  41.375  -41.131  21.742 0.0000000000
27872  42.284  -40.894  22.952 0.0000000000
26932  40.532  -42.165  24.596 0.0000000000
26931  41.336  -41.594  25.406 0.0000000000
28829  31.438  -41.003  17.974 0.0000000000
26888  29.942  -42.633  27.631 0.0000000000
26872  30.342  -42.860  28.393 0.0000000000
26864  30.127  -42.667  29.284 0.0000000000
105618  29.918  -42.518  30.265 0.0000000000
26854  30.381  -42.811  32.457 0.0000000000
27802  26.579  -41.503  28.602 0.0000000000
117311  27.120  -41.500  29.706 0.0000000000
104551  28.131  -41.577  31.241 0.0000000000
27772  27.931  -41.501  32.189 0.0000000000
58197  60.378  -9.873  -2.050 0.0000000000
56222  60.656  -11.165  -0.407 0.0000000000
56230  59.899  -11.074  -1.155 0.0000000000
56206  61.007  -11.525  0.444 0.0000000000
106623  61.098  -12.311  1.656 0.0000000000
56232  57.564  -11.473  -1.427 0.0000000000
55296  58.308  -12.337  -0.702 0.0000000000
55269  60.523  -12.634  1.579 0.0000000000
53449  61.651  -14.283  4.853 0.0000000000
53440  61.746  -14.606  5.545 0.0000000000
52591  61.956  -15.025  6.423 0.0000000000
48943  55.481  -20.010  4.319 0.0000000000
48028  55.446  -20.443  4.958 0.0000000000
48027  56.080  -20.441  5.351 0.0000000000
47014  56.557  -21.252  6.911 0.0000000000
47013  57.496  -21.113  6.996 0.0000000000
118220  57.533  -21.990  9.359 0.0000000000
110988  58.324  -22.287  10.676 0.0000000000
46976  59.267  -21.925  8.978 0.0000000000
46042  60.632  -22.024  9.987 0.0000000000
41112  46.880  -27.161  9.963 0.0000000000
32629  49.265  -36.614  21.015 0.0000000000
33533  49.278  -35.090  20.713 0.0000000000
61391  56.585  -5.726  -2.587 0.0000000000
60665  57.185  -6.417  -2.489 0.0000000000
59919  57.748  -7.164  -2.419 0.0000000000
59089  57.014  -7.913  -2.302 0.0000000000
25932  21.760  -43.933  26.712 0.0000000000
24903  21.378  -44.231  27.427 0.0000000000
24886  21.252  -44.414  28.555 0.0000000000
24904  20.556  -44.619  27.890 0.0000000000
24873  21.448  -44.322  29.381 0.0000000000
108468  21.268  -44.329  30.111 0.0000000000
114955  20.956  -44.306  30.940 0.0000000000
23798  18.783  -45.393  28.446 0.0000000000
104988  19.220  -45.213  29.071 0.0000000000
23784  19.019  -45.122  30.064 0.0000000000
115534  19.108  -44.865  31.251 0.0000000000
24852  19.605  -44.564  32.080 0.0000000000
49898  53.131  -18.385  1.872 0.0000000000
48972  53.394  -19.545  2.677 0.0000000000
48973  52.284  -19.420  2.216 0.0000000000
106325  52.769  -19.673  2.535 0.0000000000
48961  53.761  -19.991  3.232 0.0000000000
48049  53.999  -20.417  3.976 0.0000000000
48016  54.047  -20.746  4.813 0.0000000000
47036  54.071  -21.107  5.617 0.0000000000
47060  53.296  -21.071  5.184 0.0000000000
107409  54.116  -21.416  6.536 0.0000000000
117996  54.509  -21.566  7.245 0.0000000000
111233  54.383  -21.756  7.926 0.0000000000
47019  51.556  -21.720  6.321 0.0000000000
47018  52.382  -21.578  6.367 0.0000000000
46993  54.290  -21.994  8.690 0.0000000000
46030  54.847  -22.425  10.431 0.0000000000
46048  53.555  -22.462  9.654 0.0000000000
44999  55.282  -23.312  12.833 0.0000000000
34568  40.475  -33.876  15.016 0.0000000000
103470  40.992  -33.413  15.153 0.0000000000
35418  41.491  -33.625  15.546 0.0000000000
119249  42.161  -34.522  16.361 0.0000000000
35417  42.140  -33.527  15.764 0.0000000000
110003  42.973  -33.427  15.916 0.0000000000
35416  43.812  -33.312  15.920 0.0000000000
35382  45.424  -33.745  17.171 0.0000000000
34509  45.789  -34.845  17.989 0.0000000000
34508  46.574  -34.601  18.199 0.0000000000
33572  47.073  -35.120  18.676 0.0000000000
32644  48.054  -36.120  19.680 0.0000000000
32630  48.568  -36.594  20.317 0.0000000000
121968  41.077  -39.203  18.426 0.0000000000
29720  41.458  -39.300  18.803 0.0000000000
29719  42.150  -38.784  18.762 0.0000000000
29696  42.541  -39.959  20.372 0.0000000000
29705  42.725  -39.454  19.832 0.0000000000
30754  43.664  -38.433  19.210 0.0000000000
30753  44.557  -38.308  19.556 0.0000000000
107146  44.078  -40.041  21.403 0.0000000000
29694  44.498  -39.578  20.762 0.0000000000
30741  44.709  -38.929  20.152 0.0000000000
30752  45.275  -38.037  19.677 0.0000000000
30751  46.056  -37.922  19.902 0.0000000000
106572  46.925  -38.604  20.863 0.0000000000
31714  46.856  -37.942  20.323 0.0000000000
31713  47.452  -37.493  20.271 0.0000000000
31712  48.201  -37.380  20.521 0.0000000000
23790  37.381  -45.242  29.352 0.0000000000
23791  36.798  -45.531  29.343 0.0000000000
23792  35.983  -46.026  28.867 0.0000000000
23844  34.752  -45.101  25.200 0.0000000000
23829  34.179  -45.506  25.700 0.0000000000
23803  33.794  -46.360  27.917 0.0000000000
24910  32.238  -44.842  26.776 0.0000000000
24896  31.724  -44.322  27.323 0.0000000000
25918  31.056  -43.566  27.249 0.0000000000
26903  30.343  -42.928  26.916 0.0000000000
27943  31.111  -41.238  18.516 0.0000000000
27926  31.288  -41.585  19.191 0.0000000000
27029  30.982  -41.880  19.986 0.0000000000
27007  31.412  -42.379  20.607 0.0000000000
26983  30.999  -42.613  21.383 0.0000000000
26963  30.993  -42.893  22.151 0.0000000000
27929  28.662  -40.868  19.748 0.0000000000
27906  28.243  -41.050  20.529 0.0000000000
115736  30.443  -42.578  21.878 0.0000000000
26000  30.915  -43.106  22.851 0.0000000000
25977  30.936  -43.264  23.551 0.0000000000
104954  29.380  -42.251  23.453 0.0000000000
26935  29.711  -42.489  24.229 0.0000000000
26904  29.559  -42.424  26.817 0.0000000000
26905  28.662  -41.839  26.759 0.0000000000
27836  27.810  -41.346  25.286 0.0000000000
27821  27.827  -41.414  26.255 0.0000000000
109340  26.990  -41.278  26.172 0.0000000000
102522  26.172  -41.472  26.405 0.0000000000
27879  24.965  -41.768  22.171 0.0000000000
27864  25.520  -41.649  23.513 0.0000000000
27852  25.977  -41.480  24.135 0.0000000000
105775  25.566  -41.693  24.911 0.0000000000
110142  23.897  -42.618  25.885 0.0000000000
26951  23.230  -42.621  23.895 0.0000000000
119247  23.147  -43.029  25.683 0.0000000000
25946  22.464  -43.423  25.764 0.0000000000
25980  21.636  -43.392  23.702 0.0000000000
25960  21.512  -43.653  24.614 0.0000000000
106097  21.431  -43.842  25.285 0.0000000000
24952  20.897  -44.065  24.925 0.0000000000
24935  20.190  -44.512  25.354 0.0000000000
115632  19.570  -44.677  24.717 0.0000000000
24955  18.839  -44.930  24.598 0.0000000000
105100  39.364  -35.019  14.393 0.0000000000
33639  38.719  -35.656  14.239 0.0000000000
32709  39.013  -36.277  14.770 0.0000000000
32701  39.608  -36.409  15.302 0.0000000000
31775  39.521  -37.149  15.836 0.0000000000
30785  39.477  -37.836  16.352 0.0000000000
30775  39.336  -38.924  17.142 0.0000000000
30797  37.369  -38.542  15.752 0.0000000000
30796  38.110  -38.132  15.850 0.0000000000
30786  38.782  -38.420  16.423 0.0000000000
29735  39.398  -39.612  17.735 0.0000000000
27921  39.232  -41.288  19.653 0.0000000000
26999  39.010  -42.072  20.876 0.0000000000
25991  39.081  -43.022  22.947 0.0000000000
27022  37.316  -42.205  19.783 0.0000000000
103177  37.612  -42.486  20.448 0.0000000000
26036  37.032  -43.071  21.087 0.0000000000
26980  37.761  -42.835  21.154 0.0000000000
25943  37.924  -43.247  26.644 0.0000000000
25917  38.013  -43.241  27.774 0.0000000000
25911  22.659  -43.485  28.716 0.0000000000
25902  23.163  -42.952  30.187 0.0000000000
25894  23.058  -42.812  31.089 0.0000000000
26863  23.681  -42.329  30.766 0.0000000000
26851  24.164  -41.734  32.545 0.0000000000
57159  62.739  -10.528  0.454 0.0000000000
56204  62.386  -11.066  0.889 0.0000000000
57143  63.172  -10.759  1.175 0.0000000000
57142  64.041  -10.652  1.623 0.0000000000
57124  64.774  -10.807  2.277 0.0000000000
56175  65.934  -11.074  3.109 0.0000000000
56166  64.044  -11.924  3.433 0.0000000000
55243  64.989  -12.128  4.380 0.0000000000
119873  55.015  -13.851  -0.580 0.0000000000
113993  54.794  -15.904  1.122 0.0000000000
51712  56.461  -16.237  1.978 0.0000000000
52648  56.104  -15.712  1.414 0.0000000000
53484  56.845  -15.090  1.140 0.0000000000
53483  57.724  -14.625  1.333 0.0000000000
52646  58.145  -14.820  1.927 0.0000000000
52625  59.184  -14.989  3.120 0.0000000000
52624  59.911  -14.902  3.817 0.0000000000
52616  60.084  -15.325  4.383 0.0000000000
51652  62.191  -15.508  7.076 0.0000000000
48942  56.167  -19.621  4.424 0.0000000000
48941  56.899  -19.255  4.642 0.0000000000
49843  58.568  -18.442  5.150 0.0000000000
47987  60.350  -20.949  8.067 0.0000000000
48904  60.306  -19.665  7.149 0.0000000000
110168  61.363  -20.089  8.070 0.0000000000
48909  59.906  -19.236  6.615 0.0000000000
49830  59.879  -18.523  6.184 0.0000000000
50709  59.896  -17.614  5.620 0.0000000000
118806  61.519  -17.264  7.153 0.0000000000
110424  61.442  -16.471  6.775 0.0000000000
46083  49.168  -22.597  7.599 0.0000000000
46066  49.619  -22.623  8.240 0.0000000000
46055  46.388  -22.541  9.370 0.0000000000
46054  47.351  -22.547  9.296 0.0000000000
46053  48.261  -22.610  9.141 0.0000000000
102374  49.024  -22.694  8.934 0.0000000000
46052  49.711  -22.700  9.226 0.0000000000
46050  51.373  -22.721  9.669 0.0000000000
45013  52.343  -23.157  11.510 0.0000000000
102127  53.143  -23.303  12.010 0.0000000000
45000  53.890  -23.324  12.492 0.0000000000
44986  54.813  -23.585  13.655 0.0000000000
36344  45.310  -32.375  14.646 0.0000000000
119970  46.189  -31.485  13.405 0.0000000000
119062  47.487  -29.014  11.346 0.0000000000
40184  47.972  -29.029  11.988 0.0000000000
40195  48.359  -28.090  12.057 0.0000000000
41093  48.677  -27.114  12.333 0.0000000000
34475  49.185  -34.157  20.376 0.0000000000
35358  49.077  -33.313  19.941 0.0000000000
35350  49.971  -32.963  21.185 0.0000000000
36288  49.654  -32.747  20.387 0.0000000000
105092  49.362  -32.482  19.605 0.0000000000
37336  49.554  -31.608  18.275 0.0000000000
37343  49.935  -31.014  17.816 0.0000000000
39229  52.118  -29.853  20.387 0.0000000000
39238  51.698  -30.160  19.881 0.0000000000
38305  51.171  -30.697  19.770 0.0000000000
38318  50.772  -30.641  18.977 0.0000000000
38336  49.786  -30.864  16.940 0.0000000000
38342  50.020  -29.864  15.921 0.0000000000
39281  50.112  -29.200  15.316 0.0000000000
40125  51.176  -28.615  16.429 0.0000000000
40156  50.374  -28.422  15.030 0.0000000000
40157  49.798  -28.622  14.446 0.0000000000
41092  49.153  -27.302  13.114 0.0000000000
41973  49.009  -26.593  12.980 0.0000000000
105191  49.387  -25.769  13.844 0.0000000000
42868  49.288  -24.928  14.361 0.0000000000
43946  49.386  -23.968  14.987 0.0000000000
44974  49.784  -23.113  15.176 0.0000000000
102606  50.241  -22.947  15.830 0.0000000000
43877  51.697  -23.650  18.856 0.0000000000
43878  51.309  -23.911  18.343 0.0000000000
43900  50.980  -23.734  17.758 0.0000000000
44942  50.693  -23.534  16.991 0.0000000000
110579  50.931  -22.807  16.437 0.0000000000
44973  50.538  -22.738  15.064 0.0000000000
44972  52.536  -23.151  14.816 0.0000000000
102468  52.831  -23.050  15.637 0.0000000000
44939  54.098  -23.238  16.615 0.0000000000
102469  54.058  -23.505  15.577 0.0000000000
65436  60.547  -0.289  -6.442 0.0000000000
64579  60.121  -1.818  -6.832 0.0000000000
63770  60.823  -2.153  -7.283 0.0000000000
62964  61.035  -2.983  -7.163 0.0000000000
62170  63.295  -4.415  -4.975 0.0000000000
62913  63.992  -2.917  -3.072 0.0000000000
62134  61.340  -4.852  -3.353 0.0000000000
62133  62.084  -4.208  -3.044 0.0000000000
62118  62.385  -4.208  -2.761 0.0000000000
62132  63.660  -3.174  -2.812 0.0000000000
62131  64.576  -2.937  -2.529 0.0000000000
60658  66.074  -5.432  -0.718 0.0000000000
26016  37.318  -43.283  21.801 0.0000000000
27026  33.511  -42.226  19.687 0.0000000000
27778  27.576  -41.517  30.350 0.0000000000
27787  28.661  -41.827  29.662 0.0000000000
27800  28.138  -41.650  28.425 0.0000000000
27937  37.692  -41.411  18.803 0.0000000000
31741  44.857  -37.178  18.785 0.0000000000
33534  48.730  -35.721  20.025 0.0000000000
33553  47.530  -35.617  19.195 0.0000000000
33573  46.302  -35.337  18.458 0.0000000000
33595  42.757  -35.696  17.158 0.0000000000
36296  50.451  -31.755  20.336 0.0000000000
36323  45.825  -32.871  16.212 0.0000000000
37306  51.218  -31.279  21.166 0.0000000000
38335  50.204  -30.161  16.619 0.0000000000
38344  49.003  -30.705  15.320 0.0000000000
40140  50.736  -28.552  15.684 0.0000000000
44983  57.469  -23.093  13.468 0.0000000000
55257  62.495  -11.834  2.202 0.0000000000
62911  66.440  -2.731  -2.840 0.0000000000
100962  52.585  -28.329  18.654 0.0000000000
102733  50.890  -22.722  15.649 0.0000000000
102983  29.749  -42.424  22.823 0.0000000000
107725  50.500  -30.562  18.190 0.0000000000
115458  42.082  -39.796  19.859 0.0000000000
115967  58.752  -22.347  11.354 0.0000000000
118334  54.883  -21.972  9.078 0.0000000000
119493  47.589  -32.580  16.998 0.0000000000
119774  45.017  -38.471  19.877 0.0000000000
