#!ascii label  , from subject sub-v1s10x0050987_ses-1 vox2ras=TkReg
1593
19465  51.602  -49.957  -56.319 0.2000000030
19452  51.541  -50.682  -54.818 0.2000000030
20520  50.879  -49.312  -57.453 0.1000000015
19451  52.259  -49.982  -54.482 0.3000000119
115743  52.096  -49.715  -55.566 0.2000000030
19466  51.222  -49.419  -57.238 0.1000000015
117127  50.669  -50.718  -56.409 0.2000000030
19471  51.684  -49.080  -57.051 0.1000000015
20519  51.420  -48.983  -57.274 0.1000000015
21576  50.783  -48.842  -57.098 0.1000000015
106221  50.140  -49.205  -57.286 0.1000000015
20536  50.129  -49.757  -57.840 0.1000000015
20499  48.192  -48.945  -55.451 0.1000000015
20521  49.254  -49.483  -57.418 0.1000000015
20508  47.883  -49.376  -56.256 0.1000000015
21549  47.513  -48.636  -54.559 0.2000000030
115367  51.818  -47.753  -55.329 0.1000000015
20506  52.178  -48.933  -56.375 0.2000000030
21561  50.393  -48.566  -56.011 0.1000000015
21559  52.245  -48.454  -56.035 0.1000000015
21560  51.414  -48.587  -56.533 0.1000000015
20498  49.483  -48.826  -55.935 0.1000000015
21548  48.576  -48.469  -54.799 0.1000000015
110703  46.934  -48.354  -53.789 0.2000000030
22609  45.307  -47.635  -52.696 0.1000000015
21550  46.488  -48.746  -54.411 0.2000000030
22610  44.477  -47.237  -52.663 0.2000000030
22623  44.648  -47.740  -53.233 0.1000000015
103071  44.146  -47.141  -53.232 0.1000000015
103707  50.698  -48.225  -55.403 0.1000000015
22631  50.355  -47.658  -54.370 0.1000000015
22599  44.881  -47.111  -52.032 0.2000000030
23682  43.993  -46.047  -52.028 0.2000000030
24755  43.735  -45.250  -52.267 0.1000000015
24764  43.801  -45.838  -52.936 0.2000000030
21547  49.684  -48.336  -55.021 0.1000000015
22620  49.574  -47.173  -53.472 0.1000000015
21539  49.001  -47.821  -54.196 0.1000000015
21540  47.955  -48.178  -53.933 0.2000000030
107948  46.760  -47.396  -52.511 0.2000000030
119857  45.999  -47.600  -52.572 0.3000000119
25798  43.641  -44.673  -51.687 0.3000000119
25804  43.836  -44.391  -52.532 0.2000000030
25811  43.901  -44.966  -53.122 0.2000000030
24774  44.442  -45.579  -54.617 0.2000000030
22608  45.795  -47.192  -52.066 0.3000000119
22622  47.362  -47.816  -53.218 0.2000000030
103743  43.623  -44.737  -51.049 0.3000000119
108025  43.522  -44.122  -51.177 0.3000000119
27714  43.799  -42.192  -51.332 0.3000000119
113263  43.667  -44.027  -51.835 0.3000000119
26800  43.986  -43.566  -52.392 0.2000000030
24763  44.169  -45.381  -53.799 0.2000000030
111043  44.745  -44.835  -54.576 0.2000000030
27707  43.487  -42.250  -50.247 0.4000000060
24742  43.924  -45.138  -50.697 0.3000000119
26788  43.539  -43.568  -50.728 0.3000000119
23671  45.288  -46.651  -51.456 0.2000000030
24749  44.158  -45.894  -51.069 0.2000000030
118440  44.052  -42.856  -52.165 0.3000000119
26799  44.308  -43.847  -53.269 0.2000000030
118493  44.390  -42.215  -52.549 0.2000000030
25810  44.616  -44.351  -54.039 0.2000000030
28616  43.625  -41.422  -50.430 0.3000000119
110075  43.516  -42.908  -50.728 0.3000000119
107149  44.312  -41.403  -52.039 0.2000000030
28629  44.979  -41.567  -53.188 0.2000000030
28642  45.863  -41.414  -54.104 0.1000000015
107163  44.560  -42.991  -53.221 0.2000000030
27727  45.661  -42.789  -54.512 0.2000000030
27728  45.032  -42.332  -53.522 0.2000000030
26803  45.180  -43.499  -54.230 0.2000000030
29546  44.007  -40.498  -50.605 0.3000000119
30585  44.445  -39.782  -51.251 0.3000000119
28615  43.973  -41.207  -51.172 0.3000000119
29550  44.322  -40.569  -51.613 0.3000000119
30601  44.772  -39.949  -52.155 0.2000000030
29561  44.753  -40.721  -52.570 0.1000000015
29560  45.350  -40.209  -53.060 0.1000000015
29573  46.328  -40.726  -54.340 0.1000000015
28628  45.369  -40.899  -53.389 0.1000000015
104414  45.891  -42.066  -54.447 0.1000000015
30577  44.279  -39.616  -50.376 0.3000000119
31533  44.707  -39.038  -50.927 0.2000000030
31532  45.286  -38.504  -51.492 0.2000000030
32443  45.600  -37.802  -51.153 0.2000000030
32442  46.205  -37.294  -51.634 0.1000000015
31531  45.846  -38.005  -52.028 0.1000000015
31544  45.539  -38.719  -52.323 0.1000000015
30600  45.370  -39.444  -52.640 0.1000000015
30609  46.042  -39.735  -53.601 0.1000000015
103271  47.305  -40.130  -55.008 0.1000000015
31523  45.066  -38.342  -50.622 0.2000000030
32441  46.915  -36.809  -52.116 0.1000000015
32456  46.490  -37.525  -52.492 0.1000000015
32462  46.910  -37.855  -53.208 0.1000000015
30599  45.895  -39.042  -53.023 0.1000000015
31549  47.078  -38.581  -53.922 0.1000000015
30608  46.564  -39.150  -53.837 0.1000000015
33396  47.882  -36.357  -52.624 0.1000000015
32461  47.863  -37.922  -53.951 0.1000000015
30607  47.356  -39.377  -54.755 0.1000000015
116198  48.958  -49.185  -56.416 0.1000000015
21541  45.353  -48.202  -53.440 0.1000000015
20325  45.259  -49.294  -35.225 0.5000000000
20319  45.907  -49.751  -34.694 0.5000000000
20320  45.135  -49.338  -34.417 0.5000000000
21392  44.430  -48.612  -34.859 0.5000000000
18194  44.892  -51.724  -34.191 0.2000000030
18193  45.868  -51.222  -34.532 0.2000000030
19221  45.289  -50.686  -34.069 0.3000000119
19214  45.480  -49.884  -34.098 0.5000000000
20316  44.761  -49.559  -33.710 0.5000000000
21389  44.474  -48.881  -33.969 0.5000000000
20335  44.700  -49.307  -36.306 0.5000000000
21393  43.674  -48.158  -35.630 0.5000000000
20342  44.777  -49.584  -37.175 0.5000000000
19261  45.741  -50.290  -39.173 0.5000000000
18188  44.469  -51.261  -33.527 0.3000000119
114110  44.031  -50.780  -32.864 0.3000000119
117146  43.844  -48.257  -34.184 0.5000000000
120420  43.707  -48.020  -34.877 0.5000000000
21407  44.130  -48.862  -36.930 0.5000000000
119938  48.319  -50.428  -42.893 0.4000000060
19282  46.959  -50.065  -42.179 0.5000000000
19273  46.914  -50.135  -41.168 0.5000000000
19268  45.847  -50.127  -40.047 0.5000000000
20348  45.153  -49.963  -38.702 0.5000000000
19293  48.698  -50.368  -43.509 0.4000000060
18189  43.693  -51.818  -32.903 0.3000000119
19210  43.635  -50.395  -32.240 0.4000000060
121378  44.271  -49.136  -33.313 0.5000000000
20312  43.847  -48.913  -32.683 0.5000000000
21386  43.883  -48.524  -33.397 0.5000000000
102931  43.561  -48.086  -32.686 0.5000000000
105538  43.302  -47.399  -32.763 0.5000000000
22452  43.422  -47.710  -33.533 0.5000000000
22460  43.362  -47.576  -34.448 0.5000000000
102230  44.212  -48.977  -37.837 0.6000000238
19274  46.115  -49.718  -40.942 0.5000000000
20353  45.134  -49.733  -39.672 0.5000000000
112574  44.634  -49.384  -39.016 0.5000000000
19306  49.198  -50.179  -44.206 0.4000000060
19281  47.648  -50.301  -42.602 0.5000000000
15350  44.373  -54.345  -30.456 0.1000000015
16237  44.625  -53.668  -29.803 0.1000000015
17198  45.160  -52.963  -29.299 0.1000000015
16260  43.894  -53.742  -31.257 0.1000000015
106860  44.436  -52.995  -29.854 0.1000000015
16250  43.642  -52.906  -30.993 0.1000000015
17214  43.967  -52.616  -30.286 0.1000000015
17199  44.392  -52.233  -29.543 0.1000000015
17222  43.438  -52.335  -31.586 0.1000000015
121940  43.580  -51.171  -32.370 0.3000000119
20313  43.610  -49.510  -32.064 0.5000000000
107187  43.425  -51.008  -31.757 0.4000000060
19201  43.472  -50.192  -31.446 0.4000000060
21379  43.515  -48.532  -31.803 0.4000000060
22438  43.338  -47.467  -31.912 0.5000000000
23517  42.989  -46.943  -33.276 0.5000000000
21400  43.612  -48.231  -36.587 0.5000000000
20363  45.473  -49.623  -40.439 0.5000000000
20366  46.429  -49.781  -41.745 0.5000000000
20384  51.295  -49.895  -44.712 0.5000000000
14392  45.727  -56.024  -28.728 0.1000000015
14413  45.160  -55.578  -29.167 0.1000000015
14414  44.663  -55.118  -29.809 0.1000000015
15334  44.754  -54.360  -29.705 0.1000000015
16236  45.355  -53.877  -29.388 0.1000000015
16235  46.068  -53.368  -29.129 0.1000000015
15333  45.269  -54.722  -29.312 0.1000000015
20250  45.258  -49.571  -28.216 0.2000000030
16261  43.528  -53.086  -31.812 0.1000000015
17215  43.585  -52.143  -30.805 0.1000000015
114796  43.781  -51.879  -30.107 0.1000000015
18154  43.970  -51.501  -29.561 0.1000000015
104616  44.610  -50.060  -28.483 0.2000000030
18178  43.445  -51.603  -31.305 0.2000000030
17200  43.629  -51.201  -30.019 0.1000000015
19190  43.557  -50.559  -30.007 0.2000000030
20252  43.772  -49.161  -28.941 0.2000000030
112431  44.809  -48.770  -28.216 0.2000000030
108078  45.546  -48.784  -28.163 0.2000000030
105233  43.471  -50.877  -30.813 0.2000000030
115196  43.467  -50.009  -30.554 0.3000000119
21356  43.467  -48.355  -30.230 0.3000000119
108970  43.362  -47.898  -30.996 0.5000000000
116460  43.876  -48.468  -38.433 0.5000000000
116954  43.238  -46.988  -30.960 0.4000000060
21421  43.676  -47.899  -39.681 0.5000000000
111476  43.442  -47.583  -38.992 0.5000000000
21414  43.522  -47.886  -38.431 0.5000000000
21431  44.430  -48.457  -40.978 0.5000000000
21420  44.245  -48.561  -40.117 0.5000000000
21413  44.134  -48.667  -39.210 0.5000000000
22461  42.924  -46.885  -34.749 0.5000000000
22453  42.987  -47.120  -33.997 0.5000000000
20367  45.768  -49.358  -41.830 0.5000000000
20368  45.041  -48.888  -41.442 0.5000000000
20364  44.875  -49.140  -40.493 0.5000000000
22479  43.262  -47.550  -37.117 0.5000000000
109067  47.806  -50.256  -43.460 0.5000000000
20354  44.582  -49.131  -39.708 0.5000000000
21408  43.636  -48.221  -37.631 0.6000000238
20385  49.807  -49.876  -44.852 0.4000000060
13425  46.518  -56.483  -28.422 0.1000000015
15316  45.873  -55.204  -28.904 0.1000000015
15315  46.754  -55.020  -28.889 0.1000000015
14411  48.609  -55.053  -29.237 0.1000000015
15332  46.189  -54.283  -29.142 0.1000000015
106723  46.750  -53.669  -29.182 0.1000000015
101094  46.832  -53.000  -29.097 0.1000000015
17182  45.963  -52.439  -28.796 0.1000000015
102763  47.036  -51.269  -28.672 0.1000000015
17183  44.985  -52.050  -28.743 0.1000000015
19148  46.178  -50.967  -28.427 0.2000000030
103282  46.091  -50.120  -28.294 0.2000000030
18135  44.838  -51.315  -28.564 0.1000000015
19149  45.227  -50.647  -28.342 0.2000000030
20279  43.546  -48.852  -29.522 0.3000000119
21304  43.604  -48.334  -28.991 0.3000000119
21302  45.212  -48.075  -28.134 0.2000000030
21330  43.513  -48.107  -29.495 0.3000000119
22377  44.339  -47.705  -28.381 0.2000000030
23465  43.398  -46.577  -29.152 0.3000000119
23488  43.395  -46.432  -30.136 0.4000000060
23573  43.161  -46.382  -39.036 0.5000000000
23564  43.024  -46.477  -38.164 0.5000000000
22490  43.052  -46.923  -37.469 0.5000000000
117907  43.117  -46.668  -31.680 0.5000000000
101141  42.364  -44.846  -37.552 0.5000000000
119963  42.192  -44.310  -36.398 0.5000000000
25666  42.317  -44.784  -36.692 0.5000000000
23556  42.745  -46.267  -37.294 0.5000000000
22480  42.941  -46.862  -36.730 0.6000000238
23509  42.617  -46.207  -32.961 0.5000000000
23508  43.063  -46.787  -32.441 0.5000000000
25655  42.006  -43.827  -35.937 0.5000000000
109874  42.163  -44.667  -35.957 0.5000000000
23546  42.606  -46.119  -36.467 0.6000000238
105196  43.316  -47.451  -35.286 0.5000000000
22471  43.252  -47.505  -36.202 0.5000000000
20408  52.584  -49.839  -45.450 0.4000000060
110891  51.447  -49.666  -45.483 0.4000000060
14434  50.680  -55.026  -30.076 0.1000000015
15329  49.255  -54.678  -29.555 0.1000000015
116444  49.511  -53.986  -29.888 0.1000000015
15331  47.314  -54.261  -29.200 0.1000000015
15330  48.102  -54.500  -29.323 0.1000000015
107256  48.095  -53.872  -29.461 0.1000000015
16233  48.771  -53.515  -29.680 0.1000000015
103153  48.108  -53.153  -29.484 0.1000000015
17197  48.699  -52.723  -29.651 0.1000000015
17181  47.116  -52.215  -28.912 0.1000000015
100919  48.008  -52.427  -29.321 0.1000000015
18152  47.865  -51.620  -29.067 0.1000000015
19147  47.818  -50.670  -28.827 0.2000000030
117870  47.379  -49.971  -28.587 0.2000000030
110588  47.327  -49.255  -28.545 0.2000000030
108194  46.336  -49.198  -28.289 0.2000000030
21301  46.279  -48.231  -28.328 0.2000000030
28443  46.368  -41.218  -33.999 0.2000000030
22376  45.034  -47.317  -28.194 0.2000000030
28444  45.445  -40.869  -33.769 0.2000000030
102246  44.862  -41.100  -33.079 0.2000000030
28433  45.132  -41.433  -32.445 0.2000000030
28426  44.824  -41.731  -31.762 0.2000000030
23445  43.676  -47.090  -28.695 0.2000000030
29364  44.518  -40.801  -33.824 0.2000000030
28445  44.062  -41.179  -33.144 0.2000000030
28435  43.624  -41.608  -32.593 0.2000000030
27555  43.174  -42.182  -32.271 0.2000000030
28427  43.893  -41.897  -31.726 0.3000000119
118790  43.369  -42.539  -31.643 0.2000000030
26600  43.216  -43.326  -31.246 0.4000000060
28462  43.359  -41.110  -34.422 0.2000000030
28461  43.775  -41.064  -33.861 0.3000000119
28446  43.122  -41.539  -33.805 0.3000000119
27556  42.637  -42.617  -32.843 0.4000000060
26618  42.805  -42.948  -32.049 0.3000000119
26601  42.575  -43.813  -31.887 0.4000000060
25589  42.501  -44.587  -31.906 0.5000000000
115405  43.064  -45.190  -30.817 0.4000000060
117289  43.089  -46.031  -31.036 0.5000000000
27585  42.018  -42.967  -36.396 0.5000000000
110273  42.119  -42.227  -35.991 0.4000000060
105739  42.221  -42.255  -35.256 0.4000000060
26641  42.078  -42.839  -34.569 0.4000000060
26628  42.200  -43.201  -33.554 0.4000000060
25622  42.116  -44.121  -33.348 0.5000000000
25605  42.290  -44.348  -32.555 0.5000000000
23499  42.830  -46.056  -32.035 0.5000000000
115003  41.928  -42.933  -35.533 0.5000000000
25648  41.928  -44.372  -35.214 0.5000000000
113958  42.030  -44.822  -34.636 0.5000000000
23538  42.494  -45.920  -35.746 0.5000000000
22472  42.863  -46.688  -35.752 0.5000000000
23518  42.537  -46.388  -33.978 0.5000000000
15347  52.033  -54.559  -30.691 0.1000000015
14433  51.502  -55.245  -30.337 0.1000000015
15348  51.100  -54.468  -30.436 0.1000000015
16246  51.476  -53.783  -30.642 0.1000000015
16248  50.203  -53.348  -30.272 0.1000000015
113391  51.000  -53.149  -30.525 0.1000000015
17212  50.607  -52.612  -30.369 0.1000000015
101040  49.292  -52.194  -29.781 0.1000000015
18150  49.920  -51.556  -29.862 0.1000000015
115419  48.582  -51.919  -29.470 0.1000000015
19174  48.790  -50.359  -29.228 0.2000000030
19173  49.733  -50.628  -29.618 0.2000000030
21300  46.982  -48.623  -28.468 0.2000000030
22375  45.887  -47.432  -28.315 0.2000000030
120685  46.864  -41.662  -33.566 0.1000000015
28432  45.901  -41.327  -33.070 0.2000000030
23444  44.412  -46.781  -28.387 0.2000000030
27561  47.918  -42.406  -33.535 0.1000000015
27562  47.354  -41.988  -33.088 0.1000000015
117126  46.616  -41.726  -32.787 0.1000000015
27543  46.439  -42.351  -31.412 0.1000000015
27544  45.494  -42.228  -31.287 0.1000000015
27530  43.861  -42.606  -31.083 0.1000000015
119844  43.433  -46.043  -29.483 0.3000000119
24491  43.775  -46.184  -28.702 0.2000000030
27529  44.548  -42.854  -30.616 0.1000000015
26580  43.883  -43.292  -30.561 0.1000000015
107237  43.467  -43.861  -30.585 0.3000000119
24544  43.416  -45.564  -30.062 0.2000000030
113029  42.176  -44.867  -33.156 0.5000000000
24565  42.421  -45.293  -32.515 0.5000000000
111764  42.098  -44.841  -33.899 0.5000000000
102685  42.230  -45.533  -34.390 0.5000000000
24577  42.290  -45.557  -33.488 0.5000000000
14455  52.900  -54.953  -30.944 0.1000000015
15363  53.452  -54.414  -31.313 0.1000000015
16259  52.871  -53.428  -31.237 0.1000000015
15364  52.691  -54.220  -31.050 0.1000000015
120426  52.338  -53.147  -31.001 0.1000000015
17221  52.445  -52.513  -31.030 0.1000000015
17210  51.801  -52.971  -30.758 0.1000000015
18167  50.702  -51.781  -30.264 0.1000000015
112618  51.497  -51.642  -30.530 0.1000000015
20278  48.740  -49.320  -29.058 0.2000000030
21299  47.696  -48.501  -28.644 0.2000000030
21329  48.476  -48.492  -28.891 0.2000000030
116966  46.660  -47.536  -28.487 0.2000000030
103340  46.506  -46.859  -28.510 0.2000000030
23443  45.513  -46.564  -28.375 0.2000000030
27552  47.917  -42.358  -32.511 0.1000000015
27527  46.009  -42.674  -30.742 0.1000000015
27528  45.220  -42.612  -30.768 0.1000000015
25532  44.988  -45.011  -28.703 0.1000000015
24490  44.676  -45.863  -28.504 0.2000000030
24489  45.689  -45.625  -28.542 0.2000000030
26578  45.403  -43.146  -30.244 0.1000000015
26579  44.543  -43.413  -30.195 0.1000000015
25572  44.003  -44.018  -29.938 0.2000000030
25550  43.754  -44.923  -29.479 0.2000000030
24515  44.038  -45.316  -28.819 0.2000000030
15362  54.367  -54.311  -31.532 0.1000000015
16256  55.453  -53.424  -31.684 0.1000000015
16258  53.780  -53.474  -31.476 0.1000000015
17219  54.292  -52.634  -31.547 0.1000000015
17220  53.342  -52.464  -31.368 0.1000000015
18165  52.189  -51.655  -30.777 0.1000000015
19189  51.184  -50.184  -30.073 0.1000000015
20276  50.404  -49.974  -29.720 0.1000000015
20293  50.975  -49.323  -29.844 0.1000000015
21327  50.228  -49.040  -29.588 0.1000000015
21328  49.364  -48.594  -29.298 0.2000000030
22373  48.068  -47.681  -28.766 0.2000000030
22374  47.295  -47.173  -28.641 0.2000000030
23440  48.007  -46.707  -28.839 0.2000000030
23441  47.164  -46.246  -28.684 0.2000000030
23442  46.323  -46.156  -28.532 0.2000000030
26640  49.501  -42.952  -33.824 0.1000000015
26617  48.782  -42.727  -32.396 0.1000000015
27526  46.942  -42.739  -30.787 0.1000000015
24488  46.586  -45.506  -28.672 0.2000000030
109821  48.560  -43.006  -31.007 0.1000000015
26599  47.836  -42.849  -30.886 0.1000000015
26560  45.964  -43.643  -29.639 0.1000000015
26561  44.946  -43.786  -29.672 0.1000000015
25548  45.465  -44.301  -29.159 0.2000000030
17227  56.116  -52.870  -31.727 0.1000000015
105018  54.888  -51.922  -31.546 0.1000000015
102236  53.930  -50.996  -31.331 0.1000000015
19187  52.593  -50.988  -30.810 0.1000000015
19188  51.828  -50.113  -30.371 0.1000000015
109282  50.089  -48.176  -29.521 0.2000000030
22397  50.416  -47.495  -29.652 0.1000000015
22398  49.550  -47.502  -29.388 0.1000000015
22399  48.753  -47.088  -29.129 0.2000000030
23462  49.395  -46.560  -29.434 0.1000000015
118537  50.498  -43.614  -31.507 0.1000000015
26598  49.845  -43.333  -31.492 0.1000000015
26574  50.142  -43.760  -30.957 0.1000000015
25570  49.631  -44.214  -30.388 0.1000000015
25544  49.111  -44.741  -29.773 0.1000000015
24512  48.505  -45.306  -29.351 0.1000000015
23463  48.652  -46.201  -29.217 0.1000000015
26627  49.220  -42.929  -33.226 0.1000000015
26616  49.585  -43.080  -32.309 0.1000000015
102574  49.073  -42.976  -31.547 0.1000000015
101256  49.215  -43.442  -30.793 0.1000000015
25571  48.738  -43.951  -30.099 0.1000000015
26558  47.856  -43.751  -29.838 0.1000000015
25546  47.370  -44.293  -29.390 0.1000000015
24513  47.724  -45.008  -29.131 0.1000000015
24514  46.916  -44.847  -28.937 0.1000000015
26575  48.279  -43.350  -30.463 0.1000000015
26559  46.940  -43.654  -29.710 0.1000000015
25531  46.018  -44.861  -28.772 0.1000000015
18175  54.706  -51.112  -31.446 0.1000000015
19186  53.001  -50.318  -30.877 0.1000000015
119430  52.791  -49.757  -30.722 0.1000000015
20292  51.639  -49.284  -30.213 0.1000000015
22427  51.212  -47.519  -30.017 0.1000000015
24553  52.051  -44.997  -31.287 0.1000000015
24541  51.485  -45.466  -30.683 0.1000000015
24542  50.788  -45.822  -30.195 0.1000000015
23487  50.705  -46.697  -29.864 0.1000000015
25604  51.712  -44.127  -32.487 0.1000000015
25586  52.515  -44.684  -32.110 0.1000000015
25568  51.278  -44.639  -30.955 0.1000000015
24510  50.068  -46.099  -29.746 0.1000000015
26596  51.090  -43.734  -31.898 0.1000000015
26597  50.901  -43.993  -31.234 0.1000000015
112705  50.833  -45.076  -30.493 0.1000000015
24543  50.061  -45.112  -30.064 0.1000000015
24511  49.315  -45.655  -29.564 0.1000000015
21352  52.893  -49.028  -30.736 0.1000000015
22424  53.012  -48.241  -30.829 0.1000000015
22426  51.928  -47.542  -30.465 0.1000000015
22425  52.691  -47.522  -30.801 0.1000000015
24552  52.798  -45.509  -31.577 0.1000000015
24540  52.215  -45.936  -30.967 0.1000000015
23485  52.293  -46.769  -30.752 0.1000000015
23486  51.535  -46.520  -30.403 0.1000000015
19215  44.741  -50.269  -33.531 0.4000000060
19209  44.162  -49.765  -32.895 0.4000000060
121818  44.144  -54.404  -31.156 0.1000000015
18186  43.393  -51.767  -32.134 0.2000000030
20304  43.463  -49.342  -31.206 0.4000000060
21369  43.425  -48.658  -30.939 0.4000000060
117231  46.361  -55.696  -28.660 0.1000000015
20251  44.376  -49.350  -28.519 0.3000000119
20249  46.803  -49.792  -28.431 0.2000000030
19175  43.859  -50.765  -29.308 0.2000000030
19151  44.018  -49.995  -28.863 0.2000000030
107293  43.601  -49.817  -29.576 0.2000000030
20294  43.459  -49.182  -30.339 0.3000000119
121499  44.593  -48.275  -28.292 0.2000000030
22428  43.460  -47.407  -30.016 0.3000000119
22495  43.258  -47.060  -38.735 0.5000000000
14391  47.133  -55.724  -28.606 0.1000000015
14412  47.684  -55.030  -29.016 0.1000000015
114103  48.730  -54.269  -29.536 0.1000000015
16234  47.457  -53.472  -29.312 0.1000000015
18134  45.537  -51.550  -28.508 0.1000000015
112380  46.887  -50.460  -28.513 0.1000000015
22400  43.466  -47.520  -29.079 0.3000000119
102399  42.615  -45.630  -37.861 0.5000000000
24616  42.471  -45.510  -37.021 0.5000000000
25678  42.404  -44.139  -38.182 0.5000000000
15349  50.344  -54.256  -30.197 0.1000000015
17196  49.393  -53.052  -29.964 0.1000000015
116790  47.528  -52.857  -29.264 0.1000000015
117748  48.454  -51.179  -29.244 0.1000000015
116619  48.058  -49.049  -28.732 0.2000000030
28434  44.338  -41.434  -32.413 0.2000000030
27545  44.620  -42.284  -31.162 0.1000000015
117762  43.521  -41.443  -33.276 0.2000000030
27563  43.040  -41.879  -33.034 0.3000000119
25588  42.919  -44.379  -31.153 0.4000000060
28447  42.654  -41.750  -34.632 0.5000000000
29374  44.083  -40.535  -34.747 0.2000000030
27564  42.549  -42.256  -33.701 0.4000000060
26619  42.380  -43.488  -32.679 0.5000000000
24554  42.746  -45.264  -31.563 0.5000000000
25573  43.415  -44.644  -30.310 0.3000000119
28479  42.450  -41.552  -36.417 0.5000000000
28473  42.582  -41.599  -35.580 0.5000000000
25638  41.914  -43.988  -34.334 0.5000000000
16247  50.788  -53.824  -30.452 0.1000000015
17213  50.002  -52.441  -30.117 0.1000000015
17211  51.231  -52.377  -30.538 0.1000000015
18151  49.137  -51.317  -29.547 0.1000000015
20277  49.559  -49.664  -29.431 0.2000000030
27554  45.886  -41.800  -32.087 0.1000000015
27553  46.947  -42.097  -32.213 0.1000000015
14454  53.572  -55.266  -31.184 0.1000000015
117426  51.838  -52.219  -30.728 0.1000000015
19172  50.547  -50.869  -29.947 0.1000000015
109098  48.848  -47.869  -29.095 0.2000000030
27559  48.876  -42.735  -33.787 0.1000000015
27560  48.500  -42.615  -33.333 0.1000000015
27542  47.396  -42.486  -31.532 0.1000000015
25549  44.460  -44.532  -29.218 0.2000000030
26577  46.460  -43.150  -30.201 0.1000000015
16257  54.664  -53.480  -31.599 0.1000000015
118227  55.857  -54.717  -31.724 0.1000000015
15361  55.246  -54.175  -31.667 0.1000000015
17218  55.159  -52.716  -31.624 0.1000000015
18176  54.080  -51.790  -31.457 0.1000000015
18177  52.833  -51.713  -31.110 0.1000000015
117721  53.429  -51.608  -31.305 0.1000000015
18166  51.888  -50.891  -30.524 0.1000000015
101622  51.214  -50.990  -30.286 0.1000000015
118399  51.520  -50.556  -30.318 0.1000000015
23464  47.917  -45.824  -28.958 0.1000000015
27541  48.282  -42.680  -31.602 0.1000000015
26576  47.400  -43.222  -30.283 0.1000000015
25547  46.457  -44.238  -29.252 0.1000000015
18185  55.713  -52.040  -31.604 0.1000000015
19200  53.202  -50.992  -31.106 0.1000000015
111780  52.409  -50.278  -30.617 0.1000000015
20291  52.307  -49.493  -30.514 0.1000000015
118536  51.288  -48.868  -29.982 0.1000000015
23461  50.032  -46.849  -29.595 0.1000000015
26614  50.933  -43.748  -32.926 0.1000000015
26615  50.389  -43.403  -32.160 0.1000000015
25569  50.492  -44.427  -30.663 0.1000000015
25545  48.240  -44.459  -29.550 0.1000000015
19199  53.667  -50.241  -31.145 0.1000000015
21353  52.286  -48.496  -30.523 0.1000000015
21354  51.548  -48.359  -30.191 0.1000000015
25587  51.634  -44.287  -31.639 0.1000000015
21368  53.640  -48.636  -31.085 0.1000000015
22437  52.962  -46.544  -31.280 0.1000000015
22436  53.553  -47.568  -31.241 0.1000000015
24564  53.285  -45.374  -32.214 0.1000000015
24576  53.035  -44.973  -33.008 0.1000000015
24551  53.399  -45.965  -31.772 0.1000000015
17247  47.945  -52.110  -36.120 0.1000000015
102761  48.847  -51.175  -35.836 0.1000000015
17236  47.874  -51.200  -35.582 0.1000000015
18200  46.621  -51.201  -34.867 0.1000000015
113334  46.243  -52.666  -35.572 0.1000000015
17238  45.878  -52.174  -35.061 0.1000000015
103003  48.590  -52.320  -36.474 0.2000000030
17232  45.252  -52.170  -34.620 0.1000000015
17246  49.592  -51.211  -36.291 0.2000000030
18217  50.016  -51.199  -36.714 0.2000000030
18216  51.323  -51.655  -37.300 0.2000000030
120037  49.337  -50.923  -36.073 0.2000000030
18199  47.223  -50.874  -35.220 0.2000000030
18208  48.599  -50.873  -35.841 0.2000000030
18198  47.772  -50.806  -35.624 0.2000000030
18192  46.650  -50.558  -34.873 0.3000000119
19220  46.074  -50.232  -34.508 0.3000000119
19226  46.991  -50.512  -35.363 0.3000000119
19219  46.467  -50.096  -34.900 0.3000000119
18219  48.823  -50.695  -36.228 0.2000000030
19234  48.014  -50.583  -36.026 0.2000000030
18228  51.646  -51.669  -37.770 0.2000000030
119260  47.592  -50.625  -35.705 0.2000000030
18229  50.531  -51.229  -37.133 0.2000000030
16380  51.772  -52.731  -41.819 0.1000000015
18218  49.609  -50.936  -36.480 0.2000000030
20324  46.238  -49.829  -35.175 0.4000000060
17278  53.644  -52.642  -40.135 0.1000000015
17274  52.723  -52.147  -38.603 0.1000000015
18231  48.526  -50.835  -37.401 0.2000000030
120683  47.418  -50.534  -36.734 0.2000000030
16369  52.722  -53.385  -41.068 0.1000000015
19236  46.267  -50.136  -36.104 0.4000000060
18245  52.659  -52.055  -39.818 0.2000000030
18236  51.530  -51.775  -39.298 0.2000000030
17285  52.287  -51.713  -42.079 0.1000000015
17283  52.916  -52.478  -40.819 0.1000000015
100961  52.333  -51.635  -41.490 0.1000000015
18237  50.246  -51.568  -38.852 0.2000000030
19243  47.846  -50.587  -36.997 0.2000000030
121480  46.749  -50.603  -37.568 0.4000000060
111725  52.535  -51.785  -40.872 0.1000000015
19251  47.275  -50.868  -38.431 0.4000000060
20334  45.447  -49.710  -36.109 0.4000000060
18247  50.589  -51.550  -40.246 0.3000000119
18246  51.781  -51.646  -40.370 0.2000000030
106556  45.488  -50.045  -36.927 0.4000000060
18239  48.084  -51.223  -38.933 0.3000000119
18248  48.811  -51.111  -40.665 0.4000000060
103400  49.536  -51.458  -40.157 0.3000000119
28469  48.091  -41.669  -34.937 0.1000000015
117783  47.136  -41.659  -34.342 0.1000000015
19244  46.023  -50.360  -37.212 0.4000000060
19253  45.816  -50.371  -38.222 0.5000000000
18249  47.916  -51.018  -40.188 0.4000000060
18238  48.846  -51.410  -39.542 0.3000000119
19259  47.328  -50.916  -39.515 0.4000000060
28470  47.367  -41.410  -34.984 0.1000000015
29383  47.786  -41.240  -35.398 0.1000000015
20341  45.265  -50.052  -37.771 0.4000000060
112900  44.692  -49.539  -38.190 0.5000000000
28459  46.622  -41.126  -34.722 0.1000000015
28460  45.916  -40.809  -34.411 0.1000000015
29385  46.493  -40.260  -35.684 0.1000000015
28471  46.785  -40.891  -35.230 0.1000000015
29373  45.111  -40.540  -34.500 0.1000000015
16314  47.625  -53.183  -36.527 0.1000000015
17237  46.843  -51.667  -35.318 0.1000000015
16315  46.981  -52.614  -36.032 0.1000000015
16297  45.607  -53.208  -35.369 0.1000000015
17229  44.257  -52.286  -33.659 0.1000000015
16329  49.301  -52.740  -37.062 0.1000000015
19235  47.058  -50.463  -36.326 0.3000000119
18230  49.307  -51.218  -37.989 0.2000000030
19252  46.360  -50.604  -38.630 0.4000000060
108458  45.911  -40.549  -35.114 0.1000000015
14626  44.448  -55.507  -47.259 0.1000000015
12703  45.332  -57.906  -50.031 0.1000000015
15536  43.903  -54.814  -47.191 0.1000000015
13654  45.460  -57.334  -48.615 0.1000000015
115392  44.306  -54.738  -46.561 0.1000000015
15525  43.630  -54.206  -46.818 0.1000000015
16428  42.449  -53.149  -46.731 0.1000000015
15537  43.323  -54.476  -47.505 0.1000000015
112850  40.229  -53.339  -36.179 0.1000000015
17300  41.621  -52.246  -43.422 0.1000000015
107066  41.173  -51.960  -44.703 0.1000000015
14625  45.232  -56.167  -46.926 0.1000000015
17313  42.132  -52.068  -44.778 0.1000000015
17325  42.607  -52.666  -45.778 0.1000000015
13636  45.661  -57.007  -47.478 0.1000000015
17347  41.923  -52.683  -46.345 0.1000000015
12702  46.002  -58.293  -49.383 0.1000000015
15408  40.477  -54.442  -34.690 0.1000000015
15435  40.817  -54.227  -36.348 0.1000000015
114744  41.115  -54.175  -37.221 0.1000000015
13503  40.760  -56.110  -33.972 0.1000000015
14504  40.499  -55.221  -34.142 0.1000000015
15424  40.844  -54.698  -35.500 0.1000000015
15423  41.215  -54.983  -36.203 0.1000000015
120299  41.306  -54.017  -38.188 0.1000000015
113052  41.032  -53.831  -41.164 0.1000000015
17288  41.576  -52.858  -42.793 0.1000000015
14607  44.955  -55.378  -46.386 0.1000000015
115435  44.035  -53.885  -46.049 0.1000000015
13627  45.901  -56.793  -46.637 0.1000000015
12701  46.650  -58.483  -48.750 0.1000000015
12711  45.909  -58.364  -50.618 0.1000000015
15434  41.377  -54.770  -36.947 0.1000000015
13502  41.420  -56.532  -34.293 0.1000000015
14503  41.139  -55.766  -34.583 0.1000000015
14525  40.871  -55.121  -34.866 0.1000000015
13531  41.827  -56.082  -35.896 0.1000000015
14539  41.817  -55.965  -37.281 0.1000000015
14540  41.648  -55.283  -37.514 0.1000000015
14548  41.703  -55.077  -38.457 0.1000000015
15459  41.469  -54.369  -39.746 0.1000000015
15471  41.365  -54.148  -40.578 0.1000000015
15482  41.695  -54.150  -41.500 0.1000000015
16385  41.476  -53.569  -42.269 0.1000000015
16384  42.255  -53.193  -42.454 0.1000000015
17287  42.316  -52.487  -43.009 0.1000000015
16404  43.790  -52.909  -44.592 0.1000000015
115442  45.354  -55.282  -45.750 0.1000000015
15514  44.783  -54.549  -45.665 0.1000000015
16413  44.351  -53.594  -45.136 0.1000000015
16414  43.560  -53.117  -45.490 0.1000000015
12677  46.336  -57.697  -47.129 0.1000000015
12689  46.185  -57.912  -48.128 0.1000000015
12613  42.142  -57.246  -38.349 0.1000000015
12557  41.232  -57.697  -33.620 0.1000000015
13520  41.710  -56.239  -35.069 0.1000000015
13530  42.051  -56.495  -36.619 0.1000000015
12603  42.328  -57.307  -37.215 0.1000000015
14547  41.815  -55.858  -38.122 0.1000000015
13558  41.871  -56.686  -40.198 0.1000000015
14570  41.860  -54.978  -40.740 0.1000000015
14569  42.617  -55.160  -41.204 0.1000000015
12570  41.687  -57.293  -34.037 0.1000000015
12569  42.358  -57.674  -34.416 0.1000000015
13501  42.053  -56.958  -34.714 0.1000000015
13519  42.203  -56.726  -35.601 0.1000000015
12592  42.570  -57.322  -36.218 0.1000000015
15470  42.057  -54.605  -41.412 0.1000000015
16373  42.047  -53.835  -42.001 0.1000000015
16383  43.043  -52.896  -42.680 0.1000000015
117096  43.673  -53.321  -42.467 0.1000000015
17297  43.812  -52.827  -43.790 0.1000000015
17298  43.039  -52.418  -43.449 0.1000000015
15508  45.085  -54.148  -44.577 0.1000000015
106051  42.593  -52.066  -44.081 0.1000000015
14606  45.943  -55.692  -45.269 0.1000000015
13617  46.290  -56.661  -45.893 0.1000000015
13626  46.506  -57.412  -46.418 0.1000000015
11744  47.226  -58.705  -48.083 0.1000000015
12688  46.863  -58.524  -47.636 0.1000000015
11743  47.868  -58.915  -47.404 0.1000000015
11734  47.574  -58.835  -46.992 0.1000000015
13548  41.887  -56.516  -38.832 0.1000000015
12556  41.932  -58.036  -33.813 0.1000000015
11618  42.596  -58.380  -34.178 0.1000000015
11630  42.952  -58.115  -34.896 0.1000000015
100913  42.733  -58.031  -36.859 0.1000000015
11653  42.490  -58.073  -37.930 0.1000000015
117214  41.849  -57.189  -39.503 0.1000000015
13559  41.934  -55.746  -40.405 0.1000000015
115628  42.232  -55.712  -40.946 0.1000000015
12580  42.618  -57.438  -35.249 0.1000000015
14574  42.882  -54.446  -41.538 0.1000000015
14568  43.588  -54.806  -41.233 0.1000000015
16372  43.031  -53.692  -42.022 0.1000000015
118339  43.786  -54.190  -41.557 0.1000000015
16393  45.021  -53.876  -42.925 0.1000000015
16382  44.316  -53.483  -42.647 0.1000000015
13616  46.796  -56.632  -44.981 0.1000000015
14598  46.453  -55.710  -44.260 0.1000000015
118700  45.793  -54.908  -44.438 0.1000000015
16402  44.926  -53.763  -43.706 0.1000000015
16403  44.444  -53.369  -44.212 0.1000000015
13602  47.550  -57.793  -44.532 0.1000000015
12667  47.140  -57.761  -45.740 0.1000000015
12676  47.031  -58.344  -46.700 0.1000000015
12687  48.505  -58.421  -47.282 0.1000000015
10707  41.748  -59.364  -33.279 0.1000000015
11604  41.346  -58.497  -33.409 0.1000000015
11617  43.116  -58.821  -34.630 0.1000000015
11629  43.258  -58.644  -35.371 0.1000000015
113545  41.940  -57.943  -39.244 0.1000000015
11603  42.203  -58.792  -33.648 0.1000000015
11642  43.036  -58.105  -35.899 0.1000000015
107357  42.765  -58.900  -37.328 0.1000000015
11662  42.185  -58.936  -38.683 0.1000000015
116798  41.651  -58.777  -40.262 0.1000000015
11684  41.699  -58.458  -41.101 0.1000000015
13572  42.235  -56.460  -40.772 0.1000000015
9851  41.343  -59.653  -40.862 0.1000000015
11683  42.117  -58.307  -41.359 0.1000000015
13571  42.729  -56.017  -40.971 0.1000000015
105500  43.387  -55.383  -41.046 0.1000000015
15469  44.275  -54.615  -41.290 0.1000000015
15481  44.517  -54.265  -41.670 0.1000000015
115235  44.752  -53.979  -42.214 0.1000000015
15501  45.565  -54.391  -42.723 0.1000000015
15506  46.154  -55.050  -43.673 0.1000000015
15507  45.564  -54.351  -43.538 0.1000000015
13603  47.213  -56.717  -43.861 0.1000000015
14587  46.735  -55.831  -43.125 0.1000000015
12666  47.768  -58.828  -45.200 0.1000000015
12675  47.683  -58.922  -46.047 0.1000000015
11733  47.910  -59.126  -46.177 0.1000000015
11732  48.328  -58.914  -46.416 0.1000000015
9830  42.139  -61.344  -37.591 0.1000000015
8907  41.852  -62.297  -38.723 0.1000000015
102528  42.031  -60.166  -33.146 0.1000000015
10706  42.577  -59.651  -33.616 0.1000000015
10720  43.208  -59.694  -34.373 0.1000000015
117284  43.455  -60.194  -35.161 0.1000000015
11641  43.254  -59.023  -36.236 0.1000000015
10742  42.154  -60.085  -38.041 0.1000000015
111204  41.980  -61.420  -39.668 0.1000000015
8928  41.986  -61.190  -40.742 0.1000000015
10721  42.775  -59.027  -34.025 0.1000000015
10735  42.926  -59.666  -36.928 0.1000000015
9868  41.486  -60.159  -41.141 0.1000000015
10774  42.579  -59.758  -41.401 0.1000000015
119082  42.767  -57.833  -41.177 0.1000000015
10776  41.422  -59.506  -41.206 0.1000000015
115806  42.086  -59.130  -41.544 0.1000000015
13570  43.910  -55.835  -40.653 0.1000000015
14567  44.407  -55.177  -40.867 0.1000000015
15468  44.920  -54.732  -41.286 0.1000000015
15491  45.170  -54.454  -41.831 0.1000000015
15479  45.838  -54.793  -42.048 0.1000000015
119336  45.274  -54.280  -42.363 0.1000000015
15500  46.110  -54.890  -42.825 0.1000000015
118666  47.293  -57.044  -42.740 0.1000000015
8889  42.902  -62.289  -35.543 0.1000000015
9792  42.647  -60.603  -33.432 0.1000000015
9816  43.358  -61.043  -35.372 0.1000000015
8899  42.107  -62.614  -36.658 0.1000000015
9793  41.544  -60.637  -32.798 0.1000000015
8864  42.146  -61.073  -32.957 0.1000000015
9791  43.033  -60.304  -33.854 0.1000000015
9824  42.900  -61.185  -36.388 0.1000000015
118964  42.746  -60.410  -37.007 0.1000000015
8913  42.306  -62.101  -39.813 0.1000000015
8054  42.608  -61.992  -40.422 0.1000000015
9866  43.296  -60.799  -41.030 0.1000000015
8927  42.694  -61.473  -40.850 0.1000000015
11682  43.873  -58.099  -40.399 0.1000000015
12634  43.510  -57.187  -40.626 0.1000000015
13557  44.371  -56.554  -40.296 0.1000000015
13569  45.085  -56.050  -40.268 0.1000000015
14566  45.366  -55.359  -40.847 0.1000000015
15480  45.526  -54.946  -41.453 0.1000000015
118982  46.150  -55.785  -41.120 0.1000000015
14578  47.017  -56.788  -41.960 0.1000000015
14579  46.564  -55.705  -42.048 0.1000000015
13592  47.873  -58.385  -42.784 0.1000000015
12642  48.274  -58.944  -41.593 0.1000000015
8862  43.276  -62.092  -33.706 0.1000000015
8015  41.956  -63.868  -35.595 0.1000000015
8028  41.836  -63.650  -37.510 0.1000000015
9807  43.398  -60.895  -34.361 0.1000000015
8025  41.254  -64.248  -36.341 0.1000000015
8037  43.605  -63.092  -40.076 0.1000000015
8052  44.351  -62.374  -40.265 0.1000000015
8926  44.056  -61.717  -40.585 0.1000000015
9849  45.039  -61.036  -40.274 0.1000000015
112536  44.556  -59.172  -40.057 0.1000000015
13556  45.397  -57.045  -39.947 0.1000000015
13568  46.071  -57.222  -40.068 0.1000000015
14565  45.798  -56.285  -40.465 0.1000000015
119042  46.947  -57.290  -39.749 0.1000000015
13578  47.218  -57.445  -40.461 0.1000000015
13585  46.912  -57.432  -40.848 0.1000000015
13584  47.695  -58.289  -41.024 0.1000000015
12641  48.418  -58.785  -41.465 0.1000000015
13583  49.509  -57.326  -42.358 0.1000000015
8878  43.337  -62.170  -34.592 0.1000000015
7115  41.617  -64.759  -36.978 0.1000000015
7131  42.958  -63.539  -39.405 0.1000000015
7130  43.843  -63.565  -39.396 0.1000000015
7124  42.485  -64.080  -38.298 0.1000000015
8912  45.787  -61.863  -40.252 0.1000000015
117482  45.725  -59.368  -39.648 0.1000000015
11673  45.152  -58.424  -39.688 0.1000000015
12623  45.893  -57.775  -39.624 0.1000000015
13579  46.496  -57.193  -40.274 0.1000000015
13577  47.848  -57.638  -40.737 0.1000000015
14573  49.652  -55.331  -41.292 0.1000000015
15478  50.861  -54.891  -41.840 0.1000000015
8003  43.627  -62.921  -34.133 0.1000000015
103261  42.110  -64.394  -35.234 0.1000000015
6289  42.161  -65.664  -36.537 0.1000000015
7121  44.780  -63.314  -38.445 0.1000000015
116440  44.858  -63.284  -39.160 0.1000000015
6268  40.694  -65.920  -35.590 0.1000000015
7123  43.070  -64.196  -38.651 0.1000000015
8911  46.415  -61.824  -39.840 0.1000000015
9848  46.629  -61.278  -40.058 0.1000000015
112978  46.052  -60.274  -40.078 0.1000000015
11672  45.922  -58.671  -39.327 0.1000000015
12622  46.466  -57.468  -39.271 0.1000000015
107801  46.211  -57.477  -39.847 0.1000000015
14537  51.098  -56.661  -37.418 0.1000000015
13545  51.283  -57.036  -37.345 0.1000000015
14545  50.591  -56.105  -38.135 0.1000000015
13546  49.074  -56.147  -38.169 0.1000000015
117577  47.958  -56.006  -38.812 0.1000000015
13555  46.721  -57.311  -39.502 0.1000000015
14544  51.116  -55.970  -37.783 0.1000000015
14546  48.706  -55.658  -39.004 0.1000000015
109019  47.249  -56.636  -39.070 0.1000000015
14538  50.674  -55.761  -37.401 0.1000000015
15441  51.120  -55.553  -37.890 0.1000000015
14553  51.133  -55.297  -38.557 0.1000000015
14554  49.725  -55.307  -39.312 0.1000000015
13553  48.517  -55.719  -39.854 0.1000000015
15449  51.788  -54.738  -38.445 0.1000000015
15458  50.609  -54.942  -39.704 0.1000000015
14564  48.622  -55.978  -40.665 0.1000000015
15465  53.618  -54.373  -39.612 0.1000000015
15467  50.618  -54.767  -40.838 0.1000000015
15466  52.363  -54.409  -40.703 0.1000000015
7084  43.208  -63.825  -35.057 0.1000000015
7094  43.387  -64.781  -35.623 0.1000000015
6288  43.234  -65.359  -36.574 0.1000000015
116558  42.333  -66.235  -35.123 0.1000000015
7113  44.645  -63.965  -37.388 0.1000000015
8031  45.596  -62.642  -38.868 0.1000000015
7129  45.742  -62.531  -39.213 0.1000000015
9839  46.565  -61.383  -40.032 0.1000000015
10762  45.996  -59.715  -39.510 0.1000000015
12612  46.245  -57.947  -38.945 0.1000000015
13538  47.115  -57.018  -37.867 0.1000000015
110937  50.812  -57.041  -37.418 0.1000000015
13536  49.263  -56.867  -37.418 0.1000000015
12587  51.394  -57.401  -37.147 0.1000000015
15443  49.286  -54.018  -37.397 0.1000000015
101669  51.253  -54.088  -37.927 0.1000000015
7990  44.790  -62.555  -33.222 0.1000000015
8013  44.257  -63.622  -35.162 0.1000000015
8002  44.362  -62.975  -34.184 0.1000000015
8023  44.807  -63.739  -36.709 0.1000000015
106245  44.945  -62.704  -36.934 0.1000000015
8024  44.570  -64.004  -35.926 0.1000000015
8027  44.793  -62.961  -37.807 0.1000000015
8902  45.279  -62.165  -38.194 0.1000000015
106044  45.801  -61.285  -38.685 0.1000000015
105970  46.033  -60.301  -39.126 0.1000000015
12602  46.175  -57.895  -38.011 0.1000000015
11661  45.973  -58.590  -38.822 0.1000000015
12601  46.678  -57.529  -37.499 0.1000000015
12611  46.563  -57.434  -38.371 0.1000000015
13535  51.395  -57.458  -37.145 0.1000000015
12598  50.756  -57.596  -36.935 0.1000000015
13537  47.944  -56.894  -37.441 0.1000000015
13529  50.140  -56.827  -36.443 0.1000000015
13528  50.995  -57.326  -36.761 0.1000000015
118753  47.758  -56.450  -38.211 0.1000000015
14531  49.446  -55.772  -36.599 0.1000000015
14530  50.847  -56.535  -36.873 0.1000000015
8001  44.875  -62.727  -34.369 0.1000000015
8012  44.737  -63.170  -35.405 0.1000000015
8898  44.919  -62.312  -36.014 0.1000000015
118237  44.928  -61.218  -36.955 0.1000000015
9829  45.291  -60.338  -37.746 0.1000000015
112645  45.446  -59.436  -37.661 0.1000000015
10752  45.775  -59.261  -38.636 0.1000000015
12591  46.297  -57.932  -37.184 0.1000000015
12600  47.540  -57.377  -37.050 0.1000000015
12590  46.975  -57.861  -36.693 0.1000000015
12599  49.051  -57.558  -36.808 0.1000000015
15430  49.875  -55.205  -37.145 0.1000000015
16313  48.417  -53.574  -36.901 0.1000000015
8877  45.718  -61.647  -34.030 0.1000000015
9815  45.598  -60.935  -34.817 0.1000000015
121898  45.043  -61.383  -35.693 0.1000000015
116466  45.365  -60.413  -35.699 0.1000000015
9823  45.258  -59.887  -36.656 0.1000000015
10733  45.763  -58.957  -36.512 0.1000000015
11652  45.798  -58.470  -37.554 0.1000000015
12589  48.605  -58.287  -36.270 0.1000000015
12577  50.083  -57.597  -36.430 0.1000000015
9806  46.822  -60.823  -34.096 0.1000000015
10729  46.092  -59.539  -35.616 0.1000000015
11640  46.385  -58.369  -36.558 0.1000000015
15432  47.165  -54.763  -36.137 0.1000000015
12588  49.842  -58.382  -36.192 0.1000000015
107117  47.698  -54.204  -36.570 0.1000000015
10719  46.611  -60.153  -34.748 0.1000000015
10728  48.078  -59.881  -34.950 0.1000000015
110994  49.861  -59.537  -35.187 0.1000000015
10727  49.546  -59.999  -34.975 0.1000000015
11626  49.930  -59.393  -35.171 0.1000000015
11639  47.576  -58.569  -35.980 0.1000000015
117634  49.040  -59.082  -35.641 0.1000000015
14521  47.663  -55.554  -35.920 0.1000000015
14520  48.916  -56.381  -36.024 0.1000000015
13515  50.233  -57.726  -35.919 0.1000000015
15433  46.894  -53.801  -36.255 0.1000000015
11614  50.057  -59.233  -35.060 0.1000000015
11627  48.746  -59.523  -35.328 0.1000000015
13516  48.880  -57.204  -35.558 0.1000000015
12578  49.912  -58.839  -35.265 0.1000000015
11638  49.735  -59.111  -35.504 0.1000000015
11625  49.691  -58.975  -35.619 0.1000000015
17290  40.183  -53.230  -42.990 0.1000000015
17299  42.263  -52.140  -43.597 0.1000000015
17314  41.739  -51.859  -44.005 0.1000000015
13637  44.895  -56.435  -47.853 0.1000000015
17324  43.033  -52.449  -44.796 0.1000000015
118581  43.240  -53.442  -46.386 0.1000000015
16443  42.947  -53.774  -47.169 0.1000000015
16298  40.397  -53.841  -35.383 0.1000000015
17315  40.848  -52.055  -43.924 0.1000000015
17301  40.887  -52.673  -43.195 0.1000000015
17326  41.595  -52.261  -45.597 0.1000000015
14524  41.355  -55.491  -35.544 0.1000000015
119358  41.423  -53.903  -41.794 0.1000000015
14615  45.599  -55.980  -46.150 0.1000000015
14533  41.632  -55.586  -36.580 0.1000000015
13539  42.008  -56.564  -37.684 0.1000000015
14556  41.730  -54.985  -39.536 0.1000000015
14555  41.825  -55.769  -39.283 0.1000000015
120270  42.380  -54.130  -41.699 0.1000000015
17312  43.276  -52.441  -44.122 0.1000000015
14599  45.418  -54.864  -45.152 0.1000000015
12625  41.777  -57.726  -40.382 0.1000000015
16395  43.760  -52.952  -43.048 0.1000000015
16371  44.070  -53.722  -41.997 0.1000000015
16394  44.404  -53.340  -43.387 0.1000000015
119280  43.006  -58.498  -36.590 0.1000000015
12636  42.040  -57.540  -40.904 0.1000000015
12635  42.509  -57.137  -40.948 0.1000000015
10730  43.407  -59.380  -35.323 0.1000000015
10753  41.858  -59.892  -39.512 0.1000000015
11685  41.657  -59.015  -41.322 0.1000000015
9850  41.757  -60.565  -40.269 0.1000000015
107490  42.919  -58.812  -41.288 0.1000000015
115114  43.226  -56.487  -40.833 0.1000000015
111327  48.324  -58.767  -44.102 0.1000000015
102855  48.065  -59.123  -45.247 0.1000000015
8903  41.818  -62.560  -37.639 0.1000000015
9840  41.828  -61.195  -38.788 0.1000000015
10734  43.325  -60.090  -36.084 0.1000000015
9867  42.067  -60.430  -41.295 0.1000000015
10773  44.005  -60.021  -40.628 0.1000000015
108650  47.509  -58.202  -41.373 0.1000000015
12647  48.662  -59.106  -42.577 0.1000000015
8032  42.317  -63.121  -39.090 0.1000000015
8053  43.262  -62.375  -40.472 0.1000000015
12624  44.712  -57.440  -39.951 0.1000000015
11695  48.847  -59.305  -42.005 0.1000000015
8036  45.038  -62.641  -39.704 0.1000000015
13576  49.186  -56.408  -41.682 0.1000000015
107748  50.304  -55.468  -42.132 0.1000000015
8014  43.009  -63.349  -35.002 0.1000000015
7122  43.949  -63.927  -38.571 0.1000000015
13567  47.589  -56.773  -40.054 0.1000000015
14563  49.394  -55.212  -40.377 0.1000000015
7114  44.185  -64.527  -37.540 0.1000000015
112538  46.457  -60.748  -40.005 0.1000000015
13554  47.777  -56.212  -39.380 0.1000000015
13547  46.943  -56.978  -38.716 0.1000000015
15442  50.335  -54.673  -37.632 0.1000000015
15457  52.198  -54.778  -38.933 0.1000000015
110251  51.665  -54.635  -39.987 0.1000000015
14532  48.143  -55.195  -36.385 0.1000000015
15431  48.729  -54.644  -36.857 0.1000000015
11628  46.843  -58.993  -35.722 0.1000000015
19260  46.535  -50.592  -39.542 0.4000000060
18253  49.901  -51.167  -41.129 0.3000000119
18254  48.932  -50.855  -41.447 0.3000000119
19267  47.103  -50.581  -40.299 0.4000000060
19266  48.187  -50.683  -41.185 0.3000000119
117049  46.489  -50.251  -40.408 0.4000000060
121071  50.948  -50.303  -49.992 0.1000000015
19370  52.452  -50.854  -49.216 0.1000000015
103075  53.508  -51.154  -48.435 0.2000000030
103910  53.273  -49.836  -45.970 0.3000000119
20371  45.751  -49.249  -42.672 0.4000000060
110364  50.353  -49.692  -45.399 0.4000000060
19336  53.789  -50.614  -46.649 0.2000000030
19307  48.178  -50.206  -44.241 0.4000000060
20370  46.314  -49.661  -42.527 0.4000000060
107566  50.234  -50.225  -49.954 0.1000000015
19354  54.202  -50.930  -47.525 0.3000000119
20386  48.655  -49.964  -44.964 0.4000000060
19294  47.312  -50.008  -44.144 0.4000000060
106836  46.613  -49.717  -44.018 0.4000000060
19388  50.812  -50.257  -50.605 0.1000000015
19368  54.794  -50.810  -48.932 0.2000000030
20421  54.175  -49.915  -46.689 0.3000000119
112549  51.593  -49.479  -46.274 0.3000000119
20387  47.707  -49.933  -44.922 0.4000000060
21432  43.895  -47.953  -40.609 0.4000000060
22500  43.327  -46.996  -39.589 0.4000000060
119413  50.334  -49.502  -46.086 0.4000000060
20397  49.238  -49.645  -45.735 0.4000000060
20379  46.055  -49.449  -43.444 0.4000000060
108363  51.806  -50.360  -51.286 0.2000000030
107567  51.959  -50.475  -50.141 0.2000000030
107568  53.759  -51.067  -49.740 0.2000000030
20438  54.774  -50.002  -47.944 0.2000000030
20422  52.080  -49.364  -47.040 0.3000000119
120556  50.312  -49.333  -46.791 0.3000000119
19404  50.613  -50.366  -51.555 0.1000000015
20398  48.111  -49.688  -45.646 0.4000000060
120867  53.234  -49.601  -46.930 0.3000000119
20409  49.381  -49.390  -46.645 0.4000000060
20388  46.822  -49.591  -44.836 0.4000000060
21434  45.216  -48.802  -42.330 0.5000000000
21435  44.459  -48.261  -41.923 0.5000000000
22509  43.566  -47.324  -40.310 0.4000000060
20410  48.411  -49.432  -46.426 0.4000000060
20389  46.072  -49.335  -44.373 0.4000000060
21438  45.387  -48.844  -43.199 0.5000000000
21439  44.827  -48.216  -42.865 0.5000000000
22514  43.726  -47.312  -41.176 0.4000000060
19387  53.236  -50.555  -50.875 0.2000000030
112784  54.695  -50.849  -49.652 0.2000000030
20453  54.855  -50.123  -49.220 0.2000000030
20439  53.902  -49.661  -47.547 0.4000000060
20454  54.050  -49.639  -48.867 0.2000000030
20440  52.418  -49.192  -47.839 0.3000000119
20423  50.809  -49.172  -47.296 0.3000000119
21448  45.504  -48.948  -43.982 0.5000000000
22513  43.955  -47.695  -41.816 0.5000000000
23582  43.431  -46.484  -40.571 0.4000000060
120127  43.141  -45.883  -39.247 0.4000000060
20441  51.202  -48.945  -47.989 0.4000000060
20425  48.643  -49.190  -47.237 0.4000000060
20399  47.364  -49.555  -45.464 0.4000000060
19386  54.348  -50.593  -50.457 0.2000000030
19403  52.612  -50.340  -51.904 0.2000000030
20465  54.823  -49.993  -50.384 0.2000000030
24652  43.152  -45.287  -39.486 0.4000000060
20466  54.494  -49.695  -49.983 0.2000000030
20424  49.612  -49.106  -47.520 0.3000000119
20411  47.445  -49.284  -46.220 0.4000000060
21453  46.089  -49.100  -45.190 0.4000000060
104197  51.464  -50.624  -52.323 0.2000000030
19401  54.486  -50.068  -50.913 0.2000000030
20455  52.843  -49.047  -48.729 0.3000000119
21491  51.566  -48.673  -48.806 0.4000000060
115398  42.947  -45.691  -38.713 0.4000000060
20442  50.239  -48.888  -48.057 0.3000000119
21454  45.525  -48.819  -44.694 0.5000000000
22517  44.280  -47.494  -42.522 0.5000000000
26654  42.273  -43.905  -37.008 0.4000000060
19420  52.053  -50.567  -52.819 0.2000000030
19402  53.825  -50.211  -51.406 0.2000000030
20412  46.692  -48.902  -46.352 0.4000000060
23587  43.583  -46.510  -41.603 0.5000000000
24651  43.322  -45.551  -40.380 0.4000000060
28472  43.198  -40.974  -35.161 0.4000000060
19436  51.654  -50.840  -53.659 0.2000000030
19418  53.833  -49.520  -52.068 0.2000000030
21514  54.036  -49.103  -50.988 0.2000000030
21515  53.328  -49.028  -49.868 0.2000000030
21493  49.332  -48.643  -48.594 0.4000000060
21463  44.912  -48.209  -44.803 0.5000000000
22528  44.595  -47.556  -43.376 0.5000000000
104938  51.169  -51.098  -53.147 0.2000000030
21492  50.382  -48.604  -48.845 0.4000000060
21462  45.488  -48.480  -45.463 0.5000000000
21449  44.959  -48.315  -43.837 0.5000000000
29389  43.038  -40.924  -36.033 0.2000000030
26664  42.328  -43.391  -37.753 0.4000000060
25692  42.880  -44.568  -38.987 0.4000000060
19419  53.135  -50.031  -52.439 0.2000000030
21505  52.063  -48.445  -49.716 0.4000000060
101371  43.425  -45.677  -41.259 0.4000000060
25703  43.150  -44.448  -39.728 0.4000000060
19435  52.534  -50.022  -53.408 0.2000000030
20477  54.143  -49.429  -51.469 0.2000000030
20485  53.402  -49.283  -53.149 0.2000000030
111887  42.412  -42.689  -37.865 0.4000000060
26690  42.740  -43.811  -38.983 0.4000000060
26697  43.075  -43.692  -39.732 0.4000000060
21469  47.030  -48.795  -46.954 0.3000000119
22534  44.589  -47.544  -44.235 0.5000000000
23593  43.902  -46.668  -42.445 0.5000000000
108585  43.290  -44.867  -40.230 0.4000000060
21479  48.757  -48.900  -47.967 0.4000000060
21481  47.398  -48.651  -47.540 0.3000000119
21461  46.104  -48.713  -45.992 0.4000000060
22544  44.567  -47.366  -45.117 0.5000000000
111520  53.792  -48.766  -52.494 0.2000000030
27611  42.612  -42.461  -38.575 0.4000000060
24661  43.630  -45.771  -42.250 0.5000000000
21470  46.203  -48.306  -46.908 0.4000000060
22543  44.969  -47.811  -45.707 0.5000000000
23603  44.075  -46.168  -42.967 0.5000000000
21471  45.506  -48.069  -46.315 0.5000000000
102617  47.547  -50.494  -40.921 0.4000000060
19295  46.929  -49.967  -43.221 0.4000000060
106244  42.197  -42.872  -37.183 0.4000000060
26676  42.504  -43.270  -38.434 0.4000000060
24671  44.229  -46.184  -43.771 0.5000000000
19291  51.325  -50.523  -43.359 0.3000000119
19279  50.463  -50.660  -42.676 0.3000000119
19280  49.165  -50.561  -42.780 0.2000000030
118442  48.451  -50.585  -42.100 0.2000000030
18264  52.353  -50.889  -43.486 0.2000000030
120522  52.120  -50.578  -43.609 0.3000000119
19304  51.803  -50.300  -43.973 0.3000000119
19305  50.493  -50.171  -44.083 0.3000000119
19303  52.647  -50.632  -44.527 0.2000000030
20395  52.715  -50.352  -44.829 0.2000000030
104193  53.326  -51.065  -47.276 0.2000000030
115431  50.340  -52.018  -54.474 0.1000000015
18406  49.518  -52.486  -55.495 0.1000000015
23677  50.958  -45.493  -52.485 0.1000000015
18258  52.158  -51.197  -41.800 0.1000000015
19270  51.055  -50.894  -41.910 0.2000000030
19271  49.602  -50.782  -42.020 0.2000000030
19278  51.920  -50.842  -42.586 0.2000000030
17286  51.522  -52.381  -42.533 0.1000000015
18265  51.972  -51.494  -43.474 0.1000000015
17295  51.149  -52.295  -43.305 0.1000000015
18274  51.294  -51.914  -43.989 0.1000000015
101620  50.870  -51.690  -53.957 0.1000000015
22602  53.497  -47.413  -53.965 0.1000000015
22603  53.196  -47.027  -53.383 0.1000000015
22597  51.943  -46.372  -52.132 0.1000000015
121840  53.134  -47.416  -55.468 0.1000000015
22604  52.365  -46.202  -52.981 0.1000000015
23667  51.435  -45.730  -52.520 0.1000000015
22590  50.780  -46.157  -50.898 0.1000000015
23676  51.861  -45.909  -53.118 0.1000000015
24736  50.296  -44.897  -51.432 0.1000000015
23654  49.482  -45.992  -49.801 0.1000000015
24729  49.652  -45.017  -50.191 0.1000000015
24730  49.071  -44.728  -49.637 0.1000000015
18257  52.190  -51.141  -42.521 0.2000000030
17294  52.085  -51.460  -42.835 0.1000000015
21506  50.771  -48.150  -49.707 0.1000000015
21495  47.433  -48.170  -48.321 0.3000000119
20492  53.026  -49.124  -54.262 0.1000000015
21538  53.589  -48.301  -53.992 0.1000000015
21525  53.712  -48.569  -52.038 0.1000000015
21516  51.551  -47.821  -50.511 0.1000000015
120067  50.119  -47.604  -49.877 0.2000000030
22569  48.031  -47.715  -48.975 0.3000000119
112987  45.928  -47.019  -48.083 0.3000000119
23628  44.886  -46.792  -46.846 0.3000000119
19453  50.872  -51.337  -55.144 0.1000000015
21526  52.172  -47.583  -51.404 0.1000000015
21517  50.728  -47.314  -50.382 0.1000000015
21508  48.816  -48.014  -49.269 0.2000000030
20497  52.663  -48.949  -55.361 0.1000000015
22591  50.137  -46.676  -50.183 0.1000000015
23645  47.756  -45.916  -48.731 0.2000000030
23636  46.229  -46.027  -47.990 0.3000000119
24721  48.441  -44.617  -49.062 0.1000000015
24722  47.865  -44.623  -48.615 0.2000000030
24715  45.874  -45.264  -47.404 0.4000000060
25782  49.198  -43.804  -50.059 0.1000000015
25765  47.473  -43.958  -48.327 0.3000000119
17258  50.475  -51.746  -36.862 0.1000000015
17267  52.526  -52.147  -37.732 0.1000000015
24672  43.888  -45.498  -43.174 0.4000000060
23612  44.405  -46.756  -44.493 0.4000000060
22561  45.494  -47.434  -47.215 0.3000000119
22551  44.685  -47.057  -45.962 0.4000000060
23620  44.504  -46.512  -45.328 0.4000000060
24703  45.068  -45.890  -46.938 0.4000000060
103522  44.640  -44.800  -45.793 0.4000000060
120356  45.360  -45.059  -46.810 0.5000000000
24714  46.713  -44.932  -47.856 0.3000000119
25757  45.806  -44.170  -47.115 0.5000000000
26781  48.656  -43.242  -49.450 0.2000000030
25774  48.658  -43.444  -49.449 0.1000000015
112751  46.659  -43.992  -47.689 0.4000000060
25797  48.948  -44.141  -50.833 0.1000000015
25790  49.017  -43.621  -50.198 0.1000000015
26773  48.480  -42.833  -49.138 0.2000000030
25775  48.332  -43.389  -48.873 0.2000000030
23679  48.484  -46.416  -52.246 0.1000000015
24747  48.693  -44.857  -51.295 0.1000000015
25783  48.379  -42.805  -49.087 0.2000000030
23670  48.078  -46.004  -51.650 0.1000000015
25715  43.444  -44.937  -41.823 0.4000000060
107467  43.350  -44.892  -40.966 0.3000000119
109202  43.593  -44.994  -42.578 0.4000000060
24681  44.345  -45.892  -44.694 0.4000000060
24693  44.556  -45.633  -45.536 0.4000000060
24682  44.014  -45.197  -44.090 0.4000000060
24704  44.884  -45.353  -46.298 0.4000000060
25758  44.647  -43.947  -46.060 0.4000000060
25748  44.334  -44.360  -45.405 0.4000000060
118517  45.102  -44.452  -46.489 0.5000000000
26757  45.448  -43.300  -46.865 0.4000000060
26767  47.206  -42.995  -48.243 0.3000000119
25766  46.467  -42.998  -47.602 0.4000000060
24739  46.335  -45.369  -50.487 0.2000000030
25792  47.314  -44.220  -50.181 0.2000000030
26775  47.319  -43.094  -48.413 0.2000000030
23663  46.650  -45.963  -50.959 0.1000000015
104403  47.173  -45.149  -50.695 0.2000000030
20509  46.590  -49.510  -55.800 0.1000000015
25707  43.416  -44.168  -41.482 0.4000000060
113269  43.488  -43.935  -43.321 0.4000000060
26748  43.733  -43.696  -44.624 0.4000000060
25738  43.722  -44.263  -44.094 0.4000000060
26758  44.526  -42.978  -46.288 0.4000000060
26747  44.063  -43.598  -45.394 0.4000000060
26768  46.162  -42.401  -47.484 0.4000000060
27695  45.436  -42.235  -46.992 0.4000000060
27698  46.745  -42.340  -47.999 0.3000000119
24732  45.177  -44.831  -49.896 0.2000000030
25784  47.509  -43.193  -49.334 0.2000000030
102420  47.911  -42.704  -48.892 0.2000000030
111772  46.172  -46.579  -51.449 0.2000000030
20524  45.272  -49.728  -56.395 0.1000000015
20523  46.226  -49.827  -56.432 0.1000000015
20501  45.980  -49.120  -55.052 0.1000000015
27627  42.749  -43.046  -39.175 0.3000000119
26702  43.420  -43.419  -41.096 0.4000000060
26696  43.281  -43.377  -40.401 0.3000000119
27658  43.449  -42.484  -42.446 0.4000000060
110090  43.492  -41.852  -43.135 0.4000000060
26729  43.402  -43.324  -42.926 0.4000000060
27681  43.499  -42.496  -44.295 0.4000000060
27669  43.425  -42.580  -43.442 0.4000000060
27689  43.930  -42.661  -45.646 0.4000000060
107389  43.629  -43.023  -44.856 0.4000000060
27696  44.438  -42.071  -46.413 0.4000000060
28593  43.876  -41.837  -45.634 0.3000000119
28604  45.350  -41.433  -47.468 0.3000000119
27701  46.173  -42.129  -47.717 0.3000000119
27699  45.939  -41.807  -47.601 0.3000000119
28600  45.433  -41.347  -46.989 0.3000000119
25793  44.394  -44.700  -50.050 0.2000000030
25786  44.989  -44.201  -49.467 0.2000000030
26783  45.615  -43.194  -48.817 0.3000000119
26777  45.604  -42.404  -48.364 0.2000000030
24740  45.409  -45.526  -50.392 0.2000000030
23664  45.731  -46.141  -50.858 0.2000000030
28499  42.871  -41.639  -38.623 0.3000000119
28498  43.224  -40.959  -38.669 0.3000000119
28512  42.924  -42.230  -39.332 0.3000000119
27626  43.238  -42.057  -40.143 0.4000000060
27634  43.115  -42.859  -39.919 0.3000000119
28525  43.461  -41.835  -41.777 0.3000000119
106071  43.508  -41.164  -41.246 0.4000000060
28546  43.510  -41.118  -42.915 0.4000000060
103751  43.464  -41.044  -42.120 0.4000000060
28563  43.533  -41.317  -43.692 0.4000000060
112303  43.480  -41.980  -43.826 0.4000000060
29516  43.652  -40.746  -44.332 0.3000000119
28581  43.593  -41.669  -44.579 0.4000000060
29529  45.359  -39.760  -46.978 0.3000000119
29530  45.319  -40.512  -46.877 0.2000000030
107231  45.120  -39.838  -46.583 0.2000000030
29515  43.978  -40.085  -45.029 0.2000000030
29524  43.910  -40.966  -45.324 0.3000000119
29533  44.741  -40.649  -47.829 0.3000000119
28599  45.444  -41.187  -47.210 0.3000000119
28592  44.486  -41.193  -46.315 0.2000000030
26785  43.634  -43.151  -49.965 0.2000000030
27704  43.811  -42.191  -49.418 0.3000000119
27702  44.747  -41.937  -48.373 0.3000000119
118688  42.924  -41.049  -37.834 0.3000000119
28487  42.409  -41.583  -37.169 0.3000000119
102322  42.562  -41.900  -37.888 0.3000000119
30527  43.784  -39.777  -43.131 0.3000000119
114040  44.523  -38.393  -44.805 0.2000000030
30544  44.196  -39.170  -44.679 0.2000000030
30545  43.748  -39.877  -44.035 0.2000000030
31503  45.017  -38.461  -46.355 0.2000000030
30551  44.569  -39.559  -45.753 0.2000000030
22607  47.926  -47.215  -52.658 0.1000000015
23680  47.482  -46.756  -52.098 0.1000000015
28608  43.540  -41.607  -49.778 0.3000000119
24741  44.607  -45.459  -50.460 0.2000000030
19272  47.591  -50.399  -41.706 0.3000000119
19292  49.815  -50.417  -43.439 0.3000000119
20396  52.448  -49.955  -44.949 0.2000000030
18252  51.425  -51.302  -41.150 0.2000000030
108845  52.663  -48.390  -50.725 0.1000000015
29403  42.864  -40.905  -36.898 0.3000000119
121779  53.129  -48.230  -51.549 0.1000000015
112515  43.306  -44.134  -40.532 0.3000000119
21482  46.770  -48.220  -47.644 0.2000000030
21507  49.723  -48.151  -49.411 0.2000000030
21531  53.534  -47.971  -52.777 0.1000000015
19277  52.254  -50.810  -43.311 0.2000000030
18263  52.556  -50.816  -44.189 0.1000000015
20383  52.406  -50.309  -44.471 0.2000000030
23668  50.854  -45.190  -51.980 0.1000000015
21545  53.361  -48.091  -55.178 0.1000000015
22617  53.147  -46.810  -54.307 0.1000000015
22596  52.860  -47.435  -52.370 0.1000000015
22589  51.337  -46.933  -51.166 0.1000000015
22598  51.231  -45.738  -51.735 0.1000000015
23662  50.242  -45.350  -50.674 0.1000000015
23655  48.577  -45.932  -49.254 0.1000000015
22571  46.668  -47.541  -48.224 0.3000000119
22580  49.478  -47.338  -49.637 0.2000000030
22570  47.382  -47.218  -48.684 0.3000000119
23637  45.453  -46.463  -47.542 0.4000000060
23629  44.710  -46.222  -46.164 0.4000000060
120684  48.009  -46.877  -49.065 0.3000000119
23646  46.785  -46.590  -48.371 0.3000000119
24723  47.158  -45.373  -48.252 0.3000000119
25725  43.670  -44.682  -43.301 0.4000000060
25749  44.001  -44.291  -44.834 0.4000000060
24738  48.233  -44.302  -50.642 0.2000000030
25791  48.388  -43.323  -49.755 0.2000000030
104915  43.465  -44.190  -42.470 0.4000000060
120731  44.019  -44.708  -44.500 0.4000000060
25785  46.046  -43.814  -49.334 0.2000000030
26716  43.455  -43.381  -41.976 0.4000000060
26782  46.983  -42.968  -48.742 0.2000000030
105497  43.440  -41.963  -40.951 0.4000000060
27633  43.357  -42.730  -40.673 0.4000000060
29532  45.245  -40.603  -47.121 0.3000000119
25787  44.333  -43.784  -49.579 0.2000000030
26784  44.483  -42.772  -49.047 0.2000000030
28518  43.443  -41.284  -40.398 0.4000000060
101875  45.215  -38.937  -46.940 0.2000000030
106630  45.069  -39.239  -46.476 0.2000000030
29523  44.500  -40.331  -46.031 0.2000000030
28511  43.256  -41.330  -39.476 0.2000000030
29452  43.557  -40.709  -39.916 0.3000000119
29437  43.518  -40.389  -38.286 0.2000000030
19315  52.753  -50.601  -44.936 0.1000000015
18302  52.345  -51.118  -45.812 0.1000000015
18301  53.027  -50.564  -45.627 0.1000000015
20407  52.926  -50.228  -45.306 0.1000000015
18319  52.870  -51.045  -46.436 0.1000000015
19322  53.682  -50.079  -46.194 0.1000000015
29388  43.730  -40.387  -35.681 0.1000000015
29402  43.532  -40.310  -36.528 0.1000000015
30415  44.807  -39.560  -36.737 0.1000000015
29417  43.449  -40.330  -37.417 0.1000000015
30416  44.043  -39.791  -37.062 0.1000000015
30435  44.000  -39.834  -37.921 0.1000000015
30453  44.591  -39.463  -38.419 0.1000000015
29447  43.569  -40.505  -39.171 0.1000000015
30454  43.995  -39.899  -38.820 0.1000000015
30466  44.566  -39.473  -39.363 0.2000000030
29460  43.686  -40.291  -41.625 0.2000000030
30467  43.925  -40.021  -39.873 0.2000000030
106267  44.549  -39.486  -40.468 0.2000000030
105633  43.661  -40.540  -40.646 0.2000000030
108705  45.369  -39.136  -39.942 0.2000000030
30474  43.981  -39.908  -40.868 0.2000000030
29482  43.612  -40.386  -42.590 0.2000000030
31474  44.459  -38.556  -43.198 0.1000000015
30472  46.372  -39.055  -40.041 0.2000000030
30485  44.116  -39.599  -41.555 0.2000000030
30508  43.889  -39.692  -42.299 0.1000000015
31455  44.646  -38.621  -42.504 0.1000000015
30507  44.184  -39.149  -42.797 0.1000000015
121437  44.351  -40.126  -35.593 0.1000000015
29401  44.204  -39.897  -36.227 0.1000000015
30401  44.889  -39.756  -35.977 0.1000000015
30433  45.594  -39.293  -37.307 0.1000000015
30434  44.667  -39.466  -37.595 0.1000000015
29540  43.701  -40.825  -49.655 0.2000000030
28605  44.503  -41.223  -48.227 0.2000000030
28607  43.909  -41.411  -49.036 0.2000000030
30559  44.820  -39.921  -47.665 0.2000000030
111066  43.986  -40.102  -49.144 0.2000000030
115897  44.275  -40.136  -48.408 0.2000000030
112173  43.987  -40.104  -49.858 0.2000000030
30562  44.330  -39.400  -48.568 0.1000000015
30570  44.198  -39.457  -49.552 0.2000000030
103045  44.881  -39.159  -47.572 0.2000000030
31518  44.410  -38.681  -49.206 0.1000000015
32426  44.738  -37.894  -48.906 0.1000000015
31509  44.586  -38.513  -48.299 0.1000000015
32434  45.401  -37.644  -50.321 0.1000000015
30464  46.187  -38.996  -39.101 0.1000000015
111033  44.951  -37.950  -46.978 0.1000000015
32412  44.760  -37.742  -47.985 0.1000000015
31506  44.865  -38.464  -47.464 0.1000000015
32425  45.261  -37.404  -49.532 0.1000000015
33375  45.723  -37.063  -50.063 0.1000000015
33365  45.657  -36.648  -49.467 0.1000000015
33385  46.563  -36.549  -51.251 0.1000000015
118747  47.738  -39.871  -39.668 0.1000000015
30463  47.102  -39.342  -39.390 0.1000000015
31496  44.698  -38.785  -45.610 0.1000000015
33352  45.677  -36.251  -48.814 0.1000000015
33374  46.216  -36.396  -50.245 0.1000000015
33364  46.146  -35.966  -49.371 0.1000000015
30470  48.152  -40.045  -40.234 0.1000000015
31417  45.900  -38.836  -40.654 0.1000000015
33345  45.343  -36.312  -46.136 0.1000000015
32397  44.860  -37.879  -45.446 0.1000000015
34293  45.712  -35.651  -46.565 0.1000000015
32407  45.032  -37.019  -46.617 0.1000000015
32408  45.022  -37.720  -46.255 0.1000000015
34297  45.817  -35.692  -47.469 0.1000000015
33348  45.352  -36.304  -47.064 0.1000000015
121079  46.224  -35.318  -47.693 0.1000000015
107772  45.460  -36.262  -48.017 0.1000000015
32415  45.175  -37.003  -48.628 0.1000000015
35188  47.328  -34.309  -48.297 0.1000000015
33351  46.158  -35.572  -48.419 0.1000000015
34316  46.582  -35.414  -49.230 0.1000000015
30471  47.300  -39.203  -40.195 0.1000000015
35175  46.774  -34.519  -47.104 0.1000000015
34296  46.260  -35.085  -47.026 0.1000000015
35189  46.671  -34.828  -47.846 0.1000000015
32384  44.752  -37.754  -44.357 0.1000000015
31524  44.513  -38.863  -50.086 0.1000000015
34325  46.736  -35.657  -49.939 0.1000000015
32396  45.112  -37.052  -45.731 0.1000000015
23720  45.209  -45.705  -56.855 0.1000000015
24796  45.360  -45.162  -56.317 0.1000000015
23725  45.220  -45.760  -57.874 0.1000000015
22655  44.519  -46.973  -58.253 0.1000000015
23733  45.639  -45.633  -60.000 0.1000000015
22664  44.369  -46.508  -60.372 0.1000000015
22674  42.592  -46.467  -61.924 0.1000000015
23709  44.429  -46.422  -55.847 0.1000000015
24785  44.797  -45.437  -55.537 0.1000000015
23729  45.466  -45.797  -58.954 0.1000000015
22660  44.565  -46.881  -59.337 0.1000000015
24773  45.340  -44.604  -55.356 0.1000000015
23698  44.175  -46.643  -54.753 0.1000000015
113345  44.070  -47.376  -55.188 0.1000000015
22651  44.442  -46.896  -57.222 0.1000000015
23719  46.199  -44.697  -57.654 0.1000000015
23691  44.003  -46.430  -53.699 0.1000000015
24784  45.928  -44.226  -56.228 0.1000000015
26810  45.707  -43.749  -54.999 0.1000000015
25829  46.262  -43.559  -56.112 0.1000000015
25819  45.598  -44.093  -55.157 0.1000000015
26802  46.225  -43.130  -55.550 0.1000000015
6266  43.011  -65.630  -35.774 0.1000000015
6267  41.255  -66.317  -35.172 0.1000000015
6277  42.107  -66.380  -35.467 0.1000000015
6278  41.002  -66.328  -35.727 0.1000000015
6290  41.449  -65.586  -36.484 0.1000000015
6291  40.735  -65.578  -35.909 0.1000000015
6301  43.179  -64.876  -37.653 0.1000000015
6302  42.365  -64.876  -37.464 0.1000000015
7095  42.001  -65.444  -35.087 0.1000000015
7096  40.921  -65.292  -35.316 0.1000000015
7105  44.204  -64.716  -36.497 0.1000000015
7106  40.734  -65.469  -35.878 0.1000000015
7116  40.957  -64.867  -36.291 0.1000000015
8038  42.795  -62.828  -40.025 0.1000000015
8888  45.093  -62.156  -34.955 0.1000000015
8906  46.062  -62.069  -39.398 0.1000000015
9879  42.008  -59.727  -41.509 0.1000000015
10775  41.697  -59.423  -41.431 0.1000000015
11674  41.414  -59.082  -41.092 0.1000000015
15444  41.439  -54.453  -37.829 0.1000000015
16245  52.211  -53.686  -30.885 0.1000000015
16249  44.151  -53.382  -30.462 0.1000000015
18133  46.358  -51.697  -28.608 0.1000000015
18153  44.401  -51.428  -28.994 0.1000000015
18272  52.653  -50.885  -44.594 0.2000000030
18284  52.701  -50.929  -45.069 0.1000000015
18405  50.195  -52.007  -55.342 0.1000000015
19150  44.410  -50.715  -28.687 0.1000000015
19290  52.438  -50.666  -43.933 0.1000000015
19334  54.777  -50.154  -47.535 0.2000000030
19335  54.554  -50.088  -47.113 0.3000000119
19352  54.879  -50.392  -48.463 0.2000000030
19353  54.773  -50.621  -47.951 0.3000000119
19367  54.889  -50.504  -49.520 0.2000000030
19369  54.440  -51.028  -48.732 0.2000000030
20248  48.025  -49.751  -28.759 0.2000000030
20349  44.302  -49.023  -38.545 0.5000000000
20400  46.741  -49.226  -45.679 0.4000000060
20426  47.800  -49.130  -47.049 0.4000000060
20500  47.083  -49.094  -55.196 0.1000000015
20507  51.772  -48.880  -56.861 0.1000000015
21303  44.091  -48.503  -28.581 0.2000000030
21355  50.863  -48.411  -29.782 0.1000000015
21399  44.219  -48.779  -35.936 0.5000000000
21436  44.042  -47.968  -41.323 0.5000000000
21480  48.028  -48.831  -47.808 0.4000000060
21494  48.337  -48.436  -48.564 0.3000000119
21530  53.638  -48.018  -53.278 0.1000000015
21532  46.235  -47.998  -53.094 0.3000000119
22378  43.732  -47.830  -28.757 0.3000000119
22489  43.313  -47.376  -38.016 0.5000000000
22518  43.772  -47.191  -41.950 0.5000000000
22550  45.049  -47.457  -46.443 0.4000000060
22560  46.155  -47.710  -47.686 0.3000000119
22581  48.685  -47.090  -49.368 0.3000000119
22629  53.413  -47.355  -54.845 0.1000000015
22630  53.076  -46.882  -55.140 0.1000000015
22670  43.223  -46.608  -61.660 0.1000000015
23527  42.497  -46.128  -34.989 0.5000000000
23583  43.244  -46.110  -39.729 0.4000000060
23602  44.351  -46.803  -43.135 0.5000000000
23661  50.681  -45.303  -51.418 0.1000000015
23665  44.890  -46.150  -50.862 0.2000000030
23672  44.538  -46.495  -51.571 0.2000000030
23675  52.532  -46.542  -53.671 0.1000000015
23681  44.036  -46.602  -52.803 0.2000000030
23688  52.737  -46.734  -54.407 0.1000000015
24487  47.287  -45.471  -28.830 0.1000000015
24516  43.544  -45.728  -29.111 0.3000000119
24600  42.207  -45.273  -35.307 0.5000000000
24606  42.372  -45.386  -36.200 0.6000000238
24731  46.182  -44.578  -49.928 0.2000000030
24748  47.614  -45.503  -51.145 0.2000000030
24750  43.778  -45.335  -51.417 0.3000000119
25737  44.287  -45.008  -44.976 0.4000000060
25794  43.721  -44.225  -50.433 0.3000000119
26774  48.087  -42.813  -48.841 0.2000000030
26776  46.688  -42.494  -48.195 0.2000000030
26790  43.657  -43.329  -51.465 0.3000000119
27605  42.269  -42.175  -37.322 0.3000000119
27640  43.454  -42.648  -41.483 0.4000000060
27690  43.647  -42.346  -45.025 0.4000000060
29498  43.601  -40.533  -43.440 0.3000000119
29536  44.044  -40.716  -48.732 0.2000000030
30414  45.583  -39.539  -36.425 0.1000000015
30584  45.020  -39.230  -51.776 0.2000000030
31517  44.870  -38.137  -49.788 0.1000000015
31543  46.246  -38.359  -52.953 0.1000000015
32411  44.972  -36.978  -47.557 0.1000000015
33334  45.396  -36.321  -45.213 0.1000000015
34304  46.909  -34.942  -48.751 0.1000000015
35174  47.228  -34.180  -47.483 0.1000000015
103484  52.477  -52.277  -41.437 0.1000000015
104405  42.592  -45.010  -38.354 0.5000000000
104762  47.096  -46.357  -51.511 0.1000000015
105487  44.864  -63.271  -36.169 0.1000000015
108144  45.487  -49.305  -41.028 0.5000000000
108980  43.477  -41.653  -42.491 0.4000000060
109170  43.479  -43.329  -43.955 0.4000000060
109304  42.117  -42.178  -36.747 0.4000000060
109527  44.431  -46.960  -43.793 0.5000000000
109677  47.191  -47.958  -28.553 0.2000000030
115205  44.330  -39.565  -41.079 0.2000000030
115355  51.334  -57.508  -37.116 0.1000000015
115627  41.828  -43.608  -35.114 0.5000000000
116158  54.742  -50.417  -50.143 0.2000000030
116515  41.623  -59.844  -41.353 0.1000000015
117098  45.235  -39.105  -40.775 0.2000000030
117418  44.355  -46.945  -56.438 0.1000000015
118196  54.648  -50.072  -47.194 0.3000000119
119024  51.510  -54.512  -41.437 0.1000000015
119147  44.321  -46.739  -52.206 0.2000000030
119578  42.969  -44.130  -39.363 0.4000000060
120062  42.924  -45.141  -38.872 0.4000000060
120248  46.637  -46.890  -51.937 0.2000000030
120521  53.731  -48.799  -53.009 0.2000000030
120891  43.392  -47.477  -38.547 0.5000000000
121360  45.219  -48.589  -44.323 0.5000000000
121370  44.120  -44.392  -53.223 0.2000000030
121698  49.502  -44.239  -50.496 0.1000000015
122154  43.556  -51.538  -30.602 0.2000000030
122178  43.667  -48.113  -38.949 0.5000000000
122195  49.673  -50.968  -36.248 0.2000000030
