#!ascii label  , from subject sub-v1s10x0051053_ses-1 vox2ras=TkReg
2220
68220  46.768  -9.232  31.357 0.0000000000
45665  41.112  -33.639  48.146 0.0000000000
38995  25.664  -39.497  51.809 0.0000000000
41546  20.517  -37.296  57.669 0.0000000000
39728  38.019  -39.210  57.126 0.0000000000
45686  31.425  -33.868  46.181 0.0000000000
63819  40.516  -14.599  32.871 0.0000000000
69059  55.331  -9.018  33.108 0.0000000000
59340  47.599  -19.389  40.514 0.0000000000
54510  37.859  -24.841  42.033 0.0000000000
48815  31.066  -30.753  35.773 0.0000000000
41529  28.787  -38.647  58.543 0.0000000000
40650  23.906  -38.339  54.758 0.0000000000
41482  26.035  -38.344  62.118 0.0000000000
39767  32.127  -39.286  55.384 0.0000000000
141516  51.588  -15.551  39.737 0.0000000000
48594  41.458  -29.973  54.527 0.0000000000
50509  44.711  -28.716  51.651 0.0000000000
130263  43.714  -25.236  46.825 0.0000000000
50553  38.310  -28.511  47.104 0.0000000000
51592  33.114  -27.460  40.893 0.0000000000
47825  36.140  -31.624  42.278 0.0000000000
44669  25.132  -34.180  45.176 0.0000000000
47861  26.476  -31.501  40.475 0.0000000000
69078  50.619  -8.323  31.174 0.0000000000
65668  52.439  -12.742  26.533 0.0000000000
40720  24.014  -38.884  46.294 0.0000000000
40716  20.430  -37.736  47.170 0.0000000000
41607  41.533  -37.566  52.716 0.0000000000
44633  37.428  -35.021  46.153 0.0000000000
43494  34.930  -35.747  52.655 0.0000000000
42563  28.134  -35.936  49.866 0.0000000000
66467  43.674  -11.656  32.108 0.0000000000
42368  23.684  -36.920  66.694 0.0000000000
39684  19.397  -40.406  61.483 0.0000000000
71653  51.078  -5.195  38.327 0.0000000000
68165  48.667  -9.777  36.875 0.0000000000
65576  47.149  -12.841  36.416 0.0000000000
62078  44.719  -16.582  37.408 0.0000000000
58374  41.757  -20.104  36.726 0.0000000000
56369  49.170  -22.133  46.218 0.0000000000
56419  43.018  -22.628  41.573 0.0000000000
139525  37.113  -22.009  37.216 0.0000000000
55473  32.741  -23.449  37.407 0.0000000000
46847  31.745  -32.819  40.308 0.0000000000
43405  28.626  -35.884  60.670 0.0000000000
41514  27.023  -38.449  59.555 0.0000000000
43394  26.691  -35.016  61.505 0.0000000000
40589  30.910  -38.937  59.733 0.0000000000
46738  44.224  -32.932  51.394 0.0000000000
48656  43.671  -30.859  50.451 0.0000000000
50525  41.353  -28.491  49.729 0.0000000000
47784  39.752  -31.501  48.307 0.0000000000
48724  37.067  -30.591  45.447 0.0000000000
139432  38.848  -32.968  45.893 0.0000000000
43614  22.781  -36.007  42.901 0.0000000000
44719  24.039  -34.138  42.242 0.0000000000
69080  48.737  -8.183  31.342 0.0000000000
67400  49.278  -9.652  27.988 0.0000000000
67402  47.287  -10.464  28.024 0.0000000000
39828  24.664  -38.949  48.855 0.0000000000
40732  22.360  -39.394  45.880 0.0000000000
39824  23.334  -39.225  49.273 0.0000000000
41556  21.882  -36.800  56.123 0.0000000000
41617  20.054  -36.903  52.623 0.0000000000
40652  18.710  -38.200  54.119 0.0000000000
38978  18.254  -39.755  54.387 0.0000000000
43483  40.015  -35.787  54.839 0.0000000000
40640  39.863  -38.798  54.940 0.0000000000
140816  38.271  -36.634  52.705 0.0000000000
125734  36.327  -37.451  54.288 0.0000000000
39790  28.847  -39.394  53.370 0.0000000000
41613  30.510  -37.528  52.836 0.0000000000
41640  27.209  -37.910  50.624 0.0000000000
138502  25.099  -37.383  48.413 0.0000000000
65616  42.144  -12.710  32.189 0.0000000000
64731  42.139  -13.358  29.276 0.0000000000
138025  41.439  -14.853  29.986 0.0000000000
38886  18.474  -40.453  62.386 0.0000000000
66436  48.525  -11.003  36.343 0.0000000000
65567  50.695  -12.239  37.481 0.0000000000
139237  49.379  -17.416  40.250 0.0000000000
62066  47.652  -16.443  38.675 0.0000000000
61128  45.998  -17.876  38.554 0.0000000000
60301  43.482  -18.747  37.320 0.0000000000
59365  44.721  -19.717  38.836 0.0000000000
53508  41.082  -25.379  44.854 0.0000000000
54490  43.501  -24.189  44.639 0.0000000000
54517  40.179  -23.855  41.959 0.0000000000
56430  40.465  -22.264  39.649 0.0000000000
55440  37.531  -23.265  39.673 0.0000000000
56465  34.808  -22.688  37.214 0.0000000000
55443  35.055  -24.002  39.360 0.0000000000
124087  29.741  -26.747  37.857 0.0000000000
45684  33.910  -33.321  46.150 0.0000000000
45731  34.775  -34.043  43.012 0.0000000000
46801  31.637  -32.415  43.199 0.0000000000
119188  27.080  -32.603  37.909 0.0000000000
68255  55.418  -9.633  29.331 0.0000000000
66492  56.006  -12.042  31.340 0.0000000000
120855  27.127  -40.362  55.254 0.0000000000
39786  24.423  -39.150  52.850 0.0000000000
39745  25.884  -39.848  56.959 0.0000000000
40607  25.088  -39.201  58.278 0.0000000000
40577  24.368  -38.790  61.191 0.0000000000
38912  35.714  -40.184  59.051 0.0000000000
39753  35.246  -39.554  56.319 0.0000000000
38924  32.445  -40.607  58.461 0.0000000000
120338  30.080  -40.522  56.816 0.0000000000
64643  53.016  -13.098  39.112 0.0000000000
60229  51.504  -18.712  42.725 0.0000000000
52453  43.746  -26.303  49.345 0.0000000000
52481  40.889  -26.437  47.376 0.0000000000
52524  37.828  -26.432  44.546 0.0000000000
52558  35.230  -25.934  41.930 0.0000000000
51542  35.641  -27.645  43.999 0.0000000000
49682  34.633  -29.385  42.182 0.0000000000
48779  33.385  -31.149  39.246 0.0000000000
45699  27.586  -33.691  45.187 0.0000000000
46804  28.934  -32.802  43.703 0.0000000000
46823  25.532  -32.636  42.972 0.0000000000
68204  52.934  -9.305  32.320 0.0000000000
67385  53.619  -11.168  29.477 0.0000000000
68257  51.393  -9.729  28.783 0.0000000000
41642  21.477  -37.416  50.694 0.0000000000
142942  40.720  -34.679  52.642 0.0000000000
42558  42.591  -36.273  49.600 0.0000000000
43567  39.688  -35.506  46.730 0.0000000000
43530  39.611  -36.071  49.198 0.0000000000
44592  36.137  -34.618  50.198 0.0000000000
44604  32.898  -35.027  49.054 0.0000000000
122360  33.232  -37.346  53.843 0.0000000000
43510  31.883  -35.642  51.217 0.0000000000
130714  29.899  -35.155  48.390 0.0000000000
44628  27.151  -34.862  47.281 0.0000000000
42585  23.755  -36.016  46.155 0.0000000000
67352  45.523  -10.215  31.727 0.0000000000
66518  45.843  -11.029  28.342 0.0000000000
66520  43.641  -12.190  28.622 0.0000000000
41440  25.274  -37.635  64.163 0.0000000000
41466  22.368  -37.503  62.733 0.0000000000
138277  21.171  -38.633  65.302 0.0000000000
40578  19.446  -38.497  59.963 0.0000000000
71685  52.920  -5.596  35.308 0.0000000000
70825  50.896  -6.069  34.433 0.0000000000
69901  48.264  -7.236  34.317 0.0000000000
137689  46.918  -8.985  34.409 0.0000000000
67318  46.548  -10.325  34.683 0.0000000000
65597  45.239  -11.958  34.982 0.0000000000
64688  43.157  -13.495  34.843 0.0000000000
63779  48.961  -14.384  37.855 0.0000000000
63790  46.149  -14.620  37.141 0.0000000000
62963  43.045  -15.139  35.929 0.0000000000
61162  41.447  -17.644  35.472 0.0000000000
59416  40.645  -19.256  34.623 0.0000000000
58284  48.437  -20.814  42.940 0.0000000000
135547  46.731  -24.031  46.517 0.0000000000
123946  45.832  -22.575  43.619 0.0000000000
57380  45.640  -21.458  41.568 0.0000000000
57407  42.691  -21.394  39.387 0.0000000000
57429  40.071  -21.269  37.200 0.0000000000
54546  33.015  -24.942  39.232 0.0000000000
44679  37.258  -34.586  44.013 0.0000000000
45778  34.352  -33.256  40.424 0.0000000000
138370  32.020  -32.480  37.345 0.0000000000
125533  28.955  -31.230  40.999 0.0000000000
121905  29.053  -32.535  37.825 0.0000000000
43393  27.628  -34.783  61.651 0.0000000000
44460  28.449  -33.983  62.800 0.0000000000
45660  43.947  -33.916  50.058 0.0000000000
134099  44.375  -32.292  50.659 0.0000000000
132419  42.742  -32.030  49.559 0.0000000000
128821  41.527  -31.404  49.263 0.0000000000
46763  40.575  -32.807  48.075 0.0000000000
47787  39.265  -32.084  47.314 0.0000000000
45672  39.729  -33.748  46.633 0.0000000000
68219  47.402  -8.952  31.046 0.0000000000
68233  48.355  -9.251  29.761 0.0000000000
68247  47.266  -9.627  29.804 0.0000000000
39813  25.177  -39.132  50.202 0.0000000000
39823  24.048  -39.442  48.756 0.0000000000
39815  24.209  -39.219  50.367 0.0000000000
128226  21.149  -37.055  56.859 0.0000000000
41563  20.509  -37.098  55.303 0.0000000000
41557  19.915  -37.421  55.943 0.0000000000
130948  18.375  -38.966  54.149 0.0000000000
40623  19.403  -37.946  56.633 0.0000000000
40586  37.394  -38.172  58.721 0.0000000000
41542  38.440  -37.520  57.404 0.0000000000
41553  39.377  -38.086  56.037 0.0000000000
39736  39.047  -38.862  55.926 0.0000000000
41568  38.580  -38.270  54.337 0.0000000000
132328  37.611  -39.109  55.594 0.0000000000
39792  27.316  -39.660  52.790 0.0000000000
40684  28.026  -38.790  51.820 0.0000000000
39811  26.509  -39.241  51.349 0.0000000000
40698  25.725  -38.585  50.036 0.0000000000
64701  41.437  -13.669  33.126 0.0000000000
64722  41.028  -13.678  30.977 0.0000000000
64712  40.670  -14.125  31.476 0.0000000000
67281  51.727  -10.723  38.816 0.0000000000
132814  50.661  -11.172  37.555 0.0000000000
66417  51.879  -11.654  38.382 0.0000000000
60252  48.408  -18.433  40.335 0.0000000000
60263  47.837  -18.132  39.751 0.0000000000
59351  47.318  -18.891  39.925 0.0000000000
60276  45.536  -18.620  38.672 0.0000000000
58327  46.173  -19.723  39.821 0.0000000000
53530  39.057  -25.240  43.306 0.0000000000
54498  40.445  -24.617  43.212 0.0000000000
54518  39.307  -24.146  41.828 0.0000000000
55422  39.159  -23.655  41.157 0.0000000000
140840  37.556  -24.114  40.963 0.0000000000
54543  36.431  -23.897  40.006 0.0000000000
54520  36.316  -24.651  41.073 0.0000000000
45685  32.277  -33.880  46.568 0.0000000000
129351  32.846  -33.120  45.286 0.0000000000
135802  31.511  -32.946  44.668 0.0000000000
69089  55.588  -9.624  31.550 0.0000000000
68216  55.416  -10.462  32.469 0.0000000000
38941  27.969  -40.462  57.296 0.0000000000
38966  26.567  -40.276  55.744 0.0000000000
130874  27.306  -39.929  58.092 0.0000000000
137745  26.464  -37.585  60.851 0.0000000000
39712  26.201  -39.211  59.814 0.0000000000
39697  25.744  -39.170  60.397 0.0000000000
127132  24.049  -38.315  59.197 0.0000000000
40560  25.249  -39.057  61.797 0.0000000000
39693  33.936  -39.765  60.655 0.0000000000
38922  34.396  -40.671  58.984 0.0000000000
39707  32.634  -39.884  60.164 0.0000000000
40590  29.867  -38.768  58.883 0.0000000000
39718  30.681  -40.119  58.631 0.0000000000
38940  29.273  -40.388  57.432 0.0000000000
38964  28.398  -40.609  56.410 0.0000000000
49547  44.845  -29.246  52.079 0.0000000000
51410  44.821  -27.763  52.236 0.0000000000
121118  44.937  -27.271  51.645 0.0000000000
52443  45.435  -26.240  50.558 0.0000000000
51441  44.474  -27.655  50.918 0.0000000000
50544  39.423  -28.547  48.212 0.0000000000
51482  40.694  -27.194  48.505 0.0000000000
51496  39.463  -27.568  47.591 0.0000000000
52493  39.800  -26.482  46.300 0.0000000000
51524  38.194  -27.115  45.923 0.0000000000
51540  37.137  -27.071  45.018 0.0000000000
50565  36.787  -28.586  45.660 0.0000000000
47804  36.834  -31.627  44.037 0.0000000000
49668  35.962  -30.336  43.832 0.0000000000
48750  35.728  -30.895  42.482 0.0000000000
49708  34.155  -30.181  40.796 0.0000000000
48768  35.092  -31.482  40.777 0.0000000000
45700  26.746  -33.678  45.063 0.0000000000
45718  27.092  -33.218  44.398 0.0000000000
45736  25.371  -33.222  43.844 0.0000000000
69077  51.888  -8.650  31.606 0.0000000000
123321  52.273  -9.498  30.896 0.0000000000
130100  50.918  -9.124  30.083 0.0000000000
66528  49.879  -10.994  26.901 0.0000000000
41676  23.138  -38.461  45.160 0.0000000000
40731  22.936  -39.165  44.993 0.0000000000
40667  23.953  -38.775  53.273 0.0000000000
40686  23.063  -38.628  51.300 0.0000000000
41615  22.645  -37.688  52.623 0.0000000000
40695  18.474  -38.515  50.689 0.0000000000
41644  19.436  -37.264  50.609 0.0000000000
43482  40.674  -36.451  54.229 0.0000000000
44560  40.263  -34.741  53.628 0.0000000000
43489  41.809  -36.458  52.607 0.0000000000
44581  42.834  -35.472  51.792 0.0000000000
42527  42.195  -37.012  51.178 0.0000000000
42560  40.938  -36.572  49.050 0.0000000000
42545  40.761  -36.816  50.783 0.0000000000
42515  36.889  -36.099  52.757 0.0000000000
43504  37.705  -35.661  51.577 0.0000000000
43519  35.945  -34.853  50.948 0.0000000000
44602  34.307  -34.467  49.234 0.0000000000
43521  33.671  -34.828  50.490 0.0000000000
40633  33.051  -39.045  55.575 0.0000000000
41573  33.842  -38.127  54.836 0.0000000000
40662  32.161  -38.155  54.234 0.0000000000
42535  29.719  -36.600  51.448 0.0000000000
42534  30.600  -36.369  51.641 0.0000000000
42548  30.222  -35.975  50.823 0.0000000000
43536  30.363  -35.365  49.129 0.0000000000
138536  29.624  -35.446  49.068 0.0000000000
43563  28.524  -35.059  47.876 0.0000000000
43538  27.537  -35.603  49.092 0.0000000000
41663  24.731  -38.001  47.862 0.0000000000
42581  24.631  -36.172  47.341 0.0000000000
135214  23.676  -36.890  46.219 0.0000000000
66480  44.341  -11.173  31.648 0.0000000000
66505  44.250  -11.312  29.604 0.0000000000
66495  43.512  -11.673  30.101 0.0000000000
63845  43.168  -14.157  28.383 0.0000000000
41432  24.362  -37.767  65.359 0.0000000000
40522  24.469  -38.404  64.359 0.0000000000
40523  23.876  -38.426  65.000 0.0000000000
39665  19.565  -39.497  63.718 0.0000000000
138725  20.081  -38.914  63.596 0.0000000000
40562  19.931  -38.116  62.035 0.0000000000
140486  19.479  -39.535  61.305 0.0000000000
39726  18.943  -39.968  58.454 0.0000000000
132862  19.251  -40.195  59.386 0.0000000000
71684  53.548  -5.510  35.059 0.0000000000
71672  51.554  -5.401  36.257 0.0000000000
71673  50.435  -5.656  36.336 0.0000000000
70826  49.811  -6.274  34.621 0.0000000000
70811  49.571  -6.192  35.600 0.0000000000
141848  48.331  -8.575  36.648 0.0000000000
69028  48.133  -8.319  36.080 0.0000000000
69029  47.657  -9.140  35.658 0.0000000000
68184  46.584  -9.569  34.288 0.0000000000
68173  47.544  -9.931  35.512 0.0000000000
65584  47.519  -12.090  36.029 0.0000000000
66438  46.924  -11.587  35.488 0.0000000000
65585  46.561  -12.359  35.824 0.0000000000
65587  44.853  -12.687  35.404 0.0000000000
64677  45.475  -13.163  36.051 0.0000000000
63755  52.625  -14.446  39.399 0.0000000000
64645  51.766  -13.421  38.391 0.0000000000
62929  50.755  -14.884  38.909 0.0000000000
62076  46.281  -16.556  38.103 0.0000000000
62942  47.291  -15.299  37.832 0.0000000000
62945  45.218  -15.818  37.372 0.0000000000
63791  44.448  -14.746  36.560 0.0000000000
62954  43.824  -15.595  36.600 0.0000000000
62965  41.485  -15.961  35.134 0.0000000000
62085  43.336  -16.575  36.611 0.0000000000
59391  42.949  -19.496  37.308 0.0000000000
60302  42.031  -19.053  36.273 0.0000000000
59393  41.551  -19.784  36.072 0.0000000000
58386  41.030  -20.219  35.589 0.0000000000
57336  48.702  -21.813  44.945 0.0000000000
120019  45.088  -25.347  48.100 0.0000000000
54464  46.357  -24.670  47.563 0.0000000000
53489  44.794  -24.804  46.684 0.0000000000
55408  43.585  -23.150  42.815 0.0000000000
55402  44.677  -23.153  43.684 0.0000000000
56403  44.803  -22.719  43.025 0.0000000000
56411  45.522  -21.947  42.329 0.0000000000
56426  44.326  -21.830  41.230 0.0000000000
57392  44.660  -21.387  40.618 0.0000000000
56427  43.451  -22.037  40.955 0.0000000000
56449  38.716  -22.353  38.726 0.0000000000
56439  40.214  -21.876  38.805 0.0000000000
57450  38.675  -21.540  36.796 0.0000000000
119492  39.016  -21.389  36.115 0.0000000000
57462  37.165  -21.515  35.803 0.0000000000
121111  36.126  -21.797  36.144 0.0000000000
55486  33.215  -22.941  36.885 0.0000000000
56496  33.329  -22.143  35.599 0.0000000000
52549  34.564  -26.546  41.960 0.0000000000
53558  34.368  -25.470  40.649 0.0000000000
53560  32.787  -26.075  40.040 0.0000000000
53602  29.830  -25.351  37.291 0.0000000000
121915  38.539  -35.475  46.546 0.0000000000
43577  38.390  -35.266  45.227 0.0000000000
44650  36.954  -35.038  44.874 0.0000000000
45765  33.560  -33.339  41.868 0.0000000000
45764  34.131  -33.568  41.758 0.0000000000
45780  32.936  -33.374  40.144 0.0000000000
45808  32.684  -32.958  38.797 0.0000000000
45809  32.038  -33.087  38.858 0.0000000000
47829  27.770  -31.901  42.311 0.0000000000
47827  29.444  -31.781  42.265 0.0000000000
47842  28.196  -31.108  40.835 0.0000000000
46884  28.103  -32.370  38.073 0.0000000000
46919  29.611  -32.294  36.183 0.0000000000
66516  53.094  -11.118  28.319 0.0000000000
66515  54.204  -11.771  29.090 0.0000000000
119056  45.906  -12.322  27.142 0.0000000000
42441  28.746  -37.240  59.336 0.0000000000
41513  27.624  -37.867  58.968 0.0000000000
42427  27.806  -36.303  59.964 0.0000000000
42428  27.120  -36.082  60.326 0.0000000000
43395  26.125  -35.562  61.598 0.0000000000
42425  30.483  -36.889  61.156 0.0000000000
47714  41.789  -31.706  52.803 0.0000000000
48593  42.436  -29.657  53.975 0.0000000000
47712  43.955  -31.540  52.184 0.0000000000
124339  44.541  -30.593  51.777 0.0000000000
49573  44.367  -29.461  51.378 0.0000000000
50511  43.177  -28.273  50.466 0.0000000000
121862  42.345  -30.101  50.081 0.0000000000
48659  40.776  -30.049  49.513 0.0000000000
49606  38.901  -29.493  48.122 0.0000000000
49619  37.355  -29.222  46.498 0.0000000000
47792  37.977  -31.228  46.370 0.0000000000
47796  37.935  -31.858  45.647 0.0000000000
47815  37.154  -32.359  43.791 0.0000000000
44671  23.672  -34.735  44.319 0.0000000000
142548  24.313  -33.719  43.360 0.0000000000
44703  23.526  -34.732  42.801 0.0000000000
69079  49.601  -8.054  31.337 0.0000000000
124043  50.065  -9.027  29.873 0.0000000000
68232  49.295  -8.853  30.143 0.0000000000
67389  48.658  -9.927  27.833 0.0000000000
40712  24.430  -39.035  47.536 0.0000000000
39842  23.802  -39.449  46.225 0.0000000000
39837  23.903  -39.608  46.855 0.0000000000
40714  22.365  -39.058  47.696 0.0000000000
40707  21.580  -38.191  48.334 0.0000000000
41560  23.520  -37.583  55.380 0.0000000000
122655  22.335  -37.130  53.544 0.0000000000
123042  21.110  -36.809  54.748 0.0000000000
41598  19.432  -37.338  53.172 0.0000000000
38985  18.070  -40.661  53.058 0.0000000000
42494  40.308  -37.435  55.037 0.0000000000
40675  40.645  -38.011  53.355 0.0000000000
42512  39.771  -37.100  52.137 0.0000000000
41587  39.041  -37.786  53.628 0.0000000000
41569  37.904  -37.406  53.708 0.0000000000
124741  36.218  -36.846  53.721 0.0000000000
39780  30.113  -39.290  54.248 0.0000000000
40663  31.339  -38.394  54.066 0.0000000000
40677  29.293  -38.722  52.931 0.0000000000
41630  28.510  -37.794  51.581 0.0000000000
42551  27.597  -36.814  50.374 0.0000000000
42574  26.716  -35.988  49.283 0.0000000000
41649  25.847  -37.903  49.578 0.0000000000
41657  24.976  -38.124  48.526 0.0000000000
65615  43.076  -12.231  32.609 0.0000000000
65641  42.839  -12.146  30.587 0.0000000000
65628  42.130  -12.618  31.071 0.0000000000
64732  41.784  -14.066  29.506 0.0000000000
39655  19.212  -39.521  64.504 0.0000000000
38896  19.096  -40.666  61.760 0.0000000000
135529  19.614  -41.374  60.669 0.0000000000
38155  19.112  -41.396  61.320 0.0000000000
68155  50.033  -9.909  37.903 0.0000000000
128019  48.845  -10.476  36.748 0.0000000000
137073  49.637  -11.008  37.100 0.0000000000
66427  49.229  -11.638  36.778 0.0000000000
64664  49.070  -12.828  36.989 0.0000000000
62047  50.815  -16.087  39.875 0.0000000000
62064  49.598  -15.544  38.964 0.0000000000
61111  49.009  -16.954  39.712 0.0000000000
62067  46.908  -16.865  38.561 0.0000000000
61141  45.708  -17.281  38.154 0.0000000000
61143  44.053  -17.927  37.412 0.0000000000
130789  44.649  -18.100  37.877 0.0000000000
59378  44.395  -19.203  38.274 0.0000000000
58358  43.197  -20.014  37.928 0.0000000000
127699  42.133  -25.375  45.877 0.0000000000
54481  43.188  -24.678  45.417 0.0000000000
54491  42.515  -24.631  44.704 0.0000000000
54506  41.911  -23.971  43.139 0.0000000000
55419  41.463  -23.190  41.644 0.0000000000
56421  41.593  -22.671  40.964 0.0000000000
55429  40.353  -23.038  40.901 0.0000000000
55438  39.084  -22.950  40.118 0.0000000000
56450  37.202  -22.637  38.389 0.0000000000
56464  35.979  -22.551  37.604 0.0000000000
55453  36.375  -23.154  38.795 0.0000000000
55455  34.863  -23.542  38.607 0.0000000000
55456  34.065  -23.693  38.365 0.0000000000
51603  31.858  -28.070  39.872 0.0000000000
52583  31.637  -26.684  39.529 0.0000000000
51617  30.788  -27.820  38.914 0.0000000000
51633  29.722  -27.860  37.773 0.0000000000
51656  28.643  -27.517  35.309 0.0000000000
45682  35.783  -33.819  46.216 0.0000000000
44651  36.262  -34.631  44.599 0.0000000000
121537  34.511  -33.599  44.539 0.0000000000
45733  33.159  -32.963  43.559 0.0000000000
46817  32.131  -32.494  42.181 0.0000000000
140745  26.957  -31.707  39.305 0.0000000000
46886  26.237  -33.067  38.095 0.0000000000
69950  55.073  -8.347  30.804 0.0000000000
68242  55.736  -10.510  30.844 0.0000000000
66513  56.134  -12.253  30.048 0.0000000000
38983  26.383  -39.667  53.152 0.0000000000
38992  25.154  -39.461  51.750 0.0000000000
38977  25.907  -39.723  54.288 0.0000000000
39772  25.422  -39.568  54.633 0.0000000000
39760  24.967  -39.342  55.700 0.0000000000
39722  26.837  -39.763  58.352 0.0000000000
39732  25.481  -39.516  57.535 0.0000000000
40622  24.371  -38.652  56.380 0.0000000000
40617  24.098  -38.201  57.386 0.0000000000
134404  23.426  -37.693  58.770 0.0000000000
41516  22.545  -37.361  59.165 0.0000000000
38919  36.690  -40.140  57.884 0.0000000000
39739  36.849  -39.839  56.648 0.0000000000
38947  35.468  -40.412  57.508 0.0000000000
38949  33.526  -40.366  57.527 0.0000000000
39744  32.169  -40.190  56.805 0.0000000000
39708  31.908  -39.844  59.794 0.0000000000
120865  31.687  -40.588  57.983 0.0000000000
39758  30.688  -39.924  55.651 0.0000000000
39771  29.083  -40.067  54.832 0.0000000000
38981  27.556  -40.060  54.173 0.0000000000
62990  40.140  -15.297  32.726 0.0000000000
63001  40.264  -15.694  31.446 0.0000000000
62124  40.044  -16.597  31.482 0.0000000000
66395  52.605  -12.121  39.068 0.0000000000
62035  52.491  -15.827  40.466 0.0000000000
61095  50.998  -17.254  40.829 0.0000000000
60250  50.477  -17.915  41.177 0.0000000000
59338  49.223  -19.068  41.350 0.0000000000
53470  45.150  -25.549  48.766 0.0000000000
52467  43.765  -25.862  48.409 0.0000000000
51460  43.202  -27.058  50.016 0.0000000000
52468  42.278  -26.436  48.511 0.0000000000
52490  42.230  -25.748  46.989 0.0000000000
52507  41.122  -25.934  46.162 0.0000000000
53510  39.489  -25.737  44.518 0.0000000000
125895  38.354  -25.677  43.643 0.0000000000
53533  36.731  -25.536  42.453 0.0000000000
52538  36.639  -26.413  43.613 0.0000000000
52539  35.809  -26.832  43.466 0.0000000000
51580  34.123  -27.501  42.129 0.0000000000
49653  36.076  -29.784  44.577 0.0000000000
129450  34.914  -29.110  43.042 0.0000000000
50615  34.039  -28.488  41.916 0.0000000000
49709  33.058  -29.396  40.311 0.0000000000
49731  32.115  -30.089  38.809 0.0000000000
48800  32.263  -31.149  37.654 0.0000000000
141775  29.307  -33.858  45.526 0.0000000000
45715  30.117  -33.322  44.809 0.0000000000
45717  28.741  -33.250  44.448 0.0000000000
123756  27.418  -32.412  43.076 0.0000000000
46837  26.082  -31.875  41.790 0.0000000000
46824  24.823  -32.839  42.228 0.0000000000
46838  25.282  -32.395  41.353 0.0000000000
68203  54.103  -9.775  32.840 0.0000000000
68229  54.177  -10.893  32.015 0.0000000000
68230  53.102  -10.174  31.459 0.0000000000
67386  52.469  -10.350  28.729 0.0000000000
67397  52.138  -10.712  27.756 0.0000000000
68258  50.479  -9.603  28.508 0.0000000000
67398  51.211  -10.604  27.498 0.0000000000
40693  23.540  -38.974  50.896 0.0000000000
40694  22.159  -38.114  50.253 0.0000000000
41658  20.949  -37.488  48.896 0.0000000000
129107  20.588  -36.917  51.169 0.0000000000
42567  19.879  -36.996  49.436 0.0000000000
46695  40.463  -32.173  53.197 0.0000000000
132980  42.538  -33.256  52.127 0.0000000000
43500  44.087  -34.971  50.624 0.0000000000
44607  42.073  -35.245  48.619 0.0000000000
131327  40.427  -34.751  47.191 0.0000000000
42578  40.995  -36.203  48.213 0.0000000000
43545  39.647  -35.996  47.761 0.0000000000
43547  38.411  -35.304  48.399 0.0000000000
42529  39.261  -36.342  51.272 0.0000000000
43532  38.253  -35.289  49.570 0.0000000000
44609  37.050  -34.262  48.283 0.0000000000
45674  34.886  -33.637  47.740 0.0000000000
44622  33.189  -34.214  47.600 0.0000000000
44623  31.962  -34.640  47.756 0.0000000000
40643  35.538  -38.291  55.152 0.0000000000
41590  34.622  -37.240  54.094 0.0000000000
42517  34.339  -36.239  53.106 0.0000000000
41611  32.133  -37.018  53.190 0.0000000000
42519  32.507  -36.374  52.599 0.0000000000
42531  33.046  -35.733  52.146 0.0000000000
43534  32.374  -35.164  49.632 0.0000000000
43548  31.590  -35.009  48.344 0.0000000000
131826  30.006  -34.364  46.730 0.0000000000
44639  29.260  -34.361  46.627 0.0000000000
44641  27.579  -34.473  46.575 0.0000000000
44655  26.187  -34.340  46.059 0.0000000000
43553  26.039  -35.562  48.250 0.0000000000
43572  25.426  -35.098  47.080 0.0000000000
44657  24.660  -34.626  45.517 0.0000000000
122246  23.347  -35.297  44.721 0.0000000000
68221  46.204  -9.729  31.303 0.0000000000
67365  46.373  -9.910  30.306 0.0000000000
67367  44.987  -10.751  30.178 0.0000000000
64737  42.805  -13.269  28.671 0.0000000000
63855  43.736  -13.850  27.916 0.0000000000
63000  40.823  -15.443  30.705 0.0000000000
45517  27.298  -33.346  63.393 0.0000000000
44473  26.206  -34.708  62.240 0.0000000000
43381  25.569  -35.837  62.825 0.0000000000
43367  25.407  -35.522  63.700 0.0000000000
41464  25.883  -38.230  62.869 0.0000000000
40544  25.080  -38.904  62.734 0.0000000000
41483  23.471  -38.129  61.516 0.0000000000
41500  21.672  -37.258  60.457 0.0000000000
40509  22.705  -38.480  66.082 0.0000000000
41455  21.608  -37.782  64.139 0.0000000000
41485  20.732  -37.381  61.638 0.0000000000
121995  19.921  -37.549  58.228 0.0000000000
40619  18.916  -38.862  57.008 0.0000000000
69909  54.835  -7.565  33.628 0.0000000000
69910  54.357  -7.673  33.777 0.0000000000
69912  52.285  -7.257  33.395 0.0000000000
70851  51.318  -7.020  33.099 0.0000000000
72532  52.881  -4.716  36.947 0.0000000000
70824  52.060  -6.121  34.392 0.0000000000
70852  50.365  -6.886  33.022 0.0000000000
69913  49.364  -6.944  33.144 0.0000000000
69063  48.276  -7.882  32.027 0.0000000000
69064  47.459  -8.254  32.320 0.0000000000
70812  48.777  -6.854  35.942 0.0000000000
69902  47.675  -7.911  34.619 0.0000000000
69065  46.661  -8.815  32.730 0.0000000000
68191  46.289  -9.397  33.425 0.0000000000
67327  45.571  -10.346  33.516 0.0000000000
67328  45.025  -10.720  33.072 0.0000000000
67306  47.086  -10.884  35.285 0.0000000000
66450  45.631  -11.290  34.589 0.0000000000
66458  44.602  -11.347  33.454 0.0000000000
65607  43.341  -12.388  33.506 0.0000000000
64699  42.831  -13.037  33.967 0.0000000000
63805  42.376  -13.699  34.306 0.0000000000
64654  52.008  -12.642  38.331 0.0000000000
126221  50.060  -13.022  37.427 0.0000000000
131951  48.422  -13.306  37.066 0.0000000000
62930  48.779  -15.203  38.362 0.0000000000
63780  47.436  -14.466  37.434 0.0000000000
63789  46.769  -14.162  37.047 0.0000000000
64667  44.980  -14.011  36.428 0.0000000000
63800  43.099  -14.298  35.460 0.0000000000
63807  41.267  -14.717  34.119 0.0000000000
62972  40.847  -15.613  34.354 0.0000000000
62101  40.302  -16.390  33.996 0.0000000000
60311  42.469  -18.255  36.416 0.0000000000
60322  41.161  -18.643  35.214 0.0000000000
59315  50.201  -19.670  42.762 0.0000000000
139774  48.086  -20.245  41.780 0.0000000000
55383  47.694  -23.358  46.321 0.0000000000
54488  45.183  -23.865  45.290 0.0000000000
55395  46.506  -23.308  45.195 0.0000000000
56390  47.960  -22.254  44.939 0.0000000000
57353  47.061  -21.801  43.379 0.0000000000
57378  47.239  -21.043  42.181 0.0000000000
58299  46.706  -20.557  41.098 0.0000000000
58314  45.593  -20.481  40.160 0.0000000000
58329  43.876  -20.754  39.249 0.0000000000
57427  41.996  -20.747  37.894 0.0000000000
56438  41.363  -21.965  39.760 0.0000000000
57419  41.586  -21.212  38.365 0.0000000000
57447  40.896  -20.846  36.898 0.0000000000
138887  40.274  -20.893  35.603 0.0000000000
57451  35.013  -21.897  35.940 0.0000000000
57478  33.464  -21.628  34.347 0.0000000000
53557  35.034  -25.181  40.804 0.0000000000
54545  34.243  -24.490  39.482 0.0000000000
54575  32.270  -24.027  37.883 0.0000000000
53573  31.813  -25.877  39.260 0.0000000000
54562  31.073  -24.884  37.938 0.0000000000
45691  39.132  -34.326  45.484 0.0000000000
133888  38.002  -33.407  44.375 0.0000000000
45746  36.840  -33.365  43.070 0.0000000000
44681  35.961  -34.565  43.435 0.0000000000
44718  35.799  -33.847  42.337 0.0000000000
133904  35.579  -32.905  41.370 0.0000000000
47871  34.347  -32.005  39.683 0.0000000000
47887  32.582  -31.660  38.000 0.0000000000
47898  31.934  -31.657  36.662 0.0000000000
46803  29.776  -32.608  43.597 0.0000000000
47826  30.482  -31.802  41.893 0.0000000000
143439  30.215  -31.882  40.437 0.0000000000
47874  28.405  -31.521  39.494 0.0000000000
47873  29.271  -31.793  39.543 0.0000000000
46864  30.747  -32.576  39.368 0.0000000000
46901  30.761  -32.676  37.411 0.0000000000
46930  30.463  -32.061  35.642 0.0000000000
67363  54.854  -11.496  31.669 0.0000000000
66514  55.415  -12.178  29.848 0.0000000000
65657  55.074  -12.850  28.176 0.0000000000
67391  46.552  -10.533  28.530 0.0000000000
129976  42.716  -33.386  49.270 0.0000000000
141883  42.977  -32.677  49.535 0.0000000000
46758  42.271  -32.656  49.142 0.0000000000
46762  41.478  -32.739  48.624 0.0000000000
46766  39.843  -32.964  47.312 0.0000000000
45671  40.395  -33.854  47.360 0.0000000000
68235  46.927  -9.438  30.701 0.0000000000
39804  25.352  -39.336  51.007 0.0000000000
39814  24.907  -39.243  50.198 0.0000000000
41533  21.126  -37.200  58.223 0.0000000000
128176  20.212  -37.343  56.785 0.0000000000
40635  19.236  -37.997  55.666 0.0000000000
41547  19.749  -37.657  57.499 0.0000000000
40603  37.661  -38.971  57.972 0.0000000000
40615  38.289  -38.384  57.402 0.0000000000
39737  38.655  -38.870  56.533 0.0000000000
39750  38.627  -39.152  56.031 0.0000000000
40628  38.476  -39.040  55.584 0.0000000000
39751  37.811  -39.422  56.194 0.0000000000
39793  26.784  -39.544  52.163 0.0000000000
39803  26.014  -39.435  51.546 0.0000000000
39812  25.715  -39.117  50.642 0.0000000000
63826  40.826  -14.023  32.636 0.0000000000
127335  40.740  -13.883  32.031 0.0000000000
63827  40.418  -14.538  32.139 0.0000000000
67290  51.936  -11.276  38.702 0.0000000000
127503  51.963  -11.100  38.902 0.0000000000
59339  48.447  -19.123  40.824 0.0000000000
60253  47.905  -18.806  40.266 0.0000000000
59352  46.620  -19.017  39.586 0.0000000000
59341  46.891  -19.548  40.181 0.0000000000
53531  38.326  -25.192  42.756 0.0000000000
54508  39.126  -24.754  42.591 0.0000000000
54509  38.579  -24.613  42.109 0.0000000000
54530  38.282  -24.124  41.327 0.0000000000
54531  36.940  -24.117  40.634 0.0000000000
54519  37.229  -24.578  41.407 0.0000000000
45696  31.864  -33.214  45.386 0.0000000000
130951  30.840  -33.466  45.337 0.0000000000
69076  55.495  -9.706  32.603 0.0000000000
68202  55.217  -9.893  32.980 0.0000000000
134473  28.376  -40.173  57.717 0.0000000000
38927  27.777  -40.203  57.674 0.0000000000
39721  27.825  -39.871  58.032 0.0000000000
41481  26.257  -38.346  61.249 0.0000000000
40558  26.136  -38.972  60.769 0.0000000000
40559  25.933  -38.908  61.678 0.0000000000
123336  25.695  -39.046  61.137 0.0000000000
40554  34.308  -38.524  61.205 0.0000000000
38907  33.446  -40.230  60.095 0.0000000000
39694  33.210  -39.614  60.744 0.0000000000
40605  29.293  -39.473  58.305 0.0000000000
39719  29.739  -40.034  58.148 0.0000000000
39720  28.772  -39.937  57.940 0.0000000000
132374  28.500  -40.341  57.476 0.0000000000
50474  44.995  -28.796  52.136 0.0000000000
50475  44.813  -28.614  52.240 0.0000000000
51409  45.008  -27.962  52.073 0.0000000000
141745  44.963  -27.307  52.100 0.0000000000
51423  44.861  -28.071  51.793 0.0000000000
51440  45.026  -27.008  51.200 0.0000000000
50545  38.855  -28.534  47.625 0.0000000000
51497  38.850  -27.827  47.142 0.0000000000
51510  39.226  -27.082  46.812 0.0000000000
51511  38.452  -27.611  46.573 0.0000000000
51525  37.402  -27.623  45.672 0.0000000000
50554  37.828  -28.472  46.614 0.0000000000
48749  36.299  -31.347  42.948 0.0000000000
48738  36.374  -31.137  43.595 0.0000000000
48759  35.491  -31.305  41.603 0.0000000000
45701  25.961  -33.960  45.309 0.0000000000
45719  26.079  -33.416  44.513 0.0000000000
45720  25.232  -33.742  44.575 0.0000000000
69942  51.277  -7.943  31.917 0.0000000000
69091  51.490  -8.948  30.817 0.0000000000
40730  23.524  -39.095  45.741 0.0000000000
130218  23.611  -38.198  54.000 0.0000000000
40668  23.422  -38.429  52.719 0.0000000000
41595  23.206  -37.953  53.324 0.0000000000
40702  18.527  -38.507  49.791 0.0000000000
41584  41.323  -37.458  53.329 0.0000000000
43486  41.307  -36.710  53.365 0.0000000000
42511  41.727  -37.181  52.795 0.0000000000
138086  42.206  -36.972  52.368 0.0000000000
41625  41.753  -37.420  51.934 0.0000000000
41638  41.513  -37.049  51.032 0.0000000000
41626  41.076  -37.426  51.642 0.0000000000
43493  35.490  -35.434  52.204 0.0000000000
43492  36.293  -35.492  52.159 0.0000000000
43506  35.719  -35.139  51.621 0.0000000000
43520  34.469  -34.787  50.952 0.0000000000
43507  34.755  -35.203  51.802 0.0000000000
40646  32.554  -38.634  54.840 0.0000000000
42549  29.350  -36.223  50.707 0.0000000000
42562  28.972  -35.970  50.109 0.0000000000
143100  29.780  -35.709  49.909 0.0000000000
43537  29.007  -35.658  49.411 0.0000000000
43551  28.206  -35.311  48.539 0.0000000000
40719  24.393  -38.533  47.118 0.0000000000
41669  24.036  -37.690  46.586 0.0000000000
41675  23.508  -37.873  45.785 0.0000000000
66481  43.567  -11.629  31.124 0.0000000000
42367  24.182  -36.383  66.176 0.0000000000
41423  24.071  -37.407  66.104 0.0000000000
40507  24.151  -38.253  65.139 0.0000000000
41433  23.800  -38.059  65.848 0.0000000000
130723  19.425  -39.757  62.984 0.0000000000
39664  19.722  -39.560  63.742 0.0000000000
40547  19.683  -39.450  62.874 0.0000000000
138535  19.550  -39.491  61.929 0.0000000000
39698  19.415  -39.675  60.684 0.0000000000
132654  19.498  -40.474  60.255 0.0000000000
71669  53.524  -4.821  35.646 0.0000000000
72521  53.220  -3.323  36.852 0.0000000000
71662  51.332  -5.261  37.267 0.0000000000
71663  50.265  -5.656  37.350 0.0000000000
125122  48.626  -8.889  37.190 0.0000000000
69021  48.195  -9.133  36.433 0.0000000000
68166  48.171  -10.046  36.113 0.0000000000
65575  48.165  -12.663  36.596 0.0000000000
141418  46.028  -12.741  35.941 0.0000000000
64676  46.324  -13.057  36.293 0.0000000000
62916  51.742  -14.990  39.401 0.0000000000
63768  51.808  -14.281  38.886 0.0000000000
62077  45.467  -16.624  37.738 0.0000000000
62944  45.907  -16.015  37.692 0.0000000000
139420  44.486  -15.983  37.102 0.0000000000
62084  44.025  -16.521  37.045 0.0000000000
59392  42.197  -19.603  36.759 0.0000000000
58375  41.282  -20.380  36.331 0.0000000000
57319  49.206  -21.788  45.562 0.0000000000
53481  44.560  -25.265  47.516 0.0000000000
53480  45.493  -24.998  47.616 0.0000000000
55417  43.074  -23.043  42.257 0.0000000000
55407  44.256  -23.011  43.115 0.0000000000
56413  43.706  -22.671  42.133 0.0000000000
129201  44.358  -22.285  41.956 0.0000000000
125017  43.808  -22.299  41.569 0.0000000000
56462  38.134  -22.302  38.254 0.0000000000
56461  38.943  -21.961  38.150 0.0000000000
57431  38.383  -21.865  37.550 0.0000000000
141998  37.542  -21.617  36.385 0.0000000000
57433  37.021  -21.777  36.613 0.0000000000
55487  32.266  -23.017  36.617 0.0000000000
52559  33.897  -26.913  41.658 0.0000000000
52568  34.070  -26.197  41.240 0.0000000000
52570  32.890  -26.731  40.551 0.0000000000
43579  37.508  -35.211  45.377 0.0000000000
44634  37.027  -34.947  45.561 0.0000000000
46834  32.829  -33.056  41.458 0.0000000000
121116  33.409  -33.467  40.989 0.0000000000
45781  32.325  -33.243  39.985 0.0000000000
45795  32.511  -33.201  39.458 0.0000000000
45796  31.904  -33.110  39.512 0.0000000000
47844  26.654  -31.447  41.169 0.0000000000
47843  27.562  -31.350  41.415 0.0000000000
47860  27.287  -31.205  40.477 0.0000000000
66525  52.566  -11.461  27.442 0.0000000000
65659  52.963  -12.223  27.147 0.0000000000
123423  28.693  -36.606  59.931 0.0000000000
43407  27.063  -35.416  60.914 0.0000000000
43408  26.585  -35.838  60.873 0.0000000000
43392  29.502  -35.731  61.591 0.0000000000
42413  30.176  -36.227  61.654 0.0000000000
42426  29.574  -36.401  60.845 0.0000000000
41496  29.760  -37.234  60.060 0.0000000000
46716  43.275  -32.361  52.118 0.0000000000
47713  42.950  -31.669  52.603 0.0000000000
46715  43.957  -32.337  51.738 0.0000000000
47751  44.074  -31.560  50.481 0.0000000000
47731  44.391  -31.338  51.472 0.0000000000
122654  44.325  -30.924  50.941 0.0000000000
48640  44.511  -30.250  51.534 0.0000000000
48641  44.020  -30.195  50.925 0.0000000000
48642  43.215  -30.130  50.451 0.0000000000
48657  42.824  -30.793  50.028 0.0000000000
48679  40.676  -31.398  48.855 0.0000000000
48658  41.096  -30.730  49.401 0.0000000000
48680  40.128  -30.501  49.048 0.0000000000
49596  39.584  -29.515  48.716 0.0000000000
48681  39.229  -30.492  48.391 0.0000000000
48699  37.948  -30.428  47.103 0.0000000000
47788  38.524  -31.313  47.113 0.0000000000
47791  38.564  -32.179  46.315 0.0000000000
47802  37.823  -32.195  45.035 0.0000000000
47803  37.438  -32.093  44.470 0.0000000000
46780  37.958  -32.759  44.670 0.0000000000
43601  23.094  -35.343  43.319 0.0000000000
44684  23.505  -34.707  43.584 0.0000000000
43613  23.300  -35.407  42.486 0.0000000000
69093  49.448  -8.435  30.807 0.0000000000
69094  48.347  -8.721  30.686 0.0000000000
128543  47.900  -9.665  29.122 0.0000000000
67390  47.952  -9.962  28.359 0.0000000000
126123  47.512  -11.013  27.357 0.0000000000
40705  24.509  -38.974  48.143 0.0000000000
39836  24.258  -39.258  47.553 0.0000000000
39829  24.388  -39.171  48.349 0.0000000000
129291  23.945  -39.321  49.595 0.0000000000
39831  23.303  -39.363  48.307 0.0000000000
40706  22.506  -38.847  48.825 0.0000000000
41555  23.016  -37.014  56.126 0.0000000000
41576  22.161  -36.833  54.499 0.0000000000
41562  21.484  -36.803  55.372 0.0000000000
123407  19.419  -37.498  54.127 0.0000000000
41579  18.883  -37.842  53.517 0.0000000000
41599  18.818  -37.850  52.782 0.0000000000
40681  18.447  -38.461  52.372 0.0000000000
39798  18.073  -39.669  52.017 0.0000000000
39797  18.188  -39.183  52.642 0.0000000000
39774  18.415  -39.209  54.889 0.0000000000
136940  18.178  -39.629  53.466 0.0000000000
130567  18.190  -40.485  53.995 0.0000000000
42483  38.442  -36.361  57.293 0.0000000000
124601  39.989  -38.355  55.304 0.0000000000
41559  39.867  -37.741  55.535 0.0000000000
136165  40.364  -37.979  55.043 0.0000000000
41567  40.671  -37.767  54.420 0.0000000000
132863  40.230  -38.530  54.321 0.0000000000
41586  39.951  -38.126  53.420 0.0000000000
40661  39.693  -38.555  54.203 0.0000000000
41570  37.395  -37.982  54.486 0.0000000000
41588  36.978  -37.285  53.944 0.0000000000
42503  37.010  -36.733  53.446 0.0000000000
39781  29.296  -39.579  54.098 0.0000000000
40665  29.694  -39.032  53.612 0.0000000000
40691  27.209  -38.724  51.241 0.0000000000
41631  27.801  -38.077  51.258 0.0000000000
41639  28.090  -37.297  50.957 0.0000000000
41648  26.683  -37.318  50.063 0.0000000000
41641  26.368  -38.106  50.174 0.0000000000
142718  24.869  -38.860  49.238 0.0000000000
40699  25.193  -38.590  49.376 0.0000000000
40704  24.806  -38.673  48.739 0.0000000000
40711  24.646  -38.671  48.059 0.0000000000
63838  40.842  -14.436  30.742 0.0000000000
64729  41.287  -13.905  30.203 0.0000000000
123570  42.132  -15.468  29.737 0.0000000000
38878  18.779  -39.999  63.124 0.0000000000
39666  19.263  -39.637  63.787 0.0000000000
38885  18.951  -40.308  62.385 0.0000000000
38897  18.824  -40.910  61.820 0.0000000000
67298  49.462  -10.302  37.284 0.0000000000
67292  50.498  -10.636  37.665 0.0000000000
66418  51.180  -11.607  37.728 0.0000000000
66419  50.188  -11.634  37.292 0.0000000000
65574  48.926  -12.236  36.679 0.0000000000
65573  49.691  -12.243  37.092 0.0000000000
62037  49.984  -16.765  40.061 0.0000000000
62048  49.834  -16.190  39.543 0.0000000000
61114  47.333  -17.729  39.295 0.0000000000
61113  47.783  -17.442  39.376 0.0000000000
61127  46.741  -17.655  38.906 0.0000000000
61140  46.326  -17.253  38.462 0.0000000000
60287  45.276  -17.969  38.210 0.0000000000
59364  45.333  -19.277  38.931 0.0000000000
60277  44.977  -19.085  38.581 0.0000000000
59379  43.687  -19.333  37.830 0.0000000000
59366  43.933  -19.830  38.392 0.0000000000
53507  41.854  -25.195  45.150 0.0000000000
53498  42.505  -25.006  45.474 0.0000000000
54492  41.614  -24.862  44.390 0.0000000000
135412  40.527  -24.139  42.483 0.0000000000
54497  41.340  -24.505  43.586 0.0000000000
54507  41.154  -24.084  42.808 0.0000000000
55410  41.731  -23.593  42.412 0.0000000000
55411  40.927  -23.670  42.145 0.0000000000
55420  40.618  -23.378  41.507 0.0000000000
55431  38.724  -23.433  40.605 0.0000000000
55439  38.367  -23.087  39.900 0.0000000000
56441  38.016  -22.743  39.062 0.0000000000
55452  37.173  -23.032  39.084 0.0000000000
56451  36.382  -22.741  38.144 0.0000000000
54544  35.677  -24.235  39.984 0.0000000000
55454  35.554  -23.473  38.881 0.0000000000
135342  34.353  -23.981  38.965 0.0000000000
50644  32.000  -28.828  39.622 0.0000000000
50645  31.390  -28.539  39.218 0.0000000000
50671  29.268  -28.024  36.955 0.0000000000
51644  28.835  -27.550  36.293 0.0000000000
138756  28.868  -28.203  35.639 0.0000000000
142926  35.094  -33.457  46.919 0.0000000000
45694  34.735  -33.563  45.245 0.0000000000
45695  33.789  -33.256  45.263 0.0000000000
45713  32.554  -32.884  44.542 0.0000000000
45712  33.708  -33.253  44.280 0.0000000000
46800  32.639  -32.702  42.926 0.0000000000
68228  55.704  -10.880  31.970 0.0000000000
67361  56.019  -11.727  31.335 0.0000000000
67372  56.098  -12.111  30.803 0.0000000000
66502  55.912  -12.186  30.879 0.0000000000
38975  26.995  -40.125  54.442 0.0000000000
125504  26.435  -39.801  53.944 0.0000000000
38976  26.480  -40.058  54.811 0.0000000000
38957  26.256  -40.133  56.426 0.0000000000
137900  25.945  -39.971  55.756 0.0000000000
134314  25.482  -39.648  55.373 0.0000000000
131863  25.064  -39.406  54.965 0.0000000000
39759  25.608  -39.752  56.127 0.0000000000
40591  27.361  -38.946  58.967 0.0000000000
39724  25.615  -39.383  59.033 0.0000000000
133473  26.146  -39.442  59.261 0.0000000000
40616  24.720  -38.998  57.408 0.0000000000
40608  24.251  -38.418  58.305 0.0000000000
40594  24.363  -38.699  60.081 0.0000000000
41515  23.438  -37.815  59.641 0.0000000000
41532  22.579  -37.277  58.373 0.0000000000
40569  35.419  -38.738  60.306 0.0000000000
39705  36.270  -39.377  59.286 0.0000000000
40604  36.983  -39.092  58.691 0.0000000000
38920  35.985  -40.456  58.304 0.0000000000
38934  36.161  -40.410  57.690 0.0000000000
38921  35.187  -40.548  58.687 0.0000000000
38923  33.201  -40.676  58.821 0.0000000000
126312  33.955  -40.587  58.023 0.0000000000
38937  33.138  -40.613  58.134 0.0000000000
39743  33.022  -40.016  56.912 0.0000000000
38950  32.652  -40.391  57.470 0.0000000000
40574  31.577  -38.626  60.597 0.0000000000
138960  32.236  -39.412  60.376 0.0000000000
39696  31.722  -39.276  60.149 0.0000000000
120039  30.108  -40.479  57.443 0.0000000000
38939  30.925  -40.498  58.004 0.0000000000
38952  30.974  -40.547  57.312 0.0000000000
38951  31.470  -40.387  56.811 0.0000000000
38961  30.806  -40.350  56.466 0.0000000000
38973  29.909  -39.972  55.281 0.0000000000
137468  29.409  -40.300  55.611 0.0000000000
119515  27.876  -40.519  55.509 0.0000000000
38974  28.167  -40.292  54.795 0.0000000000
142766  27.529  -40.312  54.834 0.0000000000
38982  26.940  -39.861  53.655 0.0000000000
62117  39.840  -15.921  32.155 0.0000000000
61094  51.905  -16.654  40.823 0.0000000000
61078  52.458  -17.073  41.666 0.0000000000
60239  52.087  -17.881  42.289 0.0000000000
60240  51.060  -18.364  41.880 0.0000000000
60241  50.046  -18.724  41.550 0.0000000000
59326  50.606  -19.096  42.310 0.0000000000
140314  43.339  -29.841  53.374 0.0000000000
52452  44.565  -26.297  49.760 0.0000000000
52451  45.224  -25.920  49.685 0.0000000000
52466  44.505  -25.877  49.031 0.0000000000
50524  42.195  -28.446  50.130 0.0000000000
51461  41.759  -27.664  49.647 0.0000000000
52470  40.760  -26.717  47.964 0.0000000000
52469  41.320  -26.593  48.139 0.0000000000
52480  41.851  -26.163  47.548 0.0000000000
52479  42.870  -25.886  47.790 0.0000000000
52491  41.423  -26.004  46.775 0.0000000000
53491  41.774  -25.690  46.312 0.0000000000
52492  40.634  -26.253  46.522 0.0000000000
52510  38.719  -26.550  45.482 0.0000000000
52509  39.533  -26.312  45.606 0.0000000000
52522  39.155  -26.145  45.011 0.0000000000
52523  38.651  -25.999  44.397 0.0000000000
143646  38.098  -26.045  44.092 0.0000000000
52537  37.534  -26.099  43.778 0.0000000000
51541  36.339  -27.575  44.626 0.0000000000
51555  36.216  -26.975  44.054 0.0000000000
51569  34.673  -27.249  42.584 0.0000000000
51568  35.098  -27.598  43.230 0.0000000000
48711  37.432  -30.269  46.349 0.0000000000
49638  36.524  -29.651  45.324 0.0000000000
49681  35.323  -30.021  42.698 0.0000000000
49669  35.484  -29.744  43.413 0.0000000000
49696  34.136  -29.336  41.411 0.0000000000
50616  33.700  -28.663  41.306 0.0000000000
48770  33.759  -30.710  40.053 0.0000000000
49719  33.151  -30.243  39.796 0.0000000000
48780  32.733  -30.546  39.078 0.0000000000
48792  31.860  -30.499  38.033 0.0000000000
48791  32.445  -30.858  38.333 0.0000000000
44652  28.903  -34.127  45.961 0.0000000000
45698  28.580  -33.709  45.232 0.0000000000
45735  26.249  -32.898  43.763 0.0000000000
45734  27.050  -32.740  43.650 0.0000000000
46805  26.506  -32.457  43.075 0.0000000000
46822  26.792  -32.078  42.448 0.0000000000
130995  26.042  -32.239  42.482 0.0000000000
45752  24.369  -33.565  42.646 0.0000000000
45766  24.754  -33.157  41.342 0.0000000000
139846  25.028  -32.938  40.681 0.0000000000
69061  53.432  -8.902  33.017 0.0000000000
68218  53.566  -10.149  32.192 0.0000000000
68244  51.539  -9.474  29.727 0.0000000000
68243  52.488  -9.896  30.422 0.0000000000
68256  52.213  -9.881  29.459 0.0000000000
67387  51.628  -10.177  28.056 0.0000000000
68259  49.713  -9.479  28.650 0.0000000000
68245  50.486  -9.344  29.306 0.0000000000
68269  49.994  -9.763  27.887 0.0000000000
66527  50.745  -11.146  26.952 0.0000000000
39843  23.448  -39.543  46.188 0.0000000000
39854  23.288  -39.433  45.710 0.0000000000
39855  22.556  -39.395  45.068 0.0000000000
39795  24.878  -39.389  52.481 0.0000000000
39805  24.623  -39.335  51.751 0.0000000000
39796  24.243  -39.211  52.088 0.0000000000
40687  22.327  -38.095  51.012 0.0000000000
40701  21.895  -38.113  49.343 0.0000000000
41651  21.267  -37.454  49.840 0.0000000000
143508  20.861  -36.790  52.706 0.0000000000
41616  21.714  -37.208  52.249 0.0000000000
135611  20.795  -36.902  52.025 0.0000000000
41654  18.982  -37.852  49.316 0.0000000000
41653  19.445  -37.350  49.745 0.0000000000
41661  19.037  -37.819  48.410 0.0000000000
44528  39.038  -34.562  56.310 0.0000000000
44541  39.406  -34.919  55.486 0.0000000000
45609  40.067  -33.831  54.185 0.0000000000
45627  40.236  -33.769  53.017 0.0000000000
143080  40.419  -32.963  52.862 0.0000000000
46718  41.026  -32.454  52.617 0.0000000000
45644  41.546  -34.070  52.258 0.0000000000
142397  43.380  -36.238  50.753 0.0000000000
44587  43.615  -35.045  51.358 0.0000000000
43515  43.710  -35.667  50.381 0.0000000000
44598  42.917  -35.087  49.275 0.0000000000
43543  42.415  -35.867  49.052 0.0000000000
43544  41.556  -35.978  48.454 0.0000000000
42570  41.954  -36.294  48.999 0.0000000000
120301  40.366  -36.386  49.760 0.0000000000
42561  40.183  -36.298  48.512 0.0000000000
140966  39.516  -36.010  48.412 0.0000000000
43546  39.049  -35.740  47.953 0.0000000000
43531  39.010  -35.655  48.859 0.0000000000
42513  38.818  -36.665  52.322 0.0000000000
42530  38.426  -36.111  51.734 0.0000000000
43518  36.706  -34.952  50.654 0.0000000000
43517  37.654  -35.338  50.686 0.0000000000
44591  37.154  -34.860  49.933 0.0000000000
44599  37.650  -34.705  48.916 0.0000000000
44600  36.577  -34.340  49.342 0.0000000000
44610  36.021  -33.880  48.670 0.0000000000
44612  33.664  -34.636  48.828 0.0000000000
143515  34.168  -34.376  48.721 0.0000000000
126992  33.101  -34.641  48.300 0.0000000000
135479  32.598  -34.556  47.858 0.0000000000
44613  32.361  -34.888  48.375 0.0000000000
39740  35.881  -40.042  56.785 0.0000000000
39752  36.210  -39.511  56.179 0.0000000000
40630  35.466  -38.985  55.719 0.0000000000
41591  33.844  -37.534  54.239 0.0000000000
41572  34.646  -37.841  54.709 0.0000000000
42505  34.686  -36.722  53.613 0.0000000000
128603  33.845  -36.878  53.581 0.0000000000
41594  30.911  -37.954  53.479 0.0000000000
41593  31.742  -37.696  53.644 0.0000000000
41612  31.336  -37.251  53.037 0.0000000000
42533  31.505  -36.164  51.869 0.0000000000
140690  32.007  -36.244  52.236 0.0000000000
42532  32.252  -35.895  51.927 0.0000000000
43509  32.667  -35.427  51.360 0.0000000000
124183  33.008  -35.039  50.795 0.0000000000
43522  32.291  -35.269  50.463 0.0000000000
43535  31.226  -35.265  49.085 0.0000000000
43549  30.756  -35.072  48.335 0.0000000000
44624  31.170  -34.714  47.641 0.0000000000
44625  30.233  -34.752  47.553 0.0000000000
137436  29.562  -34.611  47.186 0.0000000000
44627  28.054  -34.815  47.234 0.0000000000
44642  26.670  -34.572  46.620 0.0000000000
42575  26.071  -36.205  48.937 0.0000000000
42576  25.463  -36.430  48.439 0.0000000000
43573  24.403  -35.670  46.655 0.0000000000
121501  24.921  -35.439  47.091 0.0000000000
44644  24.935  -34.937  46.449 0.0000000000
43580  24.178  -35.253  45.893 0.0000000000
43581  23.458  -35.624  45.383 0.0000000000
67366  45.642  -10.274  30.767 0.0000000000
66519  44.280  -11.680  28.647 0.0000000000
65642  42.157  -12.732  29.985 0.0000000000
65644  42.905  -12.241  29.639 0.0000000000
65645  42.524  -12.746  29.235 0.0000000000
63854  44.334  -13.920  27.549 0.0000000000
62135  40.537  -16.191  30.987 0.0000000000
62134  41.166  -16.364  30.520 0.0000000000
45502  27.699  -32.711  63.582 0.0000000000
44448  26.328  -33.493  63.911 0.0000000000
44463  25.763  -34.528  63.162 0.0000000000
44474  25.782  -35.275  62.255 0.0000000000
42382  25.284  -36.637  64.413 0.0000000000
42391  25.654  -36.974  63.695 0.0000000000
41451  25.645  -37.942  63.506 0.0000000000
40533  25.405  -38.556  63.166 0.0000000000
41452  25.089  -38.279  63.877 0.0000000000
40535  23.990  -38.598  64.106 0.0000000000
40545  24.284  -38.715  63.084 0.0000000000
41465  23.382  -38.164  62.433 0.0000000000
41499  22.592  -37.450  60.933 0.0000000000
41484  22.514  -37.481  61.825 0.0000000000
40526  20.498  -39.113  65.095 0.0000000000
40511  20.798  -38.896  66.238 0.0000000000
40510  21.752  -38.622  66.282 0.0000000000
40493  22.329  -38.458  66.614 0.0000000000
40525  22.000  -38.509  65.624 0.0000000000
41442  22.413  -38.236  64.893 0.0000000000
41443  21.613  -38.295  64.907 0.0000000000
120770  20.609  -37.566  62.620 0.0000000000
41501  20.282  -37.684  60.964 0.0000000000
121168  20.771  -37.390  60.205 0.0000000000
41519  19.789  -37.750  59.086 0.0000000000
40609  19.405  -38.138  58.281 0.0000000000
40595  19.315  -38.540  59.173 0.0000000000
39734  18.766  -39.806  57.481 0.0000000000
38917  19.654  -41.164  59.898 0.0000000000
70834  54.601  -6.933  33.725 0.0000000000
70835  54.316  -7.133  34.111 0.0000000000
70823  53.358  -6.222  34.585 0.0000000000
131355  52.834  -6.813  34.035 0.0000000000
70837  51.846  -6.684  33.687 0.0000000000
71686  51.773  -5.632  35.278 0.0000000000
70838  51.060  -6.501  33.679 0.0000000000
69929  49.751  -7.303  32.415 0.0000000000
70839  50.067  -6.506  33.752 0.0000000000
70840  49.056  -6.702  33.976 0.0000000000
69914  48.470  -7.240  33.412 0.0000000000
69931  47.922  -7.710  32.855 0.0000000000
69915  47.718  -7.708  33.744 0.0000000000
133339  48.877  -7.040  36.906 0.0000000000
69890  47.746  -8.298  35.332 0.0000000000
69040  47.207  -8.361  34.105 0.0000000000
69049  47.227  -8.240  33.237 0.0000000000
69050  46.726  -8.858  33.711 0.0000000000
137431  46.181  -9.409  32.701 0.0000000000
140895  46.840  -9.951  34.771 0.0000000000
67326  46.049  -9.965  33.930 0.0000000000
67319  45.877  -10.603  34.290 0.0000000000
67305  47.695  -10.598  35.692 0.0000000000
66437  47.717  -11.341  35.804 0.0000000000
66439  46.071  -11.749  35.251 0.0000000000
66449  46.399  -11.069  34.914 0.0000000000
66451  44.854  -11.569  34.269 0.0000000000
65606  44.104  -11.977  33.885 0.0000000000
64687  43.998  -13.019  35.165 0.0000000000
65599  43.605  -12.674  34.358 0.0000000000
65554  52.705  -12.477  38.887 0.0000000000
65565  52.314  -12.224  38.548 0.0000000000
64644  52.611  -12.863  38.690 0.0000000000
122001  50.805  -14.146  38.332 0.0000000000
63777  50.758  -13.499  37.878 0.0000000000
63778  49.895  -13.908  37.816 0.0000000000
64656  49.089  -13.570  37.419 0.0000000000
62065  48.486  -15.992  38.803 0.0000000000
62931  47.880  -15.651  38.314 0.0000000000
63781  46.692  -14.925  37.460 0.0000000000
64666  45.962  -13.888  36.683 0.0000000000
62952  45.339  -14.825  36.982 0.0000000000
63792  43.693  -14.577  36.123 0.0000000000
63801  42.441  -14.770  35.276 0.0000000000
63806  42.001  -14.377  34.597 0.0000000000
62971  41.705  -15.167  34.892 0.0000000000
62092  41.788  -16.700  35.640 0.0000000000
62093  40.966  -16.740  34.898 0.0000000000
61173  40.447  -17.331  34.291 0.0000000000
61172  40.904  -17.747  34.914 0.0000000000
127987  43.244  -18.113  36.873 0.0000000000
142481  41.538  -19.168  35.732 0.0000000000
60312  41.778  -18.414  35.894 0.0000000000
60333  40.275  -18.716  34.018 0.0000000000
58270  49.151  -20.862  43.718 0.0000000000
128852  49.081  -20.456  42.957 0.0000000000
58296  49.354  -19.983  42.501 0.0000000000
58297  48.588  -20.333  42.338 0.0000000000
123230  46.629  -24.325  46.921 0.0000000000
54462  47.212  -24.271  47.577 0.0000000000
54471  47.196  -23.922  46.754 0.0000000000
55373  47.914  -23.624  47.151 0.0000000000
55384  46.805  -23.691  46.043 0.0000000000
123691  44.603  -24.369  45.736 0.0000000000
54489  44.379  -23.982  44.957 0.0000000000
55401  45.416  -23.017  44.089 0.0000000000
55396  45.716  -23.415  44.827 0.0000000000
55400  46.179  -22.875  44.411 0.0000000000
56391  47.101  -22.713  44.818 0.0000000000
56400  47.429  -22.095  44.188 0.0000000000
56401  46.610  -22.343  43.896 0.0000000000
57368  46.786  -21.491  42.555 0.0000000000
57379  46.556  -21.112  41.712 0.0000000000
58298  47.354  -20.516  41.559 0.0000000000
57390  46.042  -20.857  40.960 0.0000000000
58313  46.443  -20.224  40.483 0.0000000000
57391  45.325  -21.157  40.775 0.0000000000
57406  43.504  -21.264  39.658 0.0000000000
57405  44.304  -21.125  39.916 0.0000000000
57417  43.118  -20.952  38.922 0.0000000000
58346  42.752  -20.600  38.205 0.0000000000
57418  42.352  -21.094  38.628 0.0000000000
56429  40.936  -22.555  40.446 0.0000000000
124748  41.711  -22.253  40.364 0.0000000000
57421  39.772  -21.659  38.071 0.0000000000
57420  40.728  -21.321  37.990 0.0000000000
57428  41.374  -20.902  37.648 0.0000000000
57448  40.260  -21.029  36.290 0.0000000000
134185  37.966  -21.373  35.201 0.0000000000
56481  35.455  -22.320  36.892 0.0000000000
56482  34.542  -22.389  36.575 0.0000000000
57465  33.896  -21.720  35.080 0.0000000000
57466  33.020  -21.895  34.787 0.0000000000
53534  35.907  -25.701  42.245 0.0000000000
143364  35.606  -25.269  41.401 0.0000000000
53571  33.276  -25.413  39.786 0.0000000000
53570  33.982  -25.132  40.003 0.0000000000
123680  33.629  -24.832  39.502 0.0000000000
54560  33.610  -24.311  38.919 0.0000000000
54561  32.716  -24.500  38.578 0.0000000000
52595  30.923  -26.948  39.015 0.0000000000
137924  31.220  -26.266  38.970 0.0000000000
52596  30.515  -26.291  38.410 0.0000000000
54576  29.858  -24.805  36.753 0.0000000000
53588  30.487  -25.435  37.910 0.0000000000
54563  30.475  -24.632  37.290 0.0000000000
44631  40.109  -35.278  46.901 0.0000000000
45679  40.020  -34.614  46.669 0.0000000000
44632  39.646  -35.139  46.323 0.0000000000
44665  37.734  -34.685  44.416 0.0000000000
44664  38.323  -34.818  44.776 0.0000000000
45709  37.654  -33.914  43.978 0.0000000000
46798  37.279  -33.197  43.542 0.0000000000
45730  36.967  -34.100  43.448 0.0000000000
45710  35.384  -34.209  44.332 0.0000000000
44667  36.097  -34.686  43.975 0.0000000000
44668  35.440  -34.371  43.518 0.0000000000
120681  34.100  -33.540  41.075 0.0000000000
45763  34.677  -33.654  41.819 0.0000000000
45777  34.860  -33.400  41.109 0.0000000000
45761  36.039  -33.321  42.039 0.0000000000
46845  35.013  -32.792  40.561 0.0000000000
46861  34.469  -32.668  39.959 0.0000000000
46881  32.158  -32.718  38.105 0.0000000000
46880  32.714  -32.333  38.304 0.0000000000
46899  32.316  -32.221  37.550 0.0000000000
47897  32.277  -31.685  37.183 0.0000000000
46916  32.038  -32.134  36.884 0.0000000000
46785  29.538  -33.089  44.285 0.0000000000
46784  30.304  -32.883  44.154 0.0000000000
47841  29.587  -31.502  41.447 0.0000000000
47857  30.357  -31.777  40.958 0.0000000000
47858  29.637  -31.573  40.598 0.0000000000
46885  27.240  -32.025  38.736 0.0000000000
134845  27.516  -31.461  39.526 0.0000000000
46866  28.932  -32.155  38.693 0.0000000000
46865  29.938  -32.399  39.017 0.0000000000
46883  29.869  -32.637  38.103 0.0000000000
46882  30.843  -32.755  38.438 0.0000000000
46902  29.790  -32.593  37.159 0.0000000000
46932  29.042  -31.947  35.555 0.0000000000
46918  30.781  -32.348  36.366 0.0000000000
47907  30.974  -31.883  35.696 0.0000000000
67364  53.653  -10.756  31.109 0.0000000000
67373  54.273  -11.417  30.739 0.0000000000
65650  54.693  -12.314  28.661 0.0000000000
140952  45.921  -10.568  28.985 0.0000000000
67376  46.513  -10.144  29.395 0.0000000000
124298  28.634  -35.216  61.536 0.0000000000
43380  28.812  -34.639  62.325 0.0000000000
44461  27.113  -34.133  62.510 0.0000000000
45653  44.395  -33.544  51.102 0.0000000000
46737  44.439  -32.726  51.165 0.0000000000
46752  44.178  -33.139  50.361 0.0000000000
46757  43.684  -32.306  49.994 0.0000000000
47768  43.264  -31.462  49.982 0.0000000000
47769  42.373  -31.394  49.618 0.0000000000
46759  41.909  -32.011  49.165 0.0000000000
47782  41.106  -32.046  48.692 0.0000000000
47783  40.392  -32.031  48.375 0.0000000000
47786  39.937  -32.312  47.902 0.0000000000
46767  39.262  -32.914  46.551 0.0000000000
69081  47.835  -8.415  31.507 0.0000000000
68234  47.644  -9.187  30.391 0.0000000000
67375  47.235  -10.031  28.878 0.0000000000
39822  24.884  -39.044  49.559 0.0000000000
140238  24.530  -39.220  49.334 0.0000000000
129414  22.255  -36.977  56.883 0.0000000000
123267  20.808  -37.039  56.088 0.0000000000
41564  19.702  -37.535  55.077 0.0000000000
40651  18.988  -38.011  54.849 0.0000000000
40636  18.725  -38.631  55.317 0.0000000000
40624  18.834  -38.708  56.136 0.0000000000
42466  38.381  -36.869  57.397 0.0000000000
138040  38.749  -36.852  56.857 0.0000000000
42465  38.837  -37.436  56.774 0.0000000000
123723  39.465  -38.651  55.594 0.0000000000
40641  39.105  -38.836  54.941 0.0000000000
122030  38.136  -38.727  55.024 0.0000000000
142951  37.262  -38.592  55.126 0.0000000000
39791  28.012  -39.678  53.057 0.0000000000
136980  28.473  -39.125  52.621 0.0000000000
39801  27.652  -39.423  52.355 0.0000000000
39802  27.251  -39.252  51.775 0.0000000000
40692  26.444  -38.679  50.658 0.0000000000
39821  25.177  -38.931  49.803 0.0000000000
64710  41.890  -13.142  32.891 0.0000000000
65617  41.488  -13.157  31.455 0.0000000000
139427  40.989  -13.619  31.637 0.0000000000
39676  18.006  -40.147  62.867 0.0000000000
67291  51.431  -11.023  38.148 0.0000000000
65566  51.634  -12.173  37.996 0.0000000000
60251  49.326  -18.261  40.748 0.0000000000
61096  48.657  -17.760  40.098 0.0000000000
60264  47.018  -18.312  39.412 0.0000000000
60275  46.303  -18.425  39.062 0.0000000000
59363  45.906  -19.129  39.252 0.0000000000
58343  45.422  -19.805  39.412 0.0000000000
53519  39.829  -25.264  43.829 0.0000000000
53518  40.772  -25.056  44.086 0.0000000000
54499  39.656  -24.856  43.093 0.0000000000
124747  39.881  -24.413  42.487 0.0000000000
55421  39.866  -23.521  41.335 0.0000000000
55432  37.777  -23.655  40.469 0.0000000000
55441  36.760  -23.443  39.499 0.0000000000
125624  36.188  -24.322  40.455 0.0000000000
45676  33.103  -33.786  46.825 0.0000000000
122368  32.984  -33.392  46.057 0.0000000000
46783  31.138  -32.687  44.028 0.0000000000
69941  55.534  -8.682  32.153 0.0000000000
67362  55.732  -11.637  31.575 0.0000000000
38965  27.445  -40.552  56.107 0.0000000000
38956  27.009  -40.416  56.654 0.0000000000
38943  26.642  -40.145  57.300 0.0000000000
41497  26.573  -38.130  60.354 0.0000000000
40575  26.458  -38.946  60.028 0.0000000000
39713  25.840  -39.341  59.717 0.0000000000
126947  25.258  -39.216  59.888 0.0000000000
40593  24.761  -38.927  59.142 0.0000000000
40576  25.117  -39.106  60.793 0.0000000000
40570  34.861  -38.673  60.794 0.0000000000
39692  34.745  -39.644  60.436 0.0000000000
38913  34.827  -40.371  59.590 0.0000000000
38906  34.195  -40.270  60.149 0.0000000000
38908  32.848  -40.327  59.649 0.0000000000
39709  31.205  -39.781  59.395 0.0000000000
39710  30.346  -39.625  58.789 0.0000000000
120873  30.128  -40.306  57.964 0.0000000000
38953  29.271  -40.571  56.975 0.0000000000
38963  29.300  -40.499  56.301 0.0000000000
38954  28.515  -40.556  57.090 0.0000000000
49533  44.119  -29.458  52.996 0.0000000000
50460  44.223  -28.768  53.012 0.0000000000
51397  44.296  -27.890  52.921 0.0000000000
52421  45.102  -26.665  51.622 0.0000000000
53443  45.599  -25.906  51.254 0.0000000000
52432  45.343  -26.492  51.167 0.0000000000
51458  44.948  -26.623  50.479 0.0000000000
51459  44.174  -26.852  50.281 0.0000000000
50536  40.618  -28.566  49.306 0.0000000000
51462  40.970  -27.739  49.261 0.0000000000
132071  40.412  -27.953  48.842 0.0000000000
51495  40.227  -26.945  47.844 0.0000000000
52482  39.973  -26.656  47.106 0.0000000000
52494  38.958  -26.754  46.145 0.0000000000
52511  37.945  -26.798  45.290 0.0000000000
52525  36.918  -26.695  44.314 0.0000000000
51526  36.719  -27.838  45.269 0.0000000000
48728  36.990  -31.241  44.686 0.0000000000
48725  36.599  -30.472  44.862 0.0000000000
48729  36.461  -30.828  44.251 0.0000000000
48739  35.901  -30.616  43.160 0.0000000000
49695  35.121  -30.379  41.932 0.0000000000
139599  34.588  -29.994  41.485 0.0000000000
48760  34.844  -30.738  41.130 0.0000000000
48778  33.946  -31.429  39.681 0.0000000000
69062  52.323  -8.368  32.401 0.0000000000
69090  52.544  -9.452  31.549 0.0000000000
68231  51.740  -9.325  30.362 0.0000000000
130888  49.399  -10.279  27.441 0.0000000000
39839  21.900  -39.025  46.785 0.0000000000
142269  24.522  -39.138  53.553 0.0000000000
40679  23.867  -38.934  52.408 0.0000000000
40680  23.241  -38.477  52.045 0.0000000000
41632  22.504  -37.930  51.746 0.0000000000
41635  19.332  -37.349  51.497 0.0000000000
41645  18.923  -37.855  50.209 0.0000000000
40708  18.572  -38.464  48.886 0.0000000000
44561  39.923  -34.799  54.583 0.0000000000
133605  40.340  -35.525  54.185 0.0000000000
128569  40.721  -35.678  53.401 0.0000000000
44582  41.829  -35.333  52.261 0.0000000000
43488  42.476  -36.308  52.090 0.0000000000
131169  42.528  -36.866  51.879 0.0000000000
42543  42.652  -36.620  50.414 0.0000000000
42559  41.795  -36.540  49.568 0.0000000000
119973  41.209  -36.632  50.103 0.0000000000
42546  39.521  -36.128  50.154 0.0000000000
42514  37.877  -36.190  52.329 0.0000000000
43491  37.123  -35.652  52.098 0.0000000000
43505  36.733  -35.236  51.410 0.0000000000
44601  35.331  -34.324  49.567 0.0000000000
44593  35.236  -34.639  50.505 0.0000000000
44594  34.414  -34.591  50.068 0.0000000000
44603  33.636  -34.766  49.588 0.0000000000
39754  34.316  -39.558  56.398 0.0000000000
40631  34.549  -39.077  55.833 0.0000000000
40645  33.823  -38.677  55.426 0.0000000000
122454  33.236  -38.477  54.986 0.0000000000
41574  33.036  -37.943  54.388 0.0000000000
41628  30.094  -37.027  52.188 0.0000000000
42521  30.956  -36.778  52.385 0.0000000000
42547  31.083  -35.790  51.045 0.0000000000
139892  31.557  -35.504  50.495 0.0000000000
43524  30.846  -35.536  50.035 0.0000000000
43562  29.362  -34.959  47.775 0.0000000000
43550  29.009  -35.294  48.580 0.0000000000
43564  27.562  -35.150  48.090 0.0000000000
42580  24.875  -36.792  47.962 0.0000000000
41664  24.455  -37.322  47.304 0.0000000000
42584  24.108  -36.576  46.772 0.0000000000
42587  23.215  -36.531  45.575 0.0000000000
42588  22.791  -37.217  44.995 0.0000000000
67337  44.974  -10.683  32.166 0.0000000000
67353  44.954  -10.675  31.202 0.0000000000
66494  44.270  -11.197  30.640 0.0000000000
66506  43.532  -11.844  29.201 0.0000000000
63846  42.381  -14.068  28.886 0.0000000000
143336  42.761  -14.721  28.848 0.0000000000
42375  24.548  -36.886  65.599 0.0000000000
42383  24.880  -37.298  64.875 0.0000000000
41441  24.713  -38.028  64.605 0.0000000000
41454  22.795  -37.998  64.180 0.0000000000
142238  19.845  -39.407  65.003 0.0000000000
40537  20.258  -39.031  64.319 0.0000000000
41468  20.628  -37.957  63.657 0.0000000000
40546  20.136  -38.220  62.987 0.0000000000
132961  19.638  -38.541  60.998 0.0000000000
39714  19.250  -39.410  59.719 0.0000000000
71683  53.815  -5.480  34.744 0.0000000000
71670  53.203  -5.015  36.003 0.0000000000
71661  52.374  -4.998  37.211 0.0000000000
71687  50.667  -5.767  35.342 0.0000000000
70827  48.843  -6.722  34.942 0.0000000000
69884  48.565  -7.972  36.964 0.0000000000
128590  48.480  -7.542  36.222 0.0000000000
125796  47.331  -8.686  34.867 0.0000000000
68183  47.109  -9.523  34.965 0.0000000000
67317  47.128  -10.236  35.157 0.0000000000
66428  48.367  -11.814  36.325 0.0000000000
65598  44.432  -12.306  34.667 0.0000000000
65586  45.703  -12.440  35.561 0.0000000000
64678  44.534  -13.455  35.812 0.0000000000
63767  52.667  -13.637  38.981 0.0000000000
63769  49.772  -14.679  38.385 0.0000000000
62075  47.089  -16.097  38.222 0.0000000000
62943  46.548  -15.712  37.786 0.0000000000
63782  45.974  -15.316  37.434 0.0000000000
62953  44.666  -15.400  36.951 0.0000000000
62955  43.002  -15.940  36.246 0.0000000000
62964  42.283  -15.741  35.649 0.0000000000
62086  42.559  -16.644  36.198 0.0000000000
61161  42.130  -17.516  36.099 0.0000000000
138895  42.744  -18.908  36.787 0.0000000000
59404  41.123  -19.590  35.344 0.0000000000
59417  40.316  -19.828  34.389 0.0000000000
59405  40.679  -20.020  34.934 0.0000000000
57335  49.615  -21.228  44.875 0.0000000000
57351  48.635  -21.459  44.184 0.0000000000
124917  45.668  -25.244  48.421 0.0000000000
54463  46.730  -24.700  48.255 0.0000000000
53479  46.117  -24.955  48.129 0.0000000000
54472  45.851  -24.585  46.859 0.0000000000
55404  43.162  -23.647  43.396 0.0000000000
54496  44.143  -23.649  44.202 0.0000000000
55403  43.887  -23.400  43.514 0.0000000000
138467  45.227  -22.761  43.463 0.0000000000
56410  46.193  -22.063  42.965 0.0000000000
56402  45.422  -22.423  42.946 0.0000000000
56418  44.952  -21.873  41.800 0.0000000000
57381  44.990  -21.545  41.198 0.0000000000
57393  43.912  -21.568  40.415 0.0000000000
57394  43.039  -21.689  40.191 0.0000000000
124507  39.776  -22.319  39.311 0.0000000000
56448  39.419  -22.133  38.753 0.0000000000
57430  39.218  -21.575  37.406 0.0000000000
57449  39.494  -21.325  36.587 0.0000000000
120791  38.166  -21.467  36.104 0.0000000000
120044  37.103  -21.317  34.832 0.0000000000
57464  35.560  -21.600  35.409 0.0000000000
56466  34.097  -22.826  37.096 0.0000000000
56483  33.689  -22.477  36.374 0.0000000000
56484  32.781  -22.547  36.108 0.0000000000
53546  34.785  -25.719  41.339 0.0000000000
53559  33.515  -25.922  40.510 0.0000000000
53572  32.575  -25.600  39.504 0.0000000000
52608  29.914  -25.956  37.773 0.0000000000
52609  29.287  -26.118  37.139 0.0000000000
121561  39.066  -35.544  46.544 0.0000000000
43576  38.866  -35.303  45.579 0.0000000000
43569  38.556  -35.417  45.863 0.0000000000
43590  37.481  -35.178  44.947 0.0000000000
44666  37.205  -34.908  44.505 0.0000000000
45749  34.180  -33.621  42.467 0.0000000000
45779  33.634  -33.375  40.343 0.0000000000
45794  33.276  -33.168  39.518 0.0000000000
124556  31.539  -32.704  37.728 0.0000000000
46821  28.341  -32.403  43.073 0.0000000000
46820  29.212  -32.288  43.005 0.0000000000
134646  28.677  -31.961  42.483 0.0000000000
47828  28.595  -31.461  41.694 0.0000000000
46905  27.037  -32.692  37.165 0.0000000000
46903  28.639  -32.498  37.082 0.0000000000
66531  45.198  -12.099  27.639 0.0000000000
124064  45.835  -11.613  27.690 0.0000000000
65661  45.601  -13.072  26.858 0.0000000000
41530  27.939  -38.638  58.565 0.0000000000
41512  28.284  -37.792  58.805 0.0000000000
42442  27.957  -37.034  59.230 0.0000000000
42443  27.250  -37.120  59.674 0.0000000000
43406  27.719  -35.559  60.732 0.0000000000
42429  26.676  -36.860  60.475 0.0000000000
42414  26.256  -37.002  61.380 0.0000000000
41495  30.900  -37.880  60.625 0.0000000000
41510  30.230  -38.108  59.638 0.0000000000
41511  29.284  -37.888  59.061 0.0000000000
47698  41.474  -31.142  53.416 0.0000000000
47697  42.546  -31.036  53.154 0.0000000000
47696  43.587  -30.955  52.823 0.0000000000
48605  43.863  -30.299  52.970 0.0000000000
46714  44.294  -31.966  51.523 0.0000000000
47711  44.395  -31.003  51.930 0.0000000000
48604  44.376  -30.026  52.623 0.0000000000
48616  44.785  -29.668  52.047 0.0000000000
49572  44.814  -29.494  51.875 0.0000000000
50510  43.916  -28.508  50.943 0.0000000000
49574  43.617  -29.329  50.797 0.0000000000
49583  42.733  -29.299  50.351 0.0000000000
49584  41.840  -29.315  50.018 0.0000000000
125232  41.959  -30.762  49.694 0.0000000000
130612  41.504  -30.078  49.773 0.0000000000
49585  41.021  -29.330  49.677 0.0000000000
49595  40.296  -29.437  49.252 0.0000000000
49607  38.283  -29.470  47.538 0.0000000000
49618  37.717  -29.411  46.976 0.0000000000
48723  37.582  -31.128  45.763 0.0000000000
47797  37.486  -31.549  45.142 0.0000000000
47816  36.712  -31.840  43.392 0.0000000000
44670  24.444  -34.266  44.619 0.0000000000
45737  24.639  -33.659  43.927 0.0000000000
44683  24.019  -34.147  43.827 0.0000000000
44702  23.886  -34.125  43.087 0.0000000000
44720  23.690  -34.837  42.139 0.0000000000
69943  50.202  -7.729  31.776 0.0000000000
69092  50.308  -8.723  30.438 0.0000000000
68246  49.419  -9.221  29.417 0.0000000000
68260  48.733  -9.556  28.729 0.0000000000
140643  48.677  -10.491  27.363 0.0000000000
40713  24.164  -39.281  46.884 0.0000000000
39838  22.966  -39.487  46.746 0.0000000000
39830  24.066  -39.556  47.806 0.0000000000
119163  23.387  -39.518  47.463 0.0000000000
40715  21.235  -38.286  47.364 0.0000000000
41575  23.229  -37.413  54.620 0.0000000000
141774  22.989  -37.399  53.955 0.0000000000
41577  21.251  -36.747  53.987 0.0000000000
41597  20.334  -36.889  53.493 0.0000000000
41578  20.327  -37.042  54.487 0.0000000000
41618  19.353  -37.350  52.317 0.0000000000
41619  18.826  -37.858  51.941 0.0000000000
40688  18.458  -38.470  51.553 0.0000000000
38994  18.025  -40.471  52.174 0.0000000000
42482  39.205  -37.259  56.196 0.0000000000
42495  39.634  -36.970  55.612 0.0000000000
43469  40.191  -36.691  54.989 0.0000000000
140053  40.635  -37.161  54.538 0.0000000000
133775  40.976  -37.744  53.751 0.0000000000
41585  41.119  -37.861  53.295 0.0000000000
41627  40.544  -37.466  52.114 0.0000000000
41609  40.288  -37.697  52.759 0.0000000000
41610  39.415  -37.404  52.900 0.0000000000
42501  38.566  -37.043  53.092 0.0000000000
42502  37.773  -36.650  53.041 0.0000000000
127958  36.253  -36.331  53.246 0.0000000000
40648  30.923  -39.060  54.467 0.0000000000
40647  31.741  -38.851  54.672 0.0000000000
40664  30.509  -38.679  53.862 0.0000000000
40676  30.092  -38.309  53.229 0.0000000000
41614  29.683  -37.882  52.583 0.0000000000
40678  28.864  -38.279  52.283 0.0000000000
41629  29.276  -37.380  51.916 0.0000000000
42536  28.873  -36.886  51.258 0.0000000000
42550  28.508  -36.481  50.573 0.0000000000
42564  27.129  -36.346  49.769 0.0000000000
42565  26.294  -36.844  49.484 0.0000000000
41656  25.539  -37.347  48.957 0.0000000000
41650  25.209  -38.198  49.040 0.0000000000
65627  42.900  -12.152  31.629 0.0000000000
64728  41.716  -13.418  29.857 0.0000000000
65629  41.567  -13.199  30.566 0.0000000000
63842  42.184  -14.794  29.327 0.0000000000
39644  19.576  -39.402  65.087 0.0000000000
39654  19.626  -39.402  64.417 0.0000000000
38877  19.218  -39.826  63.033 0.0000000000
137172  19.156  -40.081  62.419 0.0000000000
142540  19.541  -40.794  60.920 0.0000000000
126703  19.373  -41.213  61.146 0.0000000000
38160  19.443  -41.824  60.903 0.0000000000
38156  18.574  -41.396  61.356 0.0000000000
68156  49.160  -9.612  37.450 0.0000000000
62917  50.743  -15.545  39.420 0.0000000000
126027  48.972  -16.280  39.276 0.0000000000
62049  48.189  -16.799  39.220 0.0000000000
61112  48.275  -17.429  39.615 0.0000000000
61142  44.880  -17.382  37.738 0.0000000000
61151  44.252  -17.141  37.342 0.0000000000
60289  44.195  -18.658  37.806 0.0000000000
58359  42.341  -20.177  37.403 0.0000000000
56370  49.088  -22.476  46.934 0.0000000000
140422  43.038  -25.356  46.656 0.0000000000
53497  43.859  -24.789  46.047 0.0000000000
119076  42.975  -25.144  46.136 0.0000000000
119202  42.883  -24.103  43.973 0.0000000000
125820  42.136  -24.358  43.855 0.0000000000
55409  42.637  -23.511  42.770 0.0000000000
55418  42.342  -23.161  41.997 0.0000000000
136343  42.149  -22.776  41.408 0.0000000000
55428  40.970  -22.965  41.102 0.0000000000
135676  40.204  -22.725  40.321 0.0000000000
55430  39.592  -23.142  40.627 0.0000000000
56431  39.700  -22.667  39.914 0.0000000000
56440  39.019  -22.591  39.412 0.0000000000
57432  37.570  -22.161  37.679 0.0000000000
56480  36.411  -22.123  37.047 0.0000000000
56463  36.781  -22.376  37.686 0.0000000000
55470  35.576  -23.034  38.213 0.0000000000
55471  34.630  -23.127  37.826 0.0000000000
55472  33.682  -23.332  37.644 0.0000000000
51593  32.454  -27.618  40.401 0.0000000000
52582  32.283  -26.756  40.057 0.0000000000
133742  31.885  -27.323  39.899 0.0000000000
51604  31.370  -27.544  39.459 0.0000000000
51618  30.273  -27.263  38.461 0.0000000000
51634  29.181  -27.142  37.169 0.0000000000
45681  36.613  -34.333  46.474 0.0000000000
44635  36.403  -34.524  45.441 0.0000000000
45693  35.637  -34.052  45.248 0.0000000000
45711  34.725  -33.868  43.721 0.0000000000
45732  34.061  -33.541  43.232 0.0000000000
45750  33.473  -33.188  42.676 0.0000000000
46816  32.987  -32.899  42.192 0.0000000000
46835  32.016  -32.610  41.220 0.0000000000
46867  26.012  -31.860  40.030 0.0000000000
47875  26.726  -31.527  39.813 0.0000000000
126387  26.403  -32.117  39.212 0.0000000000
141672  26.577  -32.566  38.509 0.0000000000
45821  26.460  -32.962  37.559 0.0000000000
69100  55.161  -9.120  30.088 0.0000000000
64750  52.860  -13.591  26.279 0.0000000000
38990  26.181  -39.583  52.386 0.0000000000
141293  26.008  -39.590  52.816 0.0000000000
39794  25.319  -39.448  53.098 0.0000000000
39784  25.360  -39.504  53.829 0.0000000000
38967  25.944  -39.883  55.109 0.0000000000
39785  24.893  -39.334  53.344 0.0000000000
39773  24.862  -39.334  54.203 0.0000000000
40666  24.282  -38.897  54.115 0.0000000000
143129  24.556  -38.972  55.607 0.0000000000
135463  27.657  -39.349  58.473 0.0000000000
39711  27.115  -39.594  58.632 0.0000000000
39730  26.636  -39.915  57.986 0.0000000000
121503  26.534  -39.432  58.996 0.0000000000
39723  26.285  -39.635  58.550 0.0000000000
39746  25.162  -39.414  56.655 0.0000000000
40634  24.140  -38.466  55.509 0.0000000000
41554  23.761  -37.804  56.042 0.0000000000
41543  23.458  -37.503  56.904 0.0000000000
41531  23.453  -37.589  57.901 0.0000000000
41544  22.527  -37.152  57.621 0.0000000000
141526  21.837  -37.153  58.085 0.0000000000
40587  36.681  -38.226  59.423 0.0000000000
39716  37.087  -39.656  58.098 0.0000000000
39729  37.346  -39.681  57.511 0.0000000000
39738  37.565  -39.673  56.873 0.0000000000
38933  36.857  -40.083  57.285 0.0000000000
38946  36.281  -40.234  57.180 0.0000000000
39741  34.915  -40.043  56.931 0.0000000000
38936  34.723  -40.617  58.219 0.0000000000
38948  34.446  -40.397  57.545 0.0000000000
39742  33.948  -40.017  56.955 0.0000000000
39755  33.425  -39.549  56.345 0.0000000000
39756  32.537  -39.643  56.199 0.0000000000
39695  32.645  -39.247  60.810 0.0000000000
129222  32.622  -40.560  59.093 0.0000000000
38916  31.439  -40.194  59.096 0.0000000000
38925  31.743  -40.472  58.670 0.0000000000
119051  31.853  -40.483  57.397 0.0000000000
39757  31.577  -39.892  56.076 0.0000000000
39768  31.273  -39.455  55.164 0.0000000000
39769  30.459  -39.574  54.894 0.0000000000
39770  29.767  -39.694  54.656 0.0000000000
119088  28.698  -40.452  55.586 0.0000000000
39782  28.328  -39.862  53.954 0.0000000000
39783  27.476  -39.812  53.410 0.0000000000
38989  26.832  -39.697  52.907 0.0000000000
62994  40.120  -15.232  31.957 0.0000000000
61216  40.574  -16.909  30.769 0.0000000000
64632  53.190  -13.177  39.579 0.0000000000
63754  53.194  -13.867  39.487 0.0000000000
62915  53.096  -14.573  39.726 0.0000000000
139626  52.556  -15.211  39.883 0.0000000000
62034  52.997  -15.413  40.467 0.0000000000
128326  51.742  -15.959  40.185 0.0000000000
62036  50.918  -16.664  40.377 0.0000000000
139743  50.153  -17.385  40.563 0.0000000000
61079  51.496  -17.520  41.444 0.0000000000
124420  45.777  -25.439  49.166 0.0000000000
53471  44.488  -25.565  48.223 0.0000000000
53482  43.740  -25.538  47.633 0.0000000000
51442  43.881  -27.639  50.622 0.0000000000
51481  41.515  -27.031  48.964 0.0000000000
52454  42.924  -26.522  49.199 0.0000000000
127347  43.132  -26.188  48.613 0.0000000000
53483  43.010  -25.531  47.071 0.0000000000
53490  42.511  -25.482  46.514 0.0000000000
53499  41.287  -25.639  45.620 0.0000000000
53500  40.609  -25.716  45.216 0.0000000000
52508  40.440  -26.055  45.766 0.0000000000
52521  39.932  -25.923  45.132 0.0000000000
53509  40.294  -25.539  44.623 0.0000000000
53520  39.073  -25.587  43.949 0.0000000000
53532  37.489  -25.365  42.579 0.0000000000
138690  37.170  -25.102  42.041 0.0000000000
53521  37.755  -25.623  43.178 0.0000000000
53522  37.072  -25.842  43.103 0.0000000000
52547  36.248  -26.115  42.949 0.0000000000
52548  35.348  -26.530  42.640 0.0000000000
50564  37.323  -28.489  46.157 0.0000000000
50579  36.243  -28.655  45.063 0.0000000000
50580  35.728  -28.626  44.428 0.0000000000
49654  35.626  -29.476  44.020 0.0000000000
50607  35.249  -28.652  43.681 0.0000000000
50608  34.498  -28.255  42.696 0.0000000000
51581  33.586  -27.729  41.465 0.0000000000
131283  33.149  -28.416  40.802 0.0000000000
50629  32.464  -28.667  40.164 0.0000000000
139520  33.547  -29.983  40.387 0.0000000000
49720  32.479  -29.595  39.585 0.0000000000
49721  31.850  -29.321  39.185 0.0000000000
45687  30.451  -34.023  46.092 0.0000000000
45697  29.956  -33.740  45.460 0.0000000000
45716  29.379  -33.519  44.959 0.0000000000
139109  28.002  -33.350  44.639 0.0000000000
46786  27.959  -32.930  43.835 0.0000000000
47830  26.948  -31.665  41.864 0.0000000000
47845  25.903  -31.793  40.868 0.0000000000
45751  24.781  -33.217  43.197 0.0000000000
45767  24.462  -33.474  41.955 0.0000000000
132670  25.501  -32.334  42.168 0.0000000000
69060  54.647  -9.115  33.284 0.0000000000
68217  54.698  -10.517  32.543 0.0000000000
67374  53.077  -10.512  29.931 0.0000000000
67399  50.337  -10.447  27.411 0.0000000000
67388  50.843  -9.948  27.931 0.0000000000
66526  51.631  -11.280  27.119 0.0000000000
129560  22.409  -39.430  44.487 0.0000000000
136729  24.762  -39.310  51.060 0.0000000000
39816  23.419  -39.097  50.138 0.0000000000
40685  23.697  -38.943  51.643 0.0000000000
136197  22.861  -38.710  50.603 0.0000000000
40700  22.689  -38.759  49.793 0.0000000000
41665  20.677  -37.617  47.948 0.0000000000
41633  21.627  -37.351  51.478 0.0000000000
139494  19.791  -36.914  51.159 0.0000000000
42566  20.058  -36.829  49.942 0.0000000000
41643  20.586  -36.976  50.286 0.0000000000
41659  20.109  -37.150  48.552 0.0000000000
41666  20.067  -37.408  47.565 0.0000000000
41670  20.028  -37.661  46.854 0.0000000000
45610  39.657  -33.821  55.058 0.0000000000
47686  40.367  -31.283  54.619 0.0000000000
47685  41.002  -30.712  54.149 0.0000000000
46717  42.159  -32.412  52.427 0.0000000000
45642  43.569  -33.165  51.726 0.0000000000
45643  42.900  -34.352  51.827 0.0000000000
133126  43.996  -33.958  51.394 0.0000000000
44590  43.830  -34.875  49.967 0.0000000000
45663  42.450  -34.307  48.911 0.0000000000
45664  41.622  -34.431  48.338 0.0000000000
45670  40.884  -34.560  47.755 0.0000000000
44617  41.252  -35.308  48.080 0.0000000000
44618  40.601  -35.303  47.516 0.0000000000
43558  40.220  -35.789  47.372 0.0000000000
42572  40.697  -36.305  48.320 0.0000000000
42573  40.162  -36.121  47.787 0.0000000000
43559  39.607  -35.718  47.140 0.0000000000
43560  39.095  -35.668  47.172 0.0000000000
43561  38.509  -35.460  47.384 0.0000000000
44619  37.954  -35.252  46.767 0.0000000000
42528  40.278  -36.961  51.450 0.0000000000
131141  40.055  -36.502  50.687 0.0000000000
43503  38.369  -35.819  51.144 0.0000000000
43516  38.697  -35.768  50.416 0.0000000000
127114  39.034  -35.768  49.640 0.0000000000
44608  37.853  -34.952  47.797 0.0000000000
44620  37.276  -34.597  47.173 0.0000000000
45666  36.457  -33.910  47.658 0.0000000000
45673  35.797  -33.588  47.199 0.0000000000
44611  34.852  -34.027  48.649 0.0000000000
44621  33.964  -34.200  48.160 0.0000000000
45675  34.091  -33.596  47.140 0.0000000000
44636  32.442  -34.251  47.285 0.0000000000
44637  31.669  -34.307  47.050 0.0000000000
137421  37.065  -39.474  56.021 0.0000000000
40629  36.543  -38.892  55.546 0.0000000000
40642  36.438  -38.152  54.863 0.0000000000
40644  34.628  -38.455  55.307 0.0000000000
41571  35.493  -37.625  54.538 0.0000000000
41589  35.429  -37.029  53.931 0.0000000000
42504  35.358  -36.347  53.333 0.0000000000
41592  32.543  -37.501  53.765 0.0000000000
42520  31.747  -36.612  52.554 0.0000000000
42506  32.935  -36.864  53.337 0.0000000000
42518  33.421  -36.281  52.856 0.0000000000
43495  33.984  -35.664  52.377 0.0000000000
43508  33.632  -35.174  51.457 0.0000000000
43533  32.980  -35.044  49.971 0.0000000000
43523  31.714  -35.308  49.769 0.0000000000
133209  32.040  -35.193  49.003 0.0000000000
44638  30.824  -34.370  46.863 0.0000000000
44626  28.884  -34.696  47.214 0.0000000000
44640  28.469  -34.419  46.584 0.0000000000
44653  28.034  -34.120  45.878 0.0000000000
44654  26.977  -34.104  45.832 0.0000000000
43552  26.760  -35.539  48.633 0.0000000000
119365  26.713  -35.163  47.955 0.0000000000
43565  25.329  -35.689  47.726 0.0000000000
43571  26.166  -35.037  47.367 0.0000000000
44643  25.818  -34.701  46.591 0.0000000000
44656  25.443  -34.425  45.876 0.0000000000
43591  23.085  -35.306  44.103 0.0000000000
43592  22.805  -36.030  44.733 0.0000000000
43602  22.627  -35.975  43.794 0.0000000000
67377  45.745  -10.405  29.760 0.0000000000
66504  45.113  -10.954  29.051 0.0000000000
123263  45.127  -11.537  28.210 0.0000000000
123939  43.066  -12.448  28.895 0.0000000000
64736  43.429  -13.442  28.217 0.0000000000
65652  43.477  -12.800  28.370 0.0000000000
64746  44.027  -13.163  27.814 0.0000000000
63833  40.449  -14.880  31.390 0.0000000000
63008  41.714  -15.846  30.202 0.0000000000
62133  42.111  -16.609  30.274 0.0000000000
45516  28.035  -33.234  63.303 0.0000000000
44462  26.520  -33.916  63.177 0.0000000000
43396  25.838  -36.323  62.129 0.0000000000
120526  25.491  -34.508  64.064 0.0000000000
42403  25.907  -37.299  63.001 0.0000000000
42415  26.054  -37.566  62.372 0.0000000000
40543  25.662  -38.773  62.457 0.0000000000
40534  24.798  -38.612  63.536 0.0000000000
40561  24.375  -38.827  62.157 0.0000000000
41498  23.504  -37.985  60.577 0.0000000000
133057  22.558  -37.419  60.037 0.0000000000
41517  21.525  -37.261  59.535 0.0000000000
121477  21.023  -37.238  58.863 0.0000000000
41434  23.110  -38.268  66.280 0.0000000000
40508  23.497  -38.296  65.665 0.0000000000
40536  23.327  -38.366  64.847 0.0000000000
122667  22.225  -37.613  63.498 0.0000000000
41467  21.407  -37.387  63.158 0.0000000000
123011  21.514  -37.258  62.193 0.0000000000
121875  21.662  -37.234  61.289 0.0000000000
41518  20.523  -37.405  59.387 0.0000000000
41534  20.432  -37.368  58.562 0.0000000000
40618  19.293  -38.252  57.434 0.0000000000
39761  18.490  -39.422  55.669 0.0000000000
39733  18.981  -38.989  57.892 0.0000000000
39747  18.610  -39.642  56.552 0.0000000000
38929  19.377  -40.921  59.027 0.0000000000
69925  55.173  -8.043  33.194 0.0000000000
70850  54.852  -7.138  33.455 0.0000000000
69926  54.913  -8.328  33.500 0.0000000000
69047  53.989  -8.354  33.564 0.0000000000
70836  53.823  -6.970  34.118 0.0000000000
69911  53.392  -7.568  33.761 0.0000000000
69048  52.822  -8.031  33.174 0.0000000000
69927  51.780  -7.615  32.668 0.0000000000
72531  53.269  -4.366  36.568 0.0000000000
71671  52.588  -5.199  36.226 0.0000000000
69928  50.775  -7.370  32.412 0.0000000000
69944  49.191  -7.706  31.855 0.0000000000
69930  48.790  -7.418  32.581 0.0000000000
69082  47.025  -8.767  31.801 0.0000000000
140940  50.225  -5.683  38.047 0.0000000000
69889  48.212  -7.526  35.344 0.0000000000
68205  46.404  -9.257  32.012 0.0000000000
68206  45.904  -9.768  32.255 0.0000000000
68192  45.857  -9.830  33.100 0.0000000000
67336  45.468  -10.236  32.654 0.0000000000
66466  44.441  -11.225  32.578 0.0000000000
66457  45.260  -10.930  33.880 0.0000000000
66459  43.877  -11.778  33.025 0.0000000000
65608  42.528  -12.750  33.150 0.0000000000
64700  42.110  -13.358  33.567 0.0000000000
63817  41.678  -13.994  33.862 0.0000000000
66408  52.306  -11.734  38.792 0.0000000000
64655  51.206  -12.849  37.820 0.0000000000
63788  47.567  -13.553  36.946 0.0000000000
62941  48.087  -14.847  37.866 0.0000000000
64657  48.245  -14.016  37.432 0.0000000000
64665  46.761  -13.497  36.661 0.0000000000
63799  43.750  -13.794  35.623 0.0000000000
127267  44.249  -14.100  36.155 0.0000000000
137499  42.595  -14.093  34.927 0.0000000000
63818  41.005  -14.304  33.366 0.0000000000
62984  40.577  -14.992  33.523 0.0000000000
122376  40.264  -15.680  33.539 0.0000000000
61152  43.630  -17.284  36.992 0.0000000000
61153  42.907  -17.410  36.541 0.0000000000
60323  40.596  -18.286  34.460 0.0000000000
59314  51.059  -19.367  43.081 0.0000000000
59327  49.688  -19.418  41.997 0.0000000000
59328  48.732  -19.715  41.703 0.0000000000
59329  47.888  -19.845  41.180 0.0000000000
55372  48.521  -23.041  47.097 0.0000000000
55382  48.480  -22.774  46.379 0.0000000000
54480  45.452  -24.265  46.088 0.0000000000
55385  45.995  -23.789  45.615 0.0000000000
55397  44.931  -23.511  44.497 0.0000000000
55394  47.204  -23.204  45.585 0.0000000000
56379  47.843  -22.767  45.622 0.0000000000
56378  48.585  -22.272  45.629 0.0000000000
56399  48.107  -21.849  44.396 0.0000000000
57366  48.344  -21.226  43.486 0.0000000000
57367  47.649  -21.266  42.916 0.0000000000
58285  47.878  -20.708  42.274 0.0000000000
58312  47.158  -20.032  40.808 0.0000000000
58328  44.722  -20.456  39.522 0.0000000000
57404  44.929  -20.946  40.214 0.0000000000
58344  44.165  -20.272  38.883 0.0000000000
58345  43.505  -20.427  38.577 0.0000000000
56420  42.468  -22.285  40.749 0.0000000000
56428  42.187  -21.800  39.941 0.0000000000
57408  41.886  -21.527  39.149 0.0000000000
57409  41.054  -21.677  38.954 0.0000000000
58360  41.591  -20.513  37.139 0.0000000000
58376  40.756  -20.652  35.938 0.0000000000
57460  39.677  -21.186  35.781 0.0000000000
121305  34.788  -21.530  35.007 0.0000000000
56495  34.164  -22.069  35.863 0.0000000000
141561  34.472  -21.792  35.491 0.0000000000
53545  36.498  -25.149  41.768 0.0000000000
54532  35.591  -24.711  40.643 0.0000000000
125847  34.843  -24.741  40.121 0.0000000000
55457  33.198  -23.869  38.167 0.0000000000
132070  32.236  -26.197  39.684 0.0000000000
53587  31.296  -25.519  38.547 0.0000000000
53586  32.215  -25.167  38.929 0.0000000000
124205  31.811  -24.692  38.273 0.0000000000
46772  38.814  -33.514  45.369 0.0000000000
44649  38.829  -34.938  45.215 0.0000000000
45692  38.693  -34.217  44.939 0.0000000000
133621  38.379  -33.418  44.821 0.0000000000
46781  37.660  -32.923  44.085 0.0000000000
46799  36.877  -32.573  43.205 0.0000000000
126758  36.680  -34.784  44.354 0.0000000000
44680  36.645  -34.649  43.893 0.0000000000
44682  35.340  -34.289  42.974 0.0000000000
44700  35.849  -34.341  42.815 0.0000000000
44699  36.360  -34.434  43.277 0.0000000000
45747  36.384  -33.857  42.723 0.0000000000
46833  36.175  -32.738  41.892 0.0000000000
47840  35.941  -32.147  41.650 0.0000000000
47855  35.413  -32.143  40.948 0.0000000000
47872  33.756  -31.941  39.173 0.0000000000
46879  33.314  -32.513  38.897 0.0000000000
47886  33.182  -31.836  38.617 0.0000000000
48801  31.901  -30.964  37.058 0.0000000000
48814  31.533  -31.233  36.280 0.0000000000
45714  30.749  -33.084  44.618 0.0000000000
46802  30.651  -32.438  43.443 0.0000000000
46819  30.106  -32.102  42.846 0.0000000000
46818  31.085  -32.136  42.594 0.0000000000
129487  31.405  -32.191  41.794 0.0000000000
46836  31.173  -32.208  41.062 0.0000000000
46848  30.808  -32.305  40.243 0.0000000000
124122  28.031  -31.143  40.108 0.0000000000
47859  28.824  -31.337  40.248 0.0000000000
47888  28.019  -31.784  38.884 0.0000000000
142572  29.453  -31.645  40.068 0.0000000000
46849  30.036  -32.023  39.890 0.0000000000
46863  31.344  -32.782  39.663 0.0000000000
45797  31.436  -32.933  39.014 0.0000000000
127935  31.605  -32.857  38.427 0.0000000000
46900  31.566  -32.442  36.903 0.0000000000
46917  31.516  -31.927  36.273 0.0000000000
47910  31.118  -31.400  35.623 0.0000000000
48820  30.846  -30.914  35.047 0.0000000000
67351  55.254  -11.111  32.126 0.0000000000
66493  55.469  -11.939  31.273 0.0000000000
66503  54.895  -11.868  30.329 0.0000000000
65649  55.777  -12.526  29.225 0.0000000000
65656  56.156  -13.026  28.670 0.0000000000
137305  46.422  -11.770  27.281 0.0000000000
66517  46.624  -11.115  27.715 0.0000000000
38161  18.948  -41.874  61.004 0.0000000000
38172  19.456  -41.500  58.592 0.0000000000
38914  33.997  -40.582  59.593 0.0000000000
38915  33.328  -40.553  59.401 0.0000000000
38926  29.125  -40.207  57.705 0.0000000000
38928  27.109  -40.101  57.818 0.0000000000
38935  35.538  -40.581  58.078 0.0000000000
38938  32.333  -40.585  57.907 0.0000000000
38942  27.396  -40.354  57.301 0.0000000000
38955  27.792  -40.582  56.875 0.0000000000
38962  30.041  -40.315  56.036 0.0000000000
38984  25.859  -39.594  53.358 0.0000000000
38991  25.588  -39.520  52.501 0.0000000000
38993  18.062  -39.907  52.680 0.0000000000
39667  17.889  -39.804  63.467 0.0000000000
39675  19.329  -40.095  62.254 0.0000000000
39706  35.498  -39.595  59.803 0.0000000000
39717  36.479  -39.918  58.548 0.0000000000
39725  19.070  -39.172  58.826 0.0000000000
39731  26.143  -39.827  57.775 0.0000000000
39766  39.147  -38.904  55.479 0.0000000000
39806  24.176  -39.158  51.313 0.0000000000
40524  23.062  -38.386  65.478 0.0000000000
40572  33.075  -38.985  61.244 0.0000000000
40588  35.976  -38.732  59.815 0.0000000000
40592  26.738  -39.238  59.385 0.0000000000
40602  37.846  -38.083  58.137 0.0000000000
40606  28.318  -39.412  58.256 0.0000000000
40614  38.845  -38.176  56.714 0.0000000000
40621  39.121  -38.574  56.132 0.0000000000
40627  40.350  -38.315  54.672 0.0000000000
40632  33.815  -39.158  55.918 0.0000000000
40649  24.569  -39.038  54.966 0.0000000000
40659  40.710  -38.191  53.954 0.0000000000
40660  40.287  -38.368  53.840 0.0000000000
40669  18.448  -38.565  53.305 0.0000000000
41424  23.448  -37.777  66.525 0.0000000000
41444  20.904  -38.344  64.581 0.0000000000
41453  23.197  -38.095  63.354 0.0000000000
41545  21.507  -37.112  57.554 0.0000000000
41561  22.603  -36.864  55.342 0.0000000000
41596  21.537  -36.876  53.075 0.0000000000
41606  42.025  -37.256  52.265 0.0000000000
41608  41.085  -37.718  52.578 0.0000000000
41634  19.925  -36.918  51.829 0.0000000000
41636  18.865  -37.852  51.089 0.0000000000
41652  20.372  -37.027  49.479 0.0000000000
41660  19.533  -37.380  48.890 0.0000000000
42498  40.984  -37.276  53.945 0.0000000000
42516  35.846  -35.847  52.783 0.0000000000
42526  42.756  -36.742  51.275 0.0000000000
42537  19.983  -36.802  50.521 0.0000000000
42544  41.893  -36.796  50.447 0.0000000000
42552  19.789  -36.963  50.039 0.0000000000
42557  43.239  -36.214  50.133 0.0000000000
42571  41.309  -36.394  48.709 0.0000000000
42579  40.571  -36.112  47.901 0.0000000000
43490  41.194  -35.746  52.766 0.0000000000
43501  43.914  -35.526  50.950 0.0000000000
43502  43.169  -36.120  51.427 0.0000000000
43529  43.217  -35.754  49.690 0.0000000000
43557  40.849  -35.868  47.902 0.0000000000
43568  39.214  -35.402  46.153 0.0000000000
43570  37.981  -35.406  45.940 0.0000000000
43578  37.945  -35.331  45.322 0.0000000000
43589  37.825  -35.156  44.839 0.0000000000
44585  44.316  -34.036  50.627 0.0000000000
44586  44.230  -34.577  51.037 0.0000000000
44648  39.263  -35.023  45.717 0.0000000000
44658  23.933  -34.930  45.071 0.0000000000
44701  35.252  -33.953  42.435 0.0000000000
45645  40.759  -33.511  52.561 0.0000000000
45661  43.277  -34.151  49.535 0.0000000000
45667  35.619  -33.632  48.045 0.0000000000
45680  39.524  -34.458  46.096 0.0000000000
45683  34.925  -33.430  46.136 0.0000000000
45688  29.656  -34.087  46.058 0.0000000000
45708  38.188  -34.110  44.483 0.0000000000
45748  34.735  -33.831  42.463 0.0000000000
45762  35.377  -33.578  41.807 0.0000000000
45793  33.957  -33.127  39.866 0.0000000000
46751  44.530  -33.013  50.905 0.0000000000
46761  41.943  -33.491  48.694 0.0000000000
46770  39.239  -33.637  45.981 0.0000000000
46773  38.341  -32.682  45.361 0.0000000000
46782  32.132  -32.633  43.849 0.0000000000
46832  36.564  -32.907  42.488 0.0000000000
46846  32.561  -33.173  40.650 0.0000000000
46862  33.900  -32.611  39.439 0.0000000000
47699  40.684  -31.463  53.698 0.0000000000
47715  40.971  -31.698  52.967 0.0000000000
47750  44.514  -31.553  50.995 0.0000000000
47824  36.581  -32.035  42.750 0.0000000000
47839  36.361  -32.252  42.200 0.0000000000
47856  34.904  -32.082  40.254 0.0000000000
48606  43.002  -30.354  53.324 0.0000000000
48617  44.618  -30.202  52.141 0.0000000000
48618  44.254  -30.675  52.451 0.0000000000
48630  44.735  -29.915  51.946 0.0000000000
48698  38.548  -30.452  47.763 0.0000000000
48769  34.464  -31.230  40.306 0.0000000000
48790  32.885  -31.250  38.616 0.0000000000
49548  44.670  -29.648  52.269 0.0000000000
49564  44.797  -29.305  51.851 0.0000000000
49637  36.979  -29.502  45.980 0.0000000000
49697  33.644  -29.330  40.846 0.0000000000
50492  44.951  -28.986  51.834 0.0000000000
50537  40.011  -28.614  48.783 0.0000000000
51480  42.333  -26.985  49.436 0.0000000000
51483  39.967  -27.744  48.336 0.0000000000
51512  37.827  -27.815  46.213 0.0000000000
52569  33.481  -26.790  41.092 0.0000000000
53469  46.282  -25.078  48.737 0.0000000000
54479  46.252  -24.133  46.334 0.0000000000
55433  37.085  -23.651  40.064 0.0000000000
55442  35.964  -23.688  39.420 0.0000000000
56412  44.282  -22.680  42.585 0.0000000000
57352  47.856  -21.628  43.744 0.0000000000
57369  46.121  -21.618  42.224 0.0000000000
60288  44.831  -18.588  38.257 0.0000000000
61126  47.406  -17.145  39.007 0.0000000000
64711  41.328  -13.424  32.292 0.0000000000
67401  48.045  -10.432  27.637 0.0000000000
70822  53.954  -6.259  34.390 0.0000000000
119157  18.705  -39.724  63.958 0.0000000000
119165  43.904  -24.404  45.365 0.0000000000
122180  40.151  -32.928  53.652 0.0000000000
123020  33.874  -40.669  58.576 0.0000000000
124078  20.007  -37.769  60.077 0.0000000000
124500  38.174  -39.302  56.533 0.0000000000
124731  21.727  -37.213  58.692 0.0000000000
126008  42.325  -37.160  51.752 0.0000000000
126987  35.286  -22.738  37.569 0.0000000000
127787  32.189  -40.258  59.432 0.0000000000
128132  42.495  -27.633  50.022 0.0000000000
128651  34.322  -39.215  60.929 0.0000000000
129679  39.387  -35.514  46.632 0.0000000000
130642  39.021  -31.226  47.807 0.0000000000
131061  20.977  -38.831  65.779 0.0000000000
131213  44.688  -29.200  52.351 0.0000000000
131402  35.213  -34.877  51.181 0.0000000000
131564  44.497  -32.165  51.136 0.0000000000
132201  30.992  -40.340  58.480 0.0000000000
133165  44.439  -30.940  51.386 0.0000000000
134319  41.515  -33.132  52.365 0.0000000000
134396  43.530  -33.246  49.768 0.0000000000
135559  44.901  -22.323  42.435 0.0000000000
135641  20.961  -37.290  60.885 0.0000000000
136339  37.783  -21.743  36.931 0.0000000000
137859  25.752  -39.574  58.240 0.0000000000
138064  28.388  -35.533  49.094 0.0000000000
138800  42.544  -23.908  43.428 0.0000000000
139185  38.486  -26.381  44.933 0.0000000000
139201  43.505  -23.787  43.940 0.0000000000
139935  18.621  -38.588  54.669 0.0000000000
140742  48.193  -23.236  46.736 0.0000000000
141382  24.559  -38.671  47.621 0.0000000000
141585  33.772  -40.689  59.103 0.0000000000
142076  18.242  -40.412  54.679 0.0000000000
142429  34.879  -28.406  43.203 0.0000000000
142708  32.236  -33.483  45.937 0.0000000000
