#!ascii label  , from subject sub-v1s10x0051016_ses-1 vox2ras=TkReg
1395
140790  31.631  -44.620  -22.291 0.8999999762
44141  31.831  -44.815  -23.006 0.8000000119
44154  32.217  -44.159  -23.451 0.8000000119
44155  32.159  -45.130  -24.322 0.6999999881
43123  32.394  -44.619  -24.967 0.8000000119
44119  31.323  -44.568  -21.553 0.8999999762
44140  32.010  -44.039  -22.715 1.0000000000
45122  32.368  -43.417  -23.129 1.0000000000
135558  32.456  -43.567  -23.934 0.8999999762
125434  32.490  -43.817  -24.777 0.8000000119
45142  32.563  -43.251  -25.381 0.8000000119
45149  32.554  -43.539  -26.175 0.8000000119
45990  32.476  -43.151  -26.762 0.6999999881
45991  32.213  -42.857  -27.422 0.6999999881
43059  30.205  -45.272  -20.703 0.8000000119
147208  31.427  -43.927  -21.309 0.8999999762
44100  31.283  -43.488  -20.710 0.8999999762
44102  29.866  -44.594  -20.209 0.8999999762
44103  29.016  -44.736  -20.062 0.8999999762
45109  32.160  -43.341  -22.373 0.8999999762
45956  32.448  -42.710  -22.735 1.0000000000
129630  32.560  -42.987  -24.515 0.8999999762
143247  32.566  -41.505  -24.687 1.0000000000
45981  32.582  -42.395  -25.125 0.8999999762
46866  32.484  -41.728  -25.868 0.8999999762
45985  32.547  -42.727  -26.023 0.8000000119
45995  31.708  -42.562  -28.096 0.6999999881
45943  31.760  -42.677  -20.787 0.8999999762
45931  31.147  -42.858  -20.118 0.8999999762
45080  30.438  -43.653  -20.045 0.8999999762
45081  29.390  -43.889  -19.788 0.8999999762
136955  28.612  -44.116  -20.018 0.8999999762
45095  31.864  -43.211  -21.544 0.8999999762
149433  32.304  -42.736  -22.082 0.8999999762
132415  32.582  -42.054  -22.994 1.0000000000
133396  32.276  -40.848  -26.296 0.8000000119
46869  32.168  -41.508  -26.815 0.8000000119
46877  31.490  -41.640  -28.190 0.8000000119
47722  30.628  -40.195  -28.681 0.8000000119
47739  30.377  -40.922  -29.018 0.8000000119
47723  29.869  -40.249  -29.114 0.8000000119
45059  29.873  -43.130  -19.590 0.8999999762
45082  28.568  -43.444  -19.806 0.8999999762
45083  27.893  -43.726  -20.355 0.8999999762
46811  31.711  -42.131  -20.160 0.8999999762
45932  27.960  -42.860  -19.981 0.8999999762
45933  27.421  -42.847  -20.636 0.8000000119
45096  27.225  -43.598  -21.055 0.8000000119
45942  32.253  -42.387  -21.477 0.8999999762
131899  27.538  -42.200  -20.167 0.6999999881
45944  26.971  -42.710  -21.539 0.6999999881
45945  26.728  -42.358  -22.346 0.6999999881
46827  32.582  -41.650  -21.484 0.8999999762
46829  26.840  -41.766  -22.038 0.6999999881
129159  26.699  -40.834  -22.624 0.6999999881
129583  32.763  -41.222  -22.230 1.0000000000
147260  32.622  -41.675  -22.618 1.0000000000
46842  32.623  -41.388  -23.057 1.0000000000
136139  32.588  -41.006  -23.796 1.0000000000
135576  32.463  -40.810  -25.420 1.0000000000
47701  32.527  -40.541  -24.549 1.0000000000
48676  32.226  -39.557  -25.903 0.8999999762
46870  31.876  -40.785  -27.114 0.8000000119
140639  31.291  -40.157  -28.166 0.8000000119
48701  30.902  -39.489  -28.318 0.8000000119
48702  30.115  -39.510  -28.755 0.8000000119
127052  29.257  -39.634  -29.077 0.8000000119
49696  29.444  -38.765  -28.663 0.8000000119
48703  28.492  -39.157  -28.943 0.8000000119
45060  29.175  -43.185  -19.548 0.8999999762
45906  31.055  -42.204  -19.576 0.8999999762
45907  30.193  -42.419  -19.379 0.8999999762
45908  29.388  -42.577  -19.341 0.8999999762
46812  28.007  -42.096  -19.595 0.8999999762
45930  32.217  -41.948  -20.799 0.8999999762
46828  27.097  -41.834  -20.946 0.6999999881
126383  32.593  -41.333  -20.847 0.8999999762
47666  27.048  -40.717  -21.041 0.6000000238
144401  26.928  -41.087  -21.759 0.6000000238
123673  32.916  -40.919  -21.345 1.0000000000
48639  25.827  -39.248  -22.814 0.5000000000
47687  32.692  -40.559  -22.961 1.0000000000
147653  32.668  -39.993  -23.264 1.0000000000
47696  32.594  -40.209  -23.761 1.0000000000
130106  32.488  -39.686  -24.439 1.0000000000
133888  32.411  -40.011  -25.217 1.0000000000
146240  31.472  -39.492  -27.545 0.8000000119
125059  31.649  -38.174  -26.516 0.8999999762
49680  31.381  -38.647  -27.308 0.8000000119
48685  31.081  -38.911  -27.944 0.8000000119
50633  31.230  -37.986  -27.262 0.8999999762
49681  30.870  -38.285  -27.847 0.8000000119
51644  30.300  -36.677  -27.554 0.8999999762
124425  29.129  -37.834  -28.427 0.8000000119
126671  28.007  -37.683  -28.361 0.8000000119
51646  27.726  -36.728  -27.897 0.8000000119
50637  26.708  -37.483  -28.068 0.8000000119
46793  28.782  -42.027  -19.198 0.8999999762
46790  31.674  -41.579  -19.684 0.8999999762
148604  31.196  -41.535  -19.290 0.8999999762
46794  28.173  -41.388  -19.083 0.6999999881
46813  27.428  -41.221  -19.896 0.8000000119
47653  32.824  -40.682  -20.528 0.8999999762
147352  32.026  -41.190  -19.706 0.8999999762
47654  27.208  -40.132  -20.393 0.6999999881
47667  26.846  -40.201  -22.126 0.6000000238
47679  26.398  -39.905  -22.906 0.6000000238
147773  27.322  -39.607  -19.918 0.6999999881
48608  27.008  -39.636  -21.481 0.6000000238
48626  26.571  -39.264  -22.398 0.5000000000
47678  33.030  -40.278  -21.944 1.0000000000
129488  26.726  -38.577  -21.784 0.5000000000
49633  26.011  -38.589  -22.390 0.5000000000
48638  32.803  -39.762  -22.760 1.0000000000
48652  32.610  -39.397  -23.571 1.0000000000
125138  32.439  -38.756  -24.382 1.0000000000
49663  32.266  -38.531  -25.143 1.0000000000
48667  32.083  -38.747  -25.835 0.8999999762
49647  32.579  -38.476  -23.539 1.0000000000
49655  32.265  -37.958  -24.783 0.8999999762
49664  32.006  -37.973  -25.608 0.8999999762
50622  31.295  -37.420  -26.897 0.8999999762
50618  31.629  -37.351  -26.093 0.8999999762
149277  30.927  -36.877  -27.181 0.8999999762
124451  29.482  -36.494  -27.770 0.8999999762
50636  28.839  -37.000  -28.182 0.8999999762
50623  31.255  -36.727  -26.547 0.8999999762
51633  29.991  -35.926  -27.371 0.8999999762
52621  29.130  -35.820  -27.503 0.8999999762
46791  30.505  -41.756  -19.119 0.8999999762
46792  29.641  -41.919  -19.047 0.8999999762
46778  29.023  -41.386  -18.650 0.8999999762
46777  29.959  -41.296  -18.619 0.8999999762
146287  27.793  -40.765  -19.116 0.8000000119
46776  30.885  -41.123  -18.827 0.8999999762
47636  27.492  -40.294  -19.530 0.6999999881
47665  33.228  -40.241  -21.059 0.8999999762
48606  32.996  -40.010  -19.947 0.8999999762
48607  27.112  -39.150  -20.750 0.6999999881
49596  26.921  -38.342  -20.964 0.5000000000
143737  33.319  -39.708  -21.377 1.0000000000
49616  26.126  -38.075  -21.944 0.5000000000
49617  25.493  -38.208  -21.954 0.5000000000
48625  33.145  -39.361  -22.043 1.0000000000
49632  32.805  -38.929  -22.814 1.0000000000
50604  32.840  -37.597  -22.560 1.0000000000
143267  32.739  -38.199  -22.887 1.0000000000
123402  32.435  -38.023  -24.085 1.0000000000
50611  32.531  -37.594  -23.440 1.0000000000
51609  32.597  -36.844  -22.953 1.0000000000
51619  32.021  -36.485  -24.524 0.8999999762
51624  31.542  -36.662  -25.850 0.8999999762
51625  31.169  -35.903  -26.159 0.8999999762
52639  25.359  -35.198  -28.313 0.6999999881
53579  24.727  -34.953  -27.755 0.8000000119
52640  24.450  -35.927  -27.939 0.8000000119
53567  24.239  -35.322  -27.227 0.8000000119
141022  31.717  -40.974  -19.255 0.8999999762
47620  31.345  -40.430  -18.537 1.0000000000
47621  30.366  -40.607  -18.277 1.0000000000
47609  29.056  -40.144  -17.870 1.0000000000
134944  28.430  -40.536  -18.463 0.6999999881
47623  27.793  -40.218  -18.914 0.6999999881
47652  33.180  -40.130  -20.551 0.8999999762
47635  32.378  -40.746  -19.761 0.8999999762
49582  26.849  -37.745  -20.623 0.6000000238
49614  33.463  -38.993  -21.308 1.0000000000
50595  25.064  -37.581  -21.273 0.4000000060
49615  33.132  -38.413  -22.082 1.0000000000
52579  32.379  -36.094  -23.279 1.0000000000
51617  32.099  -36.036  -23.935 1.0000000000
52607  25.629  -35.438  -26.884 0.8999999762
53591  27.247  -34.661  -29.209 0.6000000238
53592  26.385  -34.934  -28.793 0.6000000238
53578  25.785  -34.474  -28.387 0.8000000119
53568  24.211  -34.552  -27.258 0.8000000119
53556  24.184  -35.305  -27.015 0.8999999762
52591  24.678  -35.018  -26.651 0.8999999762
47619  32.309  -40.128  -19.046 0.8999999762
48571  28.582  -39.650  -17.927 0.8000000119
48572  27.983  -39.686  -18.533 0.6999999881
49581  27.263  -38.668  -19.902 0.6999999881
134890  27.124  -37.774  -19.842 0.6000000238
50577  25.543  -37.096  -21.034 0.4000000060
49595  33.640  -38.680  -20.521 1.0000000000
48605  33.419  -39.577  -20.658 0.8999999762
50591  33.536  -38.115  -21.210 1.0000000000
50592  33.224  -37.636  -21.825 1.0000000000
51600  33.008  -36.911  -22.149 1.0000000000
132848  32.714  -36.141  -22.535 1.0000000000
52574  32.462  -35.511  -22.887 1.0000000000
52580  32.089  -35.291  -23.602 1.0000000000
144842  26.582  -35.099  -26.872 0.8999999762
53537  26.673  -33.799  -26.299 0.8999999762
53555  25.975  -34.714  -26.547 0.8999999762
53540  24.057  -33.682  -26.272 0.8999999762
53539  24.349  -34.262  -26.417 0.8999999762
54499  27.851  -34.026  -29.306 0.6000000238
53577  26.837  -34.086  -28.816 0.6000000238
131402  26.150  -33.830  -28.404 0.8000000119
54486  25.191  -34.037  -27.863 0.8000000119
143699  24.025  -34.769  -26.828 0.8999999762
48570  30.785  -39.917  -17.888 0.8999999762
47608  29.808  -40.071  -17.778 0.8999999762
48558  29.267  -39.490  -17.473 0.6999999881
48556  31.208  -39.185  -17.476 0.8999999762
48557  30.181  -39.360  -17.308 0.8999999762
49567  27.684  -38.914  -18.871 0.6000000238
48587  32.909  -39.467  -19.356 1.0000000000
49580  33.217  -38.794  -19.183 1.0000000000
48568  32.559  -39.256  -18.652 1.0000000000
137359  27.834  -38.326  -18.484 0.6000000238
132735  27.466  -38.104  -19.159 0.6000000238
50564  26.754  -37.103  -20.175 0.5000000000
48586  33.422  -39.170  -19.888 1.0000000000
49579  33.688  -38.345  -19.758 1.0000000000
50575  33.821  -37.784  -20.407 1.0000000000
51599  33.557  -37.098  -21.197 1.0000000000
130399  33.221  -36.165  -21.747 1.0000000000
52563  32.848  -35.316  -22.192 1.0000000000
140383  32.376  -34.699  -22.850 1.0000000000
53515  31.429  -33.869  -23.702 1.0000000000
53522  31.507  -34.637  -24.128 1.0000000000
53516  30.874  -33.853  -24.487 1.0000000000
54453  30.163  -33.537  -25.069 1.0000000000
54454  29.408  -33.360  -25.463 1.0000000000
54455  28.586  -33.216  -25.843 0.8999999762
53536  29.917  -34.141  -25.847 0.8999999762
53538  25.287  -34.156  -26.249 0.8999999762
54470  23.814  -33.369  -26.251 0.8999999762
133363  28.885  -33.107  -29.311 0.6000000238
53589  28.684  -33.692  -29.485 0.6000000238
54478  26.030  -33.220  -28.113 0.8000000119
54480  24.394  -33.844  -27.324 0.8000000119
49555  29.493  -38.566  -16.984 0.6999999881
49566  28.143  -38.940  -18.132 0.6000000238
50545  28.230  -38.029  -17.862 0.6000000238
49564  32.859  -38.433  -18.414 0.8999999762
50546  27.654  -37.598  -18.555 0.6000000238
50563  27.192  -37.280  -19.312 0.5000000000
50562  33.916  -37.490  -19.602 0.8999999762
128911  33.767  -36.134  -20.872 1.0000000000
52562  33.456  -35.392  -21.422 1.0000000000
130510  32.793  -34.522  -22.205 1.0000000000
53511  32.529  -33.897  -22.493 1.0000000000
53512  32.005  -33.883  -23.110 1.0000000000
54431  30.928  -33.121  -23.811 1.0000000000
54441  29.661  -32.809  -24.829 1.0000000000
55375  28.983  -32.636  -25.265 1.0000000000
55377  27.209  -32.490  -25.676 0.8999999762
126733  26.762  -33.051  -25.942 0.8999999762
136063  25.830  -33.350  -25.923 0.8999999762
55368  24.029  -32.476  -25.681 0.8999999762
54498  28.204  -33.212  -29.128 0.6000000238
54485  27.415  -33.359  -28.812 0.6000000238
55401  26.946  -32.807  -28.398 0.6999999881
55387  25.461  -32.657  -27.642 0.6999999881
54479  25.052  -33.360  -27.618 0.6999999881
55388  24.226  -33.058  -26.870 0.8000000119
55382  23.588  -32.640  -26.104 0.8999999762
54497  29.505  -33.431  -29.525 0.6000000238
56356  24.965  -31.963  -27.238 0.6999999881
132353  24.102  -31.996  -26.497 0.8999999762
124361  28.768  -38.090  -17.196 0.6999999881
49552  32.474  -37.976  -17.567 0.8999999762
49553  31.560  -38.385  -17.164 0.8000000119
49547  30.061  -37.779  -16.700 0.6999999881
49563  33.522  -38.008  -19.011 0.8999999762
50544  33.210  -37.652  -18.276 0.8000000119
50543  33.773  -37.219  -18.848 0.8000000119
125486  34.258  -35.851  -19.986 0.8999999762
51575  34.123  -36.622  -19.383 0.8000000119
124182  33.194  -34.752  -21.758 1.0000000000
53502  33.158  -33.933  -21.806 1.0000000000
54426  32.730  -33.198  -22.241 1.0000000000
54430  31.565  -33.171  -23.321 1.0000000000
55353  30.564  -32.328  -23.921 1.0000000000
54440  30.309  -32.987  -24.351 1.0000000000
55364  29.233  -32.099  -24.788 1.0000000000
55376  28.157  -32.429  -25.548 0.8999999762
56329  26.710  -31.942  -25.512 0.8999999762
54457  26.313  -32.623  -25.680 0.8999999762
55367  24.896  -32.291  -25.530 0.8999999762
55400  27.840  -32.528  -28.633 0.6000000238
140893  26.384  -32.484  -27.996 0.6999999881
56330  23.712  -31.893  -25.826 0.8999999762
55398  30.175  -32.465  -28.949 0.6000000238
55412  29.426  -32.742  -29.171 0.6000000238
56375  26.073  -31.868  -27.668 0.6999999881
129047  24.618  -31.186  -26.960 0.6999999881
50533  28.507  -37.247  -17.312 0.6000000238
50531  31.812  -37.654  -16.895 0.8000000119
50532  30.967  -37.805  -16.714 0.8000000119
49548  29.213  -37.611  -16.840 0.6999999881
50529  33.477  -36.995  -18.235 0.6999999881
50530  32.960  -37.182  -17.663 0.8000000119
52538  34.276  -35.775  -19.035 0.6999999881
52549  34.195  -34.892  -20.273 0.8000000119
53489  34.195  -34.178  -20.539 0.8000000119
53501  33.741  -34.575  -21.110 0.8000000119
54407  33.917  -33.430  -21.093 0.8000000119
54418  33.266  -33.153  -21.755 0.8999999762
55345  32.413  -32.510  -22.604 1.0000000000
55352  31.209  -32.435  -23.499 1.0000000000
55363  29.910  -32.214  -24.360 1.0000000000
56315  28.765  -31.405  -25.127 1.0000000000
56304  31.019  -31.691  -23.796 1.0000000000
56313  30.372  -31.551  -24.270 1.0000000000
55365  28.668  -32.073  -25.132 1.0000000000
56316  27.906  -31.228  -25.345 1.0000000000
56328  27.564  -31.857  -25.455 0.8999999762
56317  27.052  -31.236  -25.411 0.8999999762
139057  26.128  -31.314  -25.457 0.8999999762
56318  25.225  -31.548  -25.473 0.8999999762
55399  28.680  -32.612  -28.939 0.6000000238
145055  28.527  -32.057  -28.576 0.6000000238
56374  27.136  -31.849  -28.064 0.6000000238
56319  24.380  -31.770  -25.572 0.8999999762
56340  23.567  -31.815  -25.903 0.8999999762
135377  25.634  -31.018  -27.394 0.6999999881
56357  23.931  -31.181  -26.358 0.8999999762
57250  23.623  -30.438  -25.973 0.8999999762
51553  32.010  -36.925  -16.670 0.6999999881
50521  31.303  -37.189  -16.619 0.6000000238
50523  29.691  -37.016  -16.642 0.6000000238
51551  33.399  -36.451  -17.751 0.6999999881
51544  31.157  -36.407  -16.459 0.6000000238
52520  33.914  -35.597  -18.055 0.6999999881
52519  34.347  -34.963  -18.649 0.6999999881
52537  34.411  -35.018  -19.478 0.6999999881
55330  34.581  -32.929  -20.436 0.8000000119
145764  33.577  -32.675  -21.582 0.8000000119
56292  33.526  -31.966  -21.859 0.8000000119
55342  33.028  -32.535  -22.091 0.8000000119
55346  31.841  -32.511  -23.100 1.0000000000
56297  32.141  -31.944  -22.963 0.8000000119
56314  29.607  -31.474  -24.681 1.0000000000
57235  30.173  -30.714  -24.725 1.0000000000
57236  29.305  -30.638  -25.103 1.0000000000
57237  28.296  -30.467  -25.319 1.0000000000
58103  27.401  -29.930  -25.344 1.0000000000
57239  26.463  -30.400  -25.369 1.0000000000
56373  28.004  -31.769  -28.349 0.6000000238
137179  24.648  -31.125  -25.513 0.8999999762
56372  29.386  -32.029  -28.642 0.6000000238
57241  24.306  -30.506  -25.542 0.8999999762
142188  27.208  -30.990  -27.690 0.6999999881
57271  25.601  -30.146  -27.295 0.6999999881
146100  23.798  -29.891  -26.280 0.8999999762
51546  29.317  -36.346  -16.707 0.5000000000
52510  32.207  -36.093  -16.537 0.6000000238
127959  31.406  -35.463  -16.288 0.5000000000
52508  33.670  -34.939  -17.357 0.6999999881
52509  33.174  -35.732  -17.051 0.6999999881
53460  34.124  -34.797  -17.970 0.6999999881
53474  34.585  -34.284  -19.046 0.6999999881
53459  34.417  -34.231  -18.253 0.6999999881
54394  34.734  -33.434  -19.525 0.6999999881
55341  34.213  -32.315  -21.153 0.8000000119
56295  33.550  -31.163  -22.276 0.8000000119
56296  32.793  -31.719  -22.547 0.8000000119
57216  32.994  -30.782  -22.964 0.8000000119
57223  31.858  -30.462  -24.037 0.8999999762
57224  31.050  -30.764  -24.346 1.0000000000
57222  32.536  -30.244  -23.614 0.8000000119
58092  31.488  -29.684  -24.554 0.8999999762
58100  30.744  -29.832  -24.842 1.0000000000
58102  29.038  -29.741  -25.315 1.0000000000
58104  26.447  -29.384  -25.292 1.0000000000
57240  25.245  -30.624  -25.419 0.8999999762
58106  24.424  -29.823  -25.456 0.8999999762
58105  25.362  -29.656  -25.323 0.8999999762
58117  23.910  -29.368  -25.697 0.8999999762
56353  28.725  -31.339  -28.199 0.6000000238
56354  27.869  -31.163  -27.926 0.6000000238
137809  26.587  -30.364  -27.467 0.6999999881
132949  24.864  -29.558  -26.926 0.8000000119
58130  23.626  -29.822  -26.038 0.8999999762
56352  29.810  -31.258  -28.048 0.6000000238
58146  27.055  -29.443  -27.323 0.6999999881
58147  25.985  -29.476  -27.222 0.6999999881
58148  23.909  -29.398  -26.283 0.8000000119
59083  25.279  -28.786  -26.822 0.6999999881
59062  23.900  -28.652  -26.017 0.8999999762
53446  32.423  -35.206  -16.441 0.5000000000
52500  30.540  -35.718  -16.353 0.5000000000
132550  33.153  -34.933  -16.769 0.6999999881
53432  31.657  -34.559  -16.136 0.5000000000
53444  34.062  -34.221  -17.495 0.6999999881
54385  34.650  -33.631  -18.637 0.6999999881
55318  35.020  -32.471  -19.762 0.6999999881
138454  34.827  -32.216  -20.510 0.6999999881
56290  34.836  -31.581  -20.930 0.6999999881
57211  34.157  -30.754  -22.016 0.8000000119
57215  33.743  -30.277  -22.662 0.8000000119
57221  33.146  -30.027  -23.271 0.8000000119
58091  32.214  -29.539  -24.256 0.8000000119
59024  30.532  -29.120  -25.047 0.8999999762
58101  29.931  -29.858  -25.134 1.0000000000
135469  28.723  -28.795  -25.295 1.0000000000
141994  28.193  -29.607  -25.344 1.0000000000
58090  32.868  -29.432  -23.767 0.8000000119
123236  31.174  -28.801  -24.829 0.8000000119
123618  29.801  -28.986  -25.217 0.8999999762
129348  27.723  -28.185  -25.221 1.0000000000
132612  27.510  -29.073  -25.305 1.0000000000
59025  26.513  -28.496  -25.171 1.0000000000
59026  25.347  -28.744  -25.194 1.0000000000
59027  24.415  -28.997  -25.425 0.8999999762
57270  27.720  -30.278  -27.556 0.6999999881
59041  24.506  -28.082  -25.256 0.8999999762
57269  28.450  -30.662  -27.741 0.6000000238
59042  24.052  -28.508  -25.750 0.8999999762
58145  28.020  -29.310  -27.336 0.6999999881
59082  26.400  -28.699  -27.035 0.6999999881
59084  24.391  -28.891  -26.472 0.6999999881
59061  24.503  -28.207  -26.337 0.8000000119
59060  25.612  -28.030  -26.664 0.6999999881
59994  24.265  -27.706  -25.731 0.8000000119
59961  24.351  -26.743  -25.161 0.8999999762
59993  24.770  -27.437  -26.261 0.6999999881
53445  32.689  -34.390  -16.412 0.5000000000
132107  33.505  -34.311  -16.852 0.5000000000
55312  34.877  -32.713  -18.678 0.6999999881
56270  35.282  -31.667  -19.193 0.6999999881
134130  34.960  -31.793  -18.186 0.6999999881
56283  35.214  -31.682  -20.153 0.6999999881
57206  35.303  -30.972  -20.603 0.6999999881
57209  35.482  -30.260  -20.917 0.6999999881
57210  34.843  -30.732  -21.411 0.6999999881
57214  34.531  -30.134  -22.111 0.8000000119
58087  34.232  -29.611  -22.626 0.8000000119
145249  33.212  -28.789  -23.837 0.8000000119
59016  31.843  -28.649  -24.614 0.8000000119
122998  33.766  -28.478  -23.517 0.8000000119
59946  32.150  -27.842  -24.638 0.8000000119
122988  30.906  -28.244  -24.955 0.8000000119
122989  29.816  -28.182  -25.168 0.8999999762
123005  30.777  -26.776  -23.809 0.8000000119
122987  30.834  -27.545  -23.187 0.8000000119
59040  25.383  -27.875  -24.940 1.0000000000
59039  26.656  -27.657  -24.975 1.0000000000
139632  28.661  -29.965  -27.451 0.6000000238
143512  24.323  -27.561  -25.388 0.8999999762
59960  24.545  -27.099  -24.935 1.0000000000
59059  26.790  -27.886  -26.814 0.6999999881
59992  25.905  -27.262  -26.544 0.8000000119
129041  24.539  -26.827  -25.669 0.8000000119
56263  35.263  -30.960  -18.485 0.6999999881
56282  35.487  -31.008  -19.856 0.6999999881
57205  35.575  -30.460  -20.281 0.6999999881
58081  35.691  -29.613  -21.103 0.6999999881
58086  34.896  -29.395  -22.215 0.6999999881
58085  35.545  -29.127  -21.629 0.6999999881
123237  34.414  -28.817  -22.858 0.8000000119
58089  33.620  -29.359  -23.246 0.8000000119
123001  32.881  -27.458  -24.383 0.8000000119
122999  33.876  -27.725  -23.661 0.8000000119
123003  32.169  -27.115  -24.602 0.8000000119
59956  29.978  -26.988  -24.922 0.8999999762
59957  29.080  -27.677  -25.163 0.8999999762
59948  30.968  -27.082  -24.796 0.8000000119
59958  27.783  -27.327  -25.036 0.8999999762
60832  28.893  -26.339  -24.855 0.8999999762
60833  27.567  -26.469  -24.772 0.8999999762
59959  25.643  -27.061  -24.735 1.0000000000
137482  28.858  -29.142  -27.205 0.6000000238
60835  24.807  -26.348  -24.645 0.8999999762
135040  25.080  -26.808  -26.257 0.8000000119
60860  24.357  -26.079  -25.235 0.8999999762
60845  24.168  -26.027  -24.945 0.8000000119
56269  35.491  -30.839  -19.196 0.6999999881
57196  35.651  -30.302  -19.647 0.6999999881
127214  36.036  -28.963  -20.921 0.6999999881
124417  35.230  -28.610  -22.278 0.6999999881
122990  35.901  -28.209  -21.607 0.6999999881
122992  34.881  -28.070  -22.818 0.6999999881
123152  30.699  -26.978  -23.053 0.8000000119
60831  29.923  -26.320  -24.823 0.8000000119
131305  30.650  -26.303  -24.710 0.8000000119
61743  29.916  -25.731  -24.723 0.8000000119
132743  26.781  -26.984  -24.793 0.8999999762
61744  29.102  -25.651  -24.716 0.8000000119
60834  26.085  -26.355  -24.611 0.8999999762
59080  28.331  -28.514  -27.070 0.6000000238
59081  27.440  -28.603  -27.110 0.6999999881
61747  25.230  -25.613  -24.529 0.8999999762
61748  24.347  -25.625  -24.802 0.8000000119
134806  24.873  -26.154  -26.008 0.6999999881
61755  24.264  -25.417  -24.953 0.8000000119
58076  35.796  -29.538  -19.380 0.6999999881
59006  36.303  -28.075  -20.626 0.6999999881
61715  31.544  -26.522  -24.646 0.8000000119
61730  31.105  -26.303  -24.701 0.8000000119
125630  31.019  -25.834  -24.666 0.8000000119
125190  29.478  -25.014  -24.628 0.8000000119
61745  27.950  -25.598  -24.647 0.8999999762
125188  27.012  -24.622  -24.476 0.8999999762
135623  27.890  -27.739  -26.843 0.6000000238
61746  26.586  -25.590  -24.541 0.8999999762
133412  27.131  -26.938  -26.698 0.6999999881
126283  25.598  -24.786  -24.492 0.8999999762
61764  25.649  -25.598  -26.314 0.6999999881
61765  24.686  -25.298  -25.560 0.8000000119
132131  24.673  -24.958  -24.640 0.8000000119
137373  25.363  -24.854  -26.127 0.6999999881
148109  24.324  -24.700  -25.029 0.8000000119
62616  24.354  -24.630  -24.912 0.8000000119
62631  24.790  -24.362  -25.491 0.8000000119
59007  36.123  -28.844  -20.011 0.6999999881
134280  28.655  -27.920  -26.833 0.6000000238
62612  29.012  -24.145  -24.537 0.8000000119
62613  27.803  -23.838  -24.438 0.8999999762
60876  28.046  -26.998  -26.673 0.6000000238
62614  25.740  -23.782  -24.486 0.8999999762
61763  26.976  -25.862  -26.588 0.8000000119
62615  24.757  -24.160  -24.669 0.8999999762
63519  24.452  -23.634  -24.926 0.8000000119
62630  25.696  -24.088  -26.175 0.6999999881
63528  24.488  -23.194  -24.982 0.8000000119
63518  24.628  -22.854  -24.954 0.8000000119
60858  27.925  -26.340  -26.659 0.6999999881
61762  28.017  -25.537  -26.681 0.5000000000
129013  27.369  -25.099  -26.610 0.6000000238
132857  26.371  -24.997  -26.447 0.6999999881
62629  26.979  -24.393  -26.556 0.6000000238
128238  26.528  -23.674  -26.419 0.6000000238
63539  24.815  -23.420  -25.385 0.6999999881
64413  24.794  -22.303  -25.189 0.8000000119
126075  24.745  -23.360  -24.723 0.8000000119
63538  25.534  -23.045  -26.038 0.6000000238
131967  27.771  -22.990  -24.418 0.8000000119
63516  26.578  -23.042  -24.470 0.8999999762
62628  28.078  -24.636  -26.714 0.6000000238
64399  24.838  -21.931  -24.906 0.8000000119
63517  25.075  -22.704  -24.652 0.8000000119
64398  25.594  -21.874  -24.638 0.8000000119
64396  28.364  -22.445  -24.488 0.8000000119
64397  27.134  -22.211  -24.513 0.8000000119
129019  27.539  -23.784  -26.620 0.6000000238
63537  26.727  -23.005  -26.414 0.6000000238
64427  25.733  -22.191  -26.065 0.6000000238
65323  25.335  -20.912  -24.928 0.6999999881
65322  26.479  -21.242  -24.662 0.8000000119
65346  25.937  -20.747  -25.992 0.6000000238
66249  25.898  -20.470  -25.528 0.6000000238
66240  26.090  -20.226  -25.292 0.6999999881
64426  26.961  -22.219  -26.438 0.6000000238
135238  26.125  -21.544  -26.168 0.6000000238
65305  29.415  -21.110  -24.386 0.8000000119
64380  27.878  -21.624  -24.555 0.8000000119
64379  28.949  -21.790  -24.510 0.8000000119
63536  28.624  -23.819  -26.767 0.5000000000
66232  27.328  -20.124  -24.772 0.8000000119
65307  27.493  -20.833  -24.626 0.8000000119
128623  27.880  -23.032  -26.612 0.6000000238
66239  26.606  -19.945  -25.094 0.6000000238
64442  28.908  -22.935  -26.758 0.5000000000
64425  28.143  -22.219  -26.591 0.6000000238
65345  27.165  -21.317  -26.447 0.6000000238
66259  26.214  -19.819  -26.016 0.6000000238
143300  28.032  -20.770  -26.533 0.6000000238
66258  26.883  -20.280  -26.352 0.6000000238
66262  26.787  -19.541  -26.264 0.6000000238
67200  26.406  -19.323  -25.933 0.6000000238
65306  28.545  -21.045  -24.527 0.8000000119
148250  29.838  -20.543  -24.158 0.8000000119
66230  29.948  -19.792  -23.915 0.6999999881
66231  29.062  -20.321  -24.370 0.6999999881
65344  28.385  -21.555  -26.584 0.6000000238
67191  26.450  -19.585  -25.534 0.6000000238
67190  27.109  -19.318  -25.051 0.6000000238
132593  28.785  -20.455  -26.571 0.5000000000
67199  26.698  -18.877  -25.736 0.6000000238
67206  27.096  -18.799  -26.248 0.6000000238
67205  29.025  -19.764  -26.531 0.5000000000
67179  30.458  -19.247  -23.598 0.6999999881
67180  29.048  -19.347  -24.256 0.6000000238
68060  28.060  -18.866  -24.657 0.6000000238
67181  28.159  -19.754  -24.560 0.6000000238
68954  28.109  -18.022  -24.803 0.6000000238
68059  28.975  -18.458  -24.278 0.6000000238
127433  28.247  -18.928  -26.476 0.5000000000
68979  27.603  -17.096  -26.250 0.6000000238
125291  26.645  -18.659  -26.009 0.6000000238
68069  27.275  -18.409  -25.331 0.6000000238
127206  28.952  -17.666  -24.392 0.6000000238
68081  28.625  -18.242  -26.446 0.6000000238
68082  27.721  -17.968  -26.350 0.6000000238
132034  29.274  -18.926  -26.382 0.5000000000
68080  29.520  -17.991  -26.222 0.5000000000
133801  30.047  -18.790  -26.108 0.4000000060
141943  29.860  -18.811  -23.784 0.6000000238
141209  29.663  -17.985  -23.891 0.6000000238
68980  27.517  -16.627  -26.062 0.6000000238
68964  27.499  -17.592  -25.518 0.6000000238
68953  29.598  -17.362  -24.127 0.6000000238
68983  27.961  -16.359  -26.361 0.6000000238
69929  27.823  -15.891  -26.075 0.6000000238
68982  28.788  -16.496  -26.513 0.6000000238
68977  29.420  -16.985  -26.357 0.5000000000
68971  30.230  -17.315  -25.956 0.4000000060
69922  30.798  -16.617  -25.957 0.4000000060
69913  28.278  -16.547  -25.335 0.6000000238
69903  29.059  -16.852  -24.570 0.5000000000
68952  30.205  -17.449  -23.747 0.5000000000
68058  30.384  -18.136  -23.579 0.5000000000
69923  27.660  -16.233  -25.919 0.6000000238
124822  28.945  -16.113  -25.110 0.5000000000
69935  28.503  -16.111  -26.478 0.6000000238
69928  29.446  -16.278  -26.478 0.5000000000
69927  30.076  -16.407  -26.326 0.4000000060
68946  31.030  -17.559  -23.438 0.4000000060
70862  28.150  -15.621  -25.980 0.6000000238
70849  28.829  -15.544  -25.650 0.5000000000
71770  29.658  -15.131  -26.397 0.4000000060
70870  28.517  -15.477  -26.121 0.6000000238
71757  29.660  -14.872  -26.081 0.6000000238
126611  29.703  -15.611  -25.076 0.4000000060
145161  30.630  -15.103  -26.545 0.4000000060
71765  30.846  -14.740  -26.527 0.4000000060
70840  30.435  -16.079  -24.259 0.4000000060
71766  30.169  -14.864  -26.366 0.4000000060
71744  30.088  -14.953  -25.598 0.4000000060
69926  30.681  -15.717  -26.426 0.4000000060
71756  30.446  -14.641  -26.123 0.4000000060
70832  32.001  -16.453  -23.368 0.4000000060
69900  31.227  -16.270  -23.703 0.4000000060
70848  30.638  -15.285  -24.839 0.4000000060
134753  31.653  -14.373  -26.594 0.4000000060
71755  30.919  -14.659  -26.476 0.4000000060
144148  31.283  -14.419  -26.313 0.4000000060
71743  30.911  -14.672  -25.555 0.4000000060
141787  32.240  -15.782  -23.471 0.4000000060
127406  31.965  -15.322  -23.913 0.4000000060
70839  31.239  -15.619  -24.124 0.4000000060
72621  32.862  -13.665  -26.810 0.3000000119
127440  31.776  -14.363  -25.512 0.4000000060
70847  31.484  -14.973  -24.672 0.4000000060
70838  32.771  -15.227  -23.461 0.4000000060
52622  24.392  -36.034  -27.568 0.8000000119
51637  24.660  -35.892  -27.310 0.8999999762
51636  25.830  -36.080  -27.293 0.8999999762
50625  24.949  -36.772  -27.503 0.8999999762
50624  26.284  -36.782  -27.593 0.8999999762
127812  31.633  -36.188  -25.287 0.8999999762
136421  31.693  -35.546  -24.554 1.0000000000
51634  28.178  -35.871  -27.545 0.8999999762
52604  30.419  -35.462  -26.716 0.8999999762
53552  30.002  -34.816  -26.453 0.8999999762
52583  31.196  -34.718  -25.009 1.0000000000
52606  27.530  -35.214  -27.167 0.8999999762
52605  29.585  -35.238  -27.035 0.8999999762
53553  29.165  -34.469  -26.567 0.8999999762
52590  30.732  -34.915  -25.891 1.0000000000
54468  28.507  -33.854  -26.361 0.8999999762
128478  29.949  -16.816  -24.118 0.4000000060
69902  29.623  -16.295  -24.569 0.4000000060
69901  30.668  -16.830  -23.685 0.4000000060
68945  31.968  -17.348  -23.181 0.4000000060
45110  31.754  -43.941  -21.984 0.8999999762
45965  32.535  -42.684  -23.616 1.0000000000
46873  31.964  -42.040  -27.454 0.8000000119
123697  32.559  -42.061  -22.227 1.0000000000
148069  31.795  -41.339  -27.497 0.8000000119
46810  32.230  -41.390  -20.187 0.8999999762
48677  31.793  -39.103  -26.631 0.8000000119
49682  30.096  -38.029  -28.270 0.8000000119
50635  29.799  -37.208  -28.091 0.8999999762
51635  27.101  -36.031  -27.454 0.8999999762
50615  31.924  -37.132  -25.209 0.8999999762
126896  28.642  -35.148  -27.184 0.8999999762
47622  29.399  -40.709  -18.206 1.0000000000
50594  25.818  -37.631  -21.511 0.4000000060
50576  26.235  -37.152  -20.920 0.4000000060
51616  32.322  -36.730  -23.740 1.0000000000
52582  31.315  -35.434  -25.400 0.8999999762
127846  24.088  -36.843  -28.032 0.6999999881
138223  23.980  -34.058  -26.763 0.8000000119
48569  31.767  -39.664  -18.198 0.8999999762
147946  24.105  -34.743  -26.734 0.8999999762
49556  28.698  -38.845  -17.493 0.6999999881
51586  26.294  -36.575  -20.350 0.4000000060
141280  27.150  -34.532  -26.682 0.8999999762
54458  24.642  -33.530  -25.905 0.8999999762
54459  23.912  -33.122  -25.864 0.8999999762
129021  26.715  -33.452  -28.538 0.6999999881
49554  30.578  -38.550  -16.932 0.8000000119
49565  32.134  -38.876  -17.840 0.8999999762
54456  27.632  -33.136  -26.058 0.8999999762
54469  27.750  -33.840  -26.461 0.8999999762
54443  24.504  -32.890  -25.655 0.8999999762
50534  27.873  -37.067  -17.982 0.5000000000
51585  34.008  -36.854  -20.224 1.0000000000
55366  25.814  -32.101  -25.523 0.8999999762
51559  33.882  -36.451  -18.567 0.6999999881
144982  33.896  -35.382  -20.712 0.8999999762
56355  26.574  -31.223  -27.630 0.6999999881
56331  23.643  -31.154  -25.933 0.8999999762
142165  24.297  -30.638  -26.692 0.8000000119
50524  29.046  -36.933  -16.853 0.6000000238
51552  32.749  -36.644  -17.074 0.8000000119
50522  30.528  -37.097  -16.571 0.6000000238
53488  34.491  -34.262  -19.858 0.6999999881
54406  34.455  -33.653  -20.334 0.6999999881
138164  31.527  -31.198  -23.738 1.0000000000
57238  27.437  -30.651  -25.361 1.0000000000
58118  23.705  -29.842  -25.872 0.8999999762
51545  30.122  -36.356  -16.501 0.6000000238
51547  28.650  -36.457  -17.048 0.5000000000
56302  32.199  -31.178  -23.315 0.8999999762
52501  29.655  -35.560  -16.454 0.5000000000
56291  34.180  -31.419  -21.603 0.8000000119
54358  32.013  -33.615  -16.029 0.5000000000
130316  34.456  -33.371  -17.778 0.6999999881
59015  32.617  -28.619  -24.334 0.8000000119
59012  31.547  -27.849  -24.756 0.8000000119
60836  24.277  -26.318  -24.898 0.8999999762
54374  33.107  -33.658  -16.441 0.5000000000
55303  34.626  -32.470  -17.769 0.6999999881
58082  35.205  -29.895  -21.584 0.6999999881
122995  34.316  -28.128  -23.262 0.8000000119
128173  31.204  -27.100  -24.755 0.8999999762
134155  28.714  -26.970  -25.016 0.8999999762
60859  25.947  -26.445  -26.462 0.8000000119
58079  35.819  -29.726  -20.341 0.6999999881
123002  32.828  -26.219  -24.362 0.8000000119
125189  28.421  -24.826  -24.563 0.8999999762
59004  35.849  -28.685  -19.021 0.6000000238
146971  26.820  -23.841  -24.435 0.8999999762
65333  24.841  -21.382  -25.166 0.6999999881
65347  25.330  -21.447  -25.583 0.6000000238
65308  26.412  -20.501  -24.896 0.8000000119
132192  26.221  -19.869  -25.740 0.6000000238
136325  28.180  -20.443  -24.563 0.6999999881
124403  27.815  -19.788  -26.510 0.6000000238
68076  27.019  -18.058  -25.890 0.6000000238
68963  28.222  -17.257  -25.001 0.6000000238
69894  31.359  -16.894  -23.451 0.4000000060
124507  32.737  -16.092  -23.068 0.4000000060
130554  26.594  -35.558  -27.169 0.8999999762
37981  31.528  -50.803  -24.531 0.4000000060
36960  30.674  -51.480  -23.779 0.4000000060
36961  29.826  -51.368  -23.486 0.4000000060
38959  31.708  -49.251  -25.017 0.4000000060
135075  30.496  -50.656  -23.386 0.4000000060
37974  29.472  -50.625  -23.088 0.4000000060
40000  31.735  -48.359  -25.219 0.3000000119
37972  31.210  -50.153  -23.796 0.4000000060
138812  31.853  -47.755  -25.746 0.4000000060
138996  32.026  -47.110  -26.304 0.4000000060
133287  32.124  -45.831  -27.861 0.4000000060
43154  31.993  -44.871  -28.230 0.4000000060
37965  29.983  -50.028  -22.864 0.5000000000
37966  29.249  -49.978  -22.741 0.4000000060
38948  31.421  -49.309  -24.103 0.4000000060
38949  31.008  -49.348  -23.370 0.4000000060
41063  31.872  -46.987  -25.490 0.5000000000
132364  32.117  -46.376  -26.126 0.4000000060
43146  32.286  -45.724  -26.850 0.4000000060
44194  32.228  -44.214  -27.812 0.5000000000
44202  31.663  -44.066  -28.465 0.5000000000
136508  31.245  -43.137  -28.736 0.6000000238
44203  30.925  -44.067  -29.086 0.5000000000
45163  30.350  -43.247  -29.371 0.6000000238
45164  29.418  -43.254  -29.784 0.4000000060
38938  29.595  -49.405  -22.545 0.5000000000
38939  28.873  -49.398  -22.539 0.5000000000
38950  27.745  -49.698  -23.488 0.5000000000
39965  31.268  -48.571  -23.610 0.6000000238
39966  30.810  -48.716  -22.905 0.6000000238
41027  31.487  -47.612  -23.944 0.5000000000
142781  31.598  -46.760  -23.896 0.6000000238
42099  32.005  -46.220  -25.264 0.5000000000
43136  32.261  -45.601  -25.949 0.5000000000
43145  32.428  -44.954  -26.606 0.4000000060
44193  32.471  -44.306  -27.101 0.6000000238
45157  31.984  -43.412  -28.018 0.6000000238
45996  31.212  -42.263  -28.639 0.6000000238
46878  30.843  -41.611  -28.863 0.6000000238
46884  30.114  -41.654  -29.319 0.6000000238
47740  29.633  -40.982  -29.368 0.6000000238
45999  30.614  -42.379  -29.141 0.6000000238
46000  29.789  -42.430  -29.551 0.6000000238
46885  29.294  -41.659  -29.615 0.6000000238
47741  28.308  -40.645  -29.538 0.6000000238
39952  30.082  -48.771  -22.415 0.5000000000
39953  29.258  -48.738  -22.167 0.5000000000
38940  28.190  -49.218  -22.793 0.5000000000
142687  27.486  -48.821  -23.245 0.5000000000
41028  31.137  -47.959  -23.004 0.6000000238
134675  30.554  -48.197  -22.468 0.6000000238
131406  31.726  -46.862  -24.641 0.6000000238
42070  31.565  -46.261  -23.370 0.6000000238
42088  31.867  -46.019  -24.318 0.6000000238
146972  32.523  -43.782  -26.776 0.6000000238
132375  31.083  -40.873  -28.528 0.6000000238
47724  28.404  -39.888  -29.271 0.6000000238
39954  28.564  -48.601  -22.238 0.6000000238
39955  27.850  -48.401  -22.520 0.5000000000
41029  27.246  -48.031  -22.965 0.5000000000
41006  31.332  -47.099  -23.156 0.6000000238
41007  30.737  -47.431  -22.285 0.6000000238
41008  29.839  -48.023  -21.899 0.6000000238
41052  26.511  -47.295  -24.152 0.5000000000
42048  31.195  -46.561  -22.509 0.6000000238
44176  32.525  -44.057  -25.594 0.6000000238
39942  28.952  -48.041  -21.716 0.6000000238
41009  28.209  -47.802  -21.889 0.6000000238
41010  27.608  -47.766  -22.356 0.6000000238
40991  30.112  -47.246  -21.656 0.6000000238
40993  28.657  -47.391  -21.509 0.6000000238
143408  27.652  -47.304  -21.961 0.6000000238
41011  27.135  -47.208  -22.636 0.6000000238
42071  26.606  -46.762  -23.412 0.6000000238
42036  29.920  -46.617  -21.287 0.6000000238
42089  26.228  -46.428  -24.226 0.5000000000
42090  25.747  -46.226  -24.877 0.6000000238
134814  27.729  -39.494  -29.113 0.6999999881
40992  29.338  -47.263  -21.425 0.6000000238
42038  27.362  -46.665  -21.898 0.6000000238
42037  29.192  -46.515  -20.957 0.6000000238
40994  28.097  -46.915  -21.503 0.6000000238
42050  26.810  -46.319  -22.571 0.6000000238
43091  31.078  -46.066  -21.992 0.6000000238
43112  26.359  -45.759  -23.439 0.6000000238
43090  31.483  -45.664  -22.695 0.6000000238
146689  32.092  -44.795  -23.731 0.6000000238
49684  27.047  -38.227  -28.415 0.6999999881
49685  25.714  -38.179  -28.267 0.6999999881
43071  30.524  -45.894  -21.339 0.6000000238
133351  27.668  -46.143  -21.346 0.6999999881
43073  27.094  -45.935  -21.817 0.6999999881
43070  31.255  -45.327  -21.902 0.6000000238
50638  25.294  -37.466  -27.772 0.6999999881
135689  29.066  -45.940  -20.606 0.6999999881
44120  30.828  -45.132  -21.188 0.6999999881
43072  29.718  -45.973  -20.800 0.6999999881
43062  27.727  -45.365  -20.904 0.6999999881
140617  27.057  -45.190  -21.610 0.6999999881
43092  26.650  -45.485  -22.436 0.6000000238
44142  26.594  -44.625  -22.372 0.6000000238
44156  26.371  -44.968  -23.067 0.5000000000
51647  24.262  -36.762  -27.773 0.8000000119
43060  29.406  -45.355  -20.406 0.6999999881
43061  28.652  -45.408  -20.483 0.6999999881
44104  28.239  -44.651  -20.409 0.6999999881
146065  27.297  -44.838  -21.178 0.6999999881
144696  25.898  -43.745  -24.082 0.5000000000
44122  26.992  -44.264  -21.579 0.6999999881
45111  26.607  -43.607  -22.512 0.6000000238
61742  30.404  -25.278  -24.640 0.6999999881
122997  34.541  -27.511  -23.249 0.6999999881
124608  32.862  -26.882  -24.409 0.6999999881
61714  32.225  -26.194  -24.524 0.6999999881
143350  35.442  -27.930  -22.329 0.6000000238
60810  34.805  -26.784  -23.167 0.6000000238
61741  31.212  -25.117  -24.554 0.6999999881
62610  30.699  -24.421  -24.546 0.6999999881
62611  29.917  -24.361  -24.565 0.6999999881
122993  35.820  -27.353  -22.080 0.6000000238
127787  33.501  -26.502  -24.058 0.6999999881
61740  31.971  -24.974  -24.405 0.6999999881
122991  36.305  -27.308  -21.251 0.6000000238
144930  30.292  -23.815  -24.522 0.6999999881
63514  29.621  -23.553  -24.527 0.6999999881
64395  29.469  -22.619  -24.500 0.6999999881
60809  35.508  -26.657  -22.545 0.6000000238
61713  35.067  -26.004  -22.975 0.6000000238
62600  34.079  -24.769  -23.449 0.6000000238
62602  32.731  -24.799  -24.106 0.6999999881
62609  31.457  -24.316  -24.441 0.6999999881
63513  30.940  -23.662  -24.468 0.6999999881
145352  30.402  -22.330  -24.380 0.6999999881
65321  29.835  -21.764  -24.400 0.6999999881
60804  36.126  -26.603  -21.817 0.6000000238
61712  35.828  -25.831  -22.270 0.6000000238
62593  34.784  -24.590  -23.070 0.5000000000
62601  33.425  -24.450  -23.689 0.6000000238
63504  32.511  -23.493  -23.895 0.5000000000
64393  31.169  -22.797  -24.291 0.6999999881
65303  31.323  -21.393  -23.790 0.6999999881
65304  30.170  -21.063  -24.163 0.6999999881
70858  33.028  -15.231  -26.289 0.3000000119
127668  31.333  -14.981  -26.603 0.3000000119
142009  30.849  -52.054  -24.120 0.4000000060
35974  30.155  -52.089  -23.854 0.3000000119
35975  29.331  -51.944  -23.780 0.4000000060
132782  31.759  -50.190  -25.142 0.3000000119
35976  28.575  -51.684  -23.959 0.4000000060
40011  31.930  -48.684  -26.026 0.4000000060
36963  28.407  -50.979  -23.694 0.4000000060
141588  32.095  -47.185  -27.009 0.4000000060
42118  32.030  -46.809  -27.711 0.4000000060
135019  31.629  -45.457  -28.725 0.4000000060
135936  31.423  -44.699  -28.791 0.5000000000
44209  30.021  -44.226  -29.672 0.4000000060
37976  27.878  -50.506  -23.850 0.4000000060
46001  28.879  -42.385  -29.881 0.5000000000
38961  26.898  -49.512  -24.914 0.5000000000
47742  27.541  -40.911  -29.754 0.6000000238
39987  26.674  -48.720  -24.783 0.5000000000
39967  26.904  -48.202  -23.951 0.5000000000
41064  26.360  -47.881  -24.799 0.5000000000
48704  26.698  -39.491  -29.076 0.6000000238
41053  26.013  -47.047  -24.808 0.5000000000
42100  25.219  -46.155  -25.437 0.4000000060
48687  26.181  -38.873  -28.656 0.6999999881
43125  25.925  -45.539  -24.359 0.5000000000
44166  26.069  -44.791  -23.832 0.5000000000
49686  24.390  -37.975  -28.280 0.8000000119
124350  24.018  -37.392  -28.154 0.6999999881
45132  25.279  -43.734  -24.745 0.5000000000
45123  26.293  -43.161  -23.459 0.6000000238
61703  36.243  -25.325  -21.622 0.5000000000
62592  35.543  -24.353  -22.443 0.5000000000
140371  34.631  -23.296  -22.868 0.5000000000
64375  33.859  -23.060  -23.203 0.5000000000
64377  32.395  -22.099  -23.586 0.5000000000
143038  32.001  -21.606  -23.615 0.5000000000
66228  31.284  -20.490  -23.584 0.5000000000
71753  34.928  -14.967  -25.954 0.3000000119
70857  33.946  -14.831  -26.330 0.3000000119
70867  33.035  -14.202  -26.811 0.3000000119
43111  31.834  -45.453  -23.589 0.6000000238
43124  32.228  -45.422  -25.093 0.6000000238
44121  27.507  -44.438  -20.837 0.8000000119
138628  27.804  -38.299  -28.504 0.6999999881
60820  34.070  -26.986  -23.660 0.6999999881
63515  28.702  -23.278  -24.480 0.6999999881
141111  30.471  -20.446  -23.845 0.6000000238
70868  32.252  -14.511  -26.666 0.3000000119
50639  24.386  -37.303  -27.818 0.8000000119
125510  24.048  -37.454  -28.403 0.6999999881
61728  32.511  -25.586  -24.341 0.6999999881
36959  31.155  -50.957  -23.879 0.4000000060
41051  31.704  -47.659  -24.904 0.5000000000
37975  28.586  -50.236  -23.112 0.5000000000
43163  30.866  -45.042  -29.308 0.3000000119
38960  27.356  -49.987  -24.317 0.5000000000
127085  26.319  -44.143  -23.258 0.6000000238
61726  34.253  -26.183  -23.539 0.6999999881
127569  34.515  -25.371  -23.310 0.6000000238
61727  33.488  -25.480  -23.882 0.6999999881
141539  32.826  -24.107  -23.886 0.6999999881
135686  35.288  -25.203  -22.744 0.6000000238
134459  34.167  -23.946  -23.292 0.5000000000
63503  33.293  -23.624  -23.578 0.6000000238
63512  31.729  -23.533  -24.259 0.6999999881
149306  31.034  -22.054  -24.159 0.6999999881
65320  30.593  -21.582  -24.163 0.6999999881
139208  35.853  -25.055  -22.198 0.5000000000
63496  34.922  -23.914  -22.851 0.5000000000
63505  32.076  -22.792  -23.925 0.5000000000
64378  31.664  -22.127  -23.880 0.5000000000
126370  32.011  -20.968  -23.484 0.5000000000
124542  30.766  -20.984  -23.877 0.6999999881
62575  36.396  -24.880  -20.884 0.5000000000
64364  34.471  -22.520  -22.775 0.5000000000
135813  33.655  -22.274  -23.147 0.5000000000
66227  32.633  -20.748  -23.234 0.5000000000
48688  24.856  -38.741  -28.690 0.6000000238
49697  24.228  -38.511  -28.805 0.6000000238
50654  25.179  -37.379  -29.343 0.5000000000
50655  24.086  -37.753  -28.961 0.6000000238
51677  24.480  -36.867  -28.595 0.6000000238
51675  27.398  -36.453  -29.687 0.5000000000
51676  26.052  -36.503  -29.247 0.5000000000
47688  26.144  -40.611  -23.305 0.5000000000
52649  28.107  -35.713  -29.836 0.5000000000
52650  27.016  -35.542  -29.317 0.5000000000
52659  28.780  -35.132  -29.986 0.5000000000
47680  25.614  -39.846  -23.226 0.4000000060
48640  25.222  -39.409  -22.979 0.4000000060
53590  27.942  -34.876  -29.622 0.5000000000
49634  25.211  -38.875  -22.515 0.4000000060
143557  29.225  -34.034  -29.741 0.5000000000
53604  28.629  -34.402  -29.696 0.5000000000
51576  27.307  -36.762  -18.655 0.4000000060
51577  26.691  -36.444  -19.527 0.4000000060
51578  26.023  -35.914  -20.131 0.3000000119
53433  30.507  -34.834  -16.136 0.4000000060
126545  29.460  -34.703  -16.196 0.4000000060
51554  28.029  -36.461  -17.515 0.4000000060
51555  27.430  -36.264  -18.001 0.4000000060
130725  29.985  -34.002  -15.899 0.4000000060
124462  27.638  -35.738  -17.468 0.4000000060
51560  26.849  -36.014  -18.626 0.4000000060
53447  27.288  -35.045  -17.161 0.4000000060
52521  26.854  -35.518  -17.853 0.4000000060
52539  26.286  -35.655  -19.295 0.4000000060
133617  28.823  -35.788  -16.804 0.4000000060
146082  28.936  -35.194  -16.523 0.4000000060
52511  28.230  -35.929  -17.191 0.4000000060
131934  30.943  -33.890  -15.906 0.4000000060
54359  29.119  -33.986  -15.916 0.4000000060
53434  28.612  -34.625  -16.313 0.4000000060
52502  28.162  -35.261  -16.875 0.4000000060
53435  27.761  -34.560  -16.506 0.4000000060
53436  26.909  -34.437  -16.670 0.4000000060
53449  25.632  -34.701  -17.485 0.4000000060
52522  26.402  -35.491  -18.513 0.4000000060
132471  30.375  -33.152  -15.753 0.4000000060
132035  29.597  -33.380  -15.763 0.4000000060
54373  33.895  -33.564  -16.941 0.5000000000
142324  32.682  -32.897  -16.174 0.4000000060
139151  31.203  -33.187  -15.815 0.4000000060
55291  28.845  -33.109  -15.703 0.4000000060
54346  27.910  -33.219  -15.728 0.4000000060
54360  28.274  -33.948  -15.967 0.4000000060
54361  27.414  -33.896  -16.093 0.4000000060
54362  26.530  -33.843  -16.197 0.4000000060
53437  26.048  -34.346  -16.788 0.4000000060
56258  34.503  -31.796  -17.391 0.5000000000
55304  34.141  -32.621  -16.967 0.5000000000
55288  33.334  -32.284  -16.369 0.5000000000
130112  32.364  -32.050  -16.000 0.4000000060
56246  31.436  -31.939  -15.814 0.4000000060
147433  30.341  -32.400  -15.685 0.4000000060
129143  29.694  -32.620  -15.674 0.4000000060
56244  33.887  -31.645  -16.721 0.5000000000
56248  30.017  -31.702  -15.748 0.4000000060
125417  28.993  -31.965  -15.645 0.4000000060
56245  32.997  -31.382  -16.290 0.4000000060
128739  31.880  -31.154  -16.103 0.4000000060
129394  30.876  -31.310  -15.936 0.4000000060
145559  29.383  -31.133  -15.896 0.4000000060
58037  33.082  -29.786  -16.654 0.4000000060
58038  32.130  -29.780  -16.575 0.4000000060
58039  31.293  -29.832  -16.543 0.4000000060
57161  31.084  -30.560  -16.284 0.4000000060
139679  30.567  -29.967  -16.485 0.4000000060
57178  35.159  -30.159  -17.922 0.5000000000
127265  34.653  -29.738  -17.392 0.5000000000
58059  31.575  -29.093  -16.836 0.4000000060
58060  30.615  -29.150  -16.834 0.4000000060
144902  29.840  -28.849  -17.056 0.3000000119
126337  33.656  -30.647  -16.680 0.5000000000
57160  32.587  -30.526  -16.411 0.4000000060
139681  31.785  -30.386  -16.381 0.4000000060
57162  30.116  -30.655  -16.165 0.4000000060
58055  35.051  -29.241  -17.726 0.5000000000
58056  34.319  -29.079  -17.255 0.5000000000
58058  32.488  -29.045  -16.852 0.4000000060
58983  34.727  -28.437  -17.555 0.5000000000
58057  33.430  -29.019  -16.956 0.4000000060
58985  32.832  -28.316  -17.195 0.4000000060
58986  31.921  -28.393  -17.188 0.4000000060
58987  31.061  -28.458  -17.232 0.3000000119
140065  30.269  -28.402  -17.345 0.3000000119
58061  29.134  -28.925  -17.077 0.3000000119
59921  35.610  -27.735  -18.591 0.5000000000
59933  36.186  -27.935  -19.629 0.4000000060
59907  34.281  -27.571  -17.622 0.3000000119
59908  33.218  -27.550  -17.505 0.4000000060
59909  32.240  -27.638  -17.491 0.4000000060
59910  31.365  -27.789  -17.551 0.3000000119
58988  29.505  -28.329  -17.502 0.3000000119
58989  28.702  -28.326  -17.579 0.3000000119
126768  34.908  -27.233  -17.990 0.3000000119
60796  36.001  -27.062  -19.255 0.4000000060
146772  36.185  -26.460  -19.642 0.4000000060
122994  36.442  -26.463  -21.005 0.4000000060
139696  36.283  -25.979  -21.549 0.4000000060
59923  30.686  -27.275  -17.997 0.3000000119
59911  29.987  -27.797  -17.780 0.3000000119
59913  28.245  -27.635  -18.059 0.3000000119
58990  27.868  -28.367  -17.553 0.3000000119
148512  34.352  -27.028  -17.856 0.3000000119
59912  29.167  -27.749  -17.980 0.3000000119
59914  27.350  -27.762  -17.920 0.3000000119
60780  35.317  -26.825  -18.523 0.3000000119
61689  36.033  -25.753  -19.535 0.3000000119
61702  36.436  -25.670  -20.897 0.4000000060
62583  36.180  -24.563  -21.690 0.4000000060
128020  36.060  -23.755  -21.770 0.4000000060
63495  35.381  -23.400  -22.416 0.4000000060
123322  32.979  -22.739  -23.520 0.4000000060
59915  26.565  -27.857  -17.779 0.3000000119
135935  33.980  -26.091  -18.194 0.3000000119
60772  33.697  -26.796  -17.836 0.3000000119
140843  34.524  -26.646  -18.100 0.3000000119
130130  34.887  -26.115  -18.463 0.3000000119
61690  35.326  -25.506  -18.881 0.3000000119
62576  36.257  -24.442  -20.122 0.3000000119
63478  36.336  -24.063  -20.911 0.4000000060
63479  36.233  -23.578  -20.113 0.3000000119
128777  35.868  -23.043  -21.764 0.4000000060
149134  34.980  -22.940  -22.604 0.4000000060
65288  34.851  -21.787  -22.414 0.4000000060
64365  34.015  -21.732  -22.819 0.4000000060
144323  33.520  -21.744  -23.087 0.4000000060
65302  32.585  -21.405  -23.383 0.4000000060
63487  36.216  -23.228  -20.955 0.3000000119
64355  35.990  -22.356  -21.215 0.3000000119
66212  35.296  -21.169  -21.963 0.4000000060
66213  34.353  -20.939  -22.477 0.4000000060
140931  33.690  -20.411  -22.657 0.4000000060
67169  33.556  -19.729  -22.588 0.4000000060
67170  32.755  -19.477  -22.855 0.4000000060
67171  32.010  -19.250  -23.190 0.4000000060
66229  30.793  -19.805  -23.586 0.5000000000
64346  36.193  -22.635  -20.067 0.3000000119
125264  36.116  -21.869  -20.411 0.3000000119
65278  35.879  -21.480  -21.176 0.3000000119
66201  35.080  -20.401  -22.011 0.4000000060
67157  35.007  -19.651  -21.896 0.4000000060
67168  34.338  -20.049  -22.355 0.4000000060
67158  34.262  -19.244  -22.272 0.3000000119
68050  33.387  -18.944  -22.535 0.4000000060
68051  32.549  -18.712  -22.822 0.3000000119
68052  31.819  -18.545  -23.173 0.3000000119
147495  30.582  -18.720  -23.518 0.4000000060
126891  32.280  -18.036  -22.889 0.3000000119
68053  31.098  -18.330  -23.382 0.3000000119
125439  36.003  -21.823  -19.586 0.3000000119
65272  36.045  -21.057  -20.264 0.3000000119
130680  35.681  -20.713  -21.297 0.3000000119
144753  35.460  -20.080  -21.457 0.3000000119
68041  35.045  -18.765  -21.677 0.3000000119
68937  34.641  -17.868  -21.858 0.3000000119
68938  33.870  -17.762  -22.295 0.3000000119
68043  33.154  -18.105  -22.558 0.3000000119
68944  32.650  -17.547  -22.775 0.3000000119
68943  33.306  -17.313  -22.538 0.3000000119
145554  35.899  -21.069  -19.135 0.3000000119
66192  35.839  -20.198  -20.719 0.3000000119
68040  35.708  -18.845  -20.770 0.3000000119
68936  35.518  -17.976  -21.064 0.3000000119
69885  34.161  -17.066  -22.171 0.3000000119
69893  32.659  -16.877  -22.881 0.3000000119
70831  33.449  -15.676  -22.791 0.3000000119
56259  34.322  -31.115  -17.118 0.5000000000
125847  34.825  -31.050  -17.724 0.5000000000
48706  24.644  -39.016  -29.145 0.5000000000
49704  24.273  -38.608  -29.074 0.5000000000
50664  25.877  -37.946  -29.864 0.5000000000
49714  24.715  -38.191  -29.468 0.5000000000
51693  28.357  -36.527  -30.124 0.5000000000
51694  27.771  -37.169  -30.039 0.5000000000
50653  26.660  -37.194  -29.703 0.5000000000
145623  26.742  -42.962  -22.207 0.6000000238
45957  26.567  -42.654  -22.907 0.6000000238
46843  26.540  -41.663  -23.012 0.6000000238
46855  25.162  -41.282  -24.085 0.5000000000
47689  25.259  -40.555  -23.661 0.5000000000
47697  24.599  -40.882  -23.986 0.5000000000
47690  24.554  -40.542  -23.594 0.4000000060
134139  24.541  -40.112  -23.079 0.4000000060
48641  24.834  -39.457  -22.825 0.4000000060
48627  24.654  -39.156  -22.048 0.4000000060
51587  25.717  -36.462  -20.641 0.3000000119
52523  25.881  -35.083  -18.968 0.4000000060
55275  28.279  -32.508  -15.628 0.4000000060
54349  25.277  -33.230  -15.823 0.4000000060
55276  27.531  -32.482  -15.599 0.4000000060
54347  27.041  -33.222  -15.729 0.4000000060
55277  26.657  -32.477  -15.579 0.4000000060
58040  29.736  -29.633  -16.622 0.4000000060
58041  28.764  -29.628  -16.642 0.4000000060
57163  29.151  -30.393  -16.279 0.4000000060
58062  28.318  -28.972  -17.103 0.3000000119
58063  27.520  -29.023  -17.071 0.3000000119
125715  28.991  -35.917  -30.297 0.5000000000
53450  24.767  -34.599  -17.628 0.4000000060
53438  25.183  -34.324  -16.876 0.4000000060
56233  28.057  -31.741  -15.653 0.4000000060
49618  24.863  -38.417  -21.741 0.4000000060
52651  25.636  -35.818  -28.657 0.5000000000
57186  35.540  -30.207  -18.817 0.5000000000
60795  36.406  -27.072  -20.233 0.5000000000
58070  35.527  -29.406  -18.455 0.5000000000
66215  32.175  -20.118  -23.269 0.4000000060
66214  33.009  -20.254  -22.925 0.4000000060
53448  26.464  -34.835  -17.352 0.4000000060
52512  26.065  -35.123  -18.026 0.4000000060
144271  33.510  -33.030  -16.542 0.5000000000
55289  31.777  -32.707  -15.864 0.4000000060
54348  26.143  -33.232  -15.761 0.4000000060
54363  25.657  -33.813  -16.278 0.4000000060
57159  33.975  -29.761  -16.947 0.5000000000
57179  34.490  -30.418  -17.256 0.5000000000
59922  35.088  -27.878  -17.830 0.5000000000
59001  35.395  -28.563  -18.116 0.5000000000
58984  33.798  -28.306  -17.295 0.4000000060
60797  35.670  -26.288  -19.038 0.3000000119
60800  36.393  -26.115  -20.227 0.4000000060
61695  36.321  -25.285  -20.157 0.3000000119
146787  35.527  -21.844  -21.848 0.4000000060
61674  34.421  -25.433  -18.446 0.3000000119
68042  34.084  -18.435  -22.257 0.3000000119
66181  35.996  -20.305  -19.716 0.3000000119
67145  35.897  -19.569  -20.297 0.3000000119
68030  35.882  -18.348  -20.294 0.3000000119
69892  33.386  -16.522  -22.601 0.3000000119
43137  25.456  -45.386  -25.034 0.4000000060
44167  25.636  -44.626  -24.552 0.4000000060
44177  25.063  -44.501  -25.169 0.4000000060
45143  24.552  -43.488  -25.365 0.3000000119
46887  27.019  -41.543  -30.160 0.5000000000
136663  25.425  -43.029  -24.448 0.5000000000
45133  24.730  -42.747  -24.921 0.3000000119
46879  26.563  -40.723  -29.826 0.5000000000
47726  26.086  -40.035  -29.506 0.5000000000
45966  26.188  -42.231  -23.556 0.5000000000
45967  25.687  -41.913  -23.992 0.4000000060
48705  25.429  -39.358  -29.143 0.5000000000
46880  25.706  -40.454  -29.945 0.5000000000
47743  25.475  -40.563  -30.407 0.3000000119
47727  25.256  -39.768  -29.759 0.4000000060
48716  24.940  -39.169  -29.568 0.4000000060
48742  25.413  -40.347  -30.828 0.3000000119
127475  25.310  -40.062  -30.318 0.3000000119
142388  25.578  -39.955  -30.972 0.3000000119
48729  25.212  -39.538  -30.276 0.3000000119
48728  26.308  -39.237  -30.693 0.3000000119
49713  25.335  -38.729  -30.088 0.4000000060
125440  24.659  -38.795  -29.509 0.4000000060
47691  24.187  -40.797  -23.457 0.3000000119
50662  28.136  -37.830  -30.394 0.4000000060
49712  27.417  -38.492  -30.508 0.4000000060
133839  26.394  -38.432  -30.298 0.4000000060
47682  24.177  -40.754  -22.374 0.3000000119
52540  25.629  -35.217  -19.829 0.3000000119
53475  25.197  -34.706  -19.422 0.3000000119
52513  25.342  -34.801  -18.353 0.3000000119
53461  24.501  -34.399  -18.786 0.3000000119
54364  24.830  -33.794  -16.365 0.3000000119
55278  25.765  -32.488  -15.595 0.3000000119
54350  24.446  -33.258  -15.953 0.3000000119
129818  22.884  -33.690  -16.696 0.3000000119
56249  28.610  -31.043  -15.892 0.3000000119
56250  27.669  -30.871  -15.935 0.3000000119
56235  26.268  -31.669  -15.603 0.3000000119
55279  24.890  -32.536  -15.625 0.3000000119
57164  28.300  -30.293  -16.307 0.3000000119
57144  26.757  -30.915  -15.839 0.3000000119
57145  25.871  -30.867  -15.793 0.3000000119
140067  25.362  -31.676  -15.588 0.3000000119
57166  26.412  -30.207  -16.226 0.3000000119
137873  27.628  -30.172  -16.345 0.3000000119
57165  27.111  -30.369  -16.207 0.3000000119
46886  28.293  -41.497  -29.818 0.5000000000
50663  27.120  -37.819  -30.151 0.4000000060
47681  24.452  -39.951  -22.162 0.3000000119
56234  27.163  -31.682  -15.618 0.3000000119
54351  23.577  -33.354  -16.172 0.3000000119
45978  24.127  -41.710  -25.066 0.3000000119
46861  24.331  -41.291  -24.448 0.3000000119
47698  23.944  -41.032  -24.196 0.3000000119
148768  27.213  -50.768  -25.134 0.4000000060
37995  26.425  -50.484  -26.378 0.4000000060
38976  26.607  -49.857  -25.707 0.4000000060
38986  25.403  -49.402  -26.316 0.4000000060
38987  24.493  -49.274  -26.608 0.3000000119
125552  26.478  -49.145  -25.344 0.4000000060
40002  25.520  -48.523  -25.842 0.4000000060
40001  26.140  -48.505  -25.362 0.4000000060
41078  24.530  -47.247  -26.227 0.3000000119
41065  25.688  -47.646  -25.411 0.4000000060
42113  23.504  -45.566  -26.820 0.3000000119
139214  23.844  -46.775  -26.635 0.3000000119
43147  24.051  -44.979  -26.241 0.3000000119
135577  25.561  -46.813  -25.260 0.4000000060
42101  24.482  -46.169  -26.101 0.3000000119
43138  24.788  -45.292  -25.596 0.3000000119
37996  25.761  -50.312  -26.687 0.4000000060
38985  26.091  -49.835  -26.227 0.4000000060
44178  24.329  -44.264  -25.773 0.3000000119
43148  23.319  -44.452  -26.796 0.3000000119
36962  29.002  -51.182  -23.420 0.4000000060
36966  31.268  -51.559  -24.276 0.4000000060
37973  30.660  -49.919  -23.200 0.4000000060
37982  27.461  -50.693  -24.612 0.4000000060
38937  30.396  -49.380  -22.823 0.5000000000
38975  27.078  -50.259  -25.085 0.5000000000
38977  26.047  -49.201  -25.819 0.4000000060
39985  31.542  -48.459  -24.457 0.5000000000
39986  27.154  -49.174  -24.094 0.5000000000
41030  26.865  -47.507  -23.423 0.5000000000
41066  25.077  -46.990  -25.703 0.4000000060
41076  32.027  -47.807  -26.604 0.4000000060
41077  25.047  -47.822  -25.964 0.4000000060
42024  28.434  -46.191  -20.928 0.6999999881
42049  30.626  -46.672  -21.786 0.6000000238
42112  32.165  -46.534  -26.989 0.4000000060
42127  31.802  -46.351  -28.573 0.4000000060
43135  32.424  -44.826  -25.773 0.6000000238
43153  32.331  -44.982  -27.460 0.6000000238
44101  30.787  -44.422  -20.735 0.8000000119
44165  32.335  -44.363  -24.205 0.8000000119
44184  32.522  -44.248  -26.364 0.8000000119
45097  26.883  -43.444  -21.747 0.6000000238
45156  32.374  -43.629  -27.342 0.6999999881
45909  28.613  -42.716  -19.548 0.8999999762
45975  32.581  -42.264  -24.332 0.8999999762
45976  25.844  -42.696  -24.031 0.5000000000
45977  25.073  -42.068  -24.449 0.4000000060
46853  32.587  -41.811  -23.750 1.0000000000
46854  25.886  -41.339  -23.673 0.5000000000
46888  25.974  -41.051  -30.334 0.5000000000
47706  32.332  -40.248  -25.904 0.8000000119
47707  31.972  -40.026  -26.710 0.8000000119
47721  31.558  -40.816  -27.897 0.8000000119
47725  27.366  -40.173  -29.429 0.6000000238
48588  27.574  -39.605  -19.238 0.6999999881
48653  24.947  -39.878  -23.299 0.4000000060
48666  32.347  -39.216  -25.145 1.0000000000
48686  27.516  -38.865  -28.711 0.6999999881
49683  28.431  -38.437  -28.595 0.8000000119
49695  30.447  -38.813  -28.351 0.8000000119
50593  26.487  -37.849  -21.407 0.5000000000
50614  32.272  -37.323  -24.296 0.8999999762
50634  30.703  -37.475  -27.641 0.8000000119
50646  24.016  -38.009  -28.722 0.6000000238
51632  30.750  -36.210  -27.015 0.8999999762
51645  28.687  -36.378  -27.793 0.8999999762
53554  28.151  -34.486  -26.796 0.8999999762
53557  24.025  -34.165  -26.612 0.8999999762
54427  32.163  -33.189  -22.804 1.0000000000
54442  25.350  -32.817  -25.641 0.8999999762
54467  29.127  -33.794  -26.042 0.8999999762
55290  30.963  -32.561  -15.733 0.4000000060
55378  23.583  -32.589  -25.942 0.8999999762
56247  30.718  -31.968  -15.718 0.4000000060
56303  31.614  -31.816  -23.351 1.0000000000
56320  24.019  -31.156  -25.675 0.8999999762
56327  28.223  -31.791  -25.304 1.0000000000
56341  23.589  -31.026  -25.982 0.8999999762
57242  23.803  -30.485  -25.772 0.8999999762
57256  23.765  -30.417  -26.239 0.8999999762
57272  24.871  -30.407  -27.103 0.8000000119
57273  24.229  -30.035  -26.633 0.8999999762
58107  23.954  -29.975  -25.605 0.8999999762
58129  23.713  -29.241  -25.919 0.8999999762
59940  30.647  -27.325  -22.625 0.8000000119
59941  30.532  -27.607  -22.777 0.8000000119
59947  30.820  -26.743  -24.793 0.8000000119
60009  28.615  -27.285  -26.692 0.6000000238
60811  30.550  -26.850  -22.620 0.8000000119
60812  30.130  -27.039  -22.819 0.8000000119
60821  30.296  -26.743  -24.697 0.8000000119
61729  31.696  -25.831  -24.573 0.6999999881
61731  30.739  -26.682  -24.597 0.8000000119
62608  32.204  -24.196  -24.223 0.6999999881
62621  24.403  -23.937  -24.983 0.8000000119
64363  35.369  -22.537  -22.247 0.4000000060
64376  33.086  -21.887  -23.306 0.4000000060
64394  30.316  -23.118  -24.494 0.6999999881
65289  33.349  -21.115  -22.991 0.4000000060
65332  25.356  -20.998  -25.379 0.6000000238
66216  31.486  -19.743  -23.403 0.5000000000
67156  35.562  -19.503  -21.185 0.3000000119
67172  31.171  -19.089  -23.391 0.5000000000
68083  27.164  -17.709  -26.028 0.6000000238
68972  27.361  -17.132  -25.950 0.6000000238
68978  28.453  -17.299  -26.463 0.6000000238
69914  27.676  -16.911  -25.632 0.6000000238
69933  29.885  -15.570  -26.475 0.4000000060
69934  29.005  -16.267  -26.655 0.6000000238
69936  28.203  -15.820  -26.289 0.6000000238
70850  28.246  -15.923  -25.651 0.6000000238
70861  28.938  -15.180  -25.983 0.6000000238
70869  29.430  -14.795  -26.078 0.6000000238
70875  30.257  -14.984  -26.494 0.4000000060
70876  29.289  -15.482  -26.448 0.4000000060
70877  28.747  -15.654  -26.410 0.6000000238
71745  29.389  -15.156  -25.743 0.6000000238
71754  32.170  -13.923  -26.468 0.4000000060
71767  29.099  -15.310  -26.312 0.6000000238
122986  30.562  -27.322  -24.893 0.8999999762
122996  35.194  -27.382  -22.733 0.6000000238
123000  33.418  -27.262  -24.109 0.6999999881
123004  32.089  -26.662  -24.598 0.8000000119
123006  30.818  -26.785  -23.746 0.8000000119
129095  33.212  -28.032  -24.109 0.8000000119
133401  32.354  -42.337  -26.722 0.8000000119
133518  31.655  -17.959  -23.206 0.3000000119
133718  31.550  -49.959  -24.499 0.4000000060
135798  28.732  -46.861  -21.240 0.6000000238
136374  32.639  -27.854  -24.459 0.8000000119
137924  29.091  -40.394  -29.346 0.6000000238
137955  32.418  -37.304  -17.116 0.8000000119
140385  31.897  -34.486  -23.486 1.0000000000
140854  30.663  -27.933  -17.589 0.3000000119
141456  30.543  -42.864  -19.733 0.8999999762
143231  30.617  -34.212  -25.294 1.0000000000
143344  24.136  -38.320  -29.118 0.6000000238
144990  26.483  -19.198  -26.044 0.6000000238
145935  31.642  -40.238  -27.508 0.8000000119
146646  31.541  -45.112  -22.487 0.8000000119
147391  31.716  -15.860  -23.658 0.4000000060
147770  27.392  -45.667  -21.390 0.6999999881
149283  28.949  -41.032  -29.562 0.6000000238
149307  28.141  -33.469  -26.243 0.8999999762
