#!ascii label  , from subject sub-v1s10x0051044_ses-1 vox2ras=TkReg
1418
23273  37.574  -45.477  -42.437 0.6000000238
22483  39.268  -45.830  -42.795 0.5000000000
23262  36.146  -44.966  -41.183 0.6999999881
23263  36.000  -45.128  -41.889 0.6000000238
24108  35.242  -44.875  -42.148 0.6000000238
24096  34.529  -44.475  -41.584 0.6000000238
23261  37.554  -45.485  -41.348 0.6999999881
23274  36.747  -45.312  -42.747 0.5000000000
123478  35.903  -45.160  -42.642 0.5000000000
127777  38.330  -45.765  -41.132 0.5000000000
23260  38.303  -45.715  -42.062 0.5000000000
124174  37.863  -45.239  -43.948 0.6000000238
24097  33.885  -44.264  -42.039 0.6000000238
22481  41.007  -46.685  -42.741 0.5000000000
24078  34.990  -44.159  -39.998 0.6000000238
24892  34.052  -43.806  -40.515 0.6999999881
23243  37.290  -44.929  -39.651 0.6000000238
24085  36.465  -44.685  -39.932 0.6999999881
24087  34.807  -44.389  -40.806 0.6000000238
130596  34.280  -44.219  -41.055 0.6000000238
23252  37.797  -45.406  -40.433 0.6000000238
23253  36.804  -45.091  -40.651 0.6999999881
24897  33.845  -44.060  -41.392 0.6000000238
22461  39.073  -46.129  -41.060 0.5000000000
24898  33.241  -43.742  -42.070 0.6000000238
22471  39.774  -46.374  -42.004 0.5000000000
24907  33.281  -43.661  -43.016 0.6000000238
22460  39.866  -46.529  -40.969 0.5000000000
25728  33.063  -42.300  -43.447 0.6999999881
24916  33.087  -43.085  -43.400 0.6000000238
26631  33.602  -41.772  -44.312 0.6999999881
25727  33.459  -42.701  -44.106 0.6000000238
125595  33.771  -42.411  -44.912 0.6000000238
25736  34.027  -42.746  -46.182 0.6000000238
28502  34.040  -40.194  -48.526 0.5000000000
28496  33.424  -38.802  -47.662 0.6999999881
27610  32.951  -40.311  -47.854 0.6000000238
29381  32.343  -38.702  -46.412 0.8000000119
28491  32.594  -39.449  -47.023 0.6999999881
24885  34.467  -43.534  -39.528 0.6000000238
24886  33.721  -43.087  -39.774 0.6999999881
24076  36.616  -44.447  -39.186 0.6999999881
24077  35.849  -44.310  -39.605 0.6999999881
24884  35.270  -43.815  -39.184 0.6000000238
24893  33.183  -43.020  -40.535 0.6999999881
24075  37.223  -44.549  -38.863 0.6000000238
25712  32.649  -42.319  -40.849 0.8000000119
23241  39.157  -45.759  -39.517 0.5000000000
23242  38.212  -45.337  -39.603 0.5000000000
24894  32.833  -43.008  -41.486 0.8000000119
23251  39.321  -46.127  -40.359 0.5000000000
112701  38.632  -45.749  -40.338 0.5000000000
25719  32.574  -42.171  -41.744 0.8000000119
24908  32.786  -42.917  -42.568 0.6000000238
22459  40.886  -47.052  -40.902 0.5000000000
114921  32.727  -41.852  -42.720 0.8000000119
129709  33.189  -41.385  -43.526 0.8000000119
27588  33.595  -40.992  -44.133 0.6999999881
26646  34.651  -41.057  -46.164 0.6999999881
27599  34.013  -41.011  -44.941 0.6999999881
27603  35.288  -40.347  -46.782 0.6000000238
26642  34.053  -41.763  -45.494 0.6000000238
27609  35.472  -40.291  -47.916 0.6999999881
26645  35.116  -41.058  -47.626 0.6999999881
28505  34.963  -40.270  -48.490 0.6999999881
26660  34.815  -40.736  -48.653 0.6000000238
129446  33.562  -39.537  -47.970 0.8000000119
28501  34.845  -39.292  -48.299 0.8000000119
27614  34.418  -40.763  -48.784 0.6000000238
29382  31.869  -38.644  -45.409 0.6999999881
30293  32.784  -38.008  -47.233 0.8000000119
28492  32.070  -39.401  -45.836 0.6999999881
25701  34.080  -42.874  -39.013 0.6000000238
25702  33.426  -42.436  -39.256 0.6999999881
26605  33.072  -41.732  -38.877 0.6999999881
24878  34.811  -43.241  -38.732 0.6000000238
26611  32.615  -41.720  -40.173 0.6000000238
129052  36.639  -43.328  -37.825 0.4000000060
24071  36.785  -44.047  -38.366 0.6000000238
24877  35.586  -43.444  -38.467 0.6000000238
131246  32.869  -42.362  -40.195 0.6999999881
24070  37.566  -44.320  -38.253 0.6000000238
23222  38.959  -44.897  -37.983 0.4000000060
23235  38.602  -45.191  -38.781 0.5000000000
23236  37.851  -44.855  -38.893 0.6000000238
128744  32.413  -41.442  -40.982 0.8000000119
23234  39.372  -45.490  -38.517 0.5000000000
115979  32.526  -41.252  -41.963 0.8000000119
22451  40.130  -46.454  -40.003 0.4000000060
26632  32.839  -40.921  -42.879 0.8000000119
113823  33.821  -40.310  -44.428 0.8000000119
28483  34.757  -38.983  -45.492 0.8000000119
28490  34.516  -40.297  -45.469 0.6999999881
120201  33.327  -40.551  -43.617 0.8000000119
28495  35.632  -39.581  -47.293 0.8000000119
29380  35.775  -38.878  -47.491 0.8999999762
28489  35.061  -39.617  -46.012 0.6999999881
28500  35.576  -39.439  -48.035 0.8999999762
27613  35.204  -40.400  -48.318 0.6000000238
29392  34.503  -38.226  -48.194 0.8999999762
121058  31.629  -37.254  -45.486 0.8000000119
30283  31.365  -37.583  -44.717 0.8000000119
30289  32.019  -37.971  -45.882 0.8000000119
119155  31.655  -37.982  -45.195 0.8000000119
30294  32.013  -37.268  -46.314 0.8000000119
25696  33.747  -42.156  -38.563 0.6999999881
27546  32.756  -40.464  -38.841 0.6000000238
25695  34.511  -42.556  -38.343 0.6000000238
26592  34.413  -41.714  -37.981 0.5000000000
27557  32.489  -40.296  -39.533 0.6999999881
25686  36.457  -42.569  -37.615 0.4000000060
24871  35.963  -43.050  -37.931 0.5000000000
25694  35.256  -42.849  -38.130 0.6000000238
114197  32.442  -40.949  -40.182 0.6999999881
24870  37.343  -43.639  -37.761 0.5000000000
131633  32.368  -40.824  -40.733 0.6999999881
24062  38.733  -44.191  -37.531 0.5000000000
24069  38.265  -44.601  -38.173 0.6000000238
24060  40.164  -44.759  -37.138 0.4000000060
24061  39.437  -44.466  -37.349 0.4000000060
28476  32.968  -39.410  -43.028 0.8000000119
27576  32.561  -40.398  -42.159 0.8000000119
23220  40.336  -45.378  -37.492 0.4000000060
28475  33.464  -39.640  -43.748 0.8000000119
27589  32.938  -40.091  -43.004 0.8000000119
118764  40.762  -46.687  -39.294 0.3000000119
29375  34.220  -38.428  -44.817 0.8000000119
30281  34.701  -37.797  -45.501 0.8000000119
28484  34.194  -39.444  -44.818 0.8000000119
30292  35.535  -37.518  -47.289 0.8999999762
121613  35.372  -38.954  -46.435 0.8999999762
29386  35.762  -38.359  -47.841 0.8999999762
30297  35.462  -37.667  -48.028 0.8999999762
29391  35.500  -38.391  -48.143 0.8999999762
30298  35.023  -37.540  -48.312 0.8999999762
124116  31.514  -36.413  -45.644 0.8000000119
31078  31.294  -36.752  -44.848 0.8000000119
30299  33.781  -37.483  -48.204 0.8999999762
31090  31.764  -36.518  -46.465 0.8000000119
31089  32.497  -37.099  -47.341 0.8000000119
27544  34.066  -40.850  -38.059 0.6000000238
27545  33.328  -40.643  -38.438 0.6000000238
28423  32.672  -39.554  -38.994 0.6000000238
27526  34.944  -40.930  -37.754 0.6000000238
120685  36.994  -42.022  -37.387 0.4000000060
26590  36.219  -41.826  -37.545 0.4000000060
25687  35.720  -42.382  -37.752 0.4000000060
25688  35.043  -42.255  -37.904 0.5000000000
27562  32.353  -40.163  -40.499 0.6999999881
118613  37.197  -42.829  -37.478 0.4000000060
25684  38.750  -42.657  -37.011 0.5000000000
24869  37.944  -43.145  -37.340 0.4000000060
28462  32.379  -39.829  -41.444 0.6999999881
24868  39.337  -43.583  -36.984 0.5000000000
119291  32.784  -38.022  -42.803 0.8000000119
28467  32.599  -39.604  -42.326 0.8000000119
30282  34.009  -37.485  -44.642 0.8000000119
29368  33.192  -38.807  -43.339 0.8000000119
30288  34.479  -37.100  -45.323 0.8000000119
31083  35.226  -36.833  -46.783 0.8999999762
121419  35.471  -38.158  -46.668 0.8999999762
31088  35.317  -36.917  -47.620 0.8999999762
31096  35.074  -36.963  -48.291 0.8999999762
31097  34.389  -36.888  -48.537 1.0000000000
31799  31.390  -35.652  -45.757 0.8000000119
31098  33.221  -36.749  -48.439 1.0000000000
130120  31.544  -36.053  -46.099 0.8000000119
28422  33.204  -39.892  -38.569 0.6000000238
29314  32.830  -38.718  -38.949 0.6000000238
114508  34.603  -40.311  -38.012 0.6000000238
122775  32.603  -38.905  -39.355 0.6999999881
117127  36.746  -41.353  -37.481 0.4000000060
27525  35.989  -40.954  -37.617 0.4000000060
26591  35.387  -41.679  -37.693 0.4000000060
25685  37.817  -42.284  -37.231 0.4000000060
28451  32.322  -39.085  -40.701 0.6999999881
26587  39.353  -41.780  -36.922 0.5000000000
27523  38.243  -40.989  -37.404 0.4000000060
29350  32.389  -39.008  -41.724 0.8000000119
30263  32.372  -37.633  -41.915 0.8000000119
114229  33.585  -36.175  -44.114 0.8000000119
30274  33.497  -38.008  -43.809 0.8000000119
31084  34.618  -36.435  -45.790 0.8000000119
30287  35.095  -37.263  -46.209 0.8999999762
31802  34.882  -36.327  -47.965 0.8999999762
31803  34.424  -35.428  -47.206 0.8999999762
31105  34.437  -36.412  -48.577 1.0000000000
31106  33.943  -36.402  -48.808 1.0000000000
31107  33.371  -36.139  -48.970 1.0000000000
31804  31.500  -35.710  -46.618 0.8000000119
31792  31.256  -35.891  -44.957 0.8000000119
31811  32.539  -36.052  -48.526 1.0000000000
31812  31.706  -35.592  -47.679 0.8000000119
31099  32.091  -36.322  -47.497 0.8000000119
28420  34.723  -39.529  -38.212 0.6000000238
28421  33.928  -40.088  -38.243 0.6000000238
132559  33.137  -39.230  -38.689 0.6000000238
116597  32.410  -38.725  -39.924 0.6999999881
30242  32.440  -37.320  -40.143 0.6999999881
27524  36.938  -40.677  -37.662 0.4000000060
27542  36.303  -40.180  -37.927 0.5000000000
27543  35.403  -40.204  -37.922 0.5000000000
29339  32.350  -38.147  -40.399 0.8000000119
30253  32.273  -37.429  -40.966 0.8000000119
26589  37.553  -41.376  -37.370 0.4000000060
114970  32.317  -38.277  -41.278 0.8000000119
27522  39.047  -40.930  -37.364 0.4000000060
27540  38.409  -40.291  -37.896 0.4000000060
130727  33.129  -37.494  -43.280 0.8000000119
31066  33.455  -36.980  -43.787 0.8000000119
31077  33.981  -36.637  -44.733 0.8000000119
31797  34.973  -36.209  -46.904 0.8999999762
31798  34.284  -35.575  -45.970 0.8000000119
31810  34.347  -35.762  -48.559 1.0000000000
118830  34.072  -34.906  -48.045 1.0000000000
31816  33.806  -35.769  -49.084 1.0000000000
32624  31.924  -34.880  -49.226 1.0000000000
32610  31.305  -34.964  -47.020 0.8999999762
32604  31.275  -34.963  -46.126 0.8000000119
32611  31.159  -34.373  -46.528 0.8999999762
32617  31.449  -34.893  -47.990 1.0000000000
33431  31.224  -34.115  -48.275 1.0000000000
33422  31.127  -34.226  -47.284 1.0000000000
32627  32.341  -34.380  -50.100 1.0000000000
33446  32.568  -33.120  -50.442 1.0000000000
33443  31.937  -33.535  -50.170 1.0000000000
34325  31.180  -33.017  -49.351 1.0000000000
34332  32.673  -32.321  -50.500 1.0000000000
34329  31.665  -32.565  -50.187 1.0000000000
30216  33.853  -37.909  -38.721 0.6999999881
29324  33.023  -37.958  -38.966 0.6999999881
131084  33.430  -37.254  -39.118 0.6999999881
119521  35.133  -38.794  -38.463 0.6000000238
29312  34.319  -38.675  -38.487 0.6000000238
29325  32.591  -38.133  -39.566 0.6999999881
28419  35.862  -39.393  -38.330 0.6000000238
122971  36.758  -39.699  -38.295 0.5000000000
31037  32.371  -36.596  -40.695 0.8000000119
28417  38.075  -39.582  -38.593 0.4000000060
30275  32.748  -36.996  -42.707 0.8000000119
31067  33.151  -36.141  -43.306 0.8000000119
121339  33.755  -35.059  -45.234 0.6999999881
31791  33.888  -35.730  -44.867 0.8000000119
32603  33.788  -34.727  -46.006 0.8999999762
128043  33.899  -34.630  -46.961 0.8999999762
119804  33.470  -34.036  -46.417 1.0000000000
33420  33.630  -34.116  -47.413 1.0000000000
33429  33.781  -34.278  -48.587 1.0000000000
33430  33.314  -33.542  -47.936 1.0000000000
32616  33.933  -35.032  -49.347 1.0000000000
113793  33.190  -33.008  -48.645 1.0000000000
33437  33.716  -34.158  -49.625 1.0000000000
34328  33.365  -32.677  -50.165 1.0000000000
33445  33.103  -33.438  -50.476 1.0000000000
33432  30.875  -33.460  -47.511 1.0000000000
33423  30.870  -33.597  -46.490 1.0000000000
34331  33.158  -32.823  -50.433 1.0000000000
33440  30.970  -33.274  -48.440 1.0000000000
34326  30.618  -32.514  -48.617 1.0000000000
35149  30.290  -31.750  -48.921 1.0000000000
35151  32.045  -31.765  -50.524 1.0000000000
35152  31.013  -31.782  -49.868 1.0000000000
30232  32.777  -37.292  -39.522 0.6999999881
29323  35.864  -37.674  -39.176 0.5000000000
30231  34.272  -37.176  -38.961 0.6999999881
31025  32.608  -36.545  -39.987 0.6999999881
29311  35.858  -38.485  -38.807 0.6000000238
29310  36.802  -38.942  -38.902 0.5000000000
117812  32.395  -35.885  -41.304 0.8000000119
31053  32.587  -36.030  -42.297 0.8000000119
31771  32.950  -35.315  -42.976 0.8000000119
31780  33.386  -35.469  -43.907 0.8000000119
126458  33.467  -34.935  -44.486 0.6999999881
33414  33.324  -34.000  -45.636 0.8999999762
128772  32.878  -33.477  -45.067 0.8000000119
34303  32.561  -32.584  -45.494 0.8000000119
35123  32.297  -31.634  -45.137 0.8000000119
33415  32.961  -33.382  -45.963 0.8000000119
35133  32.416  -31.776  -46.098 0.8000000119
33421  33.101  -33.420  -46.895 1.0000000000
34311  32.681  -32.648  -46.470 0.8999999762
126388  32.300  -30.926  -45.797 0.8000000119
34319  32.839  -32.791  -47.500 0.8999999762
34324  33.591  -33.308  -49.767 1.0000000000
33441  33.608  -33.842  -50.094 1.0000000000
35150  33.243  -31.922  -50.149 1.0000000000
35153  33.136  -32.105  -50.325 1.0000000000
35921  33.285  -31.049  -50.122 1.0000000000
122018  32.973  -31.687  -50.585 1.0000000000
113303  30.422  -31.109  -49.695 1.0000000000
35924  33.126  -31.138  -50.446 1.0000000000
36739  33.600  -30.143  -50.955 1.0000000000
35925  32.405  -30.222  -50.913 1.0000000000
30230  35.191  -37.036  -39.120 0.6999999881
31023  34.528  -36.389  -39.249 0.6999999881
128786  33.784  -36.657  -39.231 0.6999999881
112240  33.698  -35.953  -39.462 0.6999999881
31740  32.921  -35.797  -39.858 0.6999999881
122633  35.995  -36.976  -39.445 0.6000000238
31757  32.565  -35.815  -40.492 0.6999999881
29322  36.619  -38.155  -39.330 0.5000000000
110467  32.573  -35.100  -41.052 0.8000000119
31765  32.593  -35.192  -41.947 0.6999999881
32572  32.811  -34.512  -42.634 0.6999999881
32583  33.095  -34.618  -43.674 0.6999999881
130322  33.219  -34.434  -44.318 0.6999999881
32594  33.363  -34.354  -44.954 0.6999999881
126165  32.458  -32.559  -44.295 0.8000000119
115686  32.194  -31.345  -44.204 0.8000000119
35879  32.097  -30.478  -43.924 0.8000000119
35890  32.208  -30.602  -44.877 0.8000000119
35142  32.545  -31.928  -47.097 1.0000000000
118074  32.383  -31.082  -46.730 0.8999999762
131762  32.283  -30.212  -45.600 0.8000000119
35908  32.442  -30.426  -47.442 1.0000000000
35900  32.331  -30.286  -46.372 0.8000000119
113431  32.811  -32.192  -48.281 1.0000000000
117674  32.587  -31.294  -47.851 1.0000000000
113097  33.302  -32.479  -49.554 1.0000000000
35148  32.931  -31.644  -49.210 1.0000000000
36736  33.516  -30.234  -50.686 1.0000000000
36734  29.886  -30.242  -49.354 1.0000000000
35917  29.946  -30.985  -48.815 1.0000000000
36740  33.195  -29.766  -51.202 1.0000000000
35923  31.053  -30.480  -50.460 1.0000000000
37591  33.896  -29.249  -51.120 1.0000000000
31738  34.688  -35.410  -39.467 0.6999999881
31739  33.583  -35.015  -39.759 0.6000000238
31756  32.867  -35.052  -40.357 0.6000000238
32554  32.938  -34.369  -40.882 0.6000000238
32566  32.773  -34.397  -41.670 0.6999999881
110677  32.803  -33.708  -42.244 0.6999999881
112295  32.801  -33.851  -43.178 0.6999999881
33393  32.641  -33.203  -43.541 0.6999999881
113028  32.261  -31.774  -43.415 0.8000000119
32595  32.930  -33.805  -44.140 0.6999999881
35880  32.133  -29.900  -44.339 0.8000000119
36708  32.285  -29.521  -45.916 0.8000000119
36719  32.349  -29.559  -46.961 0.8000000119
114102  32.345  -28.565  -46.408 0.8000000119
35916  32.709  -30.725  -48.780 1.0000000000
36725  32.631  -29.752  -48.424 1.0000000000
119997  32.505  -28.844  -47.604 0.6999999881
36733  33.527  -29.623  -49.938 1.0000000000
38361  34.046  -27.570  -49.900 1.0000000000
35918  29.640  -30.414  -48.022 1.0000000000
126274  34.009  -29.269  -50.910 1.0000000000
37588  34.200  -28.394  -51.064 1.0000000000
36741  31.432  -29.499  -50.749 1.0000000000
36737  30.212  -29.722  -50.151 1.0000000000
37592  32.647  -28.899  -51.226 1.0000000000
33361  33.050  -33.619  -41.377 0.6000000238
33373  32.887  -32.748  -41.844 0.6999999881
33381  32.648  -33.055  -42.767 0.6999999881
34283  32.456  -32.541  -43.305 0.6999999881
34269  32.478  -32.041  -42.511 0.8000000119
118199  32.124  -31.001  -43.467 0.6999999881
127814  32.040  -29.700  -43.579 0.6999999881
36699  32.118  -29.062  -44.267 0.6999999881
37566  32.226  -28.785  -45.262 0.6999999881
118761  32.335  -27.800  -45.559 0.6999999881
37575  32.612  -28.039  -47.279 0.8000000119
120563  32.839  -28.975  -48.745 0.8999999762
37586  33.660  -28.555  -49.702 1.0000000000
38362  33.579  -27.639  -48.850 1.0000000000
36735  29.534  -29.449  -48.359 1.0000000000
37585  34.219  -28.295  -50.783 1.0000000000
37589  30.085  -28.944  -50.318 1.0000000000
32538  34.435  -34.521  -39.655 0.6000000238
32539  33.845  -34.269  -39.881 0.6000000238
32553  33.339  -34.338  -40.298 0.6000000238
114995  33.737  -33.032  -40.535 0.6000000238
33360  33.337  -33.664  -40.727 0.6000000238
33372  33.268  -32.898  -41.066 0.6000000238
34261  33.127  -32.100  -41.309 0.6000000238
35083  32.457  -31.236  -42.025 0.6999999881
35864  32.004  -30.357  -43.070 0.6999999881
36686  32.167  -28.908  -43.386 0.6999999881
131236  32.175  -28.541  -43.944 0.6999999881
111093  32.213  -28.095  -44.533 0.6999999881
112551  38.007  -22.032  -43.510 0.3000000119
38349  32.679  -27.406  -46.600 0.6999999881
43356  38.109  -21.216  -43.771 0.3000000119
36700  29.383  -29.687  -44.272 0.8999999762
36720  29.592  -29.711  -46.278 1.0000000000
36726  29.588  -29.546  -47.263 1.0000000000
38364  34.251  -27.548  -50.820 1.0000000000
38370  33.402  -27.418  -51.465 1.0000000000
112108  33.688  -28.267  -51.324 1.0000000000
37593  31.042  -28.490  -50.786 1.0000000000
36738  29.648  -29.243  -49.462 1.0000000000
38367  32.142  -27.792  -51.188 1.0000000000
33358  34.964  -33.415  -39.839 0.6000000238
33359  34.332  -33.185  -40.113 0.6000000238
34248  34.270  -32.449  -40.392 0.6000000238
35062  34.167  -31.623  -40.609 0.6000000238
35834  33.962  -30.837  -40.874 0.6000000238
35845  33.203  -30.634  -41.336 0.6999999881
35846  32.648  -30.738  -41.715 0.6999999881
37540  37.909  -28.209  -43.881 0.3000000119
37541  37.033  -28.604  -43.664 0.3000000119
35853  32.304  -30.388  -42.254 0.6999999881
125865  32.141  -29.628  -42.781 0.6999999881
37545  32.411  -28.116  -43.655 0.6999999881
41606  37.723  -22.940  -43.366 0.3000000119
110987  36.935  -22.841  -43.317 0.4000000060
42430  37.184  -22.197  -43.375 0.4000000060
43358  36.579  -21.633  -43.455 0.4000000060
122097  28.260  -29.999  -43.256 0.6999999881
36689  27.698  -29.746  -43.322 0.6999999881
114645  35.217  -19.421  -44.846 0.3000000119
44264  37.389  -20.713  -43.890 0.3000000119
39105  33.419  -26.249  -46.935 0.6999999881
115124  29.230  -28.930  -44.535 0.8999999762
45091  35.542  -19.108  -45.428 0.3000000119
44265  36.688  -20.930  -43.687 0.3000000119
112136  33.352  -27.179  -47.768 0.8000000119
36709  29.492  -29.029  -45.380 0.8999999762
131675  35.552  -20.029  -44.634 0.3000000119
131733  36.182  -20.734  -43.895 0.3000000119
130719  33.673  -26.346  -47.950 0.8000000119
130229  33.861  -26.549  -49.375 1.0000000000
37587  29.517  -28.548  -48.606 1.0000000000
39122  34.063  -27.094  -51.177 1.0000000000
38365  30.014  -28.076  -50.419 1.0000000000
37590  29.613  -28.370  -49.619 1.0000000000
39125  33.578  -26.911  -51.454 1.0000000000
38368  30.758  -27.729  -50.871 1.0000000000
39126  32.683  -26.769  -51.651 1.0000000000
39123  31.299  -27.055  -51.341 1.0000000000
39127  31.923  -26.046  -52.202 1.0000000000
35844  34.482  -30.342  -41.107 0.6999999881
131455  33.748  -30.245  -41.245 0.6999999881
36684  37.186  -29.504  -43.705 0.3000000119
36685  36.582  -29.238  -43.332 0.4000000060
36662  33.163  -29.856  -41.546 0.6999999881
36673  32.566  -29.632  -42.069 0.6999999881
38319  37.336  -27.478  -43.488 0.4000000060
132389  32.445  -28.496  -43.135 0.6999999881
38320  36.366  -27.943  -43.440 0.5000000000
38323  32.932  -27.441  -43.550 0.6999999881
118145  36.460  -27.181  -43.361 0.5000000000
38330  32.664  -27.295  -44.236 0.6999999881
40767  37.417  -24.346  -43.362 0.4000000060
39902  36.306  -25.347  -43.597 0.6000000238
111651  36.240  -24.587  -43.621 0.5000000000
38341  32.485  -27.264  -44.996 0.6999999881
111848  37.787  -23.755  -43.355 0.3000000119
114146  32.828  -26.789  -45.822 0.6999999881
115852  33.007  -19.976  -43.541 0.4000000060
110986  36.301  -23.110  -43.373 0.4000000060
37547  27.419  -28.856  -43.579 0.6999999881
132935  33.556  -19.534  -43.711 0.4000000060
42431  36.411  -22.382  -43.360 0.4000000060
36690  27.046  -29.656  -43.420 0.6000000238
45929  34.582  -19.058  -44.377 0.3000000119
45080  34.863  -19.884  -44.459 0.3000000119
45066  34.191  -19.617  -44.017 0.4000000060
43359  35.767  -21.853  -43.421 0.4000000060
42432  35.619  -22.645  -43.380 0.4000000060
39923  33.303  -25.483  -46.101 0.6999999881
36701  28.851  -29.095  -43.898 0.6999999881
44280  34.552  -20.383  -43.994 0.4000000060
110765  34.927  -22.140  -43.389 0.4000000060
44279  35.522  -20.554  -44.090 0.3000000119
44266  35.015  -21.229  -43.666 0.4000000060
39934  33.547  -25.933  -47.518 0.8000000119
37581  29.559  -28.659  -47.513 1.0000000000
39117  33.705  -26.291  -48.576 0.8999999762
39951  33.501  -26.117  -50.039 1.0000000000
38369  30.115  -27.192  -50.668 1.0000000000
39957  32.884  -26.085  -51.855 1.0000000000
39953  33.436  -26.458  -51.231 1.0000000000
124426  30.635  -26.571  -51.390 1.0000000000
39959  31.303  -25.275  -52.465 1.0000000000
39955  30.516  -25.906  -51.746 1.0000000000
35843  35.232  -30.466  -41.059 0.6000000238
36661  35.116  -29.896  -41.532 0.6000000238
36670  35.059  -29.178  -42.169 0.6000000238
117950  34.116  -29.597  -41.567 0.6999999881
36660  35.848  -29.691  -42.122 0.5000000000
36669  35.876  -29.079  -42.862 0.6000000238
36672  33.271  -29.074  -42.016 0.6999999881
37542  36.286  -28.636  -43.382 0.5000000000
37531  32.545  -28.871  -42.626 0.6999999881
37528  35.575  -28.288  -43.148 0.6000000238
37530  33.500  -28.013  -42.768 0.6999999881
37544  32.878  -28.051  -42.987 0.6999999881
39072  37.001  -26.517  -43.342 0.6000000238
39073  36.017  -26.583  -43.429 0.6000000238
39075  34.257  -26.584  -43.553 0.6999999881
39076  33.440  -26.635  -43.977 0.6999999881
115288  36.387  -26.007  -43.471 0.5000000000
39903  35.639  -24.978  -43.867 0.6000000238
39904  34.994  -25.358  -44.007 0.6000000238
39085  33.843  -25.945  -44.769 0.6000000238
44270  31.660  -21.099  -43.511 0.4000000060
111000  36.243  -23.842  -43.514 0.4000000060
40769  35.575  -24.173  -43.753 0.5000000000
39086  33.135  -26.420  -45.000 0.6999999881
39096  33.734  -25.683  -45.315 0.6999999881
125532  33.760  -20.194  -43.774 0.4000000060
44269  32.329  -20.546  -43.423 0.5000000000
41608  35.528  -23.398  -43.507 0.4000000060
110985  34.765  -22.927  -43.418 0.4000000060
39097  33.474  -25.852  -45.948 0.6999999881
37557  28.673  -28.282  -44.321 0.8999999762
37558  27.899  -28.071  -43.967 0.6999999881
42433  34.069  -22.358  -43.434 0.4000000060
39928  33.186  -25.481  -46.697 0.6999999881
122789  33.458  -25.775  -46.656 0.6999999881
43360  34.307  -21.675  -43.495 0.4000000060
124857  29.441  -27.805  -46.665 0.8999999762
123674  33.368  -25.864  -48.686 0.8999999762
127819  29.655  -27.545  -49.811 1.0000000000
121390  29.514  -27.815  -47.817 1.0000000000
127509  32.994  -25.813  -50.878 1.0000000000
38363  29.524  -27.712  -48.850 1.0000000000
39954  32.757  -25.693  -51.842 1.0000000000
122415  29.685  -26.859  -50.020 1.0000000000
124838  29.507  -26.931  -49.160 1.0000000000
40830  32.354  -24.878  -52.155 1.0000000000
41670  31.096  -23.581  -52.945 0.8999999762
41667  31.472  -23.826  -52.559 1.0000000000
39961  31.576  -24.552  -52.561 1.0000000000
39960  30.154  -25.196  -52.067 1.0000000000
39124  29.903  -26.409  -50.762 1.0000000000
40836  30.923  -24.220  -52.815 1.0000000000
40834  29.898  -24.404  -52.422 1.0000000000
40831  29.394  -24.739  -51.301 0.8999999762
40837  30.365  -23.768  -52.886 1.0000000000
130815  35.343  -28.762  -42.701 0.6000000238
37529  34.738  -28.424  -42.592 0.6999999881
113401  33.793  -28.442  -42.401 0.6999999881
37543  34.922  -27.783  -42.981 0.6999999881
115533  34.590  -27.226  -43.184 0.6999999881
38321  35.558  -27.343  -43.279 0.6000000238
39074  35.104  -26.585  -43.429 0.6000000238
38322  33.650  -27.368  -43.221 0.6999999881
39905  34.303  -25.825  -44.201 0.6000000238
45069  31.597  -19.326  -43.532 0.3000000119
114784  35.593  -25.835  -43.643 0.6000000238
119619  31.570  -20.218  -43.487 0.4000000060
44271  30.983  -20.763  -43.755 0.4000000060
110531  35.030  -24.572  -44.078 0.6000000238
129647  34.610  -24.940  -44.574 0.6000000238
39914  34.453  -24.328  -44.263 0.5000000000
39915  34.082  -25.254  -45.024 0.6000000238
41609  34.711  -23.714  -43.768 0.4000000060
39922  33.634  -25.298  -45.576 0.6000000238
43363  31.763  -21.833  -43.573 0.5000000000
111153  33.847  -23.070  -43.533 0.4000000060
43362  32.505  -21.540  -43.479 0.5000000000
43361  33.500  -21.626  -43.502 0.4000000060
40797  32.848  -25.116  -46.123 0.6000000238
111159  33.142  -22.425  -43.490 0.4000000060
37556  29.199  -28.335  -44.905 0.8999999762
39935  32.596  -25.481  -47.525 0.8999999762
116037  29.123  -27.398  -45.784 0.8999999762
114275  29.334  -27.178  -47.254 0.8999999762
39111  29.035  -26.445  -47.360 0.8999999762
38356  29.446  -27.040  -48.124 0.8999999762
116658  32.459  -25.157  -50.990 1.0000000000
40832  31.808  -24.479  -52.449 1.0000000000
39121  29.472  -26.136  -49.669 1.0000000000
39956  29.606  -25.561  -50.820 0.8999999762
41671  30.367  -22.948  -53.207 1.0000000000
41669  29.477  -23.564  -52.551 1.0000000000
41665  29.057  -24.007  -51.624 0.8999999762
113241  29.107  -22.628  -52.634 1.0000000000
109909  28.839  -23.223  -51.654 0.8999999762
38309  34.192  -27.840  -42.817 0.6999999881
45914  32.311  -18.139  -43.507 0.3000000119
44281  30.419  -20.333  -44.287 0.3000000119
43372  30.516  -21.364  -44.224 0.4000000060
40779  33.998  -24.565  -44.704 0.5000000000
40770  33.693  -23.801  -44.078 0.5000000000
112593  33.262  -24.258  -44.631 0.5000000000
40788  33.556  -24.749  -45.197 0.5000000000
43364  31.143  -21.649  -43.788 0.5000000000
111070  32.875  -23.115  -43.641 0.5000000000
41611  31.486  -22.405  -43.797 0.5000000000
41621  32.621  -23.705  -44.216 0.5000000000
41610  31.975  -23.084  -43.822 0.5000000000
42434  32.243  -22.426  -43.567 0.5000000000
125821  31.806  -25.021  -46.510 0.6999999881
116309  30.983  -23.212  -44.655 0.5000000000
41622  31.745  -23.565  -44.411 0.5000000000
39944  31.927  -25.336  -48.518 0.8999999762
40826  31.680  -24.810  -49.449 0.8999999762
39952  32.554  -25.492  -49.742 0.8999999762
41668  31.276  -23.088  -52.785 0.8999999762
41664  31.460  -23.167  -51.852 0.8999999762
41663  31.766  -24.038  -51.886 0.8999999762
131987  29.201  -25.399  -49.722 0.8999999762
39118  29.262  -26.278  -48.458 0.8999999762
40828  29.071  -24.864  -50.190 0.8999999762
128662  31.055  -23.028  -53.155 0.8000000119
115077  30.437  -22.094  -53.433 0.6999999881
40819  28.876  -24.828  -49.139 0.8999999762
117947  28.780  -23.555  -50.752 0.8999999762
41659  28.862  -24.184  -50.511 0.8999999762
45915  31.717  -18.469  -43.596 0.3000000119
45916  31.064  -18.882  -43.943 0.3000000119
45081  30.645  -19.483  -44.201 0.4000000060
45930  30.551  -18.792  -44.573 0.3000000119
121617  29.939  -20.220  -45.104 0.4000000060
43380  29.976  -21.049  -44.822 0.4000000060
121259  30.352  -22.773  -45.009 0.5000000000
120354  30.112  -21.947  -44.836 0.4000000060
40780  32.482  -24.313  -44.948 0.5000000000
40789  33.139  -24.887  -45.675 0.5000000000
41629  30.689  -23.494  -45.494 0.5000000000
116691  32.056  -24.694  -45.659 0.5000000000
40781  31.478  -23.961  -45.118 0.5000000000
127538  31.258  -24.308  -45.863 0.5000000000
40790  30.756  -23.952  -46.299 0.5000000000
40798  31.044  -24.431  -46.890 0.6000000238
40806  31.481  -24.965  -47.544 0.6000000238
41644  30.622  -23.574  -47.977 0.6999999881
40818  31.120  -24.142  -48.635 0.6999999881
41650  30.965  -23.370  -49.048 0.6999999881
40827  31.303  -24.068  -49.636 0.8000000119
39945  29.068  -25.524  -48.792 0.8999999762
41658  31.328  -23.409  -50.493 0.8999999762
41657  31.784  -24.412  -50.804 0.8999999762
109914  31.364  -22.324  -52.148 0.6999999881
40829  28.781  -24.285  -49.585 0.8999999762
41660  28.705  -23.492  -49.608 0.8999999762
109910  29.002  -21.699  -53.049 1.0000000000
45936  30.139  -18.713  -45.241 0.3000000119
45093  29.900  -19.445  -45.618 0.4000000060
44291  29.747  -20.796  -45.505 0.4000000060
43381  29.755  -21.521  -45.537 0.4000000060
120767  29.723  -20.184  -45.972 0.4000000060
130960  30.213  -23.002  -45.561 0.4000000060
43388  29.668  -21.797  -46.371 0.4000000060
114626  29.637  -21.358  -46.914 0.4000000060
42448  29.908  -22.436  -45.693 0.4000000060
42456  29.865  -22.491  -46.703 0.4000000060
41638  30.189  -23.056  -47.290 0.5000000000
41637  30.209  -23.214  -46.261 0.5000000000
109918  31.083  -22.398  -53.188 0.6999999881
41666  28.715  -22.750  -50.358 0.8999999762
109921  28.724  -20.925  -52.288 0.8999999762
110252  28.695  -21.827  -50.564 0.8000000119
110300  28.672  -20.218  -52.729 0.6999999881
109913  28.623  -20.067  -51.686 0.8000000119
121090  29.957  -17.941  -45.605 0.3000000119
45937  29.812  -18.662  -46.082 0.3000000119
45105  29.696  -19.450  -46.651 0.3000000119
130803  29.692  -19.131  -47.535 0.4000000060
44304  29.612  -20.796  -47.190 0.4000000060
115043  29.627  -19.981  -47.609 0.4000000060
110007  29.722  -20.854  -48.053 0.5000000000
110129  29.739  -21.868  -47.190 0.5000000000
109901  29.968  -21.758  -48.097 0.5000000000
110008  30.235  -21.123  -49.011 0.5000000000
42461  30.373  -22.682  -48.334 0.5000000000
120015  30.418  -21.974  -48.949 0.5000000000
118135  30.878  -22.563  -49.537 0.6000000238
42471  31.247  -22.395  -50.786 0.6999999881
109915  31.264  -21.505  -52.566 0.6999999881
109919  31.122  -20.684  -52.987 0.6999999881
109911  30.851  -21.504  -53.449 0.6999999881
43411  29.652  -20.534  -53.702 0.8000000119
44333  30.024  -19.748  -53.752 0.6999999881
46831  29.706  -17.233  -45.956 0.3000000119
127371  29.570  -17.327  -46.732 0.4000000060
121638  29.734  -17.910  -46.456 0.3000000119
45948  29.711  -18.553  -47.042 0.4000000060
125515  29.838  -20.128  -48.709 0.4000000060
126316  29.903  -19.426  -48.937 0.3000000119
126360  30.766  -21.005  -49.932 0.6000000238
125318  30.107  -19.761  -49.331 0.3000000119
110048  30.351  -20.362  -49.559 0.5000000000
125388  30.449  -19.705  -50.054 0.4000000060
109902  30.837  -21.724  -49.828 0.6999999881
109907  30.847  -20.460  -50.514 0.6000000238
109908  31.179  -21.412  -51.032 0.6999999881
109916  31.167  -20.595  -51.737 0.6999999881
110238  31.071  -19.798  -52.354 0.6000000238
46841  29.645  -17.793  -47.350 0.3000000119
45956  29.717  -18.441  -48.033 0.3000000119
110208  29.885  -18.770  -48.869 0.3000000119
45961  29.863  -17.989  -48.872 0.3000000119
46857  30.035  -17.513  -49.629 0.3000000119
125512  30.147  -19.138  -49.527 0.3000000119
45969  30.128  -18.322  -49.620 0.4000000060
110382  30.890  -19.696  -51.139 0.5000000000
45145  30.495  -18.765  -50.578 0.5000000000
117542  30.325  -17.716  -50.514 0.5000000000
45144  30.858  -18.852  -51.931 0.6000000238
48775  29.084  -15.541  -45.525 0.4000000060
48792  29.124  -16.070  -46.165 0.3000000119
47796  29.394  -16.713  -46.461 0.3000000119
47807  29.001  -16.245  -47.051 0.3000000119
123782  29.651  -17.571  -48.215 0.3000000119
47811  29.548  -16.859  -48.568 0.3000000119
127797  29.786  -17.333  -48.969 0.3000000119
47821  29.829  -16.716  -49.681 0.3000000119
113862  30.162  -17.005  -50.421 0.4000000060
46872  30.611  -17.819  -51.722 0.6000000238
46873  30.341  -16.885  -51.557 0.4000000060
45991  30.619  -18.072  -52.812 0.5000000000
110374  28.535  -19.199  -51.271 0.6999999881
110377  28.568  -19.945  -50.662 0.8000000119
47812  29.034  -16.338  -48.072 0.3000000119
48808  29.333  -16.167  -49.115 0.3000000119
48819  29.613  -15.845  -50.410 0.4000000060
47832  30.008  -16.288  -51.078 0.4000000060
47846  30.063  -15.984  -52.675 0.4000000060
46883  30.258  -16.906  -52.987 0.4000000060
46889  30.124  -17.606  -53.423 0.5000000000
47855  29.576  -15.932  -53.705 0.4000000060
45164  29.984  -18.823  -53.753 0.6000000238
46890  29.612  -16.792  -53.737 0.4000000060
45998  28.866  -18.216  -53.567 0.6999999881
46891  29.151  -17.309  -53.851 0.4000000060
46884  28.770  -17.194  -53.509 0.4000000060
45992  28.523  -18.225  -52.327 0.6000000238
46874  28.322  -17.288  -52.162 0.5000000000
45980  28.241  -18.353  -50.865 0.6999999881
48776  28.603  -14.964  -45.668 0.3000000119
48793  28.611  -15.467  -46.472 0.3000000119
48802  28.576  -15.676  -47.622 0.3000000119
48809  28.772  -15.676  -48.623 0.3000000119
121872  29.070  -15.459  -49.759 0.4000000060
48831  29.728  -15.463  -52.035 0.3000000119
48820  29.369  -15.058  -51.344 0.3000000119
48844  29.432  -15.277  -53.542 0.3000000119
48832  29.354  -14.872  -52.988 0.3000000119
47856  29.096  -16.213  -54.013 0.4000000060
48845  28.939  -14.768  -54.020 0.3000000119
121151  28.668  -16.401  -53.561 0.3000000119
47847  28.864  -15.629  -53.933 0.3000000119
47833  28.223  -16.242  -52.823 0.4000000060
46875  27.802  -17.038  -51.271 0.5000000000
131025  28.023  -17.646  -51.054 0.5000000000
45981  27.703  -17.820  -50.302 0.5000000000
116179  28.117  -14.673  -46.289 0.3000000119
49713  28.076  -14.973  -47.286 0.3000000119
49722  28.245  -15.089  -48.316 0.3000000119
49734  28.609  -15.102  -49.205 0.3000000119
49753  29.062  -14.383  -52.598 0.3000000119
47848  28.404  -15.372  -53.309 0.3000000119
47834  27.611  -16.177  -51.643 0.4000000060
46858  27.273  -17.057  -50.152 0.5000000000
45970  27.157  -18.001  -49.432 0.5000000000
49695  27.760  -13.956  -46.068 0.3000000119
49714  27.677  -14.207  -47.020 0.3000000119
49723  27.737  -14.401  -48.088 0.3000000119
49735  28.267  -14.425  -49.427 0.3000000119
125150  28.844  -14.746  -50.445 0.3000000119
50587  28.725  -13.732  -52.576 0.3000000119
49763  28.514  -14.054  -53.642 0.3000000119
123526  27.079  -16.305  -50.590 0.4000000060
47822  26.568  -16.853  -49.834 0.4000000060
47835  26.457  -16.061  -50.378 0.4000000060
46859  26.662  -17.529  -49.503 0.5000000000
50535  28.397  -13.077  -44.804 0.3000000119
50545  28.049  -13.584  -45.324 0.3000000119
50569  27.463  -13.605  -47.805 0.3000000119
50579  27.710  -13.709  -48.989 0.3000000119
49745  28.677  -14.170  -51.062 0.3000000119
48846  28.399  -14.465  -53.524 0.3000000119
49764  28.209  -13.637  -53.883 0.3000000119
48833  27.442  -15.357  -51.851 0.4000000060
50546  27.557  -13.206  -45.878 0.3000000119
51524  27.235  -12.541  -46.569 0.3000000119
50564  27.465  -13.404  -46.781 0.3000000119
112334  27.789  -12.998  -49.952 0.3000000119
50588  28.310  -13.585  -50.686 0.3000000119
131515  28.108  -13.069  -51.021 0.3000000119
50602  28.339  -13.357  -53.802 0.3000000119
116134  27.411  -12.545  -45.667 0.3000000119
51534  27.287  -12.800  -47.549 0.3000000119
51543  27.388  -12.846  -48.620 0.3000000119
50596  28.447  -13.117  -52.371 0.3000000119
51505  27.057  -11.917  -45.898 0.3000000119
51525  26.919  -11.807  -46.734 0.3000000119
131771  27.214  -12.393  -48.066 0.3000000119
51535  27.042  -12.003  -47.588 0.4000000060
51544  27.159  -11.994  -48.639 0.3000000119
115079  27.379  -12.271  -49.814 0.3000000119
51548  27.866  -12.559  -51.537 0.3000000119
52582  26.769  -11.322  -48.338 0.4000000060
52569  26.652  -11.285  -47.301 0.4000000060
53582  26.382  -10.646  -47.925 0.4000000060
31817  32.923  -35.637  -49.445 1.0000000000
32626  33.158  -34.525  -50.268 1.0000000000
31818  32.025  -35.473  -48.590 0.8999999762
110149  29.812  -21.409  -53.595 0.6999999881
44332  28.864  -19.897  -53.370 0.8000000119
45157  28.635  -19.292  -52.750 0.8000000119
45162  28.974  -19.101  -53.667 0.6999999881
24086  35.777  -44.621  -40.501 0.6000000238
24095  35.408  -44.753  -41.329 0.6000000238
116341  33.390  -43.555  -41.191 0.6000000238
24072  36.049  -43.982  -38.812 0.6000000238
131740  36.207  -43.588  -38.255 0.5000000000
23221  39.689  -45.168  -37.728 0.4000000060
22436  39.994  -46.115  -38.959 0.4000000060
27567  32.378  -40.668  -41.287 0.6999999881
29374  34.907  -38.456  -45.719 0.8999999762
28439  32.438  -39.435  -39.775 0.6999999881
24063  38.045  -43.934  -37.671 0.5000000000
122954  39.973  -44.108  -36.880 0.5000000000
115541  32.428  -38.362  -42.058 0.8000000119
22435  40.850  -46.468  -38.450 0.4000000060
29367  33.690  -38.864  -44.090 0.8000000119
26588  38.463  -41.677  -37.133 0.4000000060
128992  33.787  -39.336  -38.434 0.6000000238
129483  37.705  -40.688  -37.633 0.4000000060
31045  32.339  -36.743  -41.634 0.8000000119
31819  33.441  -35.048  -49.818 1.0000000000
27541  37.430  -40.085  -38.065 0.5000000000
33439  31.494  -33.896  -49.325 1.0000000000
30215  34.915  -37.933  -38.721 0.6999999881
32625  33.610  -34.458  -50.045 1.0000000000
122671  31.389  -31.239  -50.377 1.0000000000
35922  32.647  -31.016  -50.747 1.0000000000
120132  33.262  -30.316  -49.763 1.0000000000
36698  32.225  -29.684  -45.043 0.8000000119
35099  32.214  -31.113  -42.749 0.6999999881
38366  34.072  -27.597  -51.278 1.0000000000
38355  33.886  -26.807  -48.860 1.0000000000
35073  33.476  -31.446  -41.008 0.6000000238
35074  32.890  -31.336  -41.490 0.6999999881
112442  37.728  -25.192  -43.366 0.4000000060
132539  29.474  -29.407  -44.832 1.0000000000
117139  29.564  -28.805  -46.443 1.0000000000
41607  37.026  -23.577  -43.328 0.4000000060
39958  32.252  -25.149  -52.300 1.0000000000
132065  37.613  -25.973  -43.381 0.4000000060
111950  36.912  -24.909  -43.438 0.5000000000
39901  37.007  -25.677  -43.376 0.5000000000
44268  33.173  -20.797  -43.569 0.4000000060
40833  30.762  -24.765  -52.583 1.0000000000
111558  28.685  -21.783  -51.872 0.8000000119
42441  30.773  -22.355  -44.265 0.5000000000
131585  31.178  -24.436  -46.368 0.5000000000
40817  31.383  -24.733  -48.315 0.6999999881
40807  30.976  -24.272  -47.706 0.6000000238
125419  29.697  -21.332  -47.499 0.5000000000
109920  30.470  -20.672  -53.633 0.6999999881
45160  30.457  -19.200  -53.448 0.6999999881
46004  29.145  -18.245  -53.798 0.6000000238
113038  34.416  -41.812  -46.972 0.5000000000
26650  34.343  -41.757  -48.375 0.5000000000
26655  35.030  -40.901  -48.430 0.5000000000
121779  33.876  -43.526  -47.783 0.5000000000
25742  34.087  -42.568  -47.729 0.5000000000
24929  34.004  -43.829  -46.131 0.5000000000
24135  34.303  -44.434  -46.265 0.5000000000
130081  34.164  -44.505  -44.187 0.4000000060
24915  33.490  -43.537  -43.904 0.5000000000
24109  34.439  -44.601  -42.491 0.5000000000
24119  33.735  -44.128  -43.616 0.5000000000
33383  28.936  -33.359  -42.684 0.6999999881
113076  28.509  -33.907  -42.661 0.6999999881
33394  29.940  -33.411  -43.582 0.8000000119
33416  30.555  -33.423  -45.341 0.8000000119
33406  30.419  -33.751  -44.306 0.8000000119
34271  28.624  -32.102  -42.851 0.6999999881
121327  30.070  -32.974  -44.383 0.8999999762
34296  29.832  -32.228  -44.407 0.8999999762
34304  30.382  -32.809  -46.149 0.8999999762
34312  30.549  -32.882  -46.931 0.8999999762
35084  28.749  -31.299  -42.987 0.6000000238
35100  29.257  -31.743  -43.229 0.8000000119
114535  30.041  -32.537  -45.255 0.8999999762
35124  29.929  -32.011  -46.220 0.8999999762
130013  30.250  -32.294  -47.116 0.8999999762
113952  30.238  -32.036  -47.944 0.8999999762
112371  36.573  -33.903  -40.283 0.5000000000
32552  35.731  -33.816  -39.890 0.5000000000
33346  34.955  -34.021  -39.683 0.5000000000
31737  35.807  -35.322  -39.694 0.6000000238
32537  35.321  -34.606  -39.655 0.5000000000
31022  35.604  -36.205  -39.497 0.6000000238
35866  28.505  -30.618  -43.108 0.6000000238
35881  29.495  -30.457  -43.972 0.8999999762
35113  29.795  -31.690  -45.011 0.8999999762
35114  29.647  -31.433  -43.957 0.8999999762
35135  29.727  -31.254  -46.526 0.8999999762
35134  29.927  -31.653  -47.190 0.8999999762
35143  29.899  -31.314  -48.029 0.8999999762
35059  36.302  -31.693  -40.669 0.5000000000
35060  35.511  -31.545  -40.524 0.5000000000
114100  35.499  -33.070  -40.041 0.5000000000
34247  34.935  -32.704  -40.105 0.5000000000
34245  36.727  -32.560  -40.608 0.5000000000
33357  36.252  -33.187  -40.259 0.5000000000
129668  29.564  -30.239  -44.512 0.8999999762
36687  28.935  -29.953  -43.523 0.6999999881
112560  29.671  -30.812  -44.690 0.8999999762
35125  29.708  -31.072  -45.670 0.8999999762
35909  29.682  -30.918  -47.189 0.8999999762
35832  35.859  -30.910  -40.872 0.5000000000
35833  34.850  -31.027  -40.632 0.5000000000
35072  36.754  -31.167  -41.132 0.5000000000
124340  37.414  -31.350  -41.465 0.5000000000
35891  29.617  -30.055  -45.231 0.8999999762
112685  29.610  -30.235  -47.015 0.8999999762
35852  36.594  -30.178  -42.138 0.5000000000
35842  35.869  -30.273  -41.486 0.5000000000
35841  37.115  -30.776  -41.748 0.5000000000
124807  36.396  -29.596  -42.700 0.4000000060
118323  27.144  -28.018  -43.904 0.6000000238
38334  26.439  -27.533  -44.260 0.6000000238
38332  28.207  -27.487  -44.464 0.8000000119
39088  27.793  -26.845  -44.682 0.6999999881
39089  26.968  -26.772  -44.596 0.6999999881
39100  26.565  -26.196  -45.132 0.6999999881
39101  25.558  -26.161  -45.463 0.6999999881
39098  28.104  -26.453  -45.251 0.8000000119
38331  28.847  -27.589  -45.005 0.8000000119
39099  27.405  -26.278  -45.110 0.6999999881
39925  27.003  -25.670  -45.532 0.6999999881
39926  26.266  -25.695  -45.574 0.6999999881
39930  27.308  -25.123  -46.081 0.6999999881
127726  26.676  -24.462  -46.544 0.6999999881
39112  28.590  -25.786  -46.863 0.8000000119
39929  28.072  -25.238  -46.399 0.8000000119
132170  28.758  -26.308  -46.663 0.8000000119
40800  27.607  -24.534  -46.615 0.6999999881
40799  28.083  -24.557  -46.868 0.6999999881
40808  28.276  -24.243  -47.486 0.8000000119
39936  28.819  -25.663  -47.786 0.8000000119
40809  27.803  -23.938  -47.078 0.6999999881
42462  28.182  -22.450  -47.994 0.6000000238
39946  28.646  -24.884  -48.131 0.8000000119
40820  28.585  -23.990  -48.537 0.8000000119
110225  28.466  -22.178  -48.577 0.6000000238
43392  28.011  -21.742  -48.052 0.6000000238
43393  27.299  -21.377  -47.783 0.6000000238
41651  28.482  -22.981  -48.518 0.8000000119
110176  28.403  -21.397  -48.727 0.6000000238
110165  28.254  -20.556  -48.913 0.6000000238
43396  27.791  -20.962  -48.237 0.6000000238
109904  28.663  -21.982  -49.466 0.6999999881
109912  28.619  -21.127  -49.658 0.6000000238
109906  28.329  -19.388  -50.140 0.6999999881
45124  28.024  -19.712  -49.186 0.6000000238
45135  27.714  -18.779  -49.566 0.6000000238
110220  28.662  -20.839  -50.862 0.6999999881
23275  35.293  -45.033  -43.245 0.4000000060
24118  34.274  -44.601  -43.407 0.5000000000
24110  33.713  -44.202  -42.756 0.5000000000
24924  33.745  -43.269  -44.892 0.5000000000
34320  30.582  -32.727  -47.747 0.8999999762
36668  36.941  -29.873  -43.001 0.3000000119
38342  28.649  -26.886  -45.515 0.8000000119
115349  34.008  -44.277  -47.787 0.5000000000
24129  33.912  -44.142  -44.744 0.5000000000
34284  29.647  -32.474  -43.573 0.8000000119
39106  28.423  -26.167  -46.061 0.8000000119
39924  27.754  -25.800  -45.686 0.6999999881
39937  28.402  -25.028  -47.178 0.8000000119
41639  27.208  -23.954  -46.898 0.6999999881
127551  28.096  -23.255  -47.675 0.6999999881
28437  38.616  -39.126  -39.307 0.4000000060
29321  37.415  -38.433  -39.537 0.4000000060
116396  38.242  -38.604  -39.813 0.4000000060
30228  37.199  -37.884  -39.776 0.5000000000
29337  38.576  -38.212  -40.416 0.4000000060
114950  39.138  -38.744  -40.082 0.4000000060
31021  36.705  -36.572  -39.912 0.5000000000
121391  36.389  -35.835  -39.873 0.5000000000
31020  37.486  -37.295  -40.203 0.5000000000
30241  38.189  -37.650  -40.515 0.4000000060
131165  39.363  -37.765  -41.153 0.4000000060
30240  38.774  -37.692  -40.852 0.4000000060
29338  37.846  -38.049  -40.117 0.4000000060
30239  39.294  -38.242  -40.764 0.4000000060
31736  36.569  -35.330  -40.038 0.5000000000
31036  37.500  -36.528  -40.415 0.5000000000
31044  38.763  -36.369  -41.288 0.4000000060
30252  39.043  -37.140  -41.233 0.4000000060
31051  40.611  -36.654  -42.723 0.4000000060
30262  40.160  -37.016  -42.082 0.4000000060
30251  39.724  -37.412  -41.552 0.4000000060
114611  41.303  -36.945  -43.158 0.4000000060
30261  40.953  -37.485  -42.556 0.4000000060
31755  37.116  -35.811  -40.306 0.5000000000
114033  37.873  -36.060  -40.744 0.4000000060
35120  42.000  -34.072  -47.912 0.3000000119
31035  38.238  -36.886  -40.813 0.4000000060
33412  41.754  -34.124  -46.428 0.3000000119
31043  39.462  -36.633  -41.679 0.4000000060
34300  41.899  -34.006  -46.402 0.3000000119
32601  41.881  -34.550  -45.747 0.3000000119
32592  41.762  -35.101  -45.339 0.3000000119
32593  41.054  -34.872  -44.751 0.3000000119
31779  40.952  -35.442  -43.794 0.4000000060
31769  40.405  -35.806  -42.892 0.4000000060
31790  41.668  -35.699  -44.812 0.3000000119
31065  41.104  -36.315  -43.433 0.4000000060
112757  37.026  -35.086  -40.326 0.4000000060
31754  37.653  -35.274  -40.687 0.4000000060
31753  38.394  -35.605  -41.156 0.4000000060
126650  41.734  -34.291  -48.338 0.3000000119
129144  40.857  -33.467  -46.587 0.3000000119
34301  41.737  -34.145  -47.475 0.3000000119
33413  41.379  -34.195  -45.944 0.3000000119
33405  40.835  -34.182  -45.115 0.3000000119
32582  40.559  -34.606  -43.779 0.4000000060
31052  39.906  -36.212  -42.249 0.4000000060
32602  41.361  -34.578  -45.454 0.3000000119
32551  36.364  -34.631  -40.031 0.4000000060
110741  40.082  -32.483  -44.603 0.3000000119
34282  39.827  -32.542  -43.722 0.3000000119
33379  39.535  -33.375  -42.697 0.4000000060
133312  39.266  -33.718  -42.128 0.4000000060
33380  39.130  -34.260  -41.858 0.4000000060
33370  38.582  -34.251  -41.415 0.4000000060
33391  40.323  -33.361  -44.242 0.3000000119
119803  39.834  -33.072  -43.337 0.3000000119
33392  40.096  -33.902  -43.356 0.4000000060
117546  39.569  -34.180  -42.534 0.4000000060
32564  38.826  -34.892  -41.539 0.4000000060
34295  40.704  -33.530  -45.596 0.3000000119
116614  39.424  -34.890  -42.173 0.4000000060
119750  40.560  -34.159  -44.225 0.3000000119
32571  40.089  -34.878  -42.970 0.4000000060
31764  39.228  -35.709  -41.750 0.4000000060
34259  38.050  -31.976  -41.522 0.4000000060
34260  37.637  -32.758  -40.987 0.4000000060
33356  37.111  -33.437  -40.618 0.4000000060
34267  39.333  -32.339  -42.806 0.3000000119
128505  38.773  -32.356  -41.961 0.4000000060
33371  38.029  -33.737  -41.065 0.4000000060
32550  37.297  -34.398  -40.567 0.4000000060
116829  39.108  -33.053  -42.044 0.4000000060
125694  38.788  -33.663  -41.645 0.4000000060
32565  38.140  -34.694  -41.051 0.4000000060
40801  25.710  -24.833  -46.495 0.6000000238
42463  27.518  -22.283  -47.608 0.5000000000
41645  27.208  -23.193  -47.238 0.5000000000
113917  26.800  -21.754  -47.611 0.5000000000
44305  27.120  -20.702  -47.961 0.5000000000
44312  27.453  -20.118  -48.450 0.5000000000
124926  27.390  -19.348  -48.786 0.5000000000
45962  26.950  -18.755  -48.824 0.4000000060
51561  27.480  -12.616  -53.818 0.3000000119
50604  26.914  -12.195  -53.763 0.3000000119
51549  27.311  -11.907  -51.108 0.3000000119
51556  27.646  -12.010  -52.991 0.3000000119
52600  27.092  -11.540  -53.705 0.3000000119
121485  26.861  -11.476  -53.877 0.3000000119
51562  25.801  -11.455  -53.555 0.3000000119
52587  26.921  -11.425  -49.771 0.3000000119
52592  26.935  -11.322  -51.826 0.3000000119
52601  26.585  -11.152  -54.101 0.3000000119
52608  26.101  -10.931  -54.017 0.3000000119
51569  24.565  -11.283  -53.412 0.3000000119
52610  23.531  -11.112  -53.759 0.3000000119
53592  26.488  -10.668  -48.973 0.3000000119
53599  26.463  -10.728  -50.226 0.3000000119
53600  26.329  -10.732  -51.555 0.3000000119
52593  26.749  -10.995  -53.074 0.3000000119
53607  26.087  -10.589  -52.911 0.3000000119
52609  24.768  -10.540  -53.602 0.3000000119
122884  26.078  -10.071  -49.348 0.3000000119
125971  25.798  -10.263  -51.313 0.3000000119
54466  25.163  -10.038  -51.707 0.3000000119
53613  25.794  -10.838  -53.756 0.3000000119
53608  24.999  -10.412  -53.050 0.3000000119
53583  26.082  -10.039  -48.410 0.3000000119
53593  25.960  -10.173  -50.356 0.3000000119
118246  25.362  -9.671  -50.595 0.3000000119
54448  25.673  -9.462  -48.742 0.3000000119
54458  25.552  -9.506  -49.630 0.3000000119
55292  25.185  -8.837  -49.016 0.3000000119
55278  25.302  -8.864  -48.178 0.3000000119
125251  24.891  -8.361  -48.461 0.3000000119
55279  24.910  -8.225  -47.711 0.3000000119
115729  40.373  -37.672  -41.852 0.4000000060
29349  40.034  -38.134  -41.289 0.4000000060
29336  39.937  -38.635  -40.583 0.4000000060
31064  41.839  -36.754  -43.875 0.4000000060
35119  42.081  -33.607  -46.545 0.3000000119
34294  42.444  -33.243  -45.180 0.3000000119
33411  42.254  -34.186  -45.693 0.3000000119
127824  42.304  -35.043  -45.462 0.3000000119
31789  42.498  -35.801  -45.241 0.3000000119
31778  41.563  -36.176  -44.192 0.3000000119
34310  41.259  -34.060  -47.853 0.3000000119
35111  40.316  -32.493  -45.683 0.3000000119
35082  37.856  -31.112  -42.031 0.4000000060
35081  38.600  -31.631  -42.320 0.4000000060
35097  39.425  -31.705  -43.826 0.3000000119
123103  25.626  -25.458  -45.979 0.6000000238
53568  26.002  -10.045  -47.506 0.3000000119
116965  25.664  -9.537  -47.101 0.3000000119
54437  25.677  -9.468  -47.878 0.3000000119
55261  24.933  -8.043  -46.675 0.3000000119
28418  37.351  -39.457  -38.611 0.4000000060
30229  36.640  -37.433  -39.642 0.5000000000
34302  41.477  -33.959  -46.808 0.3000000119
34268  38.420  -32.926  -41.499 0.4000000060
28416  38.965  -39.657  -38.609 0.3000000119
28436  39.450  -39.260  -39.367 0.3000000119
29376  31.446  -38.495  -44.628 0.6000000238
29369  31.065  -38.682  -43.813 0.6999999881
28450  39.876  -39.001  -39.963 0.3000000119
22419  40.890  -46.005  -37.640 0.3000000119
24059  40.974  -45.126  -36.939 0.3000000119
31054  30.067  -37.166  -42.797 0.6999999881
131154  39.609  -40.625  -37.593 0.3000000119
30277  30.710  -37.485  -43.357 0.6999999881
123403  30.804  -38.151  -43.389 0.6999999881
27538  40.160  -40.367  -37.908 0.3000000119
28415  39.820  -39.748  -38.647 0.3000000119
30276  31.126  -37.914  -43.982 0.6999999881
28414  40.683  -39.883  -38.741 0.3000000119
28448  41.555  -39.096  -40.612 0.3000000119
28434  41.343  -39.559  -39.638 0.3000000119
28435  40.287  -39.392  -39.439 0.3000000119
29334  41.652  -38.657  -41.388 0.3000000119
28449  40.604  -39.043  -40.227 0.3000000119
119438  40.677  -44.186  -36.723 0.3000000119
25683  39.777  -42.633  -36.735 0.4000000060
31781  30.467  -35.621  -43.374 0.6999999881
116772  39.868  -41.058  -37.251 0.3000000119
31069  30.595  -36.620  -43.345 0.6999999881
31068  31.054  -37.098  -44.060 0.6999999881
112072  40.980  -40.383  -38.137 0.3000000119
27537  41.560  -40.108  -38.776 0.3000000119
28447  42.552  -39.074  -41.080 0.3000000119
24867  40.287  -43.427  -36.682 0.4000000060
31772  29.912  -35.301  -42.867 0.6999999881
118534  41.020  -41.841  -36.806 0.3000000119
26586  40.249  -41.790  -36.828 0.3000000119
27520  41.781  -40.695  -37.934 0.3000000119
27521  40.801  -41.057  -37.389 0.3000000119
31793  30.910  -35.383  -44.228 0.6999999881
31079  30.986  -36.225  -44.115 0.6999999881
30250  40.987  -38.167  -41.871 0.3000000119
29335  40.758  -38.638  -41.020 0.3000000119
29358  41.921  -38.298  -42.101 0.3000000119
130469  30.580  -35.067  -43.694 0.6999999881
26585  41.643  -41.482  -37.188 0.3000000119
32597  30.675  -34.576  -44.159 0.6999999881
27519  42.831  -40.846  -38.070 0.3000000119
32596  31.126  -34.962  -45.145 0.6999999881
118902  42.314  -37.829  -42.700 0.3000000119
118962  42.308  -41.250  -37.543 0.3000000119
32605  31.070  -34.210  -45.760 0.6999999881
119394  41.584  -37.846  -42.518 0.3000000119
35850  38.213  -30.860  -42.947 0.3000000119
27605  31.725  -40.080  -45.409 0.5000000000
28478  30.837  -39.456  -43.508 0.6999999881
121535  31.455  -39.922  -44.714 0.6000000238
27590  31.114  -40.201  -44.042 0.6000000238
28485  31.676  -39.321  -45.005 0.6000000238
31055  29.251  -36.972  -42.477 0.6999999881
112840  29.821  -36.164  -42.749 0.6999999881
117465  41.536  -44.197  -36.587 0.3000000119
31773  29.285  -35.391  -42.591 0.6999999881
24866  41.162  -43.352  -36.558 0.4000000060
32573  29.602  -34.665  -42.780 0.6999999881
25681  41.655  -42.380  -36.668 0.4000000060
25682  40.708  -42.576  -36.626 0.4000000060
33395  29.822  -33.991  -43.060 0.6999999881
118535  42.340  -41.792  -37.037 0.3000000119
131872  42.840  -41.908  -37.005 0.3000000119
122246  43.451  -42.036  -37.020 0.3000000119
27539  39.345  -40.229  -37.966 0.3000000119
119186  30.232  -34.083  -43.618 0.6999999881
28477  31.285  -39.350  -44.294 0.6000000238
26584  43.117  -41.485  -37.477 0.3000000119
24865  42.050  -43.291  -36.517 0.3000000119
25747  33.588  -42.961  -48.477 0.5000000000
26651  32.864  -41.286  -48.242 0.5000000000
112209  33.059  -42.253  -48.720 0.5000000000
121786  28.383  -45.019  -42.802 0.4000000060
23300  26.946  -45.618  -44.076 0.5000000000
26657  33.580  -41.621  -48.818 0.4000000060
26656  34.260  -41.222  -48.805 0.5000000000
22523  25.446  -46.693  -45.720 0.4000000060
21725  24.829  -46.969  -46.254 0.4000000060
23291  27.544  -45.622  -43.426 0.5000000000
27604  32.134  -40.281  -46.519 0.4000000060
22531  24.647  -46.589  -47.179 0.4000000060
21727  23.707  -47.512  -47.435 0.4000000060
23312  26.133  -45.620  -45.850 0.4000000060
24131  27.185  -44.853  -43.821 0.5000000000
116708  26.725  -45.001  -44.696 0.4000000060
24911  28.503  -43.635  -42.519 0.5000000000
25720  29.778  -42.470  -42.605 0.4000000060
27600  31.433  -40.616  -44.836 0.5000000000
132355  30.834  -40.691  -43.692 0.4000000060
26624  29.992  -41.688  -42.841 0.4000000060
116747  31.110  -41.014  -44.151 0.4000000060
21732  24.024  -46.907  -47.785 0.4000000060
24154  22.965  -44.415  -48.313 0.4000000060
24138  26.551  -44.538  -45.489 0.4000000060
122944  24.362  -43.681  -48.420 0.4000000060
24123  27.214  -44.099  -43.728 0.5000000000
24132  26.814  -44.142  -44.538 0.4000000060
24943  26.014  -42.895  -48.319 0.4000000060
24912  27.639  -43.697  -43.097 0.5000000000
117803  26.450  -41.682  -47.077 0.4000000060
25753  26.342  -42.175  -47.962 0.4000000060
122745  28.614  -42.819  -42.364 0.5000000000
25722  28.298  -42.188  -42.435 0.5000000000
26653  26.441  -40.898  -47.209 0.4000000060
27611  26.454  -40.123  -47.046 0.4000000060
25721  29.027  -42.291  -42.238 0.5000000000
26625  29.398  -41.636  -42.452 0.6000000238
27577  29.853  -40.982  -42.780 0.6000000238
27591  30.458  -40.313  -43.195 0.5000000000
23332  22.372  -45.170  -48.267 0.4000000060
24153  23.872  -44.420  -48.480 0.4000000060
22539  25.038  -45.895  -47.467 0.4000000060
24152  24.722  -44.380  -48.472 0.4000000060
24940  25.988  -43.835  -47.976 0.4000000060
24919  26.999  -43.357  -43.838 0.5000000000
25744  26.512  -42.605  -46.634 0.4000000060
24939  26.323  -43.202  -47.516 0.4000000060
123086  27.972  -42.911  -42.661 0.5000000000
26626  28.702  -41.500  -42.329 0.5000000000
126575  26.497  -39.144  -45.675 0.4000000060
116109  29.658  -40.178  -42.620 0.6000000238
23330  24.308  -45.080  -48.517 0.4000000060
24144  26.285  -44.865  -46.410 0.4000000060
23329  24.921  -44.946  -48.342 0.4000000060
24148  25.948  -44.702  -47.452 0.4000000060
24935  26.483  -43.519  -46.505 0.4000000060
112947  27.490  -42.197  -42.932 0.5000000000
112575  26.609  -41.868  -45.961 0.4000000060
128702  26.543  -41.261  -46.384 0.4000000060
26627  27.941  -41.407  -42.567 0.5000000000
27606  26.531  -40.636  -46.197 0.4000000060
29370  30.576  -38.719  -43.094 0.6000000238
28468  30.160  -39.442  -42.823 0.6000000238
115213  29.054  -40.139  -42.338 0.6000000238
22541  23.646  -46.526  -48.333 0.4000000060
23325  25.359  -45.206  -47.803 0.4000000060
114094  26.300  -44.077  -47.084 0.4000000060
25731  27.075  -42.619  -43.556 0.5000000000
24926  26.681  -43.288  -44.863 0.5000000000
25738  26.634  -42.579  -45.362 0.5000000000
123107  26.747  -42.621  -44.310 0.5000000000
123428  26.659  -41.887  -44.799 0.5000000000
27580  27.632  -40.612  -42.812 0.5000000000
26635  27.268  -41.302  -43.227 0.5000000000
26636  26.729  -41.066  -44.202 0.5000000000
26648  26.600  -41.195  -45.442 0.4000000060
27579  28.414  -40.593  -42.426 0.6000000238
28486  26.561  -39.467  -44.782 0.5000000000
30264  30.293  -37.980  -42.864 0.6000000238
28469  29.285  -39.367  -42.435 0.6000000238
116625  27.902  -39.908  -42.620 0.6000000238
121480  27.130  -40.586  -43.470 0.5000000000
27593  26.784  -40.100  -44.044 0.5000000000
28470  28.526  -39.705  -42.418 0.6000000238
127869  27.640  -39.498  -42.815 0.6000000238
27592  27.332  -39.854  -43.192 0.5000000000
29361  29.074  -38.477  -42.355 0.6000000238
30265  29.545  -37.807  -42.523 0.6000000238
31775  27.665  -35.353  -42.767 0.5000000000
123866  27.251  -36.120  -42.956 0.5000000000
123391  27.991  -36.134  -42.560 0.6000000238
31057  27.564  -36.889  -42.721 0.6000000238
31070  26.928  -36.906  -43.248 0.5000000000
30279  26.719  -37.683  -43.587 0.5000000000
28471  27.975  -39.151  -42.575 0.6000000238
28479  27.402  -39.078  -43.036 0.5000000000
28480  26.873  -39.191  -43.779 0.5000000000
132672  26.608  -38.929  -44.328 0.5000000000
29377  26.463  -38.588  -44.898 0.5000000000
32575  28.080  -34.613  -42.644 0.5000000000
118349  27.806  -33.810  -42.863 0.5000000000
117453  29.246  -33.952  -42.716 0.6000000238
31774  28.455  -35.391  -42.533 0.6000000238
30278  27.242  -37.645  -42.958 0.6000000238
29371  27.061  -38.399  -43.320 0.5000000000
31056  28.376  -36.909  -42.473 0.6000000238
30267  27.919  -37.648  -42.544 0.6000000238
127630  32.101  -41.139  -46.922 0.4000000060
112379  31.713  -40.901  -45.771 0.4000000060
131502  32.407  -40.752  -47.315 0.4000000060
30266  28.739  -37.692  -42.379 0.6000000238
117120  33.449  -42.388  -48.599 0.5000000000
119182  31.854  -43.132  -46.706 0.5000000000
26652  32.304  -41.951  -47.535 0.5000000000
24114  28.127  -44.376  -42.886 0.5000000000
22529  25.762  -46.078  -46.077 0.4000000060
23319  25.782  -45.555  -46.890 0.4000000060
123233  25.513  -42.600  -48.579 0.4000000060
26658  26.308  -41.284  -48.084 0.4000000060
125577  26.596  -43.166  -45.804 0.4000000060
22547  23.978  -45.797  -48.483 0.4000000060
29363  27.606  -38.382  -42.752 0.6000000238
24945  23.490  -43.805  -48.250 0.3000000119
26661  26.128  -41.568  -48.411 0.3000000119
119608  24.804  -42.739  -48.499 0.3000000119
27616  26.198  -40.379  -48.028 0.3000000119
25756  25.378  -41.919  -48.599 0.3000000119
27617  26.020  -41.009  -48.469 0.3000000119
25757  24.837  -41.927  -48.415 0.3000000119
22470  40.588  -46.809  -41.664 0.5000000000
22472  38.901  -45.980  -41.743 0.5000000000
22530  25.278  -46.280  -46.607 0.4000000060
22540  24.356  -46.225  -47.987 0.4000000060
23233  40.137  -45.771  -38.125 0.4000000060
23279  27.841  -45.001  -43.209 0.5000000000
23326  24.677  -45.535  -48.166 0.4000000060
23331  23.449  -45.151  -48.514 0.4000000060
24122  27.597  -44.413  -43.353 0.5000000000
24149  25.432  -44.456  -48.204 0.4000000060
24931  26.598  -43.812  -45.547 0.4000000060
24944  25.303  -43.505  -48.503 0.4000000060
25680  42.662  -42.455  -36.692 0.3000000119
25703  32.899  -42.033  -39.576 0.6999999881
25707  33.216  -42.607  -39.866 0.6999999881
25732  26.910  -41.953  -43.773 0.5000000000
25755  25.948  -42.090  -48.516 0.4000000060
26600  33.512  -41.379  -38.390 0.6999999881
26601  32.927  -41.099  -38.689 0.6000000238
26606  32.636  -41.200  -39.316 0.6000000238
26634  30.539  -41.229  -43.383 0.4000000060
26662  25.815  -41.495  -48.577 0.3000000119
27578  29.173  -40.840  -42.389 0.6000000238
27601  26.578  -40.400  -45.091 0.4000000060
27615  33.760  -40.964  -48.824 0.6000000238
28438  37.759  -39.031  -39.187 0.4000000060
28493  26.486  -39.857  -45.934 0.4000000060
29313  33.458  -38.629  -38.664 0.6999999881
29348  42.456  -38.658  -41.628 0.3000000119
29359  32.675  -38.869  -42.548 0.8000000119
29360  29.832  -38.624  -42.631 0.6000000238
29362  28.298  -38.404  -42.451 0.6000000238
29372  26.604  -38.436  -43.988 0.5000000000
30284  26.416  -37.755  -44.406 0.5000000000
31024  33.112  -36.568  -39.499 0.6999999881
31770  39.765  -35.490  -42.408 0.4000000060
32574  28.870  -34.656  -42.565 0.6000000238
32584  30.220  -34.740  -43.275 0.6999999881
32623  32.810  -35.040  -50.015 1.0000000000
33347  34.369  -33.844  -39.835 0.6000000238
33348  33.785  -33.715  -40.199 0.6000000238
33382  29.439  -33.182  -42.951 0.6999999881
33384  28.282  -33.031  -42.770 0.6999999881
33438  33.576  -33.681  -48.943 1.0000000000
33442  32.780  -33.883  -50.460 1.0000000000
33444  33.350  -33.938  -50.355 1.0000000000
34246  35.724  -32.348  -40.298 0.5000000000
34249  33.636  -32.258  -40.774 0.6000000238
34270  29.261  -32.431  -42.976 0.8000000119
34327  33.412  -33.329  -50.253 1.0000000000
34330  30.853  -32.323  -49.374 1.0000000000
35058  37.200  -31.899  -40.980 0.5000000000
35061  34.897  -31.911  -40.364 0.5000000000
35085  28.007  -31.302  -42.878 0.6000000238
35865  29.179  -30.880  -43.403 0.6000000238
35901  29.632  -30.552  -46.324 0.8999999762
36663  32.697  -30.205  -41.708 0.6999999881
36671  34.186  -28.912  -42.077 0.6999999881
36688  28.275  -29.352  -43.515 0.6999999881
37546  28.278  -28.676  -43.772 0.6999999881
37567  29.350  -28.118  -45.642 0.8999999762
37580  32.949  -28.218  -48.264 0.8999999762
38333  27.436  -27.423  -44.266 0.6000000238
38350  29.021  -26.843  -46.420 0.8000000119
39087  28.353  -27.004  -44.914 0.8000000119
39119  34.098  -26.964  -49.881 1.0000000000
39120  33.986  -26.707  -50.321 1.0000000000
39931  26.462  -25.168  -45.981 0.6999999881
40768  36.768  -24.249  -43.426 0.5000000000
40835  31.445  -24.133  -52.638 1.0000000000
43357  37.356  -21.415  -43.550 0.4000000060
44267  34.037  -20.958  -43.713 0.4000000060
44298  29.619  -20.966  -46.305 0.4000000060
44331  28.974  -20.718  -53.369 0.8000000119
45070  30.988  -19.849  -43.766 0.3000000119
45092  30.251  -19.498  -44.798 0.4000000060
45123  29.741  -19.307  -48.288 0.3000000119
45156  30.841  -19.033  -52.939 0.6999999881
45161  29.237  -19.874  -53.693 0.6999999881
45165  29.399  -18.996  -53.780 0.6999999881
45997  30.371  -18.464  -53.351 0.6000000238
46002  29.937  -18.173  -53.624 0.5000000000
46003  29.549  -18.363  -53.747 0.6000000238
46892  29.539  -17.689  -53.722 0.6000000238
47806  29.418  -16.988  -47.506 0.3000000119
48854  29.118  -15.400  -54.045 0.3000000119
109903  28.642  -22.671  -49.258 0.6999999881
109905  28.497  -20.243  -49.818 0.8000000119
109917  29.702  -22.192  -53.334 1.0000000000
110103  30.791  -19.882  -53.287 0.6999999881
110217  29.980  -22.385  -47.523 0.5000000000
111828  36.762  -45.295  -41.649 0.6999999881
114356  30.545  -23.781  -47.050 0.5000000000
114426  30.837  -34.160  -44.952 0.6999999881
117477  29.624  -20.272  -46.742 0.4000000060
118262  28.613  -39.026  -42.409 0.6000000238
121320  26.433  -45.149  -45.484 0.4000000060
121479  28.876  -36.156  -42.462 0.6999999881
123208  28.959  -32.798  -42.761 0.6999999881
124939  32.721  -31.884  -41.801 0.6999999881
125892  38.315  -36.234  -41.009 0.4000000060
126062  26.465  -44.178  -46.230 0.4000000060
126281  33.772  -26.318  -49.349 1.0000000000
126840  31.333  -22.957  -44.107 0.5000000000
127581  35.978  -21.132  -43.658 0.3000000119
128061  38.559  -43.502  -37.279 0.5000000000
128234  33.127  -28.472  -42.500 0.6999999881
128746  28.710  -22.477  -51.452 0.8000000119
129665  36.461  -30.630  -41.437 0.5000000000
129800  31.722  -36.843  -45.945 0.8000000119
130530  34.818  -26.032  -43.728 0.6000000238
131531  27.393  -42.958  -43.142 0.5000000000
132110  36.855  -40.167  -37.963 0.4000000060
133129  30.264  -32.493  -46.614 0.8999999762
