#!ascii label  , from subject sub-v1s10x0050956_ses-1 vox2ras=TkReg
1313
36846  34.913  -37.095  -40.378 0.6000000238
36051  36.077  -37.497  -40.749 0.5000000000
37662  32.617  -36.530  -38.208 0.6999999881
37661  32.841  -36.566  -39.042 0.6000000238
37670  32.266  -36.558  -39.789 0.6000000238
37666  32.208  -35.921  -39.155 0.6000000238
36839  34.291  -37.415  -39.363 0.6999999881
36847  33.895  -37.068  -39.646 0.6000000238
36851  33.422  -36.936  -39.980 0.5000000000
102047  32.785  -37.133  -40.408 0.5000000000
37667  31.646  -35.968  -39.904 0.6000000238
36046  33.753  -37.921  -38.429 0.5000000000
36052  35.212  -37.430  -40.012 0.5000000000
102247  34.438  -37.021  -40.534 0.6000000238
111021  31.568  -36.573  -40.394 0.6000000238
35268  36.252  -38.593  -40.207 0.5000000000
35267  37.091  -38.809  -40.867 0.5000000000
100081  32.092  -34.741  -38.087 0.6000000238
39594  32.032  -34.663  -38.913 0.6999999881
36841  32.726  -37.023  -37.875 0.6000000238
97355  32.327  -35.922  -37.940 0.6000000238
38589  32.182  -35.422  -38.528 0.6000000238
38590  31.840  -35.308  -39.424 0.6000000238
36840  33.290  -37.123  -38.632 0.6999999881
36045  34.552  -38.153  -39.002 0.5000000000
99185  31.392  -35.335  -40.233 0.6000000238
35269  35.382  -38.401  -39.570 0.5000000000
38599  30.993  -35.375  -40.950 0.6000000238
35259  35.395  -39.665  -39.247 0.5000000000
39624  30.792  -35.339  -41.671 0.6000000238
101948  31.068  -34.609  -42.035 0.6999999881
38604  30.469  -35.996  -42.062 0.6000000238
39628  31.161  -34.541  -42.899 0.6999999881
39629  30.750  -35.247  -42.477 0.6000000238
38607  30.427  -35.927  -43.032 0.6000000238
37684  30.869  -36.031  -44.586 0.6000000238
38609  30.796  -35.469  -43.875 0.6000000238
37698  33.674  -37.807  -47.631 0.5000000000
36881  35.039  -38.178  -48.987 0.6999999881
100769  34.595  -38.111  -48.543 0.6000000238
36887  35.217  -37.722  -49.088 0.8000000119
36888  34.691  -38.432  -49.062 0.6999999881
40572  32.131  -33.931  -38.460 0.6999999881
102042  32.263  -36.578  -37.431 0.6999999881
38578  32.118  -35.363  -37.816 0.6000000238
39603  31.967  -34.048  -39.227 0.6999999881
36040  32.892  -37.780  -37.732 0.6000000238
36830  31.936  -37.191  -36.667 0.6000000238
40585  31.875  -33.804  -39.759 0.8000000119
117538  32.919  -39.315  -37.115 0.5000000000
35254  32.624  -38.660  -37.060 0.5000000000
40596  31.619  -33.886  -40.451 0.8000000119
39616  31.300  -34.653  -40.682 0.6000000238
35253  33.420  -39.643  -37.462 0.5000000000
113248  33.235  -38.728  -37.700 0.5000000000
40604  31.368  -33.984  -41.406 0.8000000119
34408  36.198  -39.887  -39.734 0.5000000000
40608  31.458  -33.872  -42.425 0.8000000119
39623  31.074  -34.790  -41.337 0.6999999881
39632  31.362  -34.642  -43.838 0.6999999881
40612  31.698  -33.911  -43.336 0.6999999881
39641  31.980  -34.905  -45.289 0.6999999881
39636  31.833  -34.521  -44.629 0.6999999881
39640  32.546  -34.721  -45.757 0.6000000238
104992  31.355  -35.179  -44.618 0.6000000238
38615  33.283  -35.743  -46.837 0.6999999881
38616  32.436  -35.535  -46.051 0.6999999881
38613  31.598  -35.714  -45.353 0.6000000238
37691  33.944  -36.908  -47.614 0.6999999881
37692  32.928  -36.567  -46.842 0.6000000238
37697  35.014  -37.323  -48.539 0.8000000119
37701  35.312  -37.531  -49.080 0.8999999762
37703  33.649  -37.467  -49.261 0.6999999881
37705  35.692  -36.822  -49.315 0.8000000119
36889  33.569  -38.705  -49.136 0.6999999881
116774  32.245  -33.598  -37.954 0.6000000238
41349  32.355  -33.061  -38.291 0.6999999881
101860  32.526  -32.477  -38.982 0.6999999881
39579  31.858  -34.942  -37.217 0.6000000238
38573  31.512  -35.307  -35.802 0.4000000060
37650  31.757  -36.354  -36.610 0.6000000238
111104  31.816  -34.284  -36.757 0.6000000238
40584  32.234  -33.312  -39.231 0.6999999881
98258  31.537  -36.937  -35.839 0.6000000238
40595  32.092  -33.229  -40.149 0.8000000119
97163  32.331  -39.278  -35.674 0.4000000060
36035  32.194  -38.659  -36.262 0.5000000000
36041  32.252  -37.936  -36.838 0.6000000238
35247  33.017  -39.984  -36.671 0.5000000000
40603  31.890  -33.216  -41.020 0.8000000119
35252  34.066  -40.092  -37.851 0.4000000060
40611  32.066  -33.282  -42.874 0.8000000119
34401  34.853  -40.625  -38.259 0.5000000000
100218  32.382  -33.402  -43.730 0.8000000119
40615  33.192  -33.350  -44.885 0.8000000119
40616  32.643  -33.528  -44.427 0.6999999881
39639  33.032  -34.304  -45.993 0.8000000119
110750  32.543  -34.075  -45.108 0.6999999881
39643  34.359  -34.437  -46.893 0.8999999762
39644  33.650  -34.890  -46.727 0.8999999762
39651  34.444  -35.248  -47.399 0.8999999762
38628  35.635  -36.936  -48.919 0.8999999762
38621  35.122  -36.186  -48.210 0.8999999762
38630  33.531  -36.165  -49.179 0.8000000119
38631  32.579  -36.139  -48.623 0.8000000119
38629  34.414  -36.216  -49.483 0.8000000119
37704  32.454  -37.229  -48.708 0.8000000119
38634  35.264  -36.360  -49.644 0.8000000119
37702  34.552  -37.296  -49.393 0.6999999881
41330  32.415  -32.462  -37.569 0.6999999881
42126  32.727  -31.760  -38.663 0.6000000238
39578  32.047  -34.059  -37.540 0.6000000238
40557  32.224  -33.248  -37.464 0.5000000000
42136  32.794  -31.860  -39.505 0.6999999881
39567  31.594  -34.688  -35.429 0.4000000060
39572  31.717  -34.044  -35.955 0.5000000000
40542  31.979  -33.579  -36.680 0.6000000238
41359  32.478  -32.548  -39.819 0.6999999881
37647  31.403  -36.521  -35.073 0.5000000000
41368  32.428  -32.571  -40.674 0.6999999881
36823  31.839  -37.823  -34.639 0.5000000000
36828  31.518  -37.463  -35.112 0.6000000238
35243  32.751  -39.282  -34.352 0.4000000060
36033  32.190  -38.994  -34.985 0.4000000060
41379  33.186  -32.230  -42.900 0.8000000119
41380  32.503  -32.671  -42.449 0.8000000119
34385  33.165  -40.371  -35.231 0.4000000060
41385  32.728  -32.789  -43.322 0.8000000119
40607  31.869  -33.226  -41.951 0.8000000119
34395  34.328  -41.038  -37.221 0.3000000119
98654  33.967  -33.260  -45.505 0.8000000119
41391  33.824  -32.667  -44.565 0.8000000119
41392  33.002  -32.973  -44.143 0.8000000119
40620  34.889  -33.009  -45.876 0.8000000119
40634  34.967  -34.098  -47.068 0.8999999762
40628  33.710  -33.962  -46.226 0.8999999762
40633  35.910  -34.282  -47.586 0.8999999762
39650  35.226  -35.055  -47.751 0.8999999762
38620  36.005  -36.224  -48.756 0.8999999762
39661  32.692  -35.036  -48.523 0.8000000119
39662  31.864  -35.114  -47.986 0.8000000119
38627  36.128  -36.470  -49.359 0.8999999762
39667  34.543  -35.466  -49.522 0.8000000119
38633  35.969  -36.307  -49.851 0.8000000119
106986  32.509  -31.807  -36.929 0.6000000238
42105  32.623  -31.709  -37.808 0.6000000238
42135  33.130  -31.220  -39.125 0.6000000238
111878  32.476  -31.926  -36.170 0.6000000238
106744  32.247  -33.988  -34.543 0.4000000060
40506  31.849  -33.915  -35.146 0.4000000060
40524  32.014  -33.237  -35.742 0.4000000060
41325  32.257  -32.650  -36.588 0.5000000000
42145  32.852  -31.929  -40.342 0.6999999881
39560  31.774  -34.702  -34.760 0.4000000060
42153  32.904  -31.993  -41.188 0.6999999881
37644  32.166  -36.171  -34.037 0.5000000000
38566  31.891  -35.446  -34.387 0.4000000060
36811  32.670  -36.948  -33.699 0.5000000000
42164  33.879  -31.849  -43.276 0.8000000119
41374  32.977  -32.069  -42.049 0.8000000119
41390  34.542  -32.227  -44.501 0.8000000119
41384  33.457  -32.416  -43.713 0.8000000119
40625  36.222  -33.335  -46.952 0.8999999762
40627  34.481  -33.666  -46.375 0.8999999762
39649  36.200  -35.342  -48.432 0.8999999762
39658  36.829  -35.920  -49.428 1.0000000000
39660  33.627  -34.919  -49.068 0.8000000119
38626  37.559  -35.772  -49.972 1.0000000000
39664  37.280  -35.669  -50.130 1.0000000000
39665  36.261  -35.753  -50.068 0.8000000119
40648  35.474  -34.854  -49.765 0.8000000119
42125  32.958  -31.068  -38.216 0.6000000238
42905  33.420  -30.514  -38.709 0.6000000238
42091  32.741  -31.306  -36.292 0.6000000238
42917  33.613  -30.700  -39.590 0.6999999881
40505  32.338  -33.051  -34.856 0.4000000060
41312  32.764  -32.089  -34.885 0.4000000060
41318  32.379  -32.387  -35.569 0.4000000060
39559  32.314  -34.721  -34.181 0.4000000060
42152  33.412  -31.439  -40.811 0.6999999881
38553  33.439  -35.482  -33.483 0.5000000000
107107  33.259  -33.965  -33.786 0.4000000060
104348  33.501  -31.526  -41.651 0.8000000119
42158  34.156  -31.112  -42.089 0.8000000119
41389  35.158  -32.070  -44.747 0.8000000119
41383  34.178  -32.045  -43.982 0.8000000119
41395  36.169  -32.209  -45.710 0.8000000119
41397  34.617  -32.590  -45.115 0.8000000119
40626  35.729  -32.796  -46.179 0.8999999762
40632  36.926  -33.983  -47.890 0.8999999762
41407  37.112  -33.119  -47.267 0.8999999762
39648  36.983  -35.044  -48.654 1.0000000000
39657  37.817  -35.452  -49.701 1.0000000000
38625  38.209  -35.392  -50.073 1.0000000000
39659  34.453  -34.475  -49.344 0.8000000119
104770  38.033  -35.462  -50.108 1.0000000000
40647  36.496  -34.655  -50.074 0.8000000119
105596  33.391  -30.179  -36.878 0.6000000238
42104  32.854  -30.959  -37.166 0.6000000238
42898  33.322  -30.329  -37.765 0.6000000238
42923  33.823  -30.844  -40.426 0.6999999881
42922  34.384  -30.309  -40.820 0.6999999881
41311  33.508  -31.963  -34.481 0.4000000060
42076  32.733  -31.624  -35.545 0.5000000000
42936  34.008  -30.978  -41.248 0.8000000119
40481  32.771  -33.491  -34.211 0.4000000060
40479  34.088  -33.738  -33.731 0.4000000060
41303  33.968  -32.777  -34.020 0.4000000060
42163  34.565  -31.531  -43.564 0.8000000119
99411  34.327  -31.315  -42.886 0.8000000119
42170  34.876  -31.753  -44.166 0.8000000119
42176  35.834  -31.837  -45.059 0.8000000119
41401  36.572  -32.608  -46.431 0.8999999762
42182  36.871  -31.946  -46.018 0.8000000119
100884  37.832  -33.691  -48.307 1.0000000000
40640  37.876  -34.676  -48.981 1.0000000000
41406  37.992  -32.858  -47.840 1.0000000000
39656  38.730  -34.973  -49.907 1.0000000000
41421  37.642  -33.874  -50.275 1.0000000000
40641  35.078  -33.904  -49.385 0.8999999762
40643  32.798  -34.000  -48.390 0.8000000119
41418  33.697  -33.075  -48.326 0.8999999762
41416  35.909  -33.266  -49.288 1.0000000000
41417  34.572  -33.093  -48.668 1.0000000000
113302  39.503  -33.100  -50.491 1.0000000000
41414  38.253  -32.981  -50.100 1.0000000000
42196  37.285  -32.020  -48.905 1.0000000000
42980  39.798  -31.941  -50.402 1.0000000000
42195  38.717  -32.030  -49.692 1.0000000000
43795  33.734  -29.734  -38.272 0.6999999881
43808  33.840  -29.953  -39.166 0.6999999881
108419  34.239  -29.459  -39.551 0.6999999881
43782  33.934  -29.620  -36.559 0.6000000238
43789  33.779  -29.600  -37.363 0.6000000238
43819  34.079  -30.132  -40.002 0.6999999881
42892  33.143  -30.644  -36.295 0.6000000238
42067  33.976  -31.292  -34.622 0.5000000000
43828  34.932  -29.754  -41.226 0.8000000119
106700  34.756  -32.755  -34.141 0.4000000060
42935  34.597  -30.489  -41.669 0.8000000119
42949  34.880  -31.058  -43.233 0.8000000119
42162  35.220  -31.240  -43.789 0.8000000119
42168  36.181  -31.271  -44.711 0.8000000119
42955  35.820  -30.915  -44.092 0.8000000119
42175  36.482  -31.602  -45.374 0.6999999881
41400  37.382  -32.374  -46.770 0.8999999762
108811  37.601  -31.556  -46.358 0.8000000119
42189  38.167  -32.104  -47.380 1.0000000000
40631  38.892  -33.588  -49.008 1.0000000000
41405  39.062  -32.734  -48.640 1.0000000000
42188  39.029  -31.831  -48.126 1.0000000000
40639  39.298  -34.281  -49.913 1.0000000000
114250  39.795  -31.902  -48.952 1.0000000000
41413  39.751  -33.463  -49.918 1.0000000000
41412  40.201  -32.550  -50.360 1.0000000000
42200  40.070  -32.650  -50.518 1.0000000000
42197  36.147  -32.206  -48.479 1.0000000000
42199  40.245  -32.106  -50.401 1.0000000000
41415  36.960  -32.854  -49.466 1.0000000000
42976  37.524  -31.004  -48.372 1.0000000000
42975  38.492  -30.809  -49.072 1.0000000000
43807  34.177  -29.180  -38.770 0.6999999881
43818  34.601  -29.393  -40.332 0.6999999881
43781  34.612  -29.280  -36.267 0.5000000000
43794  34.213  -29.010  -37.851 0.6999999881
43775  34.086  -29.839  -35.864 0.6000000238
42860  34.544  -30.828  -34.799 0.5000000000
42876  34.287  -30.268  -35.293 0.5000000000
43841  35.164  -29.988  -42.022 0.8000000119
112410  35.386  -30.139  -42.683 0.8000000119
43850  35.828  -29.834  -43.100 0.6999999881
42948  36.090  -30.242  -43.801 0.8000000119
42954  36.427  -30.632  -44.463 0.8000000119
114109  37.041  -31.379  -45.677 0.6999999881
42957  36.769  -31.009  -45.119 0.6999999881
42962  38.087  -30.847  -46.429 0.8999999762
43865  37.967  -30.228  -45.930 0.8000000119
44748  38.731  -28.997  -46.339 0.8000000119
114677  38.287  -31.450  -47.044 0.8999999762
43864  38.577  -30.026  -46.650 0.8000000119
42181  38.763  -30.969  -47.333 0.8999999762
44753  39.280  -29.346  -47.254 0.8999999762
42968  39.344  -30.363  -47.811 0.8999999762
108007  39.520  -31.281  -48.467 1.0000000000
42187  40.392  -31.823  -49.760 1.0000000000
41419  39.565  -33.354  -50.325 1.0000000000
42198  40.439  -31.592  -50.301 1.0000000000
42979  40.408  -31.317  -50.404 1.0000000000
42970  36.819  -30.327  -47.444 1.0000000000
42978  40.924  -30.704  -50.558 1.0000000000
42974  39.431  -30.599  -49.822 1.0000000000
42969  37.683  -29.982  -47.905 1.0000000000
43877  40.256  -30.250  -50.469 1.0000000000
43874  38.363  -29.773  -48.684 1.0000000000
44664  34.873  -28.426  -37.470 0.6999999881
44671  34.683  -28.430  -38.360 0.6999999881
44681  34.651  -28.624  -39.411 0.6999999881
44694  34.987  -28.578  -40.208 0.6999999881
44657  35.237  -28.620  -36.713 0.6000000238
44704  35.143  -28.888  -40.904 0.6999999881
43774  34.802  -29.706  -35.638 0.5000000000
43827  35.375  -29.159  -41.671 0.6999999881
108723  34.990  -30.249  -35.142 0.5000000000
43840  35.602  -29.456  -42.407 0.8000000119
43855  36.644  -29.852  -44.240 0.6999999881
42953  36.994  -30.298  -44.913 0.6999999881
42174  37.444  -30.773  -45.642 0.6999999881
43859  38.166  -29.473  -45.799 0.8000000119
44743  38.396  -28.576  -45.536 0.8000000119
98096  38.948  -27.813  -45.427 0.8000000119
113408  38.972  -28.334  -46.022 0.8000000119
44747  39.422  -28.461  -46.777 0.8000000119
43868  40.044  -29.745  -48.399 1.0000000000
44752  40.049  -28.699  -47.837 0.8999999762
114535  39.905  -28.232  -47.241 0.8000000119
42967  40.309  -30.869  -49.106 1.0000000000
42973  40.821  -30.836  -50.119 1.0000000000
42972  41.066  -30.338  -50.651 1.0000000000
111876  41.048  -29.674  -51.311 1.0000000000
42971  35.990  -30.708  -47.072 1.0000000000
106256  40.978  -29.112  -51.136 1.0000000000
44762  40.138  -28.934  -50.812 1.0000000000
43873  39.186  -29.423  -49.663 1.0000000000
44758  38.980  -28.086  -49.935 1.0000000000
44670  35.366  -27.905  -37.933 0.6999999881
44680  35.241  -27.841  -38.790 0.6999999881
99654  35.415  -28.137  -40.540 0.6000000238
44703  35.623  -28.336  -41.284 0.6000000238
44712  35.873  -28.581  -42.068 0.6000000238
43849  36.352  -29.441  -43.544 0.6999999881
43839  36.116  -29.010  -42.825 0.6999999881
44739  36.899  -28.853  -43.979 0.6999999881
43854  37.225  -29.475  -44.694 0.6999999881
111759  37.994  -28.454  -44.966 0.8000000119
43860  37.592  -29.908  -45.342 0.6999999881
44744  37.775  -29.066  -45.174 0.8000000119
45630  39.714  -27.394  -45.710 0.8000000119
45631  39.450  -27.871  -46.184 0.8000000119
45642  40.501  -27.956  -47.717 0.8000000119
44751  40.981  -28.169  -48.834 0.8000000119
43871  41.211  -29.511  -50.271 1.0000000000
44756  41.565  -28.468  -49.972 1.0000000000
45648  41.805  -27.476  -49.639 0.8999999762
44760  41.210  -28.647  -50.735 1.0000000000
44763  40.990  -28.883  -51.329 1.0000000000
46542  41.038  -27.750  -51.118 1.0000000000
42963  36.385  -29.766  -46.668 1.0000000000
44761  40.716  -28.222  -51.174 1.0000000000
45656  39.803  -27.556  -50.700 1.0000000000
43869  37.725  -29.144  -47.815 1.0000000000
43870  37.007  -29.391  -47.243 1.0000000000
44759  38.270  -28.794  -48.796 1.0000000000
44693  35.286  -27.938  -39.713 0.6999999881
101049  36.531  -28.053  -42.527 0.6000000238
44726  36.989  -28.073  -43.294 0.6999999881
44738  37.541  -28.652  -44.551 0.6999999881
44737  37.993  -28.023  -44.497 0.8000000119
101180  38.363  -28.044  -45.010 0.6999999881
99390  40.042  -27.523  -46.390 0.6999999881
105824  40.884  -27.351  -47.214 0.6999999881
45641  41.649  -27.380  -48.598 0.6999999881
45654  41.591  -27.684  -50.440 0.8999999762
46534  41.326  -27.134  -50.601 1.0000000000
43866  36.548  -28.909  -46.578 1.0000000000
45655  40.494  -27.414  -50.932 1.0000000000
44754  37.684  -28.456  -48.221 1.0000000000
45649  37.974  -27.576  -49.420 1.0000000000
105990  36.352  -27.139  -39.811 0.6000000238
45578  36.335  -27.269  -40.551 0.6000000238
44702  36.275  -27.672  -41.474 0.6000000238
45590  37.133  -27.222  -41.842 0.6000000238
45602  37.193  -27.549  -42.655 0.6000000238
45608  37.624  -27.513  -43.211 0.6000000238
44725  37.501  -28.089  -43.916 0.6000000238
97256  38.087  -27.539  -43.871 0.6999999881
45621  38.633  -27.522  -44.540 0.6999999881
46498  40.154  -26.854  -45.298 0.6999999881
112000  40.527  -27.097  -46.153 0.6999999881
45635  41.529  -26.668  -46.896 0.6999999881
45640  42.189  -26.712  -48.225 0.6999999881
47342  46.429  -23.689  -46.152 0.3000000119
45647  42.245  -26.730  -49.246 0.6999999881
48267  46.713  -23.590  -46.010 0.3000000119
42171  32.423  -30.758  -44.580 0.8999999762
42959  34.435  -30.079  -45.516 1.0000000000
43867  35.875  -29.267  -46.128 1.0000000000
42958  35.175  -29.654  -45.746 1.0000000000
46536  39.522  -26.726  -50.396 1.0000000000
45657  38.387  -26.740  -50.159 1.0000000000
44755  37.085  -28.518  -47.434 1.0000000000
46446  36.883  -26.838  -40.067 0.6000000238
46460  36.930  -26.942  -40.913 0.6000000238
46459  37.659  -26.693  -41.128 0.6000000238
115141  37.700  -26.838  -41.711 0.6000000238
46472  38.280  -26.579  -41.468 0.6000000238
46471  38.823  -26.511  -42.240 0.6999999881
45607  38.291  -27.030  -43.149 0.6999999881
99347  38.626  -27.157  -43.809 0.6999999881
46455  41.603  -26.611  -41.704 0.3000000119
45620  39.393  -27.192  -44.928 0.6999999881
48256  45.209  -24.516  -45.771 0.3000000119
99810  46.336  -23.086  -46.093 0.4000000060
48268  45.702  -23.411  -46.346 0.4000000060
42172  31.676  -30.896  -44.006 0.6999999881
42165  31.161  -31.015  -43.528 0.6999999881
49955  44.284  -22.604  -43.695 0.3000000119
46516  42.795  -25.989  -48.740 0.6999999881
42956  33.293  -30.228  -44.728 0.8999999762
49116  45.636  -22.796  -46.003 0.3000000119
46526  42.149  -26.260  -49.437 0.8000000119
43863  34.019  -29.712  -44.925 0.8999999762
49961  44.679  -22.619  -45.241 0.3000000119
46527  41.374  -26.508  -50.098 0.8000000119
46528  40.171  -26.369  -50.173 1.0000000000
44750  35.870  -28.499  -46.189 1.0000000000
46529  38.843  -26.032  -50.104 1.0000000000
45643  37.190  -27.627  -48.621 1.0000000000
44749  36.394  -28.196  -46.858 1.0000000000
99189  37.938  -26.039  -50.077 1.0000000000
116580  37.501  -26.220  -50.066 1.0000000000
103576  37.158  -26.533  -49.811 1.0000000000
46537  36.827  -25.951  -49.977 1.0000000000
45589  41.067  -27.356  -41.220 0.3000000119
46456  40.732  -26.416  -41.315 0.4000000060
46482  39.003  -26.700  -43.289 0.6999999881
46489  39.183  -26.939  -44.121 0.6999999881
47311  41.691  -25.900  -42.236 0.4000000060
46487  40.694  -26.331  -44.828 0.6999999881
46497  41.040  -26.526  -45.785 0.6999999881
47310  42.515  -25.785  -42.759 0.5000000000
46496  42.103  -26.102  -46.492 0.6999999881
48257  43.961  -25.227  -44.368 0.4000000060
47343  43.419  -25.205  -45.070 0.6000000238
117009  44.360  -24.882  -45.474 0.5000000000
46507  42.742  -26.147  -47.795 0.6999999881
49109  42.496  -22.880  -44.018 0.4000000060
113911  44.625  -24.231  -46.504 0.4000000060
42951  31.510  -30.256  -43.052 0.6999999881
102925  42.980  -22.562  -43.528 0.4000000060
48275  45.042  -23.291  -46.357 0.4000000060
42952  30.903  -30.696  -42.857 0.6000000238
49956  43.428  -22.428  -43.000 0.3000000119
49962  43.825  -22.559  -44.263 0.3000000119
47388  42.469  -25.691  -48.921 0.6999999881
43858  32.877  -29.780  -44.066 0.6999999881
49118  43.427  -22.693  -44.659 0.4000000060
49117  44.780  -22.688  -45.982 0.4000000060
49125  44.424  -23.229  -46.511 0.4000000060
113358  41.865  -25.947  -49.470 0.8000000119
46517  40.947  -25.924  -49.450 0.8000000119
45650  36.256  -27.013  -49.100 1.0000000000
46530  37.138  -25.723  -49.833 1.0000000000
104019  37.923  -25.785  -49.880 1.0000000000
45658  36.329  -26.183  -49.833 1.0000000000
46538  35.981  -25.848  -49.762 1.0000000000
45659  35.650  -26.264  -49.606 1.0000000000
46458  39.200  -26.326  -41.114 0.6000000238
106895  39.773  -26.137  -41.709 0.6000000238
46470  39.623  -26.265  -42.656 0.6999999881
46457  40.026  -26.236  -41.038 0.5000000000
47306  40.515  -26.065  -41.665 0.6000000238
46481  39.722  -26.434  -43.578 0.6999999881
47305  41.107  -26.008  -41.766 0.5000000000
47312  41.014  -25.796  -42.316 0.4000000060
46488  39.886  -26.631  -44.462 0.6999999881
46480  40.499  -26.163  -43.882 0.6999999881
47327  41.849  -25.663  -42.882 0.6000000238
47326  42.811  -25.531  -43.545 0.6000000238
46486  41.639  -25.960  -45.328 0.6999999881
115046  43.359  -25.259  -45.863 0.6000000238
49110  41.711  -23.095  -43.497 0.4000000060
47354  43.811  -25.055  -46.593 0.5000000000
47355  42.902  -25.501  -46.069 0.6000000238
46506  43.300  -25.507  -48.069 0.6999999881
49119  41.785  -23.398  -44.462 0.5000000000
48276  44.387  -23.874  -47.075 0.4000000060
42950  32.234  -30.117  -43.616 0.6999999881
49966  44.200  -22.605  -45.259 0.4000000060
99484  43.956  -22.768  -45.705 0.4000000060
109335  41.651  -25.562  -48.800 0.6999999881
44746  34.697  -28.505  -45.182 0.8999999762
46518  39.663  -25.953  -48.930 0.8999999762
44745  35.201  -28.020  -45.816 0.8999999762
45644  36.663  -27.760  -47.783 1.0000000000
45637  35.740  -27.900  -46.546 1.0000000000
97938  35.836  -27.483  -47.666 1.0000000000
45638  35.028  -27.434  -46.932 1.0000000000
46521  36.679  -25.459  -48.850 1.0000000000
47373  35.329  -25.235  -47.752 0.8999999762
47382  35.998  -25.301  -48.259 1.0000000000
97514  35.949  -25.355  -49.179 1.0000000000
46531  34.900  -26.182  -49.511 1.0000000000
45651  35.340  -26.772  -48.887 1.0000000000
47383  35.292  -25.125  -49.045 1.0000000000
47391  34.915  -25.405  -49.480 1.0000000000
46540  34.699  -25.737  -49.595 0.8999999762
47384  34.743  -24.959  -48.591 1.0000000000
103324  34.497  -25.015  -49.339 0.8999999762
47313  40.256  -25.956  -42.189 0.6000000238
47329  40.366  -25.968  -42.936 0.6999999881
47328  41.199  -25.721  -43.244 0.6999999881
47345  41.339  -25.821  -44.263 0.6999999881
97506  42.104  -25.540  -43.840 0.6000000238
47344  42.232  -25.567  -44.801 0.6999999881
103716  40.442  -23.346  -42.520 0.3000000119
47367  43.083  -25.733  -47.314 0.6000000238
49111  40.910  -23.544  -43.514 0.4000000060
47366  43.657  -25.189  -47.374 0.6000000238
47365  44.109  -24.634  -47.193 0.5000000000
48286  43.939  -24.320  -47.500 0.4000000060
49126  43.467  -23.261  -46.220 0.4000000060
47380  43.077  -25.213  -48.487 0.6000000238
108011  42.386  -25.049  -48.397 0.6000000238
104897  42.903  -23.039  -45.113 0.4000000060
48277  43.023  -23.667  -46.868 0.4000000060
43856  34.191  -28.893  -44.678 0.8999999762
47381  40.325  -25.683  -48.111 0.8999999762
44740  34.096  -28.129  -44.807 0.8999999762
45632  34.497  -27.892  -45.375 0.8999999762
97859  34.442  -27.493  -46.119 0.8999999762
112127  34.995  -27.101  -48.090 1.0000000000
45652  34.561  -26.613  -48.865 0.8999999762
47385  34.064  -24.690  -48.754 1.0000000000
46541  34.295  -25.431  -49.481 0.8999999762
48295  33.486  -24.549  -49.237 0.8999999762
49957  40.750  -22.716  -41.858 0.3000000119
49112  39.980  -23.895  -43.205 0.3000000119
48258  40.287  -24.098  -44.064 0.5000000000
49131  43.949  -23.683  -47.174 0.5000000000
48287  43.379  -24.160  -47.533 0.5000000000
48294  42.876  -24.591  -48.049 0.5000000000
49120  40.939  -23.805  -44.420 0.5000000000
113560  42.676  -24.102  -47.326 0.5000000000
48269  41.384  -23.828  -45.270 0.5000000000
49127  42.386  -23.508  -45.688 0.5000000000
97334  41.084  -25.187  -47.662 0.6999999881
48279  41.011  -24.310  -45.907 0.5000000000
47369  39.878  -25.357  -46.904 0.6000000238
46508  39.103  -25.693  -47.452 0.8999999762
46519  38.517  -25.777  -48.925 0.8999999762
46509  38.086  -25.745  -47.497 0.8999999762
47359  35.285  -25.436  -46.427 0.8999999762
47372  36.043  -25.492  -46.956 0.8999999762
46511  36.585  -25.519  -47.563 0.8999999762
46520  37.574  -25.625  -48.970 1.0000000000
45645  34.337  -26.979  -47.972 0.8999999762
46532  34.252  -26.056  -49.459 0.8999999762
47374  34.620  -25.069  -47.409 0.8000000119
47375  33.931  -24.787  -47.048 0.6999999881
46522  33.842  -26.466  -48.815 0.8999999762
47392  33.723  -25.042  -49.375 0.8999999762
46533  33.559  -25.752  -49.338 0.8999999762
49092  39.993  -23.142  -41.745 0.3000000119
111861  39.342  -23.421  -41.682 0.4000000060
49094  38.688  -23.425  -41.233 0.3000000119
49101  39.648  -23.654  -42.348 0.3000000119
49102  38.907  -23.893  -42.079 0.4000000060
48243  39.180  -24.199  -42.930 0.4000000060
114048  43.630  -24.840  -47.953 0.6000000238
112828  39.923  -24.424  -44.622 0.5000000000
48259  39.431  -24.446  -43.929 0.4000000060
48280  40.112  -24.606  -45.401 0.5000000000
48278  41.998  -23.917  -46.406 0.5000000000
48288  41.804  -24.492  -47.256 0.5000000000
47368  40.527  -24.834  -46.464 0.5000000000
47356  39.567  -25.109  -45.838 0.5000000000
47370  38.373  -25.591  -46.365 0.6999999881
101844  37.832  -25.518  -45.525 0.6999999881
47371  37.577  -25.682  -46.423 0.8000000119
111934  34.216  -27.166  -47.070 0.8999999762
46499  36.803  -25.677  -46.515 0.8999999762
46510  37.252  -25.652  -47.559 0.8999999762
47360  34.487  -25.290  -46.019 0.6999999881
46523  33.179  -26.336  -48.637 0.8999999762
117034  33.013  -25.895  -49.087 0.8999999762
48289  33.422  -24.416  -48.070 1.0000000000
48232  38.115  -24.125  -41.725 0.3000000119
49095  37.782  -23.700  -40.945 0.3000000119
47330  38.599  -24.621  -43.488 0.4000000060
48244  38.391  -24.409  -42.618 0.4000000060
48245  37.484  -24.632  -42.394 0.4000000060
47346  39.358  -24.772  -44.915 0.4000000060
48260  37.952  -24.766  -43.139 0.4000000060
47347  38.655  -24.894  -44.386 0.4000000060
47357  38.677  -25.279  -45.399 0.5000000000
97794  37.067  -25.653  -45.561 0.6000000238
47393  32.960  -25.312  -49.309 0.8999999762
48290  32.901  -24.158  -47.295 0.8999999762
48296  33.115  -24.007  -49.134 0.8000000119
48299  33.160  -24.519  -49.273 0.8000000119
49132  32.797  -23.540  -48.022 0.6999999881
105613  32.734  -22.823  -48.406 0.8000000119
48224  36.938  -23.880  -40.752 0.3000000119
48233  37.268  -24.276  -41.422 0.3000000119
110411  36.731  -24.628  -41.914 0.3000000119
48234  36.444  -24.366  -41.213 0.4000000060
47331  37.281  -25.093  -43.293 0.4000000060
47314  36.578  -25.036  -42.635 0.4000000060
112090  37.958  -25.008  -43.868 0.5000000000
47348  37.276  -25.361  -44.159 0.5000000000
47332  36.388  -25.444  -43.606 0.5000000000
47349  36.676  -25.585  -44.676 0.5000000000
111533  37.362  -25.484  -44.906 0.5000000000
47358  36.133  -25.678  -45.613 0.6999999881
47350  35.170  -25.575  -45.197 0.6999999881
47361  33.765  -25.023  -45.642 0.6999999881
48271  33.184  -24.677  -45.262 0.6999999881
49128  32.310  -23.731  -45.540 0.6999999881
49083  37.348  -23.134  -40.475 0.3000000119
49084  36.425  -23.230  -40.488 0.3000000119
49085  35.603  -23.671  -40.689 0.4000000060
48225  36.220  -23.992  -40.724 0.3000000119
109422  35.628  -24.327  -41.072 0.4000000060
48246  35.880  -24.815  -41.890 0.4000000060
47315  35.693  -25.289  -42.758 0.4000000060
48247  35.170  -25.068  -42.250 0.3000000119
47333  35.390  -25.518  -43.540 0.5000000000
47316  34.871  -25.343  -42.845 0.3000000119
47334  34.573  -25.432  -43.636 0.5000000000
47317  34.110  -25.201  -42.951 0.4000000060
99749  35.807  -25.645  -44.432 0.6999999881
101447  35.046  -25.587  -44.259 0.6999999881
47351  34.332  -25.378  -44.712 0.6999999881
47352  33.661  -25.059  -44.698 0.6000000238
48235  34.791  -24.005  -41.044 0.3000000119
102828  35.004  -24.661  -41.623 0.3000000119
48236  34.273  -24.440  -41.714 0.3000000119
48237  33.701  -24.238  -41.924 0.3000000119
49103  33.316  -23.661  -41.938 0.3000000119
105197  33.851  -24.707  -42.373 0.3000000119
48249  33.292  -24.243  -42.462 0.4000000060
47335  33.852  -25.180  -43.839 0.5000000000
101344  33.398  -24.722  -43.188 0.5000000000
48250  32.897  -24.141  -43.053 0.5000000000
48261  33.269  -24.718  -44.244 0.6000000238
48272  32.683  -24.299  -44.853 0.6000000238
114154  35.745  -21.367  -40.940 0.4000000060
50794  35.346  -22.025  -40.745 0.3000000119
49086  35.022  -23.277  -40.771 0.3000000119
49938  34.812  -22.559  -40.794 0.3000000119
49951  34.363  -23.152  -41.059 0.3000000119
49939  33.985  -22.225  -40.997 0.3000000119
49096  33.976  -23.808  -41.464 0.3000000119
103866  33.579  -22.973  -41.476 0.3000000119
49958  32.880  -22.768  -42.121 0.3000000119
49104  32.865  -23.584  -42.605 0.4000000060
49959  32.571  -22.915  -42.902 0.4000000060
48262  32.814  -24.236  -43.838 0.6000000238
49963  32.224  -22.603  -43.567 0.4000000060
49121  32.073  -23.039  -44.191 0.5000000000
114200  32.327  -23.676  -44.453 0.6000000238
49973  32.759  -22.055  -48.145 0.6999999881
49975  32.683  -22.305  -49.231 0.8000000119
51629  35.274  -20.876  -40.641 0.4000000060
115084  35.071  -21.434  -40.662 0.3000000119
50795  34.024  -21.509  -40.717 0.3000000119
49952  33.186  -22.116  -41.503 0.3000000119
115515  32.747  -21.934  -42.066 0.4000000060
50810  32.496  -21.333  -42.438 0.4000000060
114223  32.196  -21.382  -43.142 0.4000000060
50816  31.993  -21.821  -43.700 0.4000000060
50813  31.863  -21.011  -43.809 0.4000000060
49967  31.861  -22.380  -44.408 0.4000000060
49971  32.339  -22.931  -46.659 0.6999999881
49968  31.864  -22.200  -45.417 0.4000000060
50821  31.887  -21.245  -45.609 0.4000000060
50820  32.301  -21.770  -46.677 0.6000000238
109594  32.295  -20.839  -46.749 0.5000000000
50823  32.652  -21.255  -47.758 0.6000000238
50826  32.752  -21.272  -49.044 0.6999999881
52452  35.578  -20.276  -40.540 0.3000000119
51630  34.455  -21.057  -40.529 0.3000000119
112098  33.839  -21.005  -40.602 0.3000000119
50796  33.451  -21.387  -40.986 0.3000000119
50808  32.850  -21.376  -41.631 0.3000000119
51647  32.183  -20.698  -42.995 0.3000000119
101337  32.202  -19.836  -42.841 0.3000000119
52473  31.894  -20.036  -43.820 0.3000000119
50817  31.756  -21.539  -44.588 0.4000000060
51650  31.768  -20.547  -44.823 0.3000000119
113619  31.880  -19.651  -44.761 0.3000000119
51653  31.944  -20.477  -45.856 0.3000000119
52480  32.340  -18.927  -46.635 0.4000000060
51652  32.272  -19.919  -46.795 0.5000000000
51658  32.690  -20.323  -48.167 0.5000000000
51661  32.629  -20.401  -49.144 0.5000000000
51617  34.717  -20.335  -40.176 0.3000000119
99217  33.997  -20.415  -40.289 0.3000000119
110871  33.403  -20.590  -40.683 0.3000000119
111812  32.793  -19.980  -41.035 0.3000000119
52472  32.052  -19.282  -43.486 0.3000000119
52476  31.983  -19.061  -44.286 0.3000000119
97716  32.216  -18.733  -45.444 0.3000000119
52482  32.526  -19.288  -47.825 0.5000000000
52485  32.330  -18.984  -48.418 0.5000000000
107387  32.572  -19.702  -48.679 0.5000000000
52438  34.166  -19.592  -39.764 0.3000000119
52453  33.401  -19.867  -40.286 0.3000000119
52468  32.392  -19.467  -41.997 0.3000000119
102093  32.189  -18.892  -42.886 0.3000000119
53295  32.170  -18.490  -43.758 0.3000000119
53301  32.517  -18.035  -46.371 0.4000000060
53305  32.314  -18.477  -47.326 0.4000000060
53306  32.156  -18.274  -47.606 0.4000000060
54203  32.000  -17.623  -46.905 0.4000000060
52486  32.160  -19.181  -48.985 0.5000000000
53309  31.960  -18.679  -48.396 0.4000000060
53250  36.211  -18.704  -39.531 0.3000000119
52437  35.071  -19.616  -39.720 0.3000000119
100963  33.324  -19.099  -39.932 0.3000000119
116419  32.905  -19.323  -40.522 0.3000000119
53282  32.538  -18.968  -41.200 0.3000000119
53291  32.388  -18.411  -42.174 0.3000000119
102326  32.435  -17.837  -43.225 0.3000000119
53298  32.350  -18.113  -44.734 0.3000000119
54194  32.705  -17.125  -45.086 0.3000000119
98144  32.555  -17.743  -45.642 0.3000000119
54202  32.318  -17.806  -46.720 0.3000000119
53252  34.692  -18.888  -39.212 0.3000000119
53241  34.359  -18.176  -38.865 0.3000000119
53253  33.860  -18.704  -39.370 0.3000000119
53266  33.139  -18.261  -39.815 0.3000000119
53267  32.796  -18.578  -40.481 0.3000000119
54150  32.803  -17.831  -40.449 0.3000000119
54163  32.595  -17.865  -41.346 0.3000000119
54162  32.919  -17.080  -40.944 0.3000000119
116737  32.483  -17.665  -44.157 0.3000000119
53240  35.159  -18.264  -38.718 0.3000000119
54130  34.037  -17.360  -38.774 0.3000000119
54139  33.608  -17.862  -39.262 0.3000000119
54149  33.055  -17.276  -39.962 0.3000000119
54180  32.686  -17.407  -42.505 0.3000000119
115974  32.830  -17.094  -43.237 0.3000000119
54190  32.888  -16.776  -44.010 0.3000000119
54129  34.817  -17.545  -38.450 0.3000000119
55085  34.441  -16.764  -38.354 0.3000000119
108416  33.498  -17.061  -39.318 0.3000000119
111956  33.176  -16.471  -40.651 0.3000000119
55112  33.040  -16.765  -42.006 0.3000000119
55093  33.346  -16.251  -39.917 0.4000000060
55086  33.738  -16.388  -38.928 0.4000000060
106047  34.183  -16.077  -38.399 0.3000000119
55976  33.838  -15.507  -38.790 0.4000000060
113552  38.638  -34.408  -50.379 1.0000000000
41420  38.993  -33.739  -50.456 1.0000000000
48281  33.246  -24.534  -46.467 0.6999999881
102651  32.546  -23.825  -46.598 0.8000000119
102268  32.412  -36.073  -38.526 0.6000000238
39604  31.664  -34.527  -39.806 0.6000000238
35260  34.646  -39.357  -38.700 0.5000000000
37654  31.964  -35.787  -37.288 0.6000000238
38622  34.206  -36.009  -47.533 0.8999999762
103726  31.647  -34.793  -36.291 0.5000000000
35248  32.721  -40.004  -35.856 0.4000000060
36030  31.770  -38.265  -35.061 0.5000000000
34396  33.638  -40.520  -36.919 0.4000000060
41375  32.402  -32.603  -41.555 0.6999999881
108227  31.821  -36.995  -34.408 0.5000000000
113173  32.778  -38.491  -33.892 0.5000000000
42159  33.649  -31.664  -42.479 0.8000000119
34390  34.122  -41.193  -36.125 0.4000000060
42144  33.296  -31.346  -39.977 0.6999999881
39546  32.968  -34.692  -33.717 0.4000000060
102226  34.209  -33.597  -48.869 0.8000000119
40504  33.045  -32.724  -34.355 0.4000000060
39545  33.800  -34.589  -33.570 0.4000000060
114485  34.844  -30.672  -42.570 0.8000000119
39655  39.153  -34.513  -50.113 1.0000000000
97888  34.449  -31.973  -34.337 0.5000000000
42068  33.252  -31.243  -35.016 0.5000000000
43788  34.378  -29.000  -36.986 0.6999999881
40644  39.381  -34.113  -50.082 1.0000000000
43875  41.127  -29.631  -50.944 1.0000000000
45636  39.946  -27.876  -46.882 0.8000000119
44757  40.705  -29.099  -49.140 1.0000000000
43872  40.812  -30.190  -49.682 1.0000000000
45653  41.860  -26.928  -50.005 0.8000000119
46535  40.732  -27.003  -50.785 1.0000000000
45601  37.824  -26.982  -42.342 0.6000000238
47325  43.435  -25.676  -43.355 0.4000000060
43862  34.698  -29.248  -45.189 1.0000000000
47389  36.298  -25.674  -49.671 1.0000000000
47390  35.591  -25.534  -49.531 1.0000000000
48270  40.563  -24.178  -44.912 0.5000000000
98135  39.078  -25.449  -46.318 0.6999999881
97927  37.963  -25.284  -44.697 0.5000000000
48282  32.712  -24.247  -45.930 0.6999999881
49122  31.900  -23.049  -45.058 0.6000000238
51644  32.549  -20.525  -42.001 0.3000000119
37688  31.336  -36.544  -45.364 0.5000000000
37693  32.067  -36.442  -46.073 0.5000000000
111096  30.377  -38.203  -43.991 0.5000000000
106909  31.213  -37.286  -45.389 0.5000000000
36869  30.327  -37.930  -43.211 0.5000000000
37685  30.485  -36.632  -44.116 0.5000000000
37689  30.757  -36.902  -44.738 0.5000000000
115340  30.324  -37.390  -42.807 0.5000000000
36862  30.679  -37.505  -41.684 0.4000000060
37679  30.339  -36.884  -42.395 0.5000000000
36853  31.051  -36.913  -40.993 0.4000000060
37675  30.576  -36.672  -41.654 0.5000000000
38600  30.719  -36.044  -41.291 0.5000000000
41399  30.085  -33.045  -45.437 0.6999999881
99982  29.492  -33.437  -45.083 0.6999999881
40629  30.800  -33.277  -46.474 0.8000000119
41411  32.412  -32.766  -47.399 0.8000000119
40637  31.596  -33.074  -47.077 0.8000000119
41409  34.042  -32.464  -47.921 0.8999999762
41393  30.609  -32.409  -45.059 0.6999999881
41403  31.953  -32.436  -46.761 0.8999999762
41410  33.188  -32.572  -47.668 0.8999999762
42180  31.238  -31.953  -45.146 0.6000000238
41398  31.189  -32.338  -45.741 0.8000000119
41402  32.709  -32.132  -46.971 0.8999999762
42192  34.537  -31.784  -47.402 0.8999999762
42191  35.522  -31.563  -47.603 0.8999999762
42190  36.492  -31.284  -47.900 0.8999999762
45559  37.950  -27.435  -38.690 0.5000000000
45560  37.158  -27.277  -38.610 0.5000000000
45568  36.810  -26.989  -39.257 0.5000000000
45554  36.127  -27.716  -37.677 0.6000000238
45561  36.427  -27.362  -38.480 0.5000000000
45569  35.918  -27.314  -39.168 0.5000000000
44663  35.575  -28.114  -37.279 0.6000000238
42173  31.029  -31.638  -44.322 0.6000000238
42179  31.688  -31.867  -45.648 0.8999999762
42177  33.229  -31.442  -46.200 0.8999999762
42185  32.247  -31.847  -46.213 0.8999999762
42184  34.231  -31.307  -46.576 0.8999999762
42183  35.124  -31.068  -46.794 0.8999999762
46434  38.096  -26.719  -39.748 0.5000000000
46444  38.499  -26.534  -40.488 0.5000000000
45566  38.408  -27.090  -39.288 0.5000000000
46435  37.404  -26.777  -39.693 0.5000000000
46445  37.577  -26.647  -40.308 0.5000000000
45567  37.620  -26.963  -39.207 0.5000000000
42961  32.904  -31.042  -45.362 0.8999999762
104249  31.700  -31.452  -44.884 0.6999999881
117158  32.619  -31.473  -45.827 0.8999999762
42966  34.073  -30.822  -45.951 0.8999999762
42965  34.771  -30.538  -46.140 0.8999999762
46443  39.467  -26.571  -40.459 0.5000000000
46433  38.921  -26.779  -39.830 0.5000000000
45565  39.073  -27.298  -39.485 0.5000000000
42960  33.673  -30.576  -45.431 0.8999999762
42964  35.579  -30.181  -46.376 0.8999999762
45577  39.740  -27.201  -40.008 0.5000000000
43853  31.951  -29.571  -43.075 0.6000000238
44713  31.981  -28.870  -42.976 0.6000000238
43851  33.043  -28.882  -43.859 0.8000000119
44727  32.458  -28.471  -43.490 0.6999999881
113903  31.753  -28.054  -43.289 0.6999999881
45609  31.140  -27.603  -43.588 0.6999999881
107009  30.899  -27.258  -44.115 0.6999999881
44742  32.941  -28.085  -43.971 0.8000000119
44741  33.562  -28.485  -44.325 0.8000000119
45623  32.551  -27.455  -44.349 0.6999999881
45624  31.700  -27.331  -44.053 0.6999999881
46490  31.982  -26.835  -44.960 0.6999999881
46502  31.349  -26.503  -45.823 0.6999999881
45633  33.731  -27.438  -45.508 0.8000000119
46500  32.939  -26.856  -46.362 0.8000000119
46514  31.612  -26.367  -46.863 0.6999999881
46501  32.169  -26.643  -46.031 0.6999999881
46513  32.308  -26.529  -47.186 0.8000000119
45639  33.651  -27.075  -46.711 0.8000000119
46525  31.916  -26.155  -47.765 0.6999999881
46524  32.545  -26.137  -48.421 0.8000000119
47376  31.393  -25.784  -47.568 0.6000000238
45646  33.641  -26.805  -47.841 0.8000000119
46512  32.993  -26.678  -47.547 0.8000000119
47394  32.530  -24.658  -49.234 0.6000000238
48297  32.166  -24.170  -49.186 0.6000000238
49136  32.210  -23.458  -49.339 0.6000000238
47386  32.099  -25.516  -48.565 0.8000000119
113225  32.645  -23.705  -49.243 0.6000000238
49135  32.737  -23.162  -49.213 0.6000000238
49979  32.444  -21.711  -49.491 0.6000000238
49139  32.558  -22.701  -49.472 0.6000000238
50829  32.501  -21.012  -49.468 0.6000000238
38593  31.140  -36.047  -40.615 0.5000000000
37682  30.329  -36.882  -43.341 0.5000000000
41408  35.041  -32.370  -48.225 0.8999999762
46442  40.275  -26.748  -40.657 0.3000000119
45622  33.356  -27.740  -44.584 0.8000000119
36871  30.393  -37.373  -44.037 0.5000000000
41404  31.286  -32.683  -46.414 0.8000000119
45553  36.777  -27.591  -38.035 0.5000000000
45634  32.810  -27.131  -45.249 0.8000000119
42066  35.113  -31.452  -34.601 0.4000000060
42065  35.907  -31.989  -34.856 0.4000000060
42875  35.185  -30.778  -34.869 0.4000000060
42074  35.732  -31.118  -35.003 0.4000000060
43773  35.641  -29.852  -35.577 0.5000000000
42073  36.392  -31.538  -35.395 0.4000000060
41317  36.626  -32.472  -35.309 0.4000000060
44656  35.832  -28.772  -36.433 0.5000000000
44662  36.031  -28.235  -36.917 0.5000000000
42891  36.543  -29.979  -36.073 0.5000000000
42090  36.816  -31.024  -35.941 0.4000000060
42874  36.145  -30.626  -35.465 0.4000000060
42072  37.040  -32.006  -35.906 0.4000000060
107402  37.291  -32.817  -35.750 0.4000000060
44661  36.856  -28.197  -37.445 0.5000000000
115728  36.008  -29.280  -36.085 0.5000000000
42089  37.439  -31.499  -36.496 0.4000000060
41322  38.697  -32.987  -37.293 0.4000000060
41323  38.141  -32.831  -36.710 0.4000000060
41324  37.661  -32.455  -36.387 0.4000000060
40540  39.515  -33.416  -36.733 0.4000000060
40541  38.743  -33.316  -36.268 0.4000000060
43787  36.571  -28.977  -36.642 0.5000000000
42890  37.257  -29.859  -36.761 0.4000000060
39601  41.707  -35.007  -41.308 0.3000000119
111251  37.194  -30.614  -36.459 0.4000000060
39602  41.075  -34.501  -40.132 0.3000000119
42088  38.024  -32.068  -37.173 0.4000000060
108499  41.935  -35.107  -40.422 0.3000000119
39592  41.479  -34.517  -39.144 0.3000000119
39593  40.604  -34.077  -38.897 0.3000000119
40571  39.804  -33.526  -38.719 0.3000000119
40556  39.491  -33.399  -37.676 0.4000000060
40554  41.094  -33.998  -38.074 0.3000000119
40555  40.231  -33.733  -37.956 0.3000000119
44660  37.759  -28.544  -37.760 0.4000000060
43786  37.422  -29.109  -37.227 0.4000000060
42103  37.807  -30.783  -37.090 0.4000000060
42897  37.799  -29.878  -37.293 0.4000000060
39615  41.134  -34.505  -41.314 0.3000000119
41357  40.463  -33.460  -40.722 0.3000000119
109084  40.412  -33.886  -39.523 0.3000000119
41347  39.426  -32.967  -39.058 0.3000000119
41348  39.067  -32.487  -38.598 0.4000000060
99161  39.148  -32.961  -38.223 0.4000000060
41329  38.653  -32.302  -37.956 0.4000000060
44669  37.449  -27.791  -38.106 0.4000000060
109692  39.600  -31.385  -40.086 0.3000000119
42916  39.489  -30.668  -39.871 0.3000000119
42904  38.809  -30.786  -38.454 0.4000000060
42903  39.193  -30.293  -39.064 0.4000000060
43785  38.104  -29.375  -37.685 0.4000000060
41367  40.403  -32.907  -41.024 0.3000000119
42134  39.559  -31.919  -39.847 0.3000000119
101942  39.252  -31.295  -39.297 0.3000000119
42124  38.891  -31.769  -38.570 0.4000000060
42896  38.304  -30.301  -37.752 0.4000000060
41358  39.865  -32.705  -39.978 0.3000000119
42123  39.282  -32.225  -39.222 0.3000000119
102083  38.410  -31.336  -37.827 0.4000000060
40583  40.085  -33.409  -39.663 0.3000000119
102611  39.481  -28.018  -39.555 0.4000000060
44678  39.294  -28.832  -39.202 0.4000000060
44679  38.806  -27.867  -38.912 0.4000000060
44668  38.211  -28.168  -38.300 0.4000000060
43806  39.451  -29.775  -39.577 0.3000000119
44667  38.807  -28.791  -38.559 0.4000000060
43792  39.153  -29.491  -38.930 0.4000000060
43793  38.718  -29.694  -38.319 0.4000000060
109576  38.367  -28.875  -38.057 0.4000000060
46515  30.896  -26.106  -46.594 0.6000000238
109151  30.477  -26.364  -45.749 0.6000000238
47387  31.571  -24.908  -48.317 0.5000000000
48298  31.427  -24.055  -48.532 0.5000000000
100761  31.392  -23.232  -48.716 0.5000000000
49980  32.310  -21.956  -49.593 0.5000000000
50830  32.343  -21.153  -49.638 0.5000000000
51662  32.341  -20.451  -49.418 0.4000000060
55126  33.296  -15.660  -43.063 0.3000000119
56028  33.004  -15.613  -43.423 0.3000000119
55103  33.395  -15.633  -40.961 0.3000000119
55111  33.426  -15.830  -42.466 0.3000000119
111969  33.411  -15.320  -42.522 0.3000000119
56923  32.659  -15.046  -43.097 0.3000000119
56924  31.833  -14.677  -42.512 0.3000000119
55993  33.495  -15.299  -40.393 0.3000000119
102955  33.518  -15.297  -41.913 0.3000000119
56014  33.373  -14.859  -41.986 0.3000000119
56015  33.194  -15.153  -42.677 0.3000000119
56922  33.038  -14.479  -41.983 0.3000000119
113754  32.683  -14.738  -42.434 0.3000000119
57842  32.258  -14.177  -41.873 0.3000000119
57843  31.368  -14.150  -41.690 0.3000000119
55983  33.577  -15.485  -39.593 0.3000000119
106408  33.563  -14.677  -40.183 0.3000000119
56905  33.471  -14.613  -41.134 0.3000000119
106096  33.434  -13.734  -41.009 0.3000000119
56914  33.270  -14.106  -41.450 0.3000000119
57828  33.111  -13.268  -41.000 0.3000000119
57834  32.695  -13.740  -41.357 0.3000000119
57835  31.854  -13.437  -41.125 0.3000000119
56889  33.870  -14.584  -38.722 0.3000000119
56898  33.612  -14.150  -39.730 0.3000000119
113814  33.528  -13.867  -40.560 0.3000000119
57823  33.400  -12.981  -40.567 0.3000000119
58674  32.973  -12.308  -40.383 0.3000000119
58681  32.485  -12.892  -40.785 0.3000000119
58675  32.329  -12.214  -40.260 0.3000000119
57815  33.962  -13.765  -38.245 0.3000000119
107265  33.727  -12.862  -38.879 0.3000000119
104600  33.561  -12.728  -39.841 0.3000000119
58658  33.553  -11.881  -39.312 0.3000000119
59471  33.285  -11.079  -39.441 0.3000000119
111984  33.741  -12.343  -38.645 0.3000000119
58647  33.744  -11.748  -38.439 0.3000000119
59446  34.166  -11.950  -37.454 0.3000000119
41316  37.922  -33.084  -36.097 0.4000000060
41310  35.312  -32.415  -34.433 0.4000000060
40501  36.128  -33.004  -34.714 0.4000000060
40522  37.700  -33.275  -35.380 0.4000000060
40523  36.947  -33.205  -35.115 0.4000000060
40539  40.408  -33.459  -36.397 0.4000000060
39600  42.777  -35.437  -40.731 0.3000000119
39591  42.372  -34.890  -39.416 0.3000000119
39577  41.989  -34.314  -38.212 0.3000000119
98808  40.794  -33.622  -37.155 0.3000000119
101697  40.055  -33.543  -37.160 0.3000000119
40594  40.872  -34.134  -41.569 0.3000000119
42143  40.078  -32.064  -40.729 0.3000000119
41366  40.841  -33.657  -41.947 0.3000000119
100306  39.740  -29.102  -39.929 0.4000000060
43817  39.808  -30.163  -40.372 0.3000000119
46491  30.949  -26.837  -44.913 0.6000000238
56888  34.376  -14.672  -37.785 0.3000000119
58646  34.003  -12.831  -37.932 0.3000000119
98391  34.812  -12.073  -36.638 0.3000000119
39614  41.584  -34.669  -41.970 0.3000000119
116793  34.508  -31.365  -34.567 0.4000000060
43780  35.352  -29.205  -36.090 0.5000000000
40582  40.635  -34.002  -40.479 0.3000000119
58668  33.362  -12.013  -40.035 0.3000000119
59477  33.070  -11.342  -39.761 0.3000000119
40503  34.640  -33.304  -33.909 0.3000000119
40502  35.430  -33.338  -34.194 0.3000000119
37699  31.337  -36.929  -48.095 0.6999999881
37700  30.456  -36.901  -47.422 0.6999999881
100747  33.756  -40.829  -35.408 0.3000000119
113718  33.123  -40.013  -34.604 0.3000000119
38618  29.591  -35.645  -46.489 0.6999999881
39544  34.572  -34.455  -33.545 0.3000000119
37694  30.123  -36.052  -46.943 0.6999999881
105359  30.787  -36.018  -47.443 0.6999999881
40477  35.927  -34.054  -33.992 0.3000000119
115330  36.052  -33.578  -34.392 0.3000000119
38623  31.605  -36.045  -48.063 0.6999999881
104214  36.625  -34.095  -33.723 0.3000000119
40475  38.183  -33.628  -33.799 0.3000000119
40476  37.332  -33.860  -33.727 0.3000000119
98680  36.639  -33.652  -34.381 0.3000000119
110301  39.277  -33.391  -34.556 0.3000000119
40499  38.438  -33.422  -34.749 0.3000000119
40500  37.518  -33.525  -34.573 0.3000000119
35230  33.294  -39.039  -33.780 0.3000000119
37633  33.469  -36.401  -33.371 0.4000000060
39654  30.779  -34.437  -46.949 0.6999999881
39543  35.364  -34.712  -33.363 0.3000000119
38551  34.471  -35.235  -33.269 0.3000000119
38617  30.305  -35.211  -46.845 0.6999999881
39542  36.289  -34.558  -33.257 0.3000000119
112583  39.811  -33.467  -34.045 0.3000000119
36810  33.664  -37.317  -33.255 0.4000000060
39646  30.157  -34.393  -46.490 0.6999999881
107626  35.357  -36.213  -32.656 0.3000000119
38534  34.685  -36.026  -32.889 0.3000000119
39525  35.996  -35.177  -32.843 0.3000000119
107309  35.269  -35.521  -32.895 0.3000000119
39653  31.423  -34.361  -47.440 0.6999999881
39541  37.123  -34.288  -33.018 0.3000000119
38624  31.116  -35.175  -47.409 0.6999999881
97792  39.097  -33.366  -35.309 0.3000000119
40521  38.322  -33.318  -35.629 0.3000000119
40498  39.883  -33.341  -34.805 0.3000000119
40638  31.124  -33.741  -47.014 0.6999999881
38533  35.832  -35.798  -32.631 0.3000000119
103865  31.676  -33.707  -47.426 0.6999999881
38532  37.358  -35.545  -32.195 0.3000000119
39524  36.814  -34.920  -32.623 0.3000000119
39652  32.109  -34.228  -47.877 0.6999999881
40520  39.874  -33.370  -35.699 0.3000000119
105524  36.493  -35.692  -32.451 0.3000000119
40635  32.942  -33.207  -48.066 0.6999999881
44692  40.118  -28.287  -40.277 0.3000000119
36092  32.818  -39.226  -48.817 0.5000000000
36090  29.927  -38.310  -47.291 0.6999999881
36884  31.604  -38.604  -48.418 0.6000000238
36885  30.614  -37.925  -47.718 0.6000000238
36890  32.139  -38.071  -48.632 0.6000000238
38619  28.950  -36.070  -46.103 0.6999999881
109079  29.699  -34.915  -46.374 0.6999999881
35229  34.133  -39.086  -33.497 0.3000000119
39647  29.552  -34.317  -45.945 0.6999999881
36022  33.610  -38.323  -33.427 0.4000000060
40630  30.165  -33.748  -46.210 0.6999999881
36809  34.432  -37.177  -32.861 0.4000000060
37632  34.194  -36.592  -33.019 0.4000000060
112405  30.279  -33.272  -45.972 0.6999999881
37618  35.446  -36.805  -32.575 0.3000000119
36796  35.881  -37.332  -32.491 0.3000000119
109702  36.525  -37.005  -32.226 0.3000000119
40478  35.002  -33.939  -33.744 0.3000000119
100158  31.147  -37.633  -48.067 0.6000000238
37616  36.969  -36.378  -32.104 0.3000000119
36797  35.060  -37.325  -32.681 0.3000000119
36874  31.533  -38.128  -46.026 0.5000000000
36877  33.326  -38.720  -47.594 0.5000000000
32592  28.701  -42.513  -45.418 0.4000000060
109674  28.317  -43.241  -43.726 0.5000000000
101794  32.660  -37.429  -46.776 0.4000000060
36883  34.211  -38.831  -48.592 0.5000000000
30743  27.319  -44.433  -42.682 0.4000000060
29759  26.094  -45.345  -42.788 0.4000000060
112361  28.360  -42.453  -44.234 0.5000000000
36091  33.588  -39.418  -48.773 0.4000000060
30744  26.503  -44.634  -42.391 0.4000000060
110313  25.710  -45.908  -43.266 0.4000000060
31661  27.485  -43.658  -42.472 0.4000000060
32585  28.168  -42.447  -43.368 0.5000000000
113561  27.893  -42.944  -42.728 0.4000000060
33591  28.522  -41.365  -45.563 0.5000000000
34448  28.919  -40.270  -46.496 0.4000000060
35306  30.536  -39.510  -47.799 0.4000000060
36089  31.044  -38.996  -48.091 0.4000000060
29760  24.948  -45.560  -42.970 0.4000000060
30748  22.566  -45.056  -42.015 0.4000000060
31662  26.854  -43.904  -42.059 0.4000000060
31650  23.119  -43.635  -41.772 0.4000000060
32571  24.103  -42.373  -41.337 0.4000000060
33582  28.107  -41.712  -43.631 0.5000000000
34429  25.726  -40.800  -40.765 0.4000000060
33569  24.418  -41.646  -40.981 0.4000000060
33586  28.294  -41.557  -44.596 0.5000000000
34441  28.233  -40.630  -44.822 0.5000000000
34415  25.173  -40.128  -40.625 0.4000000060
34444  28.466  -40.445  -45.669 0.5000000000
35301  28.446  -39.608  -45.739 0.6000000238
35304  28.856  -39.351  -46.417 0.6000000238
36084  29.447  -38.949  -46.936 0.5000000000
30747  23.439  -44.969  -42.394 0.4000000060
30733  23.037  -44.409  -42.064 0.4000000060
30745  25.538  -44.757  -42.395 0.4000000060
110285  23.990  -43.163  -41.655 0.4000000060
103059  27.918  -41.980  -42.759 0.5000000000
106829  27.556  -42.280  -42.147 0.4000000060
113627  24.713  -42.849  -41.457 0.4000000060
33587  28.015  -40.838  -43.931 0.5000000000
33567  26.292  -41.425  -41.082 0.4000000060
32570  25.025  -42.262  -41.184 0.4000000060
35297  28.211  -39.768  -45.012 0.5000000000
35285  25.594  -39.181  -40.759 0.4000000060
36085  28.748  -38.458  -46.255 0.6000000238
102024  29.193  -38.159  -46.624 0.6000000238
30732  23.990  -44.068  -42.059 0.4000000060
31648  26.318  -43.408  -41.671 0.4000000060
31649  24.844  -43.465  -41.707 0.4000000060
110423  25.569  -42.945  -41.443 0.4000000060
33566  27.029  -41.234  -41.420 0.4000000060
34442  27.960  -39.943  -44.191 0.5000000000
34428  26.605  -40.700  -41.103 0.4000000060
35284  26.705  -39.392  -41.196 0.4000000060
36886  29.929  -37.416  -47.137 0.6000000238
36880  28.753  -37.681  -46.210 0.6000000238
36081  28.405  -38.796  -45.702 0.6000000238
30746  24.466  -44.830  -42.477 0.4000000060
31664  25.092  -44.128  -42.042 0.4000000060
32569  26.436  -42.733  -41.484 0.4000000060
105457  25.958  -42.183  -41.194 0.4000000060
33583  27.878  -41.088  -42.966 0.5000000000
33578  27.574  -41.384  -42.033 0.5000000000
34434  27.643  -40.429  -42.282 0.5000000000
34427  27.267  -40.601  -41.601 0.5000000000
35298  27.913  -39.023  -44.495 0.5000000000
34438  27.796  -40.180  -43.253 0.5000000000
35291  27.617  -39.508  -42.497 0.5000000000
108714  26.891  -40.102  -41.254 0.4000000060
103246  28.196  -39.108  -45.193 0.6000000238
36066  27.298  -38.784  -41.754 0.5000000000
36067  26.402  -38.482  -41.219 0.4000000060
37695  29.572  -36.621  -46.683 0.6000000238
117289  27.898  -38.399  -44.472 0.6000000238
35295  27.726  -39.262  -43.538 0.5000000000
35283  27.342  -39.798  -41.697 0.5000000000
36077  28.127  -38.398  -44.990 0.6000000238
36075  27.714  -38.294  -43.787 0.6000000238
36073  27.594  -38.593  -42.724 0.5000000000
104117  28.508  -37.243  -45.815 0.6000000238
37696  28.831  -36.927  -46.225 0.6000000238
39638  27.779  -35.044  -44.015 0.5000000000
39637  28.325  -34.853  -44.682 0.6000000238
38608  27.569  -35.682  -43.827 0.5000000000
38611  28.509  -35.606  -45.347 0.6000000238
38612  27.965  -35.655  -44.515 0.6000000238
37683  27.441  -36.297  -43.392 0.5000000000
36868  27.363  -36.884  -42.733 0.5000000000
36872  28.151  -37.685  -44.979 0.6000000238
36870  27.613  -37.207  -43.747 0.5000000000
113399  27.414  -38.024  -42.117 0.5000000000
97453  26.890  -37.736  -41.662 0.5000000000
40619  28.813  -33.954  -44.727 0.5000000000
40623  29.785  -33.603  -45.691 0.6000000238
39642  28.871  -34.600  -45.376 0.6000000238
99348  27.536  -37.714  -42.829 0.5000000000
37686  28.148  -36.417  -44.923 0.6000000238
116705  33.407  -39.637  -48.418 0.4000000060
36088  32.231  -39.660  -48.543 0.4000000060
36882  34.628  -38.628  -48.955 0.5000000000
36087  33.747  -39.346  -48.498 0.4000000060
37690  28.504  -36.566  -45.639 0.6000000238
104597  32.708  -39.833  -47.592 0.5000000000
36083  32.557  -38.994  -47.077 0.5000000000
36082  33.344  -39.617  -47.948 0.5000000000
33570  23.499  -41.784  -41.119 0.4000000060
33553  24.790  -40.917  -40.676 0.4000000060
32568  26.952  -42.054  -41.515 0.4000000060
36873  27.914  -37.115  -44.621 0.6000000238
33554  23.852  -41.030  -40.827 0.3000000119
32572  23.105  -42.654  -41.446 0.3000000119
34416  24.197  -40.298  -40.673 0.3000000119
34417  23.361  -40.412  -40.688 0.3000000119
33555  22.999  -41.159  -40.867 0.3000000119
29758  27.008  -45.255  -42.960 0.4000000060
31647  27.182  -43.024  -41.887 0.4000000060
31663  26.022  -44.100  -41.941 0.4000000060
33568  25.361  -41.545  -40.895 0.4000000060
34391  33.322  -40.582  -36.041 0.4000000060
35242  33.543  -39.733  -34.042 0.3000000119
35245  32.629  -39.743  -35.067 0.4000000060
35261  33.890  -39.029  -38.239 0.5000000000
36007  35.322  -37.986  -32.713 0.3000000119
36029  32.231  -38.461  -34.501 0.4000000060
36036  31.997  -38.642  -35.541 0.4000000060
36078  27.892  -37.852  -44.457 0.6000000238
36086  34.249  -39.047  -48.907 0.5000000000
36795  36.568  -37.559  -32.334 0.3000000119
36822  32.324  -37.771  -34.076 0.5000000000
36831  31.723  -37.930  -35.874 0.5000000000
36834  32.407  -37.304  -37.337 0.6000000238
36863  27.267  -37.402  -42.187 0.5000000000
36876  28.404  -37.913  -45.606 0.6000000238
36878  31.771  -37.240  -46.085 0.4000000060
36879  29.332  -37.498  -46.655 0.6000000238
37617  36.072  -36.461  -32.451 0.3000000119
37619  34.861  -36.691  -32.735 0.4000000060
37634  32.811  -36.090  -33.636 0.5000000000
37687  27.683  -36.384  -44.214 0.6000000238
37706  35.182  -37.026  -49.435 0.8000000119
38552  34.051  -35.945  -33.189 0.4000000060
38554  32.550  -35.422  -33.837 0.4000000060
38567  31.446  -35.531  -35.040 0.4000000060
38575  31.671  -35.539  -36.521 0.6000000238
38610  30.482  -36.151  -43.808 0.6000000238
38614  29.154  -35.172  -45.960 0.6999999881
38632  36.603  -36.225  -49.834 0.8000000119
39633  30.850  -35.136  -43.228 0.6999999881
39645  32.914  -34.959  -46.305 0.6999999881
39663  38.673  -34.926  -50.159 1.0000000000
39666  35.314  -35.583  -49.774 0.8000000119
40480  33.421  -33.310  -33.967 0.4000000060
40617  32.078  -33.978  -44.192 0.6999999881
40621  33.254  -33.743  -45.556 0.6999999881
40622  30.662  -32.810  -45.903 0.6999999881
40624  29.281  -33.966  -45.376 0.6000000238
40636  32.261  -33.451  -47.680 0.6999999881
40642  33.567  -33.795  -48.676 0.8000000119
40645  39.182  -34.266  -50.262 1.0000000000
40646  37.935  -34.981  -50.370 1.0000000000
41396  35.400  -32.405  -45.440 0.8000000119
42075  33.033  -31.024  -35.710 0.5000000000
42169  35.533  -31.507  -44.414 0.8000000119
42178  32.232  -31.439  -45.445 0.8999999762
42186  31.659  -32.233  -46.209 0.8999999762
42193  33.594  -31.934  -47.177 0.8999999762
42194  40.007  -32.508  -49.547 1.0000000000
42861  33.874  -30.756  -34.967 0.5000000000
42877  33.574  -30.516  -35.587 0.6000000238
42977  41.155  -30.181  -51.063 1.0000000000
43852  32.475  -29.275  -43.456 0.8000000119
43857  33.543  -29.338  -44.368 0.8999999762
43861  35.344  -28.840  -45.578 1.0000000000
43876  40.933  -29.978  -51.262 1.0000000000
45562  35.813  -27.524  -38.348 0.6999999881
45579  35.814  -27.519  -40.117 0.6000000238
45591  35.847  -27.738  -40.833 0.6000000238
46539  35.262  -25.765  -49.645 1.0000000000
47379  43.875  -24.845  -47.508 0.5000000000
48248  34.517  -24.953  -42.264 0.3000000119
49113  32.514  -23.484  -43.481 0.6000000238
49976  32.161  -22.759  -49.451 0.5000000000
51642  32.962  -20.800  -41.210 0.3000000119
52477  31.971  -19.733  -45.664 0.3000000119
52488  32.389  -19.683  -49.108 0.5000000000
57816  33.691  -13.579  -39.267 0.3000000119
97831  32.447  -22.088  -42.841 0.4000000060
99292  26.153  -40.046  -40.838 0.4000000060
99902  35.323  -33.497  -46.644 0.8999999762
101516  36.553  -28.670  -43.250 0.6999999881
101624  30.593  -33.889  -46.623 0.6999999881
101629  31.460  -36.031  -35.795 0.4000000060
104340  28.273  -37.155  -45.257 0.6000000238
107641  33.688  -14.870  -39.417 0.3000000119
108273  25.591  -43.617  -41.718 0.4000000060
108632  35.540  -30.500  -35.188 0.4000000060
108978  31.648  -36.133  -34.590 0.4000000060
109518  33.314  -16.139  -41.539 0.3000000119
111415  34.599  -21.805  -40.741 0.3000000119
111434  32.582  -39.361  -36.460 0.4000000060
111620  32.525  -32.292  -38.275 0.6000000238
111716  33.596  -30.123  -36.211 0.6000000238
112403  38.587  -34.278  -49.283 1.0000000000
112621  32.373  -38.082  -46.659 0.5000000000
112673  35.441  -30.594  -43.341 0.8000000119
113508  32.336  -27.806  -43.731 0.6999999881
115205  32.947  -37.794  -33.629 0.4000000060
115557  32.675  -34.144  -34.019 0.4000000060
115658  33.559  -13.416  -40.078 0.3000000119
