#!ascii label  , from subject sub-v1s10x0050968_ses-1 vox2ras=TkReg
640
12330  -36.253  -71.329  -27.939 0.0000000000
22340  -45.206  -59.723  -28.914 0.0000000000
17650  -33.636  -65.737  -24.667 0.0000000000
17721  -42.007  -65.983  -28.509 0.0000000000
22280  -36.900  -61.281  -22.804 0.0000000000
14011  -38.435  -69.763  -22.653 0.0000000000
18541  -35.171  -64.726  -18.157 0.0000000000
20338  -38.408  -62.440  -11.577 0.0000000000
19491  -31.759  -63.353  -21.017 0.0000000000
117363  -36.040  -63.375  -23.318 0.0000000000
22252  -33.305  -60.788  -20.481 0.0000000000
16732  -36.748  -67.217  -20.170 0.0000000000
17566  -38.443  -65.198  -17.808 0.0000000000
22131  -37.458  -60.470  -9.360 0.0000000000
20335  -35.560  -62.236  -11.380 0.0000000000
136231  -36.925  -69.824  -30.832 0.0000000000
19619  -43.274  -64.008  -28.632 0.0000000000
17771  -41.358  -65.414  -31.628 0.0000000000
19681  -42.737  -62.031  -33.805 0.0000000000
15837  -35.335  -67.900  -26.717 0.0000000000
14939  -39.396  -69.008  -28.771 0.0000000000
19551  -40.261  -63.184  -25.445 0.0000000000
120321  -41.247  -60.763  -25.509 0.0000000000
14888  -35.651  -68.364  -23.752 0.0000000000
132248  -33.154  -66.341  -21.095 0.0000000000
18519  -31.756  -64.191  -17.901 0.0000000000
18476  -39.929  -64.085  -14.710 0.0000000000
19422  -36.851  -63.731  -14.394 0.0000000000
20396  -33.308  -62.760  -14.324 0.0000000000
21323  -30.608  -61.040  -14.441 0.0000000000
16842  -39.330  -67.089  -30.943 0.0000000000
25968  -40.294  -55.904  -25.595 0.0000000000
22337  -42.322  -60.186  -28.162 0.0000000000
125893  -38.974  -62.070  -30.935 0.0000000000
20448  -31.069  -62.237  -19.684 0.0000000000
20455  -33.173  -62.041  -20.907 0.0000000000
12364  -36.936  -71.274  -29.662 0.0000000000
20541  -44.450  -61.810  -28.581 0.0000000000
120045  -43.394  -63.003  -31.443 0.0000000000
20575  -44.432  -61.221  -31.110 0.0000000000
21524  -43.641  -60.158  -33.449 0.0000000000
22364  -44.327  -59.734  -31.111 0.0000000000
16789  -34.514  -66.507  -25.774 0.0000000000
18613  -35.741  -65.142  -26.239 0.0000000000
20477  -36.822  -62.617  -22.842 0.0000000000
19549  -38.016  -63.374  -24.700 0.0000000000
20491  -38.909  -62.696  -24.218 0.0000000000
20493  -40.935  -62.281  -25.389 0.0000000000
22304  -38.910  -61.192  -24.254 0.0000000000
14042  -35.959  -69.551  -24.346 0.0000000000
116172  -37.026  -68.693  -22.717 0.0000000000
132654  -36.162  -65.555  -19.008 0.0000000000
16730  -34.735  -67.018  -20.322 0.0000000000
17606  -34.048  -65.834  -19.400 0.0000000000
17604  -32.191  -65.328  -19.604 0.0000000000
18539  -33.110  -64.821  -18.244 0.0000000000
19404  -38.986  -63.413  -13.491 0.0000000000
18474  -38.184  -64.237  -14.857 0.0000000000
19385  -37.646  -63.076  -13.009 0.0000000000
21260  -33.409  -61.371  -11.005 0.0000000000
20358  -34.509  -62.444  -12.549 0.0000000000
20356  -33.013  -62.222  -12.827 0.0000000000
20381  -31.840  -62.083  -13.949 0.0000000000
16818  -40.693  -67.033  -28.630 0.0000000000
14973  -39.840  -68.493  -30.092 0.0000000000
15890  -41.270  -67.359  -29.386 0.0000000000
18710  -38.360  -64.813  -31.879 0.0000000000
25967  -39.157  -56.151  -25.452 0.0000000000
24140  -42.118  -57.152  -26.759 0.0000000000
21458  -39.652  -61.807  -28.211 0.0000000000
18559  -32.892  -64.376  -23.066 0.0000000000
19528  -34.788  -63.938  -24.183 0.0000000000
19498  -34.397  -63.371  -22.753 0.0000000000
20462  -34.872  -62.089  -21.678 0.0000000000
21388  -35.330  -61.364  -21.693 0.0000000000
14859  -37.308  -68.340  -22.017 0.0000000000
17587  -37.314  -65.304  -18.477 0.0000000000
17564  -36.845  -64.793  -18.061 0.0000000000
133968  -38.159  -61.632  -10.391 0.0000000000
20336  -36.499  -62.435  -11.666 0.0000000000
21263  -36.501  -61.663  -10.161 0.0000000000
22128  -34.615  -60.344  -9.517 0.0000000000
134789  -33.546  -59.006  -9.552 0.0000000000
18663  -42.789  -64.791  -28.357 0.0000000000
17755  -41.991  -66.024  -30.522 0.0000000000
18694  -42.666  -64.677  -30.608 0.0000000000
19666  -42.517  -63.365  -32.553 0.0000000000
19689  -41.397  -62.676  -35.264 0.0000000000
19690  -41.721  -61.600  -36.276 0.0000000000
20617  -41.154  -61.226  -36.522 0.0000000000
20616  -39.906  -61.743  -35.819 0.0000000000
134435  -36.021  -69.444  -27.064 0.0000000000
14087  -38.298  -70.043  -28.748 0.0000000000
17717  -37.950  -66.286  -28.208 0.0000000000
17693  -39.094  -65.413  -28.110 0.0000000000
132676  -36.398  -64.163  -25.591 0.0000000000
18599  -38.605  -63.818  -26.027 0.0000000000
18618  -40.695  -64.038  -26.937 0.0000000000
19572  -41.956  -63.169  -26.454 0.0000000000
20515  -42.608  -62.487  -26.559 0.0000000000
21437  -43.154  -60.605  -26.527 0.0000000000
14048  -35.372  -69.427  -25.748 0.0000000000
14899  -34.842  -67.858  -25.174 0.0000000000
135115  -33.882  -66.945  -24.592 0.0000000000
15807  -35.680  -68.045  -22.296 0.0000000000
16742  -33.859  -67.157  -22.285 0.0000000000
16763  -32.818  -65.860  -23.328 0.0000000000
125804  -31.790  -64.933  -21.484 0.0000000000
115052  -31.106  -63.814  -20.025 0.0000000000
19473  -30.635  -62.952  -18.512 0.0000000000
18511  -39.183  -64.899  -16.180 0.0000000000
18509  -37.398  -64.642  -16.493 0.0000000000
18507  -35.629  -64.275  -16.537 0.0000000000
20385  -35.962  -62.880  -13.060 0.0000000000
19420  -34.824  -63.345  -14.623 0.0000000000
19456  -34.354  -63.816  -16.199 0.0000000000
19454  -32.421  -63.502  -16.570 0.0000000000
20421  -31.123  -62.610  -16.400 0.0000000000
13249  -38.432  -69.918  -29.698 0.0000000000
14970  -37.840  -69.029  -30.776 0.0000000000
16855  -40.597  -66.078  -31.422 0.0000000000
17751  -37.189  -65.881  -30.813 0.0000000000
23176  -39.601  -59.473  -24.705 0.0000000000
22318  -41.992  -59.729  -25.740 0.0000000000
23207  -43.983  -58.317  -26.716 0.0000000000
25099  -43.350  -57.258  -27.063 0.0000000000
23241  -44.554  -59.348  -28.454 0.0000000000
21470  -42.300  -60.772  -30.017 0.0000000000
21508  -40.857  -61.282  -32.314 0.0000000000
21363  -30.525  -61.629  -18.390 0.0000000000
21372  -31.618  -61.266  -19.855 0.0000000000
12363  -36.160  -71.978  -29.709 0.0000000000
12348  -36.918  -71.289  -28.726 0.0000000000
20542  -44.917  -61.038  -28.896 0.0000000000
21472  -44.565  -61.323  -30.045 0.0000000000
21493  -44.741  -60.211  -30.573 0.0000000000
21492  -44.365  -60.247  -31.987 0.0000000000
22365  -44.709  -59.885  -30.038 0.0000000000
16778  -33.910  -66.080  -25.215 0.0000000000
130475  -34.917  -65.943  -26.089 0.0000000000
18595  -34.767  -64.945  -25.344 0.0000000000
20469  -37.038  -62.043  -22.742 0.0000000000
20478  -37.393  -62.577  -23.149 0.0000000000
21398  -37.633  -61.901  -23.163 0.0000000000
21409  -38.738  -62.043  -23.894 0.0000000000
21399  -38.205  -61.543  -23.641 0.0000000000
13127  -38.337  -70.637  -22.965 0.0000000000
14031  -37.543  -69.868  -23.091 0.0000000000
14030  -36.809  -69.562  -23.701 0.0000000000
14889  -37.131  -69.151  -23.116 0.0000000000
17585  -35.701  -65.105  -18.678 0.0000000000
128284  -34.768  -65.937  -19.409 0.0000000000
17584  -34.738  -65.287  -18.872 0.0000000000
17583  -33.642  -65.281  -18.861 0.0000000000
18540  -34.174  -64.807  -18.200 0.0000000000
21281  -38.858  -61.940  -10.812 0.0000000000
20340  -40.158  -62.274  -11.556 0.0000000000
129337  -39.375  -62.657  -12.264 0.0000000000
19387  -39.404  -62.940  -12.798 0.0000000000
20362  -38.841  -62.702  -12.289 0.0000000000
19386  -38.503  -63.061  -12.922 0.0000000000
20361  -38.014  -62.746  -12.331 0.0000000000
135572  -32.856  -60.891  -10.967 0.0000000000
20333  -33.157  -61.846  -11.864 0.0000000000
21310  -32.070  -61.892  -13.086 0.0000000000
22170  -31.833  -60.781  -11.814 0.0000000000
17720  -41.135  -66.336  -28.458 0.0000000000
15868  -41.288  -67.283  -28.907 0.0000000000
16819  -41.682  -66.639  -28.787 0.0000000000
130644  -40.677  -58.793  -26.756 0.0000000000
21446  -40.159  -61.181  -27.620 0.0000000000
19496  -32.573  -63.998  -22.369 0.0000000000
19497  -33.406  -63.583  -22.613 0.0000000000
19493  -33.007  -63.202  -21.926 0.0000000000
21381  -33.656  -61.385  -20.797 0.0000000000
20461  -33.991  -62.010  -21.273 0.0000000000
21387  -34.486  -61.250  -21.234 0.0000000000
17565  -37.627  -64.975  -17.957 0.0000000000
135687  -38.659  -60.792  -9.777 0.0000000000
21246  -37.922  -61.134  -9.809 0.0000000000
21264  -37.392  -61.671  -10.270 0.0000000000
21245  -36.942  -61.165  -9.662 0.0000000000
14117  -36.229  -69.858  -30.861 0.0000000000
18681  -42.985  -65.007  -28.904 0.0000000000
19634  -43.349  -63.892  -29.409 0.0000000000
19668  -43.568  -62.163  -32.186 0.0000000000
19667  -43.005  -63.439  -31.762 0.0000000000
19682  -43.245  -61.973  -33.083 0.0000000000
19680  -42.377  -62.312  -34.206 0.0000000000
121124  -42.817  -60.482  -34.122 0.0000000000
20611  -42.526  -60.597  -35.158 0.0000000000
21523  -42.089  -60.504  -34.769 0.0000000000
20609  -40.569  -61.223  -35.253 0.0000000000
21522  -41.387  -60.715  -34.961 0.0000000000
14922  -35.715  -68.701  -26.988 0.0000000000
14923  -36.698  -69.079  -27.555 0.0000000000
17718  -38.846  -66.198  -28.422 0.0000000000
18641  -38.454  -64.881  -27.456 0.0000000000
133832  -35.264  -63.577  -23.597 0.0000000000
19548  -36.033  -63.823  -24.945 0.0000000000
19530  -36.561  -63.484  -24.018 0.0000000000
118245  -38.537  -63.493  -25.247 0.0000000000
19569  -39.300  -63.853  -26.286 0.0000000000
18617  -39.755  -64.212  -26.889 0.0000000000
19570  -40.042  -63.647  -26.212 0.0000000000
18619  -41.669  -63.862  -27.009 0.0000000000
21422  -40.824  -61.554  -25.304 0.0000000000
20504  -41.756  -62.450  -25.944 0.0000000000
21423  -41.557  -61.641  -25.685 0.0000000000
123498  -43.271  -61.599  -26.786 0.0000000000
21424  -42.154  -60.694  -26.035 0.0000000000
126296  -35.532  -68.807  -24.470 0.0000000000
14900  -35.190  -68.604  -25.288 0.0000000000
14892  -35.045  -68.118  -24.550 0.0000000000
15821  -34.365  -67.434  -24.687 0.0000000000
15816  -34.689  -67.786  -23.845 0.0000000000
15781  -36.959  -67.871  -21.029 0.0000000000
15791  -36.297  -68.020  -21.661 0.0000000000
15780  -36.022  -67.643  -20.834 0.0000000000
118226  -33.838  -66.670  -20.582 0.0000000000
123980  -34.370  -67.254  -21.264 0.0000000000
16741  -33.461  -66.704  -21.614 0.0000000000
15805  -33.580  -66.960  -23.130 0.0000000000
16753  -33.043  -66.442  -22.691 0.0000000000
16752  -32.490  -65.624  -22.706 0.0000000000
16740  -32.626  -65.930  -21.081 0.0000000000
18551  -31.661  -64.776  -19.195 0.0000000000
17603  -31.614  -65.039  -20.034 0.0000000000
18550  -31.086  -64.041  -19.244 0.0000000000
19474  -30.898  -63.519  -18.539 0.0000000000
18493  -39.563  -64.543  -15.413 0.0000000000
19423  -37.715  -63.802  -14.268 0.0000000000
18491  -37.786  -64.497  -15.643 0.0000000000
18473  -37.302  -64.169  -14.981 0.0000000000
18490  -36.884  -64.374  -15.789 0.0000000000
19445  -36.443  -63.968  -15.124 0.0000000000
20318  -36.061  -62.009  -10.759 0.0000000000
134042  -36.467  -62.715  -12.529 0.0000000000
20359  -35.805  -62.540  -12.231 0.0000000000
20397  -34.229  -62.894  -14.013 0.0000000000
19400  -35.012  -63.137  -13.981 0.0000000000
19419  -33.978  -63.206  -14.855 0.0000000000
19443  -34.616  -63.586  -15.424 0.0000000000
19442  -33.733  -63.437  -15.634 0.0000000000
19455  -33.448  -63.654  -16.383 0.0000000000
20410  -33.083  -62.964  -15.101 0.0000000000
21324  -31.145  -61.622  -14.255 0.0000000000
20408  -31.371  -62.392  -15.622 0.0000000000
21335  -30.836  -61.726  -15.142 0.0000000000
20420  -30.661  -62.152  -16.613 0.0000000000
118956  -38.634  -69.411  -28.658 0.0000000000
13208  -38.601  -70.123  -29.062 0.0000000000
14103  -39.497  -69.288  -28.987 0.0000000000
15888  -39.729  -67.913  -30.780 0.0000000000
125436  -39.163  -68.439  -30.699 0.0000000000
122959  -38.323  -68.112  -30.755 0.0000000000
14969  -37.309  -68.127  -30.530 0.0000000000
125563  -37.453  -67.073  -30.442 0.0000000000
17772  -41.875  -65.481  -31.353 0.0000000000
16856  -41.338  -66.365  -31.020 0.0000000000
17782  -37.445  -65.279  -32.278 0.0000000000
17768  -37.734  -65.452  -31.262 0.0000000000
23159  -37.770  -59.603  -24.022 0.0000000000
23174  -37.833  -58.784  -24.127 0.0000000000
23191  -41.792  -58.725  -25.392 0.0000000000
23192  -42.939  -58.538  -26.065 0.0000000000
24123  -42.700  -57.652  -25.860 0.0000000000
23224  -42.677  -58.304  -27.521 0.0000000000
24156  -42.920  -57.263  -27.105 0.0000000000
23225  -43.941  -58.525  -27.713 0.0000000000
22338  -43.583  -59.370  -28.392 0.0000000000
21461  -43.156  -60.229  -29.554 0.0000000000
22350  -42.960  -60.194  -28.766 0.0000000000
116802  -40.569  -61.614  -30.283 0.0000000000
115542  -39.850  -61.662  -31.887 0.0000000000
19488  -31.285  -63.015  -20.328 0.0000000000
20459  -32.507  -62.773  -21.261 0.0000000000
20453  -31.746  -62.131  -20.328 0.0000000000
123644  -32.676  -61.481  -20.445 0.0000000000
22251  -32.463  -60.660  -20.188 0.0000000000
22980  -36.997  -59.678  -8.795 0.0000000000
134734  -36.989  -58.637  -8.369 0.0000000000
12380  -36.583  -70.952  -30.644 0.0000000000
19620  -43.734  -62.859  -28.434 0.0000000000
19635  -43.789  -63.156  -29.045 0.0000000000
20558  -44.486  -61.995  -29.141 0.0000000000
19648  -43.812  -62.358  -31.268 0.0000000000
20588  -44.160  -61.058  -32.216 0.0000000000
20600  -43.091  -60.743  -34.116 0.0000000000
21511  -44.153  -60.203  -32.794 0.0000000000
22383  -44.222  -59.976  -32.570 0.0000000000
21510  -43.853  -59.923  -32.891 0.0000000000
15836  -34.962  -67.203  -26.256 0.0000000000
130341  -35.180  -66.465  -26.428 0.0000000000
17670  -35.487  -65.756  -26.432 0.0000000000
18614  -36.304  -64.691  -26.225 0.0000000000
19500  -36.150  -62.874  -22.699 0.0000000000
19512  -37.684  -62.991  -23.497 0.0000000000
19513  -38.234  -63.092  -23.959 0.0000000000
19533  -39.580  -63.014  -24.793 0.0000000000
20503  -40.281  -62.717  -25.082 0.0000000000
20492  -39.679  -62.485  -24.599 0.0000000000
127994  -39.673  -61.482  -24.594 0.0000000000
22306  -40.305  -60.890  -25.105 0.0000000000
14893  -36.318  -68.917  -23.826 0.0000000000
122894  -36.464  -68.618  -23.242 0.0000000000
16720  -36.180  -66.335  -19.515 0.0000000000
16731  -35.644  -67.117  -20.165 0.0000000000
16719  -35.170  -66.487  -19.700 0.0000000000
16718  -34.358  -66.437  -19.836 0.0000000000
16717  -33.677  -66.244  -19.902 0.0000000000
16729  -33.114  -66.149  -20.383 0.0000000000
17605  -33.067  -65.732  -19.589 0.0000000000
17582  -32.590  -65.176  -18.934 0.0000000000
18520  -32.591  -64.340  -17.718 0.0000000000
19405  -39.858  -63.320  -13.455 0.0000000000
19425  -39.456  -63.722  -14.119 0.0000000000
18475  -39.059  -64.216  -14.763 0.0000000000
19424  -38.592  -63.799  -14.174 0.0000000000
19403  -38.115  -63.459  -13.571 0.0000000000
19402  -37.240  -63.437  -13.674 0.0000000000
21280  -34.305  -61.630  -10.778 0.0000000000
124899  -35.019  -62.356  -11.963 0.0000000000
20334  -34.121  -62.042  -11.650 0.0000000000
20357  -33.740  -62.250  -12.387 0.0000000000
20383  -33.439  -62.572  -13.618 0.0000000000
20395  -32.430  -62.547  -14.537 0.0000000000
20382  -32.658  -62.386  -13.713 0.0000000000
21308  -30.838  -61.041  -13.793 0.0000000000
15866  -40.069  -68.389  -28.796 0.0000000000
14940  -39.983  -68.802  -28.932 0.0000000000
14941  -40.383  -68.326  -28.945 0.0000000000
15889  -40.532  -67.799  -30.106 0.0000000000
134854  -40.067  -67.387  -30.974 0.0000000000
120251  -39.353  -64.510  -31.767 0.0000000000
25082  -39.362  -57.618  -25.854 0.0000000000
25083  -40.283  -57.281  -26.113 0.0000000000
25084  -41.416  -56.835  -26.388 0.0000000000
24139  -40.755  -57.884  -26.552 0.0000000000
23223  -41.185  -59.189  -27.168 0.0000000000
118152  -41.746  -59.745  -27.656 0.0000000000
21460  -41.918  -60.933  -28.762 0.0000000000
21468  -39.908  -61.852  -29.247 0.0000000000
117895  -39.641  -61.925  -30.196 0.0000000000
18566  -33.289  -64.764  -23.717 0.0000000000
18581  -34.375  -64.622  -24.672 0.0000000000
19508  -33.716  -63.958  -23.312 0.0000000000
19509  -34.572  -63.705  -23.456 0.0000000000
19510  -35.339  -63.335  -22.917 0.0000000000
20460  -33.353  -62.532  -21.478 0.0000000000
20466  -34.034  -62.764  -22.023 0.0000000000
19499  -35.133  -62.738  -22.385 0.0000000000
20467  -35.802  -62.105  -22.148 0.0000000000
21390  -35.930  -61.326  -22.107 0.0000000000
22279  -36.346  -60.889  -22.424 0.0000000000
14878  -37.875  -68.919  -22.491 0.0000000000
16733  -37.871  -67.030  -19.990 0.0000000000
134997  -37.797  -66.478  -19.493 0.0000000000
16721  -37.194  -66.479  -19.494 0.0000000000
17608  -36.863  -65.786  -18.980 0.0000000000
17586  -36.506  -65.142  -18.555 0.0000000000
18542  -36.069  -64.661  -18.139 0.0000000000
20320  -37.877  -62.116  -10.875 0.0000000000
20337  -37.492  -62.462  -11.611 0.0000000000
20319  -36.955  -62.125  -10.843 0.0000000000
124288  -35.747  -61.595  -10.113 0.0000000000
22130  -36.453  -60.471  -9.243 0.0000000000
22129  -35.484  -60.440  -9.325 0.0000000000
21262  -35.150  -61.762  -10.556 0.0000000000
136943  -34.381  -60.890  -9.876 0.0000000000
22127  -33.854  -60.349  -9.849 0.0000000000
22978  -33.215  -59.537  -9.936 0.0000000000
18662  -42.280  -65.252  -28.116 0.0000000000
16820  -42.135  -66.182  -28.819 0.0000000000
17738  -42.563  -65.725  -29.051 0.0000000000
17756  -42.366  -65.555  -29.969 0.0000000000
18714  -42.348  -64.569  -31.570 0.0000000000
18713  -41.904  -64.504  -32.054 0.0000000000
18726  -40.143  -63.534  -33.563 0.0000000000
20610  -42.106  -60.901  -35.800 0.0000000000
20618  -41.593  -61.165  -36.295 0.0000000000
19699  -40.475  -62.479  -37.326 0.0000000000
20619  -40.513  -61.911  -37.016 0.0000000000
19694  -39.287  -62.444  -36.218 0.0000000000
14072  -36.624  -70.002  -27.462 0.0000000000
13194  -36.998  -70.659  -28.166 0.0000000000
14073  -37.406  -69.963  -28.130 0.0000000000
14924  -37.748  -69.251  -28.269 0.0000000000
14938  -38.260  -68.472  -28.416 0.0000000000
15849  -37.547  -67.522  -28.190 0.0000000000
16816  -38.575  -66.966  -28.462 0.0000000000
16817  -39.740  -67.261  -28.624 0.0000000000
17719  -39.870  -66.181  -28.523 0.0000000000
17694  -40.155  -65.384  -28.126 0.0000000000
18582  -35.176  -64.213  -24.866 0.0000000000
18596  -35.634  -64.592  -25.629 0.0000000000
125748  -37.000  -63.581  -25.060 0.0000000000
18598  -37.835  -63.772  -25.633 0.0000000000
18616  -38.871  -64.324  -26.803 0.0000000000
18643  -40.428  -64.683  -27.552 0.0000000000
17695  -41.376  -65.415  -28.021 0.0000000000
18644  -41.483  -64.564  -27.560 0.0000000000
18645  -42.358  -64.326  -27.687 0.0000000000
19595  -43.026  -63.736  -27.880 0.0000000000
19552  -41.050  -62.931  -25.679 0.0000000000
19573  -42.839  -63.113  -27.129 0.0000000000
19596  -43.364  -62.888  -27.720 0.0000000000
20524  -43.965  -62.104  -27.996 0.0000000000
20517  -44.031  -61.372  -27.580 0.0000000000
21448  -44.726  -60.298  -28.001 0.0000000000
14071  -35.950  -70.094  -26.821 0.0000000000
127723  -35.614  -69.394  -26.515 0.0000000000
14910  -35.296  -68.651  -26.248 0.0000000000
14041  -35.452  -69.516  -24.948 0.0000000000
15827  -35.001  -67.918  -25.875 0.0000000000
15826  -34.569  -67.288  -25.497 0.0000000000
16774  -34.030  -66.759  -25.106 0.0000000000
16773  -33.594  -66.394  -24.510 0.0000000000
14877  -36.474  -68.332  -22.533 0.0000000000
14876  -35.968  -68.232  -23.048 0.0000000000
15779  -35.174  -67.458  -20.860 0.0000000000
15806  -34.776  -67.689  -22.084 0.0000000000
15817  -35.184  -67.959  -23.024 0.0000000000
15815  -33.819  -67.131  -23.952 0.0000000000
16764  -33.255  -66.429  -23.631 0.0000000000
17640  -33.199  -65.666  -23.967 0.0000000000
17639  -32.737  -65.175  -23.302 0.0000000000
17629  -32.385  -64.812  -22.635 0.0000000000
18556  -31.634  -64.264  -21.198 0.0000000000
17619  -32.290  -65.591  -20.381 0.0000000000
18554  -31.396  -64.417  -20.437 0.0000000000
121469  -31.391  -63.765  -20.636 0.0000000000
19482  -30.830  -63.161  -19.357 0.0000000000
20447  -30.639  -62.358  -18.855 0.0000000000
18492  -38.675  -64.553  -15.513 0.0000000000
18510  -38.287  -64.799  -16.314 0.0000000000
18526  -37.930  -64.920  -17.153 0.0000000000
18525  -37.101  -64.697  -17.371 0.0000000000
18508  -36.431  -64.472  -16.707 0.0000000000
18523  -35.626  -64.436  -17.353 0.0000000000
20360  -37.167  -62.735  -12.409 0.0000000000
19384  -36.807  -63.028  -13.096 0.0000000000
122755  -36.298  -63.347  -13.801 0.0000000000
129106  -35.290  -62.631  -12.765 0.0000000000
19401  -35.533  -63.087  -13.623 0.0000000000
137048  -36.135  -63.630  -14.555 0.0000000000
19444  -35.539  -63.708  -15.145 0.0000000000
19457  -35.175  -63.993  -15.990 0.0000000000
18522  -34.640  -64.402  -17.488 0.0000000000
18505  -34.062  -64.045  -16.909 0.0000000000
19464  -33.064  -63.927  -17.074 0.0000000000
19463  -32.007  -63.873  -17.264 0.0000000000
20409  -32.181  -62.732  -15.331 0.0000000000
20422  -31.849  -62.986  -16.089 0.0000000000
19453  -31.467  -63.268  -16.863 0.0000000000
20431  -30.842  -62.855  -17.167 0.0000000000
20430  -30.551  -62.329  -17.355 0.0000000000
132296  -37.584  -70.936  -28.952 0.0000000000
132501  -38.169  -70.334  -29.400 0.0000000000
14118  -37.391  -69.694  -30.699 0.0000000000
14121  -39.318  -69.307  -29.493 0.0000000000
14119  -38.124  -69.552  -30.494 0.0000000000
123367  -36.945  -69.158  -30.717 0.0000000000
14968  -35.806  -68.534  -30.284 0.0000000000
16845  -41.673  -66.717  -29.951 0.0000000000
16843  -40.585  -66.969  -30.955 0.0000000000
17754  -39.914  -66.648  -31.225 0.0000000000
17769  -38.619  -65.279  -31.159 0.0000000000
17752  -38.006  -65.874  -30.733 0.0000000000
22243  -31.784  -60.409  -19.793 0.0000000000
23132  -34.592  -59.944  -21.334 0.0000000000
22278  -35.678  -60.552  -21.988 0.0000000000
124768  -36.161  -60.186  -22.525 0.0000000000
22293  -36.764  -60.326  -23.129 0.0000000000
22295  -38.138  -60.454  -24.015 0.0000000000
117865  -38.905  -60.217  -24.477 0.0000000000
126405  -40.108  -59.999  -25.062 0.0000000000
24104  -39.497  -58.374  -24.442 0.0000000000
23177  -40.582  -59.211  -25.028 0.0000000000
22317  -40.938  -59.922  -25.313 0.0000000000
22327  -44.077  -59.293  -26.890 0.0000000000
22328  -44.445  -59.393  -27.667 0.0000000000
133503  -42.176  -56.826  -26.474 0.0000000000
25970  -42.279  -56.780  -26.326 0.0000000000
25071  -42.888  -57.196  -26.536 0.0000000000
24142  -44.138  -57.711  -27.044 0.0000000000
23226  -44.326  -59.088  -27.878 0.0000000000
23227  -44.983  -59.508  -28.773 0.0000000000
121775  -44.220  -59.683  -30.354 0.0000000000
21471  -43.632  -59.815  -30.875 0.0000000000
21490  -42.865  -60.227  -31.629 0.0000000000
21489  -41.458  -61.035  -31.626 0.0000000000
130922  -42.018  -60.545  -33.063 0.0000000000
20599  -39.905  -61.552  -33.715 0.0000000000
12365  -37.668  -70.674  -29.495 0.0000000000
12381  -37.206  -70.713  -30.190 0.0000000000
13193  -36.256  -70.658  -27.322 0.0000000000
13195  -37.768  -70.498  -28.678 0.0000000000
13207  -38.141  -70.518  -29.011 0.0000000000
13248  -37.734  -70.215  -30.179 0.0000000000
14088  -38.977  -69.662  -28.899 0.0000000000
14102  -39.009  -69.697  -29.215 0.0000000000
14120  -38.842  -69.458  -29.994 0.0000000000
14953  -39.753  -68.937  -29.402 0.0000000000
14954  -40.277  -68.467  -29.265 0.0000000000
14971  -38.602  -68.953  -30.629 0.0000000000
14972  -39.294  -68.988  -30.116 0.0000000000
15790  -35.460  -67.777  -21.495 0.0000000000
15864  -38.236  -67.549  -28.394 0.0000000000
15865  -39.096  -68.014  -28.569 0.0000000000
15867  -40.750  -67.766  -28.872 0.0000000000
15876  -40.784  -67.908  -29.075 0.0000000000
15886  -36.600  -67.157  -30.343 0.0000000000
15887  -39.006  -67.726  -30.881 0.0000000000
16815  -37.862  -66.925  -28.288 0.0000000000
16830  -41.772  -66.803  -29.033 0.0000000000
16841  -38.321  -66.779  -30.644 0.0000000000
16844  -41.124  -67.119  -30.335 0.0000000000
16846  -42.135  -66.215  -29.475 0.0000000000
17607  -35.465  -65.728  -19.216 0.0000000000
17609  -37.801  -65.945  -19.054 0.0000000000
17618  -31.625  -65.028  -20.845 0.0000000000
17622  -32.083  -65.435  -21.251 0.0000000000
17651  -34.072  -65.370  -25.030 0.0000000000
17657  -34.500  -65.711  -25.601 0.0000000000
17658  -35.181  -65.353  -25.897 0.0000000000
17671  -36.239  -65.435  -26.762 0.0000000000
17722  -42.483  -65.584  -28.634 0.0000000000
17753  -38.898  -66.039  -30.819 0.0000000000
17767  -36.880  -65.655  -31.483 0.0000000000
17770  -39.550  -65.363  -31.217 0.0000000000
17773  -42.271  -65.358  -30.879 0.0000000000
18489  -36.004  -64.169  -15.879 0.0000000000
18506  -34.929  -64.166  -16.760 0.0000000000
18521  -33.628  -64.387  -17.591 0.0000000000
18524  -36.419  -64.580  -17.583 0.0000000000
18537  -31.385  -64.170  -18.492 0.0000000000
18538  -32.115  -64.645  -18.386 0.0000000000
18557  -32.075  -64.504  -21.907 0.0000000000
18567  -34.024  -64.316  -23.979 0.0000000000
18580  -33.682  -65.077  -24.391 0.0000000000
18642  -39.410  -64.771  -27.555 0.0000000000
18712  -41.329  -64.260  -32.298 0.0000000000
18727  -42.018  -63.373  -33.131 0.0000000000
19421  -35.557  -63.397  -14.287 0.0000000000
19441  -32.781  -63.235  -15.839 0.0000000000
19461  -30.647  -63.014  -17.883 0.0000000000
19462  -31.184  -63.587  -17.740 0.0000000000
19492  -32.215  -63.666  -21.656 0.0000000000
19511  -36.941  -63.096  -23.246 0.0000000000
19529  -35.621  -63.669  -24.179 0.0000000000
19531  -37.482  -63.310  -23.937 0.0000000000
19550  -39.346  -63.431  -25.419 0.0000000000
19695  -41.219  -62.427  -36.642 0.0000000000
19696  -41.126  -61.760  -36.865 0.0000000000
19698  -39.998  -62.548  -37.598 0.0000000000
20339  -39.345  -62.397  -11.643 0.0000000000
20384  -34.881  -62.781  -13.355 0.0000000000
20394  -31.579  -62.246  -14.787 0.0000000000
20407  -30.839  -62.061  -15.944 0.0000000000
20454  -32.425  -62.203  -20.695 0.0000000000
20458  -31.904  -62.683  -20.745 0.0000000000
20468  -36.472  -62.294  -22.537 0.0000000000
20479  -38.151  -62.474  -23.570 0.0000000000
20516  -43.350  -62.354  -27.238 0.0000000000
20601  -43.853  -60.596  -33.150 0.0000000000
21243  -35.096  -61.162  -9.780 0.0000000000
21244  -36.014  -61.151  -9.636 0.0000000000
21261  -34.545  -61.325  -10.197 0.0000000000
21265  -38.760  -61.267  -10.173 0.0000000000
21295  -32.311  -61.579  -12.215 0.0000000000
21309  -31.384  -61.451  -13.460 0.0000000000
21371  -30.869  -61.489  -19.148 0.0000000000
21391  -36.442  -61.676  -22.406 0.0000000000
21410  -39.306  -62.034  -24.277 0.0000000000
21411  -40.246  -62.010  -24.811 0.0000000000
21436  -42.380  -61.668  -26.243 0.0000000000
21438  -43.964  -60.432  -27.256 0.0000000000
21449  -45.126  -60.093  -28.660 0.0000000000
21462  -44.801  -60.977  -28.423 0.0000000000
21463  -45.284  -60.134  -29.008 0.0000000000
21473  -44.996  -60.562  -29.442 0.0000000000
21488  -40.122  -61.641  -31.117 0.0000000000
21491  -44.065  -59.755  -31.927 0.0000000000
21507  -40.635  -61.254  -33.260 0.0000000000
21530  -41.723  -60.804  -35.944 0.0000000000
21531  -42.133  -60.600  -35.461 0.0000000000
22145  -33.130  -60.512  -10.468 0.0000000000
22146  -33.908  -61.058  -10.295 0.0000000000
22253  -33.965  -60.727  -20.823 0.0000000000
22267  -34.427  -60.512  -21.152 0.0000000000
22268  -34.975  -60.578  -21.474 0.0000000000
22294  -37.484  -61.032  -23.325 0.0000000000
22305  -39.552  -60.542  -24.716 0.0000000000
22319  -43.042  -59.564  -26.307 0.0000000000
22326  -40.156  -59.666  -26.801 0.0000000000
22339  -44.864  -59.626  -28.472 0.0000000000
22351  -44.263  -59.558  -29.281 0.0000000000
22352  -45.019  -59.529  -29.125 0.0000000000
22353  -45.151  -59.664  -29.169 0.0000000000
22366  -45.109  -59.937  -29.503 0.0000000000
22377  -44.414  -59.894  -31.551 0.0000000000
22392  -43.981  -60.092  -33.103 0.0000000000
23123  -34.067  -60.069  -20.945 0.0000000000
23133  -35.170  -59.846  -21.772 0.0000000000
23175  -38.572  -59.324  -24.389 0.0000000000
23206  -41.747  -57.997  -27.023 0.0000000000
23208  -44.329  -58.376  -27.230 0.0000000000
24121  -41.155  -58.245  -24.908 0.0000000000
24141  -43.513  -57.667  -26.612 0.0000000000
24157  -43.805  -57.519  -27.115 0.0000000000
25069  -40.882  -56.339  -26.067 0.0000000000
25085  -42.872  -57.113  -26.844 0.0000000000
25983  -41.690  -56.421  -26.167 0.0000000000
26910  -40.529  -55.387  -25.279 0.0000000000
117264  -41.268  -67.114  -28.773 0.0000000000
117487  -40.267  -64.682  -31.636 0.0000000000
117823  -39.758  -56.795  -25.730 0.0000000000
118024  -33.976  -62.531  -13.139 0.0000000000
118219  -44.277  -58.075  -27.160 0.0000000000
118897  -37.428  -60.138  -23.645 0.0000000000
122036  -32.151  -65.327  -21.977 0.0000000000
122787  -42.706  -65.180  -29.554 0.0000000000
126400  -34.066  -59.465  -9.397 0.0000000000
127171  -32.666  -66.081  -21.844 0.0000000000
127343  -34.266  -67.502  -23.037 0.0000000000
128103  -37.523  -66.342  -30.576 0.0000000000
129104  -42.946  -64.518  -29.774 0.0000000000
129715  -34.825  -62.045  -11.237 0.0000000000
129928  -43.926  -62.582  -30.033 0.0000000000
131687  -42.899  -59.166  -27.882 0.0000000000
132100  -42.420  -63.658  -27.211 0.0000000000
132124  -32.374  -65.733  -21.545 0.0000000000
133681  -31.312  -64.453  -19.796 0.0000000000
134326  -43.531  -57.384  -27.064 0.0000000000
135446  -34.926  -67.576  -21.399 0.0000000000
136768  -35.435  -62.834  -13.225 0.0000000000
136936  -37.257  -61.588  -23.008 0.0000000000
137564  -36.905  -70.305  -30.745 0.0000000000
137797  -39.751  -62.043  -24.513 0.0000000000
