#!ascii label  , from subject sub-v1s10x0051085_ses-1 vox2ras=TkReg
680
50704  30.076  -31.573  65.399 0.0000000000
63937  46.555  -18.453  41.697 0.0000000000
60818  56.412  -21.085  38.873 0.0000000000
59689  50.883  -22.758  52.498 0.0000000000
109738  36.468  -32.843  60.528 0.0000000000
48582  34.675  -33.602  65.750 0.0000000000
61805  51.635  -20.305  40.374 0.0000000000
64870  53.021  -16.725  44.933 0.0000000000
56878  47.329  -25.682  55.279 0.0000000000
49728  42.593  -31.567  60.906 0.0000000000
64012  59.016  -18.279  29.795 0.0000000000
61889  56.315  -19.899  35.135 0.0000000000
59729  45.626  -22.374  48.755 0.0000000000
64814  48.515  -16.529  47.992 0.0000000000
50739  33.476  -31.733  63.090 0.0000000000
49631  32.321  -32.245  66.554 0.0000000000
62906  48.843  -19.169  41.331 0.0000000000
63921  52.252  -18.006  42.757 0.0000000000
64903  49.301  -17.899  43.124 0.0000000000
116124  47.836  -31.517  55.028 0.0000000000
49681  38.931  -32.179  63.358 0.0000000000
49731  39.856  -32.185  60.425 0.0000000000
47604  41.129  -34.040  62.652 0.0000000000
64014  57.587  -17.931  30.133 0.0000000000
61931  59.105  -19.830  31.246 0.0000000000
63989  58.562  -18.965  32.376 0.0000000000
60842  53.705  -20.823  37.457 0.0000000000
61883  53.269  -20.821  35.072 0.0000000000
61873  57.135  -20.265  36.985 0.0000000000
60892  57.626  -21.001  35.477 0.0000000000
59867  56.455  -22.079  36.850 0.0000000000
57806  49.216  -24.613  54.443 0.0000000000
57840  46.574  -24.221  51.613 0.0000000000
59709  48.298  -22.051  51.754 0.0000000000
115773  47.144  -19.904  48.453 0.0000000000
62785  50.620  -18.914  51.315 0.0000000000
64781  51.221  -17.003  49.674 0.0000000000
121017  51.760  -21.958  49.919 0.0000000000
49684  35.965  -31.891  63.184 0.0000000000
60821  51.440  -21.212  38.532 0.0000000000
61824  54.872  -20.465  39.827 0.0000000000
125551  55.144  -19.819  42.306 0.0000000000
61751  54.700  -19.403  44.138 0.0000000000
52877  45.004  -29.812  58.111 0.0000000000
53838  48.118  -28.923  57.443 0.0000000000
53866  49.550  -28.203  55.395 0.0000000000
55893  50.443  -26.731  52.855 0.0000000000
119578  50.151  -25.486  50.221 0.0000000000
50798  42.504  -31.252  58.059 0.0000000000
49726  44.548  -32.438  60.226 0.0000000000
123963  59.076  -19.961  27.788 0.0000000000
62965  55.351  -19.692  33.126 0.0000000000
61897  58.034  -20.222  34.401 0.0000000000
110693  55.636  -22.290  33.250 0.0000000000
65786  46.519  -16.576  44.639 0.0000000000
65771  50.243  -15.174  46.100 0.0000000000
63857  51.997  -16.979  47.028 0.0000000000
49620  29.932  -33.019  66.306 0.0000000000
49632  31.418  -32.211  66.415 0.0000000000
49619  31.766  -33.045  66.639 0.0000000000
62907  47.934  -19.020  41.088 0.0000000000
63923  48.803  -18.393  42.305 0.0000000000
63924  47.809  -18.211  42.304 0.0000000000
48603  40.075  -33.501  63.485 0.0000000000
63997  56.163  -18.784  30.826 0.0000000000
63995  57.952  -18.451  31.631 0.0000000000
63996  56.881  -18.633  31.619 0.0000000000
61848  55.654  -20.384  38.558 0.0000000000
61865  55.247  -20.369  37.587 0.0000000000
61863  56.930  -20.462  37.530 0.0000000000
60860  57.270  -20.750  37.228 0.0000000000
58774  50.036  -23.634  53.576 0.0000000000
58782  48.923  -22.862  53.404 0.0000000000
60681  49.795  -21.797  52.829 0.0000000000
61704  49.445  -20.693  51.760 0.0000000000
60689  51.254  -21.138  52.101 0.0000000000
61708  51.742  -19.741  51.327 0.0000000000
59699  51.547  -22.184  51.124 0.0000000000
50737  35.339  -31.733  63.841 0.0000000000
49649  35.805  -32.358  65.266 0.0000000000
49648  36.653  -32.414  64.791 0.0000000000
61807  49.799  -20.180  40.191 0.0000000000
60803  49.944  -20.856  38.701 0.0000000000
61827  51.214  -20.644  39.718 0.0000000000
61850  52.739  -20.777  39.273 0.0000000000
61804  52.668  -20.226  40.429 0.0000000000
61790  54.784  -19.941  41.359 0.0000000000
61791  53.435  -19.686  41.218 0.0000000000
63910  53.040  -17.335  43.571 0.0000000000
63919  54.595  -18.442  43.641 0.0000000000
63896  54.227  -18.103  44.671 0.0000000000
130632  53.715  -19.478  44.657 0.0000000000
63897  53.902  -18.017  45.159 0.0000000000
51802  46.558  -30.545  58.905 0.0000000000
52875  46.646  -29.158  58.107 0.0000000000
50783  47.393  -30.997  58.091 0.0000000000
52895  49.216  -29.703  55.713 0.0000000000
54866  49.979  -27.635  54.103 0.0000000000
49730  40.804  -31.830  60.734 0.0000000000
49747  41.325  -31.599  59.279 0.0000000000
50773  42.229  -31.317  59.952 0.0000000000
50771  43.579  -31.128  59.867 0.0000000000
50759  43.396  -31.621  60.621 0.0000000000
65006  57.910  -17.461  29.454 0.0000000000
63020  59.249  -19.185  28.300 0.0000000000
61922  58.743  -20.364  31.816 0.0000000000
112983  54.384  -20.503  35.093 0.0000000000
61892  52.831  -20.661  34.076 0.0000000000
61890  55.046  -20.258  34.620 0.0000000000
126383  53.801  -20.222  32.779 0.0000000000
61898  55.781  -19.867  34.131 0.0000000000
62963  57.615  -19.534  34.190 0.0000000000
62957  57.613  -19.924  34.962 0.0000000000
59898  56.320  -22.172  35.377 0.0000000000
59897  56.931  -21.646  34.893 0.0000000000
55856  46.477  -26.859  55.558 0.0000000000
55883  45.962  -26.577  53.651 0.0000000000
58807  45.897  -23.379  50.006 0.0000000000
57852  45.575  -24.336  50.349 0.0000000000
63840  47.474  -18.132  47.875 0.0000000000
62831  46.059  -19.316  47.021 0.0000000000
64834  46.317  -17.343  46.234 0.0000000000
64854  45.644  -16.811  44.955 0.0000000000
65760  47.238  -16.277  45.816 0.0000000000
123936  48.449  -15.969  45.437 0.0000000000
65740  49.160  -15.754  47.542 0.0000000000
128152  51.463  -19.782  48.623 0.0000000000
63838  51.514  -17.071  48.102 0.0000000000
62824  50.934  -18.998  47.301 0.0000000000
62829  50.716  -19.110  46.455 0.0000000000
50716  33.410  -31.178  65.588 0.0000000000
49630  33.185  -32.581  66.420 0.0000000000
48568  33.916  -33.888  65.886 0.0000000000
48569  32.898  -33.565  66.290 0.0000000000
62920  50.239  -19.793  40.813 0.0000000000
62903  51.816  -19.227  41.453 0.0000000000
62889  50.374  -18.652  41.843 0.0000000000
63922  51.038  -18.098  42.545 0.0000000000
64890  51.171  -17.007  43.956 0.0000000000
49695  37.840  -32.336  61.934 0.0000000000
109404  38.150  -32.669  60.302 0.0000000000
49693  39.683  -31.993  62.052 0.0000000000
49692  40.726  -32.256  62.539 0.0000000000
49691  41.969  -32.955  61.935 0.0000000000
48614  42.702  -33.540  61.463 0.0000000000
47625  42.016  -35.209  61.474 0.0000000000
64013  58.418  -17.840  30.040 0.0000000000
63001  59.163  -19.306  30.302 0.0000000000
62992  59.086  -19.058  31.141 0.0000000000
62982  59.023  -19.278  31.884 0.0000000000
61911  58.766  -20.129  32.870 0.0000000000
60862  52.173  -21.363  36.688 0.0000000000
61876  54.140  -20.668  36.726 0.0000000000
61875  55.479  -20.312  36.663 0.0000000000
61880  56.835  -19.944  35.936 0.0000000000
116090  57.567  -20.120  35.582 0.0000000000
113604  57.401  -20.620  36.733 0.0000000000
59886  56.654  -21.946  36.166 0.0000000000
56877  47.845  -25.041  55.115 0.0000000000
56891  46.977  -25.254  53.859 0.0000000000
57830  47.656  -23.891  53.088 0.0000000000
58792  47.462  -23.004  51.798 0.0000000000
59720  46.580  -22.155  49.833 0.0000000000
60717  46.619  -21.185  48.779 0.0000000000
60708  47.653  -21.040  50.084 0.0000000000
117293  48.379  -19.699  49.982 0.0000000000
63810  49.493  -17.785  50.221 0.0000000000
65726  49.650  -16.315  48.644 0.0000000000
63796  51.039  -18.000  51.070 0.0000000000
118323  52.019  -19.150  50.273 0.0000000000
60715  51.190  -21.457  48.666 0.0000000000
49699  33.679  -32.457  61.497 0.0000000000
49698  35.090  -32.614  61.593 0.0000000000
49683  36.616  -32.178  62.583 0.0000000000
110553  37.507  -31.925  63.602 0.0000000000
48579  37.962  -33.275  64.502 0.0000000000
60820  52.369  -21.147  38.447 0.0000000000
61849  53.497  -20.740  38.766 0.0000000000
109409  55.631  -20.572  39.241 0.0000000000
125345  55.417  -20.699  39.927 0.0000000000
61788  55.431  -20.831  41.622 0.0000000000
60771  55.361  -21.059  42.192 0.0000000000
62886  54.065  -18.771  42.715 0.0000000000
62885  55.206  -19.713  43.067 0.0000000000
51829  44.545  -30.092  57.147 0.0000000000
113692  45.715  -28.686  57.092 0.0000000000
54832  46.021  -28.009  56.821 0.0000000000
54831  47.259  -27.481  56.834 0.0000000000
51827  48.929  -30.280  56.530 0.0000000000
53867  49.221  -28.742  56.043 0.0000000000
115230  48.826  -27.023  55.787 0.0000000000
55867  49.329  -25.884  54.967 0.0000000000
56889  50.410  -25.652  53.689 0.0000000000
56901  50.892  -25.423  52.362 0.0000000000
57850  51.146  -24.357  50.846 0.0000000000
55916  49.971  -26.388  51.140 0.0000000000
51817  43.996  -30.456  58.714 0.0000000000
51794  44.852  -30.579  59.439 0.0000000000
49746  45.818  -32.353  59.271 0.0000000000
48626  43.969  -33.356  60.675 0.0000000000
113159  44.808  -34.262  59.255 0.0000000000
119999  59.194  -19.333  27.368 0.0000000000
62984  55.827  -19.130  31.670 0.0000000000
62975  57.412  -19.131  33.205 0.0000000000
62974  58.187  -19.498  33.671 0.0000000000
122859  58.131  -20.789  33.025 0.0000000000
60891  57.723  -20.606  34.979 0.0000000000
59911  57.231  -21.463  34.113 0.0000000000
60919  56.541  -21.785  33.132 0.0000000000
56903  46.031  -25.773  52.298 0.0000000000
123741  44.527  -17.396  42.697 0.0000000000
64906  46.367  -17.416  42.755 0.0000000000
64893  47.590  -17.092  43.640 0.0000000000
65784  49.937  -15.921  45.339 0.0000000000
122382  51.776  -15.792  45.835 0.0000000000
65738  51.094  -16.082  47.983 0.0000000000
65755  52.024  -16.155  46.728 0.0000000000
64852  52.595  -16.708  46.093 0.0000000000
62839  51.872  -18.663  45.531 0.0000000000
58804  51.094  -23.793  50.161 0.0000000000
58825  50.800  -23.475  49.144 0.0000000000
112173  29.526  -32.446  65.797 0.0000000000
49633  30.440  -32.246  66.157 0.0000000000
62908  47.078  -19.148  41.272 0.0000000000
63936  47.417  -18.589  41.697 0.0000000000
63925  46.854  -17.893  42.135 0.0000000000
62993  55.329  -19.233  30.841 0.0000000000
61847  56.288  -20.598  38.693 0.0000000000
61864  56.435  -20.375  38.019 0.0000000000
60817  56.718  -20.729  38.097 0.0000000000
60841  57.049  -20.838  37.698 0.0000000000
59832  56.784  -21.150  38.126 0.0000000000
58780  50.730  -23.656  52.950 0.0000000000
59690  50.246  -22.437  52.967 0.0000000000
60680  50.732  -21.843  52.538 0.0000000000
60690  50.279  -21.163  52.420 0.0000000000
59700  51.282  -21.886  51.968 0.0000000000
58791  51.312  -22.911  51.530 0.0000000000
50699  34.522  -32.040  65.958 0.0000000000
49650  35.039  -31.898  65.456 0.0000000000
48567  34.985  -32.595  65.724 0.0000000000
48581  35.483  -33.307  65.490 0.0000000000
61806  50.696  -20.286  40.297 0.0000000000
61828  50.298  -20.538  39.542 0.0000000000
114748  52.156  -20.640  39.837 0.0000000000
62918  52.209  -19.780  40.942 0.0000000000
64888  53.351  -17.133  44.398 0.0000000000
63909  54.032  -17.687  44.142 0.0000000000
64869  53.644  -17.377  45.017 0.0000000000
50784  46.886  -31.629  58.415 0.0000000000
49761  47.415  -31.743  57.680 0.0000000000
49710  41.807  -31.823  61.421 0.0000000000
115053  40.850  -31.815  59.723 0.0000000000
49729  41.588  -31.587  60.372 0.0000000000
50772  42.994  -31.288  60.316 0.0000000000
65005  58.563  -17.571  29.261 0.0000000000
65015  58.177  -17.029  28.753 0.0000000000
64022  59.098  -18.160  28.906 0.0000000000
63012  59.245  -19.193  29.249 0.0000000000
62958  56.961  -19.605  34.693 0.0000000000
61888  57.264  -19.895  35.527 0.0000000000
59899  55.299  -22.676  34.874 0.0000000000
130838  55.982  -22.309  34.567 0.0000000000
127898  46.806  -26.285  55.182 0.0000000000
55868  46.247  -26.759  54.590 0.0000000000
55882  46.716  -25.944  54.390 0.0000000000
58816  45.998  -22.602  49.492 0.0000000000
58817  45.361  -23.074  49.198 0.0000000000
64801  48.019  -17.376  48.177 0.0000000000
63841  47.045  -17.915  47.301 0.0000000000
64815  47.643  -17.097  47.386 0.0000000000
131770  46.868  -16.674  46.100 0.0000000000
64833  47.495  -16.459  46.484 0.0000000000
65759  47.993  -15.890  46.255 0.0000000000
65741  48.206  -16.010  47.049 0.0000000000
62813  51.368  -18.879  48.224 0.0000000000
117995  50.824  -19.857  47.735 0.0000000000
61733  50.293  -19.858  46.896 0.0000000000
50702  31.984  -31.441  66.071 0.0000000000
50717  32.533  -31.040  65.467 0.0000000000
50701  32.907  -31.591  66.221 0.0000000000
50700  33.805  -31.820  66.130 0.0000000000
48550  32.481  -33.015  66.562 0.0000000000
62922  48.436  -19.581  40.643 0.0000000000
61809  48.007  -20.046  40.101 0.0000000000
62921  49.326  -19.689  40.737 0.0000000000
62905  49.803  -19.264  41.339 0.0000000000
62904  50.778  -19.237  41.367 0.0000000000
112629  49.894  -18.279  42.423 0.0000000000
63912  50.465  -17.723  43.193 0.0000000000
63911  51.763  -17.455  43.299 0.0000000000
64891  49.836  -17.204  43.787 0.0000000000
49682  38.202  -32.025  63.043 0.0000000000
49694  38.753  -32.126  62.261 0.0000000000
126079  39.465  -32.061  62.982 0.0000000000
48602  40.779  -33.229  63.038 0.0000000000
48601  41.370  -33.020  62.569 0.0000000000
125929  41.629  -33.811  62.260 0.0000000000
47615  42.110  -34.186  61.751 0.0000000000
64015  56.559  -18.395  30.111 0.0000000000
64003  58.843  -18.453  30.625 0.0000000000
64004  58.154  -18.178  30.806 0.0000000000
63994  58.638  -18.689  31.441 0.0000000000
131992  58.868  -19.539  32.519 0.0000000000
60843  52.443  -21.294  37.455 0.0000000000
60861  53.011  -21.103  36.754 0.0000000000
110662  56.575  -20.232  37.311 0.0000000000
61874  56.732  -20.063  36.587 0.0000000000
61879  57.317  -20.210  36.235 0.0000000000
59866  57.277  -21.268  36.716 0.0000000000
59887  55.569  -22.581  35.918 0.0000000000
57807  48.319  -24.407  54.622 0.0000000000
57820  47.979  -24.016  54.024 0.0000000000
59701  48.855  -22.068  52.599 0.0000000000
58783  48.082  -23.153  52.725 0.0000000000
129009  47.675  -22.486  51.529 0.0000000000
58805  47.077  -22.699  51.145 0.0000000000
59710  47.548  -22.021  51.036 0.0000000000
59719  47.182  -21.750  50.286 0.0000000000
60700  47.803  -21.432  50.704 0.0000000000
61709  50.157  -19.819  51.586 0.0000000000
61710  49.101  -20.169  51.149 0.0000000000
62786  49.289  -19.346  50.853 0.0000000000
62800  48.777  -18.733  49.988 0.0000000000
62799  49.947  -18.243  50.835 0.0000000000
63809  50.432  -17.486  50.535 0.0000000000
110355  51.925  -20.634  51.268 0.0000000000
113309  51.916  -18.945  50.921 0.0000000000
61714  52.031  -20.078  50.513 0.0000000000
61721  51.950  -19.928  49.566 0.0000000000
60705  51.828  -21.104  49.575 0.0000000000
50740  32.564  -31.695  62.868 0.0000000000
50750  33.133  -32.125  62.140 0.0000000000
49685  34.976  -32.132  62.608 0.0000000000
122046  35.705  -32.395  62.256 0.0000000000
110537  37.437  -32.163  62.549 0.0000000000
113708  36.722  -31.882  63.633 0.0000000000
60802  50.878  -20.901  38.974 0.0000000000
60844  51.497  -21.441  37.869 0.0000000000
61825  53.783  -20.503  39.546 0.0000000000
110049  54.717  -20.481  39.067 0.0000000000
61789  55.241  -20.429  41.472 0.0000000000
62884  55.310  -20.391  42.281 0.0000000000
62887  52.709  -18.772  42.235 0.0000000000
62871  54.922  -19.006  43.785 0.0000000000
61765  55.003  -19.882  43.581 0.0000000000
117924  45.100  -29.398  57.240 0.0000000000
53839  47.072  -28.637  57.685 0.0000000000
53840  46.239  -28.606  57.590 0.0000000000
53854  46.567  -28.036  57.219 0.0000000000
126907  46.466  -27.592  56.666 0.0000000000
121883  47.461  -28.189  57.298 0.0000000000
50810  48.214  -31.426  56.586 0.0000000000
50822  48.305  -31.385  55.868 0.0000000000
52894  49.408  -28.904  55.297 0.0000000000
54841  48.970  -27.858  55.984 0.0000000000
127894  49.497  -27.552  55.463 0.0000000000
55854  48.658  -26.215  55.512 0.0000000000
55853  49.673  -26.848  55.148 0.0000000000
54878  50.090  -27.450  53.253 0.0000000000
55881  50.268  -27.019  53.717 0.0000000000
56888  50.734  -25.079  53.216 0.0000000000
55892  50.604  -26.115  52.200 0.0000000000
56915  50.725  -25.623  51.533 0.0000000000
55903  50.235  -26.602  51.938 0.0000000000
49732  39.062  -32.461  60.298 0.0000000000
123101  38.566  -32.738  59.402 0.0000000000
49750  39.346  -32.494  59.485 0.0000000000
50812  42.671  -31.460  56.812 0.0000000000
50797  43.464  -30.861  57.733 0.0000000000
49727  44.122  -31.715  60.311 0.0000000000
50770  44.442  -31.181  59.793 0.0000000000
128979  44.715  -31.805  59.996 0.0000000000
50769  45.324  -31.453  59.671 0.0000000000
49725  45.156  -32.398  59.758 0.0000000000
47623  43.583  -34.170  60.710 0.0000000000
110378  45.129  -34.315  58.453 0.0000000000
61966  58.885  -20.200  27.030 0.0000000000
113328  59.026  -20.119  30.328 0.0000000000
60878  52.333  -21.092  35.558 0.0000000000
61912  54.418  -19.914  32.562 0.0000000000
62977  55.085  -19.536  32.199 0.0000000000
62983  56.743  -18.911  32.324 0.0000000000
62976  56.113  -19.309  32.688 0.0000000000
62962  58.017  -19.865  34.386 0.0000000000
61910  58.387  -19.893  33.730 0.0000000000
119946  58.240  -20.447  33.682 0.0000000000
60875  57.594  -20.438  35.650 0.0000000000
59912  56.245  -22.072  33.951 0.0000000000
57831  46.925  -24.444  52.502 0.0000000000
111283  46.632  -25.175  52.870 0.0000000000
56902  46.311  -25.014  51.940 0.0000000000
61724  46.633  -20.508  48.223 0.0000000000
63880  45.089  -18.265  45.853 0.0000000000
65787  45.860  -16.705  44.444 0.0000000000
65801  44.679  -17.121  43.518 0.0000000000
65800  45.490  -16.863  43.811 0.0000000000
64907  45.466  -17.284  42.858 0.0000000000
64894  46.672  -16.967  43.509 0.0000000000
65798  46.880  -16.541  44.256 0.0000000000
120094  49.303  -15.454  45.978 0.0000000000
65783  51.262  -16.147  45.116 0.0000000000
125203  50.982  -15.500  45.755 0.0000000000
64799  50.574  -16.594  49.373 0.0000000000
65725  50.616  -16.215  48.596 0.0000000000
64798  51.001  -16.526  48.869 0.0000000000
64813  51.581  -16.387  47.531 0.0000000000
65769  52.333  -16.121  46.061 0.0000000000
122919  52.459  -17.708  46.160 0.0000000000
62840  50.824  -19.192  45.690 0.0000000000
56927  50.684  -25.087  50.679 0.0000000000
57863  50.794  -24.400  50.123 0.0000000000
50703  31.026  -31.437  65.754 0.0000000000
48552  30.743  -33.238  66.518 0.0000000000
62923  47.551  -19.691  40.709 0.0000000000
63934  49.407  -18.755  41.809 0.0000000000
63935  48.255  -18.712  41.729 0.0000000000
64904  48.248  -17.783  42.993 0.0000000000
47594  39.353  -33.565  63.853 0.0000000000
49680  39.577  -32.670  63.606 0.0000000000
47605  40.467  -34.330  63.041 0.0000000000
64005  57.172  -18.330  30.854 0.0000000000
63990  57.708  -18.741  32.411 0.0000000000
109423  54.340  -20.566  38.245 0.0000000000
59849  56.923  -21.353  37.542 0.0000000000
57818  50.139  -24.609  53.950 0.0000000000
58775  49.199  -23.205  53.786 0.0000000000
59681  49.742  -22.914  53.389 0.0000000000
59691  49.376  -22.375  53.114 0.0000000000
60691  49.131  -21.442  52.269 0.0000000000
60699  48.406  -21.433  51.364 0.0000000000
122938  50.937  -20.438  52.059 0.0000000000
61703  51.366  -19.699  51.607 0.0000000000
61702  51.611  -20.457  51.748 0.0000000000
60688  51.681  -21.186  51.655 0.0000000000
60698  51.796  -21.600  50.760 0.0000000000
50738  34.388  -31.734  63.392 0.0000000000
50725  34.669  -31.474  64.642 0.0000000000
50724  35.649  -31.762  64.897 0.0000000000
49667  36.284  -31.834  64.288 0.0000000000
49666  37.051  -31.988  64.293 0.0000000000
61829  49.412  -20.366  39.408 0.0000000000
60801  51.805  -20.946  39.142 0.0000000000
61826  53.001  -20.480  39.894 0.0000000000
61803  53.954  -20.214  40.402 0.0000000000
62901  54.388  -19.382  42.110 0.0000000000
63920  53.580  -18.047  43.178 0.0000000000
63908  54.547  -18.398  44.203 0.0000000000
62853  54.609  -18.716  44.335 0.0000000000
131435  54.421  -19.159  44.438 0.0000000000
62854  54.112  -18.863  44.701 0.0000000000
62855  53.337  -19.129  44.918 0.0000000000
52866  45.549  -29.912  58.836 0.0000000000
52876  45.765  -29.230  58.043 0.0000000000
52865  46.323  -29.667  58.577 0.0000000000
51815  47.173  -30.011  58.347 0.0000000000
52874  47.633  -29.497  57.837 0.0000000000
51848  48.445  -30.982  55.176 0.0000000000
53878  49.658  -28.403  54.585 0.0000000000
54840  49.926  -27.650  54.934 0.0000000000
53887  49.665  -28.138  53.623 0.0000000000
110318  40.125  -32.162  59.577 0.0000000000
49748  40.422  -32.110  58.653 0.0000000000
109554  41.096  -31.844  58.161 0.0000000000
50799  41.902  -31.392  58.771 0.0000000000
50787  42.747  -31.057  59.404 0.0000000000
50786  43.380  -30.769  58.955 0.0000000000
49708  43.888  -32.447  60.706 0.0000000000
65014  58.781  -17.241  28.491 0.0000000000
61891  53.873  -20.504  34.273 0.0000000000
61900  53.407  -20.449  33.371 0.0000000000
61899  54.496  -20.173  33.528 0.0000000000
62964  56.572  -19.446  33.708 0.0000000000
54844  46.034  -27.596  56.000 0.0000000000
57851  46.234  -23.867  50.805 0.0000000000
57841  45.972  -24.737  51.096 0.0000000000
57864  45.095  -23.886  49.649 0.0000000000
62815  47.422  -19.048  48.333 0.0000000000
62816  46.694  -19.735  47.793 0.0000000000
62825  46.838  -18.786  47.522 0.0000000000
63859  46.467  -18.196  46.885 0.0000000000
64835  45.631  -17.327  45.689 0.0000000000
64855  44.908  -17.350  45.170 0.0000000000
64853  46.434  -16.703  45.466 0.0000000000
65774  46.910  -16.453  45.236 0.0000000000
65785  47.281  -16.306  45.020 0.0000000000
65773  47.685  -16.046  45.716 0.0000000000
65772  48.597  -15.652  46.124 0.0000000000
65757  49.792  -15.283  47.046 0.0000000000
62812  51.821  -18.592  49.492 0.0000000000
63824  51.496  -17.445  49.217 0.0000000000
63825  51.573  -17.898  48.646 0.0000000000
63839  51.505  -17.949  47.741 0.0000000000
63858  51.498  -18.212  46.824 0.0000000000
50727  32.987  -31.160  63.957 0.0000000000
125717  33.006  -30.933  64.888 0.0000000000
50726  33.732  -31.120  64.792 0.0000000000
49629  34.130  -32.815  66.068 0.0000000000
112050  33.520  -33.398  66.162 0.0000000000
47571  33.302  -34.015  65.978 0.0000000000
48551  32.138  -33.784  66.381 0.0000000000
62919  51.187  -19.821  40.867 0.0000000000
62888  51.449  -18.621  41.981 0.0000000000
64889  52.516  -16.917  44.097 0.0000000000
49776  47.047  -32.663  56.940 0.0000000000
49713  37.458  -32.635  60.909 0.0000000000
49733  37.180  -32.922  59.909 0.0000000000
109801  38.213  -32.423  61.295 0.0000000000
49712  38.890  -32.284  61.180 0.0000000000
124390  39.551  -32.154  61.064 0.0000000000
49679  40.183  -32.419  63.129 0.0000000000
49711  40.291  -31.978  61.465 0.0000000000
110120  41.257  -32.003  61.980 0.0000000000
49709  42.630  -32.436  61.468 0.0000000000
47624  42.812  -34.615  61.157 0.0000000000
61921  59.044  -19.855  32.133 0.0000000000
60917  58.041  -20.875  32.225 0.0000000000
127347  52.456  -21.224  36.216 0.0000000000
60877  53.246  -20.977  36.028 0.0000000000
61882  54.313  -20.543  35.887 0.0000000000
61881  55.620  -20.203  35.716 0.0000000000
60876  57.546  -20.831  36.188 0.0000000000
59885  57.229  -21.418  35.867 0.0000000000
56864  47.778  -25.740  55.607 0.0000000000
109391  47.341  -25.237  54.767 0.0000000000
56890  47.645  -24.708  54.398 0.0000000000
57821  47.287  -24.595  53.442 0.0000000000
58776  48.478  -23.397  53.673 0.0000000000
57839  47.219  -23.681  52.144 0.0000000000
58793  46.827  -23.417  51.330 0.0000000000
127703  46.368  -22.725  50.082 0.0000000000
60718  45.913  -21.696  48.393 0.0000000000
60709  46.898  -21.506  49.568 0.0000000000
60716  47.214  -20.929  49.370 0.0000000000
61723  47.198  -20.445  48.907 0.0000000000
60707  48.408  -20.850  50.897 0.0000000000
61716  47.759  -20.361  49.620 0.0000000000
62801  47.820  -19.581  49.176 0.0000000000
62814  48.138  -18.699  49.106 0.0000000000
63827  48.030  -18.091  48.619 0.0000000000
64800  48.727  -17.118  48.852 0.0000000000
64783  49.765  -17.024  49.746 0.0000000000
64782  50.707  -17.004  50.110 0.0000000000
63808  51.205  -17.477  50.545 0.0000000000
62784  51.542  -18.817  51.227 0.0000000000
62783  51.632  -18.139  50.874 0.0000000000
62798  51.898  -18.435  50.489 0.0000000000
131844  51.559  -20.623  48.894 0.0000000000
49686  33.990  -32.168  62.397 0.0000000000
49714  35.245  -32.838  60.692 0.0000000000
49697  35.966  -32.661  61.394 0.0000000000
49696  36.959  -32.528  61.634 0.0000000000
109570  38.353  -32.172  63.945 0.0000000000
49647  37.642  -32.372  64.408 0.0000000000
127990  38.365  -32.702  64.290 0.0000000000
60819  53.238  -20.971  38.067 0.0000000000
61823  55.888  -20.832  39.481 0.0000000000
60800  55.668  -21.289  39.820 0.0000000000
61801  55.485  -20.912  40.641 0.0000000000
61802  55.085  -20.420  40.596 0.0000000000
62902  52.673  -19.341  41.557 0.0000000000
122932  53.410  -19.210  41.985 0.0000000000
121168  54.971  -19.152  43.088 0.0000000000
61779  55.209  -20.519  42.907 0.0000000000
130723  44.674  -29.798  56.429 0.0000000000
118058  45.549  -28.407  56.133 0.0000000000
54843  46.738  -27.048  56.248 0.0000000000
55855  47.164  -26.283  55.879 0.0000000000
50796  47.941  -31.331  57.279 0.0000000000
51828  48.527  -30.815  56.962 0.0000000000
51813  48.553  -29.933  57.314 0.0000000000
51838  48.825  -30.660  55.735 0.0000000000
52884  48.941  -29.316  56.778 0.0000000000
53853  48.413  -28.180  56.844 0.0000000000
122429  48.133  -27.239  56.402 0.0000000000
128145  47.905  -26.416  56.051 0.0000000000
56863  48.414  -25.505  55.272 0.0000000000
56876  48.788  -25.086  54.816 0.0000000000
56875  49.770  -25.369  54.386 0.0000000000
118928  50.050  -27.140  54.470 0.0000000000
55866  50.087  -26.358  54.284 0.0000000000
127598  50.594  -24.286  53.341 0.0000000000
57817  50.956  -24.523  52.624 0.0000000000
57838  51.176  -23.838  51.903 0.0000000000
118468  51.091  -24.895  51.627 0.0000000000
56928  50.343  -25.811  50.917 0.0000000000
55904  49.593  -26.962  51.457 0.0000000000
55917  49.280  -26.740  50.601 0.0000000000
48641  37.745  -32.996  59.236 0.0000000000
124669  38.913  -32.741  58.765 0.0000000000
51830  43.951  -30.607  57.065 0.0000000000
51816  44.301  -30.329  58.010 0.0000000000
51803  44.683  -30.129  58.926 0.0000000000
51804  44.136  -30.621  59.323 0.0000000000
132025  45.149  -30.241  59.191 0.0000000000
51793  45.618  -30.633  59.310 0.0000000000
50785  46.204  -31.506  59.175 0.0000000000
49745  46.369  -32.351  58.569 0.0000000000
48627  43.360  -33.098  61.100 0.0000000000
48625  44.392  -33.116  60.387 0.0000000000
47633  44.356  -34.074  60.136 0.0000000000
48640  44.906  -33.318  59.759 0.0000000000
48639  45.462  -33.030  59.307 0.0000000000
50705  29.108  -31.847  65.054 0.0000000000
63027  59.036  -19.715  26.468 0.0000000000
128723  58.256  -19.067  33.046 0.0000000000
62973  58.571  -19.494  33.087 0.0000000000
61887  57.719  -20.156  35.034 0.0000000000
114088  57.604  -21.100  34.801 0.0000000000
111573  57.856  -20.823  34.295 0.0000000000
60904  57.682  -21.152  33.509 0.0000000000
60933  56.305  -21.790  32.139 0.0000000000
119725  45.660  -18.378  41.686 0.0000000000
56892  46.327  -25.880  53.278 0.0000000000
64896  44.107  -17.290  43.917 0.0000000000
64912  45.111  -17.641  42.092 0.0000000000
63926  46.027  -17.663  42.078 0.0000000000
64905  47.259  -17.585  42.885 0.0000000000
64892  48.674  -17.249  43.747 0.0000000000
64874  47.919  -16.584  44.497 0.0000000000
64873  49.166  -16.584  44.531 0.0000000000
64872  50.400  -16.591  44.476 0.0000000000
124653  51.211  -16.575  44.492 0.0000000000
65782  52.382  -16.310  45.455 0.0000000000
65739  50.206  -15.764  47.847 0.0000000000
65756  50.793  -15.430  47.207 0.0000000000
64797  51.288  -16.699  48.570 0.0000000000
126039  51.471  -15.827  47.202 0.0000000000
65770  51.338  -15.501  46.466 0.0000000000
64851  52.912  -16.788  45.508 0.0000000000
63878  53.227  -17.340  45.454 0.0000000000
62838  53.041  -18.294  45.486 0.0000000000
62856  52.176  -19.159  44.914 0.0000000000
63879  51.477  -18.581  46.128 0.0000000000
116393  51.343  -23.675  50.924 0.0000000000
58803  51.427  -23.106  50.573 0.0000000000
58814  51.271  -23.212  50.016 0.0000000000
57876  50.702  -24.056  49.400 0.0000000000
58815  50.997  -23.514  49.667 0.0000000000
59718  51.242  -22.870  49.622 0.0000000000
60706  51.362  -22.173  49.216 0.0000000000
49665  38.952  -32.706  63.988 0.0000000000
50809  48.659  -30.967  56.338 0.0000000000
51814  47.957  -30.500  57.650 0.0000000000
54842  47.390  -26.851  56.308 0.0000000000
55880  50.727  -25.961  52.971 0.0000000000
56916  50.423  -26.123  51.543 0.0000000000
57819  49.005  -23.825  54.180 0.0000000000
58781  50.382  -23.087  53.076 0.0000000000
58806  46.540  -23.082  50.625 0.0000000000
59692  48.660  -22.575  52.856 0.0000000000
59702  48.139  -22.573  52.153 0.0000000000
59711  46.834  -22.381  50.517 0.0000000000
59717  51.582  -22.545  50.260 0.0000000000
59726  50.904  -22.889  49.053 0.0000000000
59728  46.258  -21.929  49.121 0.0000000000
61715  48.400  -20.270  50.404 0.0000000000
61752  54.082  -19.732  44.416 0.0000000000
63807  51.595  -17.776  50.215 0.0000000000
63826  48.747  -17.864  49.479 0.0000000000
63860  45.794  -18.294  46.371 0.0000000000
64816  46.943  -17.252  46.748 0.0000000000
64871  52.016  -16.539  44.656 0.0000000000
64875  44.911  -16.967  44.388 0.0000000000
64895  46.028  -17.013  43.408 0.0000000000
64913  44.233  -17.652  42.081 0.0000000000
65758  48.851  -15.559  46.689 0.0000000000
65775  46.271  -16.620  44.885 0.0000000000
65799  46.180  -16.605  44.056 0.0000000000
66633  50.347  -15.167  46.643 0.0000000000
66634  49.510  -15.295  46.413 0.0000000000
117736  48.818  -18.771  41.779 0.0000000000
125430  51.969  -21.110  50.390 0.0000000000
126771  45.329  -33.716  58.950 0.0000000000
128727  50.438  -26.387  53.457 0.0000000000
128875  43.210  -32.125  61.065 0.0000000000
130095  36.183  -32.034  64.982 0.0000000000
130557  35.815  -32.866  60.607 0.0000000000
130954  43.156  -33.849  61.155 0.0000000000
131258  46.111  -28.274  57.221 0.0000000000
