#!ascii label  , from subject sub-v1s10x0051146_ses-1 vox2ras=TkReg
1296
88881  -47.045  5.945  -1.272 0.0000000000
126540  -51.317  4.717  -13.600 0.0000000000
93044  -54.126  11.425  -0.363 0.0000000000
85439  -51.070  2.825  -6.319 0.0000000000
83597  -52.730  0.856  3.225 0.0000000000
91344  -46.087  9.856  -8.326 0.0000000000
122989  -51.571  17.141  -13.092 0.0000000000
98889  -46.103  20.448  -9.672 0.0000000000
84410  -46.995  1.905  6.003 0.0000000000
146218  -46.847  2.888  -3.236 0.0000000000
88092  -47.307  5.449  -7.633 0.0000000000
89743  -46.935  7.509  -3.918 0.0000000000
95221  -56.075  14.208  -0.383 0.0000000000
93092  -55.183  12.472  -6.907 0.0000000000
95274  -51.879  14.429  -6.122 0.0000000000
96006  -46.545  15.844  -9.783 0.0000000000
97430  -46.980  17.835  -5.032 0.0000000000
86396  -47.638  3.406  -15.645 0.0000000000
93020  -45.242  11.014  0.954 0.0000000000
91287  -50.262  8.988  -1.443 0.0000000000
123847  -56.118  3.334  -4.670 0.0000000000
84473  -51.820  1.222  -2.118 0.0000000000
84454  -46.738  1.270  0.454 0.0000000000
87120  -47.526  5.078  3.804 0.0000000000
122650  -47.958  6.143  -11.990 0.0000000000
133120  -46.704  8.690  -14.125 0.0000000000
135524  -50.950  9.929  -5.059 0.0000000000
94516  -48.970  13.494  -10.000 0.0000000000
135885  -46.824  11.780  -14.917 0.0000000000
96052  -44.349  16.148  -14.669 0.0000000000
97455  -42.986  17.085  -10.838 0.0000000000
87144  -46.690  4.125  -1.497 0.0000000000
88061  -46.296  4.868  -3.390 0.0000000000
88047  -48.368  5.641  -1.922 0.0000000000
95230  -52.704  14.131  -1.259 0.0000000000
94466  -53.868  13.591  -3.753 0.0000000000
95250  -51.296  13.825  -3.538 0.0000000000
95967  -48.725  15.133  -5.571 0.0000000000
86398  -49.432  3.994  -14.748 0.0000000000
92985  -45.302  11.620  3.103 0.0000000000
124569  -47.501  12.065  2.040 0.0000000000
126507  -52.657  0.395  0.718 0.0000000000
127849  -48.997  0.441  -0.708 0.0000000000
125776  -49.869  0.495  1.964 0.0000000000
87099  -46.893  5.046  5.187 0.0000000000
88849  -42.574  5.978  2.743 0.0000000000
89693  -41.774  7.928  0.957 0.0000000000
88847  -40.314  6.296  2.939 0.0000000000
87191  -51.551  3.925  -8.227 0.0000000000
89759  -45.858  7.425  -7.362 0.0000000000
88941  -47.793  6.513  -9.625 0.0000000000
89772  -46.580  7.449  -10.125 0.0000000000
88981  -46.810  6.642  -12.433 0.0000000000
91353  -46.352  9.663  -11.108 0.0000000000
92203  -52.239  10.045  -1.442 0.0000000000
89723  -51.154  7.688  -2.698 0.0000000000
141640  -53.504  9.482  -3.154 0.0000000000
96022  -54.429  15.106  -10.225 0.0000000000
94508  -52.030  13.401  -8.904 0.0000000000
137139  -51.512  14.894  -12.368 0.0000000000
133224  -48.562  13.016  -13.622 0.0000000000
95334  -49.120  15.474  -15.120 0.0000000000
94556  -46.422  13.678  -14.408 0.0000000000
96830  -47.539  16.939  -15.150 0.0000000000
97445  -45.655  17.476  -8.714 0.0000000000
97457  -44.156  17.814  -11.373 0.0000000000
98886  -44.170  19.491  -9.891 0.0000000000
97444  -42.563  17.580  -8.798 0.0000000000
98872  -43.546  19.800  -8.197 0.0000000000
85414  -48.698  2.194  -4.915 0.0000000000
86331  -49.088  3.707  -7.057 0.0000000000
87169  -46.877  4.123  -5.740 0.0000000000
88074  -45.676  6.033  -5.586 0.0000000000
91324  -46.270  9.309  -5.476 0.0000000000
93032  -57.442  11.848  0.436 0.0000000000
92226  -55.294  11.146  -3.767 0.0000000000
93774  -56.703  13.045  -4.085 0.0000000000
95275  -54.621  14.156  -6.675 0.0000000000
96757  -52.721  16.200  -9.568 0.0000000000
96777  -48.908  16.264  -11.125 0.0000000000
95997  -49.899  15.708  -8.337 0.0000000000
96744  -46.974  16.435  -6.751 0.0000000000
98874  -46.932  19.372  -7.796 0.0000000000
87262  -45.240  4.174  -15.476 0.0000000000
91283  -45.295  9.151  -1.069 0.0000000000
90479  -47.992  8.380  -1.444 0.0000000000
92184  -47.545  10.853  -0.799 0.0000000000
93025  -49.408  12.071  0.559 0.0000000000
144329  -51.680  12.196  1.668 0.0000000000
92978  -52.145  11.156  5.437 0.0000000000
93001  -54.691  11.989  2.921 0.0000000000
85432  -53.889  2.836  -5.250 0.0000000000
85387  -54.030  2.085  -3.103 0.0000000000
84506  -52.082  1.809  -4.096 0.0000000000
84488  -49.087  1.025  -2.844 0.0000000000
126377  -47.186  1.317  -1.552 0.0000000000
132431  -52.296  2.970  4.788 0.0000000000
128950  -49.417  3.407  7.234 0.0000000000
87116  -50.390  4.656  4.976 0.0000000000
85333  -49.705  2.650  3.783 0.0000000000
137376  -46.387  2.771  2.635 0.0000000000
88869  -44.459  6.494  -0.528 0.0000000000
89000  -52.108  6.507  -13.696 0.0000000000
88100  -49.565  5.294  -8.892 0.0000000000
123503  -50.017  6.535  -11.355 0.0000000000
88998  -50.499  6.390  -14.167 0.0000000000
88158  -48.963  5.313  -15.597 0.0000000000
124911  -45.953  5.527  -15.728 0.0000000000
89806  -45.145  7.641  -15.931 0.0000000000
89721  -49.932  6.844  -2.076 0.0000000000
91311  -48.686  9.251  -4.459 0.0000000000
92249  -48.197  11.292  -6.074 0.0000000000
92253  -52.963  11.043  -6.061 0.0000000000
93102  -50.145  12.006  -7.161 0.0000000000
93797  -47.141  12.150  -9.118 0.0000000000
92284  -47.270  10.900  -11.908 0.0000000000
91370  -47.149  10.000  -14.968 0.0000000000
140865  -44.850  9.117  -15.593 0.0000000000
96801  -45.465  16.831  -13.027 0.0000000000
96799  -42.753  16.507  -12.773 0.0000000000
138864  -41.184  14.254  -10.590 0.0000000000
95288  -41.066  14.704  -8.820 0.0000000000
95970  -41.361  16.151  -6.938 0.0000000000
128036  -46.960  4.783  -1.432 0.0000000000
87145  -47.145  4.655  -1.846 0.0000000000
88882  -48.092  5.869  -1.583 0.0000000000
122746  -51.982  13.981  -1.930 0.0000000000
95248  -49.262  14.673  -3.443 0.0000000000
87253  -50.763  4.759  -14.427 0.0000000000
83617  -52.439  0.408  1.550 0.0000000000
123163  -51.101  0.159  0.739 0.0000000000
83606  -51.329  0.565  2.571 0.0000000000
127017  -42.850  5.887  3.724 0.0000000000
88854  -41.715  6.304  2.316 0.0000000000
136206  -52.201  3.298  -6.886 0.0000000000
86321  -51.465  3.258  -6.904 0.0000000000
135276  -46.000  8.994  -7.983 0.0000000000
139720  -46.233  7.532  -8.828 0.0000000000
136088  -45.973  8.947  -8.888 0.0000000000
90546  -46.223  8.143  -10.400 0.0000000000
129871  -46.115  9.810  -9.280 0.0000000000
136713  -53.481  10.987  -0.935 0.0000000000
91289  -52.750  9.406  -1.880 0.0000000000
92204  -53.897  10.532  -1.553 0.0000000000
96029  -53.309  16.110  -12.212 0.0000000000
95300  -52.908  14.793  -11.590 0.0000000000
95319  -52.130  15.612  -13.111 0.0000000000
95317  -50.342  14.677  -13.426 0.0000000000
96042  -50.933  16.383  -14.302 0.0000000000
96056  -48.599  16.504  -15.231 0.0000000000
96819  -50.136  16.972  -14.281 0.0000000000
98191  -46.222  19.464  -9.253 0.0000000000
135898  -45.268  19.045  -10.006 0.0000000000
99528  -45.448  20.263  -9.803 0.0000000000
98880  -43.792  19.788  -9.131 0.0000000000
99520  -45.078  20.504  -9.473 0.0000000000
85413  -47.468  2.279  -4.022 0.0000000000
85426  -47.998  2.694  -5.264 0.0000000000
86289  -46.624  3.376  -4.188 0.0000000000
137467  -46.149  5.796  -3.750 0.0000000000
88067  -45.733  5.985  -4.625 0.0000000000
89731  -46.136  6.758  -4.231 0.0000000000
89749  -45.681  7.825  -5.672 0.0000000000
90508  -46.715  8.224  -4.561 0.0000000000
94442  -57.700  12.827  -0.478 0.0000000000
93055  -57.260  12.497  -1.915 0.0000000000
94459  -56.919  13.355  -2.584 0.0000000000
144555  -52.771  13.729  -5.254 0.0000000000
94486  -54.804  13.617  -5.508 0.0000000000
95976  -52.920  14.645  -6.756 0.0000000000
95988  -53.461  15.422  -8.241 0.0000000000
143806  -51.957  15.386  -7.726 0.0000000000
95998  -50.841  15.892  -8.776 0.0000000000
122791  -50.498  15.236  -6.924 0.0000000000
95965  -47.418  16.058  -4.929 0.0000000000
95971  -47.605  15.800  -6.449 0.0000000000
96737  -46.801  17.337  -5.712 0.0000000000
97435  -46.500  17.630  -6.501 0.0000000000
98172  -46.695  18.227  -5.910 0.0000000000
86394  -45.852  3.514  -15.595 0.0000000000
92182  -45.144  10.311  -0.280 0.0000000000
91277  -46.375  10.070  -1.031 0.0000000000
92178  -46.360  11.004  -0.044 0.0000000000
139505  -48.656  12.099  3.139 0.0000000000
93010  -48.807  12.227  1.447 0.0000000000
123143  -50.079  12.354  2.182 0.0000000000
125070  -51.008  12.171  0.955 0.0000000000
143155  -50.713  12.297  2.914 0.0000000000
144121  -52.700  10.451  7.158 0.0000000000
140932  -54.158  11.808  4.536 0.0000000000
92980  -55.182  11.699  4.805 0.0000000000
92989  -56.329  11.788  3.522 0.0000000000
93731  -56.432  12.403  4.704 0.0000000000
124809  -55.015  3.443  -5.817 0.0000000000
86290  -55.311  3.065  -4.804 0.0000000000
84493  -54.145  1.908  -2.316 0.0000000000
84492  -53.270  1.685  -2.664 0.0000000000
84507  -52.696  1.725  -3.376 0.0000000000
84490  -51.534  1.313  -2.899 0.0000000000
84504  -50.285  1.544  -3.852 0.0000000000
83656  -50.794  1.067  -2.356 0.0000000000
125730  -47.936  0.324  -0.011 0.0000000000
83638  -47.628  0.742  -1.140 0.0000000000
84462  -46.997  1.106  -0.790 0.0000000000
85303  -48.027  2.855  6.666 0.0000000000
87101  -48.303  5.094  5.346 0.0000000000
86236  -49.029  4.543  4.063 0.0000000000
141551  -50.062  3.360  4.152 0.0000000000
86235  -48.413  4.072  3.658 0.0000000000
85342  -48.072  2.126  3.105 0.0000000000
86233  -46.723  3.560  3.113 0.0000000000
89696  -43.583  7.989  -0.378 0.0000000000
89695  -43.094  7.396  0.141 0.0000000000
88987  -52.946  6.755  -12.894 0.0000000000
87187  -47.694  4.701  -7.287 0.0000000000
87189  -49.518  4.173  -7.801 0.0000000000
88093  -48.199  5.063  -8.017 0.0000000000
88953  -47.600  6.622  -10.425 0.0000000000
88955  -49.260  6.412  -10.522 0.0000000000
146004  -49.225  6.447  -11.169 0.0000000000
123456  -50.231  6.586  -12.367 0.0000000000
88983  -48.599  6.136  -13.016 0.0000000000
143100  -49.424  5.840  -15.050 0.0000000000
88139  -47.552  5.954  -12.949 0.0000000000
90569  -46.494  8.209  -13.096 0.0000000000
89010  -46.600  6.070  -14.440 0.0000000000
89803  -45.937  6.411  -15.274 0.0000000000
89019  -45.387  6.620  -15.689 0.0000000000
139511  -46.507  8.359  -15.004 0.0000000000
90480  -48.973  8.181  -1.481 0.0000000000
89711  -49.524  7.155  -1.706 0.0000000000
89712  -50.395  7.409  -1.867 0.0000000000
91313  -51.204  8.661  -3.815 0.0000000000
90512  -50.343  8.543  -3.861 0.0000000000
91312  -49.682  9.262  -4.455 0.0000000000
91326  -48.044  10.009  -4.956 0.0000000000
92235  -49.521  10.524  -5.509 0.0000000000
93078  -55.213  11.660  -5.432 0.0000000000
92240  -54.363  10.875  -4.947 0.0000000000
93091  -54.416  11.781  -6.535 0.0000000000
94518  -50.780  13.719  -9.742 0.0000000000
93802  -51.363  12.888  -8.321 0.0000000000
93800  -49.469  12.984  -8.464 0.0000000000
93787  -48.757  12.553  -7.841 0.0000000000
93811  -48.369  13.098  -9.432 0.0000000000
93126  -47.154  11.968  -10.090 0.0000000000
93817  -47.713  12.485  -10.754 0.0000000000
93839  -48.085  12.181  -14.330 0.0000000000
93142  -47.803  11.398  -13.756 0.0000000000
93147  -46.996  11.245  -14.952 0.0000000000
92309  -45.643  9.852  -15.587 0.0000000000
92303  -45.528  10.494  -15.038 0.0000000000
92302  -44.975  10.154  -14.917 0.0000000000
93141  -45.768  11.395  -14.474 0.0000000000
95331  -45.321  15.565  -14.738 0.0000000000
94547  -45.154  13.207  -12.902 0.0000000000
96020  -48.138  15.862  -10.410 0.0000000000
96790  -47.157  16.137  -12.292 0.0000000000
96028  -46.799  15.861  -11.324 0.0000000000
97456  -43.541  17.571  -11.370 0.0000000000
97466  -43.987  17.466  -12.411 0.0000000000
97464  -42.962  16.854  -11.922 0.0000000000
96027  -41.991  15.379  -11.598 0.0000000000
139286  -41.939  15.654  -10.651 0.0000000000
95294  -40.975  14.482  -9.754 0.0000000000
96773  -41.911  15.863  -9.747 0.0000000000
98182  -41.724  18.567  -7.315 0.0000000000
96747  -41.655  16.674  -7.428 0.0000000000
96743  -41.214  17.050  -6.757 0.0000000000
96742  -40.556  16.818  -6.155 0.0000000000
147836  -46.731  3.272  -2.694 0.0000000000
87162  -46.217  3.948  -4.016 0.0000000000
88054  -46.891  4.579  -2.446 0.0000000000
88062  -47.196  5.447  -2.765 0.0000000000
88899  -48.042  6.174  -2.831 0.0000000000
95242  -55.473  13.779  -2.639 0.0000000000
95240  -53.133  13.881  -2.191 0.0000000000
94465  -52.759  13.579  -3.690 0.0000000000
95259  -51.314  13.904  -4.486 0.0000000000
95273  -50.024  14.860  -6.128 0.0000000000
95257  -49.511  14.543  -4.732 0.0000000000
95960  -48.311  15.244  -4.197 0.0000000000
86397  -48.577  3.685  -15.263 0.0000000000
140719  -45.267  11.441  2.129 0.0000000000
138337  -46.726  11.572  1.083 0.0000000000
92994  -46.116  11.699  2.405 0.0000000000
123160  -52.463  0.835  -0.646 0.0000000000
125437  -50.891  0.788  -0.886 0.0000000000
123161  -51.022  0.395  -0.143 0.0000000000
83626  -49.265  0.227  0.519 0.0000000000
83613  -47.690  0.768  1.195 0.0000000000
86209  -46.868  3.579  5.929 0.0000000000
138249  -46.054  5.427  4.513 0.0000000000
88855  -42.425  6.240  1.724 0.0000000000
89694  -42.380  7.577  0.650 0.0000000000
133076  -41.883  6.743  1.589 0.0000000000
89689  -40.595  7.806  1.823 0.0000000000
147849  -46.430  6.372  -7.602 0.0000000000
88098  -47.786  5.762  -8.401 0.0000000000
88932  -46.587  6.850  -8.651 0.0000000000
88940  -47.046  6.908  -9.913 0.0000000000
88952  -46.902  6.929  -10.722 0.0000000000
88982  -47.224  6.364  -12.160 0.0000000000
89777  -46.493  7.422  -11.006 0.0000000000
90553  -46.257  8.156  -11.406 0.0000000000
91360  -46.708  9.569  -12.113 0.0000000000
92202  -50.583  9.921  -1.394 0.0000000000
90482  -50.798  8.161  -1.699 0.0000000000
91288  -51.991  9.110  -1.669 0.0000000000
90501  -52.446  8.558  -3.039 0.0000000000
91329  -51.644  9.393  -4.396 0.0000000000
94510  -54.931  13.715  -8.812 0.0000000000
93804  -54.067  13.154  -8.557 0.0000000000
135484  -53.566  13.991  -9.946 0.0000000000
123059  -51.498  14.099  -10.399 0.0000000000
94529  -50.547  14.116  -10.662 0.0000000000
94540  -48.977  13.598  -11.919 0.0000000000
128423  -49.711  14.109  -12.552 0.0000000000
135505  -49.043  13.876  -13.906 0.0000000000
94560  -48.163  13.878  -15.048 0.0000000000
93844  -46.986  12.646  -14.826 0.0000000000
95332  -47.826  14.808  -15.392 0.0000000000
96062  -46.746  16.235  -15.574 0.0000000000
96061  -46.012  16.643  -15.309 0.0000000000
96763  -45.494  16.874  -9.416 0.0000000000
96775  -45.394  16.568  -10.381 0.0000000000
97451  -44.959  17.552  -10.319 0.0000000000
98207  -44.243  18.366  -10.659 0.0000000000
98205  -43.453  17.975  -10.460 0.0000000000
97450  -42.859  17.361  -9.842 0.0000000000
98189  -43.410  19.153  -9.328 0.0000000000
98879  -43.003  19.378  -8.473 0.0000000000
98871  -42.708  19.376  -7.636 0.0000000000
85415  -49.755  2.229  -5.240 0.0000000000
86319  -49.854  3.249  -6.663 0.0000000000
86304  -49.056  3.202  -6.274 0.0000000000
86317  -47.642  3.718  -6.213 0.0000000000
87177  -47.254  4.405  -6.516 0.0000000000
135502  -46.054  4.617  -4.475 0.0000000000
123468  -45.999  5.276  -5.627 0.0000000000
88083  -46.124  5.555  -6.317 0.0000000000
88922  -45.733  7.019  -6.746 0.0000000000
90529  -45.733  8.168  -6.995 0.0000000000
91334  -45.983  9.958  -6.472 0.0000000000
129545  -56.002  11.595  0.047 0.0000000000
141171  -55.189  10.940  -2.012 0.0000000000
125963  -56.656  11.870  -2.139 0.0000000000
93068  -56.585  12.447  -3.681 0.0000000000
93778  -56.083  12.821  -5.445 0.0000000000
94468  -55.952  13.517  -4.299 0.0000000000
129457  -55.511  13.358  -5.497 0.0000000000
94495  -55.484  13.574  -7.243 0.0000000000
96002  -54.849  14.871  -8.734 0.0000000000
96010  -53.583  16.001  -9.877 0.0000000000
96779  -52.405  16.757  -11.107 0.0000000000
96793  -50.974  17.034  -12.317 0.0000000000
122724  -50.425  16.396  -10.187 0.0000000000
96765  -49.461  16.087  -9.763 0.0000000000
95995  -47.756  15.672  -8.825 0.0000000000
95973  -49.292  15.196  -6.401 0.0000000000
95996  -48.218  15.645  -8.004 0.0000000000
95994  -46.761  16.048  -8.490 0.0000000000
97441  -46.031  17.240  -7.826 0.0000000000
98184  -46.223  18.692  -8.204 0.0000000000
98881  -46.858  19.819  -8.960 0.0000000000
89707  -45.727  7.800  -1.350 0.0000000000
129637  -47.496  7.499  -1.479 0.0000000000
90478  -46.917  8.665  -1.461 0.0000000000
143865  -47.538  9.353  -1.432 0.0000000000
92200  -48.828  10.109  -1.347 0.0000000000
93023  -47.433  11.708  0.621 0.0000000000
93039  -48.847  11.612  -0.345 0.0000000000
92187  -50.140  10.863  -1.190 0.0000000000
93041  -50.776  11.346  -0.689 0.0000000000
93042  -52.091  11.552  -0.049 0.0000000000
93028  -53.174  11.926  0.850 0.0000000000
92977  -51.318  11.556  4.664 0.0000000000
123145  -52.285  12.160  3.436 0.0000000000
93000  -53.599  12.151  2.638 0.0000000000
93029  -55.014  11.805  1.284 0.0000000000
134070  -56.473  11.598  1.780 0.0000000000
93741  -57.527  11.896  2.140 0.0000000000
95195  -56.634  14.132  1.468 0.0000000000
86323  -53.651  3.435  -6.545 0.0000000000
86305  -52.654  2.907  -5.841 0.0000000000
85402  -55.518  2.685  -3.370 0.0000000000
86291  -55.425  2.852  -4.154 0.0000000000
85420  -54.496  2.686  -4.515 0.0000000000
85418  -52.574  2.299  -4.727 0.0000000000
85417  -51.696  2.203  -4.898 0.0000000000
84515  -50.253  1.866  -4.631 0.0000000000
84513  -48.349  1.799  -4.081 0.0000000000
84501  -47.681  1.810  -3.381 0.0000000000
83640  -49.395  0.669  -1.434 0.0000000000
83653  -47.895  0.967  -1.992 0.0000000000
85386  -47.277  1.928  -2.726 0.0000000000
85385  -46.762  2.729  -2.103 0.0000000000
86184  -50.381  3.294  7.587 0.0000000000
86210  -48.174  4.443  6.173 0.0000000000
87089  -49.875  4.569  6.312 0.0000000000
87091  -51.070  4.451  6.351 0.0000000000
86227  -51.218  4.156  4.993 0.0000000000
84419  -51.111  2.367  4.289 0.0000000000
84430  -50.690  1.699  3.770 0.0000000000
136374  -49.790  0.970  2.856 0.0000000000
83603  -47.996  1.016  1.973 0.0000000000
84449  -46.556  1.544  1.251 0.0000000000
88880  -45.887  6.455  -1.125 0.0000000000
89706  -44.952  7.615  -1.185 0.0000000000
143729  -44.649  8.859  -0.862 0.0000000000
92181  -44.324  10.257  0.018 0.0000000000
92171  -43.647  10.765  1.286 0.0000000000
88140  -53.943  6.263  -13.118 0.0000000000
89001  -52.610  6.369  -13.555 0.0000000000
88150  -51.875  6.153  -14.205 0.0000000000
87190  -50.251  4.043  -7.975 0.0000000000
87203  -49.939  4.590  -8.450 0.0000000000
88934  -48.298  6.097  -9.108 0.0000000000
88943  -49.670  6.277  -9.941 0.0000000000
88956  -50.896  6.559  -11.026 0.0000000000
88971  -51.135  6.677  -12.223 0.0000000000
88999  -51.404  6.427  -14.071 0.0000000000
88161  -51.147  5.909  -14.734 0.0000000000
87276  -49.930  5.234  -15.535 0.0000000000
88171  -49.331  4.911  -15.875 0.0000000000
129167  -48.087  4.186  -16.588 0.0000000000
88148  -47.155  5.821  -14.028 0.0000000000
88156  -46.757  5.448  -15.509 0.0000000000
87274  -47.151  4.236  -16.591 0.0000000000
137625  -45.977  5.051  -16.130 0.0000000000
88167  -45.030  5.801  -15.663 0.0000000000
89009  -44.732  6.659  -15.439 0.0000000000
89709  -48.340  6.585  -1.520 0.0000000000
88893  -48.992  5.982  -2.019 0.0000000000
89733  -48.627  6.718  -3.119 0.0000000000
89722  -50.530  7.302  -2.368 0.0000000000
90497  -49.187  7.400  -3.383 0.0000000000
90496  -48.011  7.602  -3.617 0.0000000000
91310  -47.705  9.205  -4.531 0.0000000000
92232  -46.504  10.103  -5.741 0.0000000000
92247  -46.686  11.129  -7.086 0.0000000000
92217  -53.998  10.028  -3.524 0.0000000000
92223  -53.399  10.325  -4.762 0.0000000000
92252  -51.906  10.778  -5.952 0.0000000000
142045  -52.431  12.353  -7.617 0.0000000000
93088  -51.448  11.378  -6.589 0.0000000000
129266  -50.006  11.008  -6.026 0.0000000000
93087  -48.816  11.595  -6.504 0.0000000000
93085  -47.319  11.701  -7.324 0.0000000000
92267  -46.338  10.833  -8.698 0.0000000000
92271  -46.358  10.585  -9.775 0.0000000000
92297  -47.206  9.971  -13.150 0.0000000000
93826  -47.814  12.385  -11.912 0.0000000000
92291  -47.422  10.794  -12.971 0.0000000000
91369  -47.158  9.568  -14.185 0.0000000000
91382  -45.929  9.157  -15.789 0.0000000000
90578  -44.986  8.450  -15.905 0.0000000000
93837  -45.815  12.240  -13.811 0.0000000000
96804  -48.884  16.792  -13.427 0.0000000000
96816  -46.620  17.119  -14.685 0.0000000000
97483  -45.075  17.049  -14.737 0.0000000000
96788  -45.139  16.779  -12.029 0.0000000000
97473  -44.040  17.222  -13.512 0.0000000000
96041  -43.302  16.152  -13.914 0.0000000000
95315  -42.640  14.860  -12.453 0.0000000000
94537  -42.140  13.906  -11.412 0.0000000000
93814  -41.400  12.816  -10.265 0.0000000000
96754  -42.180  16.742  -8.573 0.0000000000
95981  -41.460  15.787  -7.547 0.0000000000
100154  -47.664  21.305  -9.207 0.0000000000
100153  -46.768  21.330  -9.209 0.0000000000
99507  -45.117  20.585  -7.438 0.0000000000
98868  -44.337  19.830  -6.642 0.0000000000
98866  -42.595  19.196  -6.701 0.0000000000
88046  -47.550  5.290  -1.638 0.0000000000
83608  -53.030  0.635  2.299 0.0000000000
83607  -52.167  0.561  2.465 0.0000000000
83616  -51.624  0.327  1.644 0.0000000000
88015  -41.931  5.719  3.961 0.0000000000
85440  -51.971  2.903  -6.225 0.0000000000
92190  -54.247  11.050  -1.053 0.0000000000
96808  -52.696  16.489  -12.722 0.0000000000
144262  -52.858  15.906  -12.720 0.0000000000
96044  -52.249  16.351  -13.305 0.0000000000
96036  -51.589  16.051  -13.824 0.0000000000
96043  -51.453  16.726  -13.719 0.0000000000
96058  -50.276  16.590  -14.546 0.0000000000
96806  -50.784  17.064  -13.794 0.0000000000
142228  -46.531  20.270  -9.514 0.0000000000
98888  -45.755  19.784  -9.777 0.0000000000
99521  -45.893  20.849  -9.516 0.0000000000
85412  -46.908  2.836  -3.841 0.0000000000
85425  -47.195  2.914  -4.645 0.0000000000
88898  -46.942  6.443  -3.475 0.0000000000
89742  -46.174  7.645  -4.753 0.0000000000
95207  -56.902  13.833  -0.270 0.0000000000
94441  -57.359  13.302  -1.059 0.0000000000
94449  -56.583  13.785  -1.137 0.0000000000
95266  -52.822  14.019  -5.942 0.0000000000
95987  -52.704  15.223  -7.554 0.0000000000
95975  -51.734  15.079  -6.963 0.0000000000
95986  -51.275  15.395  -7.552 0.0000000000
96738  -47.113  16.865  -4.929 0.0000000000
124387  -47.124  16.459  -5.806 0.0000000000
86388  -47.666  3.257  -14.383 0.0000000000
86387  -46.727  3.026  -14.777 0.0000000000
86395  -46.730  3.331  -15.734 0.0000000000
92177  -45.615  10.798  0.149 0.0000000000
127308  -45.948  10.488  -0.486 0.0000000000
93021  -46.119  11.197  0.680 0.0000000000
123147  -49.511  12.020  3.652 0.0000000000
123144  -49.265  12.278  2.466 0.0000000000
145316  -49.995  12.240  3.034 0.0000000000
92965  -55.303  11.720  5.608 0.0000000000
92966  -55.913  11.876  5.033 0.0000000000
86309  -56.796  3.754  -5.248 0.0000000000
86308  -55.721  3.478  -5.400 0.0000000000
84491  -52.354  1.451  -2.727 0.0000000000
83624  -47.418  0.706  0.382 0.0000000000
83631  -47.476  0.650  -0.398 0.0000000000
83623  -46.970  0.980  -0.142 0.0000000000
84461  -46.562  1.567  -0.257 0.0000000000
85313  -47.276  2.773  6.237 0.0000000000
88021  -47.874  5.277  4.133 0.0000000000
87121  -48.270  4.881  3.900 0.0000000000
143709  -47.820  4.515  3.639 0.0000000000
86234  -47.607  3.711  3.410 0.0000000000
130090  -47.125  4.480  3.480 0.0000000000
88865  -43.353  6.650  0.245 0.0000000000
88868  -43.729  6.997  -0.286 0.0000000000
88957  -52.462  6.637  -11.171 0.0000000000
88969  -48.411  6.405  -11.019 0.0000000000
88970  -49.173  6.407  -11.957 0.0000000000
138504  -46.314  6.800  -14.207 0.0000000000
90575  -46.349  7.790  -14.075 0.0000000000
136434  -46.128  7.584  -15.157 0.0000000000
91286  -49.335  9.071  -1.408 0.0000000000
90481  -49.925  8.088  -1.553 0.0000000000
128717  -50.634  9.293  -4.461 0.0000000000
91328  -50.038  9.904  -5.031 0.0000000000
91327  -49.071  9.916  -5.033 0.0000000000
138118  -55.236  12.028  -6.178 0.0000000000
93106  -54.166  12.240  -7.298 0.0000000000
94517  -49.830  13.627  -9.842 0.0000000000
94506  -50.099  13.380  -9.056 0.0000000000
94505  -49.180  13.332  -9.198 0.0000000000
93818  -48.273  13.104  -10.341 0.0000000000
129795  -47.423  11.959  -14.773 0.0000000000
93146  -46.294  11.242  -14.943 0.0000000000
93843  -46.378  11.965  -14.599 0.0000000000
95322  -44.639  15.093  -14.037 0.0000000000
94554  -44.962  14.066  -13.329 0.0000000000
139686  -43.734  15.697  -14.042 0.0000000000
96019  -47.115  15.750  -10.512 0.0000000000
96018  -46.099  15.907  -10.681 0.0000000000
96017  -42.417  16.263  -11.228 0.0000000000
96774  -42.403  16.476  -10.243 0.0000000000
97438  -41.638  17.713  -7.399 0.0000000000
87151  -46.772  3.912  -2.191 0.0000000000
88055  -47.701  5.169  -2.036 0.0000000000
88892  -48.361  5.708  -2.172 0.0000000000
95231  -53.890  14.112  -1.456 0.0000000000
145729  -51.356  13.831  -3.027 0.0000000000
140035  -52.265  13.773  -2.564 0.0000000000
94475  -52.076  13.631  -4.019 0.0000000000
95258  -50.346  14.252  -4.615 0.0000000000
95249  -50.516  14.117  -3.754 0.0000000000
95954  -48.673  15.123  -3.369 0.0000000000
95247  -48.954  14.714  -4.070 0.0000000000
95959  -47.780  15.744  -4.350 0.0000000000
148184  -50.081  4.263  -14.292 0.0000000000
87264  -49.280  4.408  -15.739 0.0000000000
92993  -44.473  11.374  2.546 0.0000000000
136895  -52.769  0.578  -0.000 0.0000000000
83627  -51.874  0.418  0.137 0.0000000000
83635  -51.631  0.793  -0.733 0.0000000000
148116  -51.344  0.309  0.241 0.0000000000
123164  -50.028  0.100  1.087 0.0000000000
123425  -49.127  0.355  1.311 0.0000000000
83625  -48.319  0.396  0.678 0.0000000000
83614  -48.396  0.627  1.464 0.0000000000
88016  -43.467  5.868  3.204 0.0000000000
88856  -43.075  5.708  2.022 0.0000000000
88859  -41.124  7.076  1.763 0.0000000000
88853  -40.395  7.098  2.281 0.0000000000
125530  -46.292  6.788  -7.880 0.0000000000
89760  -46.080  7.480  -8.175 0.0000000000
90541  -46.160  8.036  -9.415 0.0000000000
89767  -46.565  7.223  -9.372 0.0000000000
88967  -46.839  6.828  -11.573 0.0000000000
134697  -46.113  8.928  -10.728 0.0000000000
136954  -46.269  8.983  -11.499 0.0000000000
90561  -46.426  8.638  -12.221 0.0000000000
142935  -51.404  9.926  -1.422 0.0000000000
91296  -52.991  9.143  -2.580 0.0000000000
144702  -52.394  8.584  -2.554 0.0000000000
91303  -53.010  9.112  -3.260 0.0000000000
131313  -52.489  9.200  -3.797 0.0000000000
95296  -54.745  14.687  -9.497 0.0000000000
123371  -54.249  13.778  -9.361 0.0000000000
95295  -54.353  14.529  -10.019 0.0000000000
95309  -52.513  15.187  -12.267 0.0000000000
95299  -51.770  14.543  -11.362 0.0000000000
95308  -50.816  14.447  -11.613 0.0000000000
94528  -49.840  14.047  -11.469 0.0000000000
94541  -50.574  14.525  -12.418 0.0000000000
95325  -49.782  14.972  -14.363 0.0000000000
94549  -49.596  14.197  -13.425 0.0000000000
94561  -48.817  14.349  -14.671 0.0000000000
93846  -48.359  13.292  -14.468 0.0000000000
95333  -48.414  14.782  -15.213 0.0000000000
122824  -48.439  17.037  -14.839 0.0000000000
96055  -47.512  16.408  -15.513 0.0000000000
96829  -46.721  17.061  -15.084 0.0000000000
122642  -45.180  18.009  -9.659 0.0000000000
98887  -44.945  19.567  -10.089 0.0000000000
98200  -44.702  18.614  -10.328 0.0000000000
98199  -44.301  18.940  -10.318 0.0000000000
98206  -43.942  18.230  -10.855 0.0000000000
98198  -43.780  18.828  -10.143 0.0000000000
98197  -43.168  18.308  -9.524 0.0000000000
98873  -44.343  20.266  -8.911 0.0000000000
85427  -49.754  2.763  -5.997 0.0000000000
129908  -48.918  2.697  -5.608 0.0000000000
86302  -47.364  3.384  -5.461 0.0000000000
86303  -48.212  3.178  -5.908 0.0000000000
128001  -46.075  4.525  -3.884 0.0000000000
88075  -45.833  5.326  -4.919 0.0000000000
88082  -45.826  6.333  -6.528 0.0000000000
88917  -45.538  6.944  -6.035 0.0000000000
90518  -45.787  8.689  -5.722 0.0000000000
90523  -45.635  8.454  -6.318 0.0000000000
91339  -45.776  8.992  -7.013 0.0000000000
91323  -45.784  9.226  -6.101 0.0000000000
137082  -56.840  11.679  0.004 0.0000000000
93045  -56.253  11.586  -0.791 0.0000000000
124357  -56.906  11.927  -1.328 0.0000000000
93767  -57.077  12.941  -3.263 0.0000000000
93062  -56.979  12.481  -2.751 0.0000000000
93773  -56.450  12.720  -4.677 0.0000000000
93779  -56.375  13.080  -4.904 0.0000000000
94457  -54.794  13.679  -3.216 0.0000000000
122614  -55.753  13.627  -3.551 0.0000000000
94467  -55.088  13.631  -4.092 0.0000000000
95267  -54.438  13.815  -6.061 0.0000000000
94487  -55.189  13.551  -6.261 0.0000000000
94494  -55.502  13.447  -6.680 0.0000000000
95276  -55.295  14.016  -7.158 0.0000000000
95285  -55.471  14.020  -7.775 0.0000000000
95284  -55.064  14.505  -7.936 0.0000000000
96000  -53.219  15.883  -8.980 0.0000000000
96001  -54.134  15.451  -9.131 0.0000000000
96768  -53.019  16.415  -10.487 0.0000000000
96767  -52.082  16.448  -10.098 0.0000000000
125996  -51.439  16.676  -10.691 0.0000000000
96009  -50.122  16.072  -9.225 0.0000000000
96008  -49.015  15.745  -8.795 0.0000000000
144326  -48.476  15.793  -9.606 0.0000000000
95263  -49.389  14.816  -5.522 0.0000000000
95982  -47.517  15.844  -7.334 0.0000000000
138874  -47.378  15.878  -8.057 0.0000000000
96749  -46.641  16.459  -7.648 0.0000000000
96755  -45.988  16.700  -8.457 0.0000000000
98179  -46.500  18.441  -6.971 0.0000000000
130665  -46.177  17.795  -7.363 0.0000000000
85515  -45.466  3.152  -14.693 0.0000000000
87261  -44.670  4.688  -14.744 0.0000000000
90477  -45.920  8.570  -1.355 0.0000000000
131005  -46.534  7.924  -1.478 0.0000000000
133700  -46.124  9.364  -1.272 0.0000000000
92198  -47.165  10.168  -1.181 0.0000000000
92199  -47.972  10.154  -1.296 0.0000000000
92185  -48.380  10.974  -0.935 0.0000000000
93008  -46.762  11.802  1.834 0.0000000000
140110  -47.269  11.873  1.388 0.0000000000
93024  -48.386  11.971  0.531 0.0000000000
92186  -49.253  10.986  -1.096 0.0000000000
93040  -49.787  11.545  -0.493 0.0000000000
93026  -50.383  11.911  0.237 0.0000000000
93027  -51.805  11.929  0.744 0.0000000000
138324  -52.490  11.800  0.542 0.0000000000
132803  -52.460  12.057  1.319 0.0000000000
92963  -52.923  10.854  6.298 0.0000000000
122987  -51.323  10.927  5.534 0.0000000000
123146  -51.398  12.106  3.696 0.0000000000
123148  -52.227  11.788  4.430 0.0000000000
144783  -53.937  12.057  3.556 0.0000000000
93014  -54.304  12.032  2.031 0.0000000000
93015  -55.475  11.794  2.348 0.0000000000
93734  -56.791  12.193  3.749 0.0000000000
93737  -57.359  12.059  2.929 0.0000000000
94426  -57.399  12.877  2.878 0.0000000000
93738  -57.694  12.543  2.110 0.0000000000
95187  -57.192  13.549  2.267 0.0000000000
87178  -55.918  3.971  -6.665 0.0000000000
125328  -54.206  3.270  -5.872 0.0000000000
86306  -53.336  3.084  -5.857 0.0000000000
85431  -53.013  2.681  -5.292 0.0000000000
85388  -54.803  2.332  -2.815 0.0000000000
85401  -54.680  2.475  -3.627 0.0000000000
85400  -53.860  2.261  -3.869 0.0000000000
85399  -53.020  2.027  -4.030 0.0000000000
85416  -50.779  2.168  -5.109 0.0000000000
84516  -51.079  1.852  -4.378 0.0000000000
84489  -49.984  1.149  -3.034 0.0000000000
84503  -49.241  1.423  -3.595 0.0000000000
84502  -48.396  1.389  -3.224 0.0000000000
83634  -50.032  0.529  -0.651 0.0000000000
83641  -50.365  0.834  -1.506 0.0000000000
84486  -47.381  1.522  -2.196 0.0000000000
84485  -46.904  2.024  -1.987 0.0000000000
84420  -51.928  2.244  4.438 0.0000000000
85304  -48.767  2.736  7.064 0.0000000000
84386  -49.632  2.537  7.303 0.0000000000
127388  -46.509  4.396  5.483 0.0000000000
86193  -47.684  3.669  6.347 0.0000000000
87100  -47.414  4.571  5.699 0.0000000000
130622  -49.122  5.142  5.184 0.0000000000
87088  -49.038  4.692  6.070 0.0000000000
87102  -49.792  4.927  5.456 0.0000000000
87090  -50.468  4.427  6.546 0.0000000000
87103  -50.491  4.721  5.794 0.0000000000
86211  -51.037  4.578  5.561 0.0000000000
85334  -50.366  2.498  4.011 0.0000000000
83594  -50.376  1.176  3.287 0.0000000000
84429  -49.860  1.764  3.499 0.0000000000
85331  -47.278  2.624  2.960 0.0000000000
84440  -48.430  1.465  2.751 0.0000000000
84439  -47.542  1.653  2.474 0.0000000000
83602  -47.204  1.279  1.679 0.0000000000
84438  -46.561  1.947  2.192 0.0000000000
88036  -44.648  5.512  -0.308 0.0000000000
87135  -45.042  4.646  -0.276 0.0000000000
88870  -45.247  5.991  -0.835 0.0000000000
88879  -45.006  6.850  -1.023 0.0000000000
90469  -43.955  8.909  -0.618 0.0000000000
90467  -42.116  8.392  0.683 0.0000000000
132017  -43.009  10.445  1.084 0.0000000000
93005  -43.744  11.084  2.099 0.0000000000
125075  -53.602  6.770  -12.491 0.0000000000
87255  -52.374  5.937  -13.962 0.0000000000
86332  -50.064  3.682  -7.337 0.0000000000
87202  -49.085  4.781  -8.286 0.0000000000
88933  -47.411  6.380  -8.828 0.0000000000
129004  -50.098  6.402  -10.569 0.0000000000
88944  -50.552  6.266  -10.189 0.0000000000
88985  -50.841  6.611  -13.241 0.0000000000
89013  -51.512  6.216  -14.350 0.0000000000
89012  -50.909  6.059  -14.835 0.0000000000
88160  -50.455  5.577  -15.127 0.0000000000
137921  -50.320  5.680  -15.207 0.0000000000
87263  -48.799  4.441  -16.133 0.0000000000
88170  -48.520  4.666  -16.229 0.0000000000
88138  -47.038  6.125  -12.894 0.0000000000
129500  -47.536  4.671  -16.358 0.0000000000
88169  -46.612  4.830  -16.274 0.0000000000
87273  -46.291  4.473  -16.361 0.0000000000
88168  -45.470  5.724  -15.708 0.0000000000
89018  -45.055  6.701  -15.813 0.0000000000
136000  -48.602  7.363  -1.470 0.0000000000
88884  -49.329  6.380  -1.916 0.0000000000
88901  -49.460  6.426  -2.206 0.0000000000
88900  -48.927  6.178  -2.467 0.0000000000
129653  -49.325  6.627  -2.778 0.0000000000
89713  -51.114  7.751  -2.139 0.0000000000
90511  -49.398  8.464  -3.861 0.0000000000
90498  -50.147  7.670  -3.348 0.0000000000
90510  -48.361  8.470  -3.904 0.0000000000
90509  -47.407  8.380  -4.183 0.0000000000
92234  -48.534  10.638  -5.495 0.0000000000
92233  -47.456  10.626  -5.676 0.0000000000
140548  -46.659  10.694  -6.346 0.0000000000
92248  -47.381  11.281  -6.504 0.0000000000
92219  -55.389  11.089  -2.850 0.0000000000
137656  -54.659  10.525  -2.531 0.0000000000
92218  -54.639  10.490  -3.214 0.0000000000
92239  -53.596  10.866  -5.536 0.0000000000
92238  -52.687  10.463  -5.372 0.0000000000
145585  -53.222  12.959  -8.423 0.0000000000
136671  -53.347  12.592  -7.885 0.0000000000
93803  -52.420  12.846  -8.254 0.0000000000
93789  -50.731  12.464  -7.729 0.0000000000
93103  -51.066  11.920  -7.168 0.0000000000
143815  -50.523  11.467  -6.573 0.0000000000
142552  -49.616  11.559  -6.546 0.0000000000
93101  -49.110  12.081  -7.126 0.0000000000
147045  -48.022  12.595  -8.164 0.0000000000
93100  -47.941  12.259  -7.555 0.0000000000
93113  -47.302  12.140  -8.171 0.0000000000
93099  -46.672  11.440  -7.895 0.0000000000
93112  -46.769  11.644  -8.630 0.0000000000
93119  -46.697  11.430  -9.429 0.0000000000
93132  -47.316  11.638  -11.214 0.0000000000
142468  -46.917  10.905  -11.128 0.0000000000
92290  -47.135  10.304  -12.314 0.0000000000
93833  -48.418  13.010  -12.483 0.0000000000
93148  -47.505  11.316  -14.505 0.0000000000
92298  -47.475  10.517  -14.144 0.0000000000
91375  -46.755  9.131  -15.169 0.0000000000
140171  -46.432  9.738  -15.413 0.0000000000
91374  -45.037  9.736  -15.475 0.0000000000
91381  -45.157  9.192  -15.905 0.0000000000
90574  -44.645  8.282  -15.254 0.0000000000
136273  -44.606  8.997  -14.927 0.0000000000
93838  -46.226  12.830  -14.106 0.0000000000
139842  -45.641  12.862  -13.402 0.0000000000
93830  -44.670  12.761  -12.150 0.0000000000
93831  -45.320  12.443  -12.932 0.0000000000
96792  -49.925  16.745  -11.944 0.0000000000
123131  -49.691  16.889  -12.945 0.0000000000
96791  -48.891  16.520  -12.211 0.0000000000
96802  -46.566  16.690  -13.400 0.0000000000
96803  -47.717  16.618  -13.381 0.0000000000
96815  -45.669  17.113  -14.272 0.0000000000
97458  -44.799  17.220  -11.166 0.0000000000
143986  -45.493  16.378  -11.206 0.0000000000
134589  -44.430  17.325  -11.980 0.0000000000
97471  -43.137  17.002  -12.754 0.0000000000
97472  -43.564  17.175  -13.089 0.0000000000
96800  -43.180  16.841  -13.396 0.0000000000
97481  -43.689  17.015  -13.910 0.0000000000
96040  -42.895  16.253  -13.415 0.0000000000
96035  -43.093  15.387  -13.219 0.0000000000
129428  -42.441  15.625  -12.572 0.0000000000
95306  -41.706  14.485  -11.273 0.0000000000
94536  -41.534  13.843  -10.946 0.0000000000
94526  -41.833  13.299  -10.765 0.0000000000
94525  -41.108  13.419  -10.537 0.0000000000
94515  -40.791  12.968  -10.109 0.0000000000
95287  -40.513  13.930  -9.240 0.0000000000
95280  -40.609  14.170  -8.316 0.0000000000
96762  -42.337  16.657  -9.311 0.0000000000
95980  -40.947  15.246  -6.870 0.0000000000
100145  -46.624  21.629  -8.289 0.0000000000
99516  -45.860  21.184  -8.641 0.0000000000
99508  -45.879  21.248  -7.625 0.0000000000
126394  -44.799  20.336  -6.282 0.0000000000
98859  -43.537  19.365  -5.910 0.0000000000
124483  -50.995  14.165  -2.000 0.0000000000
124296  -49.892  14.415  -3.153 0.0000000000
95955  -49.224  14.808  -2.716 0.0000000000
147477  -48.803  15.206  -2.779 0.0000000000
87252  -50.087  4.652  -15.108 0.0000000000
126351  -44.911  11.504  4.012 0.0000000000
142548  -45.786  11.604  3.996 0.0000000000
83618  -53.297  0.561  1.345 0.0000000000
140210  -51.950  0.197  0.949 0.0000000000
83615  -50.751  0.329  1.755 0.0000000000
148198  -42.076  5.947  3.242 0.0000000000
86335  -52.919  3.561  -7.356 0.0000000000
86334  -51.907  3.555  -7.594 0.0000000000
86333  -50.956  3.677  -7.645 0.0000000000
90530  -45.853  8.203  -7.694 0.0000000000
90535  -45.974  8.180  -8.506 0.0000000000
134143  -46.031  8.922  -9.816 0.0000000000
91348  -46.159  9.725  -10.223 0.0000000000
92189  -52.453  10.990  -0.870 0.0000000000
126556  -53.090  10.252  -1.479 0.0000000000
91290  -53.520  9.866  -2.047 0.0000000000
92211  -53.930  9.933  -2.697 0.0000000000
96021  -53.937  15.556  -10.981 0.0000000000
95301  -53.617  14.895  -11.253 0.0000000000
95310  -53.333  15.451  -11.923 0.0000000000
95318  -51.209  15.219  -13.294 0.0000000000
95326  -50.789  15.585  -14.125 0.0000000000
145576  -49.830  15.735  -14.917 0.0000000000
96057  -49.710  16.284  -14.999 0.0000000000
96831  -49.449  16.768  -14.673 0.0000000000
96818  -49.240  16.926  -14.298 0.0000000000
98190  -45.691  18.565  -9.156 0.0000000000
131830  -44.631  20.080  -9.684 0.0000000000
134720  -47.901  2.314  -4.633 0.0000000000
86301  -46.558  3.841  -4.842 0.0000000000
88068  -45.883  5.196  -4.174 0.0000000000
88906  -45.717  6.850  -5.173 0.0000000000
90519  -46.219  8.461  -5.173 0.0000000000
93750  -57.666  12.317  -0.210 0.0000000000
93056  -57.393  12.326  -1.003 0.0000000000
93756  -57.515  12.751  -1.289 0.0000000000
94450  -57.344  13.104  -2.026 0.0000000000
94469  -56.807  13.178  -3.463 0.0000000000
94476  -53.116  13.577  -4.553 0.0000000000
94477  -54.351  13.601  -4.733 0.0000000000
94485  -53.722  13.744  -5.511 0.0000000000
130028  -53.745  14.157  -6.310 0.0000000000
130296  -53.929  14.554  -6.895 0.0000000000
95989  -54.351  15.039  -8.130 0.0000000000
95282  -53.675  14.967  -7.471 0.0000000000
124669  -52.532  15.575  -8.278 0.0000000000
142810  -52.356  15.853  -8.879 0.0000000000
96756  -51.769  16.026  -9.222 0.0000000000
95999  -51.602  15.634  -8.337 0.0000000000
95985  -50.615  15.539  -7.888 0.0000000000
95966  -48.049  15.428  -5.052 0.0000000000
95972  -48.271  15.425  -6.030 0.0000000000
127343  -47.625  15.785  -5.636 0.0000000000
139798  -46.697  16.983  -6.319 0.0000000000
96748  -46.421  17.099  -7.012 0.0000000000
98861  -46.965  19.160  -6.428 0.0000000000
85516  -46.077  3.010  -15.018 0.0000000000
91276  -45.567  9.874  -0.814 0.0000000000
92183  -46.738  10.675  -0.660 0.0000000000
93037  -47.110  11.250  -0.157 0.0000000000
92997  -48.329  12.222  2.217 0.0000000000
93009  -47.937  12.098  1.366 0.0000000000
93011  -49.538  12.305  1.573 0.0000000000
125781  -50.194  12.257  1.227 0.0000000000
93012  -50.854  12.343  1.929 0.0000000000
92998  -51.554  12.284  2.676 0.0000000000
92979  -53.224  11.526  5.215 0.0000000000
92988  -55.181  11.833  3.841 0.0000000000
140574  -55.715  11.770  3.126 0.0000000000
92981  -56.079  11.829  4.306 0.0000000000
86325  -55.584  3.711  -6.057 0.0000000000
86307  -54.780  3.105  -5.281 0.0000000000
146632  -53.388  1.939  -3.395 0.0000000000
84505  -51.307  1.565  -3.626 0.0000000000
134779  -50.777  1.294  -3.166 0.0000000000
83633  -48.642  0.283  -0.051 0.0000000000
83632  -48.141  0.423  -0.613 0.0000000000
84472  -46.666  1.784  -1.089 0.0000000000
87999  -47.507  5.260  4.984 0.0000000000
88010  -47.988  5.309  4.649 0.0000000000
87114  -48.632  5.132  4.511 0.0000000000
87115  -49.478  4.856  4.742 0.0000000000
86226  -49.788  4.212  4.361 0.0000000000
126276  -49.227  3.484  3.750 0.0000000000
84428  -48.950  2.212  3.425 0.0000000000
85332  -48.253  3.004  3.420 0.0000000000
87131  -44.536  4.743  0.289 0.0000000000
88866  -43.937  6.208  -0.070 0.0000000000
89697  -44.319  7.349  -0.731 0.0000000000
88973  -53.401  6.826  -12.129 0.0000000000
88972  -52.720  6.834  -12.054 0.0000000000
88986  -52.146  6.766  -12.691 0.0000000000
86330  -48.074  4.013  -6.913 0.0000000000
87188  -48.623  4.386  -7.590 0.0000000000
88099  -48.699  5.488  -8.688 0.0000000000
88954  -48.379  6.496  -10.218 0.0000000000
88984  -49.796  6.493  -13.145 0.0000000000
88997  -49.466  6.218  -14.182 0.0000000000
89011  -50.187  6.059  -15.026 0.0000000000
88149  -48.240  5.721  -14.283 0.0000000000
89790  -46.480  7.227  -12.996 0.0000000000
88996  -46.725  6.320  -13.381 0.0000000000
89807  -45.595  7.617  -15.702 0.0000000000
90500  -51.666  8.169  -3.151 0.0000000000
90499  -50.921  7.910  -3.291 0.0000000000
93072  -55.266  11.357  -4.633 0.0000000000
92225  -54.581  10.643  -4.063 0.0000000000
93077  -54.439  11.392  -5.812 0.0000000000
92254  -53.771  11.297  -6.139 0.0000000000
93090  -53.446  11.596  -6.655 0.0000000000
94507  -51.059  13.369  -8.973 0.0000000000
93801  -50.415  12.942  -8.376 0.0000000000
93788  -49.784  12.519  -7.775 0.0000000000
93799  -48.571  12.927  -8.630 0.0000000000
93798  -47.786  12.665  -8.842 0.0000000000
93810  -47.680  12.631  -9.739 0.0000000000
93832  -48.108  12.234  -13.196 0.0000000000
92305  -47.245  10.701  -14.868 0.0000000000
92304  -46.449  10.503  -15.202 0.0000000000
91373  -44.763  9.607  -14.990 0.0000000000
92296  -45.216  10.765  -14.275 0.0000000000
95323  -45.588  14.422  -14.099 0.0000000000
94555  -45.667  13.483  -13.657 0.0000000000
141276  -48.081  16.348  -12.522 0.0000000000
96776  -47.867  16.011  -11.453 0.0000000000
96789  -46.081  16.193  -11.921 0.0000000000
98212  -43.887  17.674  -11.662 0.0000000000
97465  -43.560  17.304  -12.224 0.0000000000
139453  -42.403  16.137  -12.093 0.0000000000
96016  -41.473  15.072  -10.182 0.0000000000
96005  -41.494  15.271  -9.294 0.0000000000
97439  -42.110  18.240  -8.006 0.0000000000
97443  -42.103  17.172  -7.997 0.0000000000
137617  -40.954  16.174  -6.489 0.0000000000
97433  -40.656  17.814  -6.331 0.0000000000
86279  -46.588  3.401  -3.547 0.0000000000
87157  -46.408  4.031  -3.212 0.0000000000
131925  -55.868  14.066  -1.144 0.0000000000
95232  -55.102  14.066  -1.574 0.0000000000
95241  -54.409  13.867  -2.324 0.0000000000
138555  -53.858  13.672  -2.899 0.0000000000
94456  -52.945  13.647  -3.030 0.0000000000
95265  -51.971  13.958  -5.341 0.0000000000
128391  -51.059  14.250  -5.383 0.0000000000
95974  -50.870  14.719  -6.181 0.0000000000
95264  -50.164  14.518  -5.433 0.0000000000
124808  -49.709  14.416  -3.947 0.0000000000
95256  -48.763  14.906  -4.850 0.0000000000
96725  -47.529  16.364  -4.123 0.0000000000
97426  -47.338  17.322  -4.268 0.0000000000
147874  -45.251  11.255  1.565 0.0000000000
93007  -45.947  11.443  1.519 0.0000000000
92995  -46.977  11.905  2.638 0.0000000000
123430  -46.364  11.772  3.294 0.0000000000
92996  -47.811  12.067  2.870 0.0000000000
84463  -52.977  1.187  -1.236 0.0000000000
83643  -52.150  1.100  -1.356 0.0000000000
83642  -51.297  1.000  -1.477 0.0000000000
123162  -50.139  0.215  0.246 0.0000000000
147862  -49.407  0.302  -0.133 0.0000000000
84455  -47.086  1.061  0.986 0.0000000000
85312  -46.457  2.630  5.836 0.0000000000
86208  -46.014  3.501  5.564 0.0000000000
87113  -46.210  5.088  5.031 0.0000000000
88009  -46.810  5.387  4.543 0.0000000000
88861  -43.034  6.261  0.960 0.0000000000
88864  -42.836  6.944  0.548 0.0000000000
88860  -42.395  6.848  1.051 0.0000000000
89691  -41.799  7.354  1.220 0.0000000000
89690  -41.243  7.865  1.353 0.0000000000
88091  -46.452  5.920  -7.191 0.0000000000
88924  -46.869  6.186  -8.044 0.0000000000
130175  -47.046  6.721  -9.280 0.0000000000
88968  -47.385  6.512  -11.292 0.0000000000
89784  -46.570  7.332  -11.917 0.0000000000
135716  -46.408  7.882  -12.278 0.0000000000
91364  -46.805  9.107  -13.133 0.0000000000
128768  -51.154  8.997  -1.510 0.0000000000
90483  -51.624  8.341  -1.874 0.0000000000
90491  -51.845  8.190  -2.496 0.0000000000
90484  -52.320  8.684  -2.127 0.0000000000
91302  -51.902  8.779  -3.642 0.0000000000
93805  -54.912  13.256  -8.232 0.0000000000
93791  -54.366  12.791  -7.945 0.0000000000
94509  -53.161  13.357  -9.023 0.0000000000
94520  -52.648  13.683  -9.651 0.0000000000
94531  -53.823  14.560  -10.623 0.0000000000
94530  -52.746  14.290  -10.602 0.0000000000
94519  -51.772  13.756  -9.680 0.0000000000
142931  -49.587  13.760  -10.545 0.0000000000
94527  -48.922  13.566  -10.901 0.0000000000
94548  -49.056  13.612  -12.961 0.0000000000
93845  -47.820  12.855  -14.818 0.0000000000
94559  -47.320  13.952  -14.966 0.0000000000
135442  -46.999  15.280  -15.386 0.0000000000
95339  -48.178  15.606  -15.513 0.0000000000
95324  -46.321  14.809  -14.813 0.0000000000
96054  -46.015  15.970  -15.436 0.0000000000
96053  -45.100  16.554  -15.070 0.0000000000
124601  -46.148  16.178  -9.108 0.0000000000
96764  -45.834  16.173  -9.805 0.0000000000
98208  -44.471  17.984  -10.766 0.0000000000
98188  -42.730  18.674  -8.649 0.0000000000
98183  -42.244  19.027  -7.891 0.0000000000
98178  -41.982  19.052  -7.137 0.0000000000
85428  -50.523  2.538  -5.778 0.0000000000
85438  -50.384  2.890  -6.337 0.0000000000
86318  -48.400  3.539  -6.489 0.0000000000
88084  -46.874  5.140  -6.830 0.0000000000
87168  -46.235  4.666  -5.274 0.0000000000
87176  -46.496  4.833  -6.065 0.0000000000
88923  -46.054  6.632  -7.252 0.0000000000
89754  -45.640  7.661  -6.522 0.0000000000
91340  -45.993  9.852  -7.426 0.0000000000
92191  -55.097  11.359  -0.706 0.0000000000
92205  -54.680  10.915  -1.510 0.0000000000
93053  -55.431  11.289  -1.361 0.0000000000
93054  -56.050  11.506  -1.640 0.0000000000
147294  -55.887  11.424  -2.279 0.0000000000
93061  -56.302  11.769  -2.877 0.0000000000
93067  -55.941  11.634  -3.503 0.0000000000
142229  -55.935  12.190  -5.102 0.0000000000
93079  -55.721  12.384  -5.712 0.0000000000
93783  -55.669  12.834  -6.287 0.0000000000
94448  -56.212  13.776  -2.020 0.0000000000
94458  -56.314  13.557  -3.051 0.0000000000
133601  -56.320  13.422  -3.777 0.0000000000
94478  -55.366  13.539  -4.871 0.0000000000
94479  -56.040  13.332  -4.961 0.0000000000
94488  -55.732  13.137  -5.834 0.0000000000
134420  -55.602  13.232  -6.670 0.0000000000
93793  -55.554  13.173  -7.155 0.0000000000
94500  -55.383  13.695  -8.032 0.0000000000
94511  -55.112  14.217  -8.908 0.0000000000
96012  -54.661  15.064  -9.531 0.0000000000
96011  -54.166  15.566  -10.155 0.0000000000
96769  -53.712  16.090  -10.814 0.0000000000
148175  -52.610  16.856  -11.888 0.0000000000
96794  -52.419  16.967  -12.579 0.0000000000
123453  -51.829  17.097  -11.907 0.0000000000
122990  -50.730  16.731  -11.281 0.0000000000
96778  -49.720  16.383  -10.722 0.0000000000
96766  -51.097  16.282  -9.679 0.0000000000
146431  -48.942  16.072  -10.282 0.0000000000
96007  -47.483  15.733  -9.687 0.0000000000
95984  -49.658  15.444  -7.429 0.0000000000
95983  -48.511  15.510  -7.085 0.0000000000
130373  -49.076  15.589  -7.926 0.0000000000
141130  -46.924  15.817  -9.154 0.0000000000
97440  -45.841  17.886  -8.150 0.0000000000
89708  -46.531  7.064  -1.386 0.0000000000
91284  -46.822  9.548  -1.300 0.0000000000
91285  -48.421  9.198  -1.431 0.0000000000
92201  -49.711  10.027  -1.374 0.0000000000
93022  -46.756  11.356  0.439 0.0000000000
93038  -47.941  11.499  -0.239 0.0000000000
147567  -50.873  10.628  -1.240 0.0000000000
92188  -51.549  10.783  -1.087 0.0000000000
133679  -51.247  11.736  0.070 0.0000000000
147258  -51.597  11.309  -0.540 0.0000000000
93043  -53.090  11.561  -0.091 0.0000000000
138497  -54.030  11.755  0.506 0.0000000000
92999  -52.528  12.226  2.385 0.0000000000
123450  -53.116  12.058  4.098 0.0000000000
141073  -53.059  12.201  3.237 0.0000000000
93013  -53.291  12.114  1.741 0.0000000000
134807  -53.927  11.960  1.275 0.0000000000
125432  -55.009  11.624  0.243 0.0000000000
93030  -55.886  11.622  0.831 0.0000000000
93031  -56.796  11.608  0.787 0.0000000000
93002  -56.540  11.606  2.818 0.0000000000
93003  -57.185  11.667  2.465 0.0000000000
93017  -57.865  12.044  0.810 0.0000000000
94434  -57.902  12.549  1.157 0.0000000000
144357  -57.739  13.177  0.682 0.0000000000
138827  -57.170  13.777  0.607 0.0000000000
143340  -56.462  14.141  2.367 0.0000000000
86324  -54.805  3.655  -6.519 0.0000000000
86322  -52.769  3.225  -6.429 0.0000000000
85419  -53.460  2.452  -4.617 0.0000000000
85430  -52.217  2.587  -5.435 0.0000000000
85429  -51.387  2.523  -5.633 0.0000000000
84514  -49.412  1.785  -4.422 0.0000000000
85398  -47.177  2.382  -3.326 0.0000000000
83655  -49.737  0.892  -2.231 0.0000000000
83654  -48.810  0.818  -2.101 0.0000000000
83639  -48.447  0.618  -1.348 0.0000000000
84487  -48.386  1.086  -2.593 0.0000000000
122708  -47.799  1.431  -2.698 0.0000000000
142854  -46.953  2.544  -2.693 0.0000000000
86267  -46.641  3.314  -1.745 0.0000000000
88045  -46.152  5.687  -0.981 0.0000000000
84432  -52.349  1.453  3.956 0.0000000000
84388  -51.565  2.418  7.914 0.0000000000
85296  -51.114  2.971  7.964 0.0000000000
86185  -51.357  3.553  7.748 0.0000000000
86194  -48.594  3.720  6.753 0.0000000000
130206  -49.361  4.133  6.792 0.0000000000
86195  -50.028  4.033  7.054 0.0000000000
86196  -50.818  4.053  7.153 0.0000000000
86197  -51.635  4.037  7.077 0.0000000000
86212  -51.823  4.320  6.018 0.0000000000
86228  -52.116  3.699  5.296 0.0000000000
85323  -51.591  3.164  4.693 0.0000000000
147128  -50.464  4.008  4.578 0.0000000000
85322  -50.811  3.278  4.434 0.0000000000
84431  -51.478  1.556  3.927 0.0000000000
83596  -51.849  0.884  3.338 0.0000000000
83595  -51.030  1.006  3.344 0.0000000000
83605  -50.529  0.696  2.666 0.0000000000
83604  -48.960  0.831  2.211 0.0000000000
84441  -49.188  1.383  3.042 0.0000000000
87126  -46.270  4.458  3.220 0.0000000000
86243  -45.214  3.396  2.108 0.0000000000
85341  -45.787  2.624  2.141 0.0000000000
85350  -45.993  2.095  1.538 0.0000000000
85356  -46.065  1.989  0.587 0.0000000000
133508  -45.568  7.177  -1.251 0.0000000000
90476  -45.109  8.376  -1.168 0.0000000000
90470  -44.394  8.181  -0.832 0.0000000000
128373  -44.913  10.627  0.313 0.0000000000
137450  -42.772  8.225  0.189 0.0000000000
92175  -43.504  10.261  0.536 0.0000000000
92176  -44.323  10.705  0.761 0.0000000000
93006  -44.544  11.120  1.618 0.0000000000
147462  -43.188  11.021  2.480 0.0000000000
92992  -43.706  11.284  2.888 0.0000000000
92984  -44.330  11.447  3.402 0.0000000000
87242  -53.525  5.620  -13.190 0.0000000000
89002  -53.434  6.600  -13.041 0.0000000000
87256  -53.151  6.155  -13.478 0.0000000000
87254  -51.501  5.569  -14.401 0.0000000000
86320  -50.644  3.270  -6.868 0.0000000000
87204  -50.867  4.375  -8.499 0.0000000000
88112  -49.175  5.873  -9.365 0.0000000000
88942  -48.774  6.318  -9.772 0.0000000000
88113  -50.053  5.804  -9.536 0.0000000000
124156  -51.849  6.696  -11.604 0.0000000000
140945  -51.641  6.647  -13.281 0.0000000000
87265  -50.623  5.338  -14.971 0.0000000000
136208  -50.012  5.011  -15.529 0.0000000000
88159  -49.820  5.492  -15.463 0.0000000000
87275  -49.450  4.797  -15.793 0.0000000000
86406  -48.407  3.911  -16.297 0.0000000000
86405  -47.503  3.779  -16.426 0.0000000000
88157  -47.783  5.268  -15.457 0.0000000000
86404  -46.547  3.844  -16.345 0.0000000000
86403  -45.836  4.133  -16.148 0.0000000000
87272  -45.530  4.903  -15.977 0.0000000000
87271  -44.943  5.053  -15.520 0.0000000000
126955  -47.572  6.545  -1.394 0.0000000000
88883  -48.769  6.111  -1.776 0.0000000000
89710  -48.980  6.606  -1.668 0.0000000000
89732  -47.717  6.876  -3.390 0.0000000000
89734  -49.984  6.945  -2.691 0.0000000000
89735  -50.627  7.351  -2.892 0.0000000000
91309  -46.845  8.953  -4.794 0.0000000000
91325  -47.101  9.766  -5.144 0.0000000000
146495  -46.257  10.519  -6.992 0.0000000000
92262  -46.269  10.669  -7.712 0.0000000000
92212  -54.304  10.395  -2.073 0.0000000000
92224  -53.941  10.272  -4.239 0.0000000000
91315  -53.319  9.682  -3.902 0.0000000000
91314  -52.565  9.838  -4.586 0.0000000000
92237  -51.812  10.123  -5.182 0.0000000000
147662  -51.192  10.441  -5.559 0.0000000000
93105  -52.948  11.981  -7.220 0.0000000000
93089  -52.434  11.426  -6.615 0.0000000000
93790  -51.638  12.410  -7.682 0.0000000000
93104  -51.972  11.886  -7.166 0.0000000000
92251  -50.907  10.908  -6.043 0.0000000000
92236  -50.428  10.456  -5.541 0.0000000000
92250  -49.095  11.143  -5.984 0.0000000000
147457  -48.460  12.197  -7.332 0.0000000000
93086  -48.138  11.833  -6.868 0.0000000000
92276  -46.501  10.414  -10.678 0.0000000000
93125  -46.773  11.185  -10.373 0.0000000000
93827  -48.285  13.057  -11.366 0.0000000000
93137  -47.603  11.571  -12.490 0.0000000000
90580  -46.114  8.436  -15.622 0.0000000000
90579  -45.403  8.480  -15.930 0.0000000000
89805  -44.868  7.559  -15.724 0.0000000000
123130  -50.552  17.110  -13.098 0.0000000000
123093  -48.236  16.967  -14.345 0.0000000000
96817  -47.489  17.146  -14.867 0.0000000000
127679  -45.940  17.085  -14.975 0.0000000000
96828  -45.494  16.907  -15.040 0.0000000000
140758  -44.349  16.688  -14.696 0.0000000000
97467  -44.591  17.163  -12.844 0.0000000000
97474  -44.746  17.132  -13.919 0.0000000000
97482  -44.283  17.034  -14.375 0.0000000000
96814  -44.004  16.836  -14.457 0.0000000000
96051  -43.807  16.475  -14.381 0.0000000000
94544  -42.614  14.266  -11.999 0.0000000000
95307  -42.172  14.729  -11.934 0.0000000000
93823  -42.723  13.185  -10.974 0.0000000000
93815  -42.455  12.631  -10.336 0.0000000000
94524  -40.669  13.650  -10.049 0.0000000000
94514  -40.411  13.015  -9.431 0.0000000000
96761  -41.905  16.040  -8.885 0.0000000000
95993  -41.505  15.498  -8.417 0.0000000000
96753  -41.835  16.298  -8.116 0.0000000000
95964  -40.499  15.675  -5.945 0.0000000000
98164  -47.431  18.347  -4.440 0.0000000000
98869  -47.574  19.978  -7.261 0.0000000000
98875  -47.543  20.310  -8.549 0.0000000000
98882  -47.322  20.702  -9.274 0.0000000000
99522  -46.771  20.862  -9.498 0.0000000000
100146  -47.533  21.765  -8.821 0.0000000000
99515  -45.071  20.664  -8.730 0.0000000000
130900  -44.309  20.129  -7.801 0.0000000000
98867  -43.531  19.543  -7.133 0.0000000000
85297  -51.766  3.148  8.141 0.0000000000
92990  -56.996  11.700  3.139 0.0000000000
93016  -57.437  11.751  1.487 0.0000000000
93046  -57.206  11.913  -0.469 0.0000000000
93073  -56.016  11.921  -4.292 0.0000000000
93742  -57.793  12.025  1.558 0.0000000000
93755  -57.372  12.871  -2.163 0.0000000000
93761  -57.269  12.840  -2.586 0.0000000000
93768  -57.248  13.046  -2.737 0.0000000000
93792  -55.141  12.925  -7.657 0.0000000000
94429  -57.528  13.387  1.408 0.0000000000
94433  -57.545  13.297  -0.048 0.0000000000
94455  -51.980  13.643  -3.181 0.0000000000
94484  -52.210  13.710  -4.732 0.0000000000
94521  -54.784  14.209  -9.363 0.0000000000
95283  -54.550  14.568  -7.370 0.0000000000
95289  -54.965  14.646  -9.050 0.0000000000
95290  -55.205  14.303  -8.430 0.0000000000
95302  -54.153  15.045  -10.818 0.0000000000
95311  -53.755  15.379  -11.321 0.0000000000
95335  -50.336  16.003  -14.718 0.0000000000
95338  -47.457  15.686  -15.586 0.0000000000
96030  -53.597  15.761  -11.610 0.0000000000
96780  -53.134  16.495  -11.406 0.0000000000
96781  -53.538  16.099  -11.613 0.0000000000
96795  -53.031  16.542  -12.158 0.0000000000
96805  -49.951  17.020  -13.748 0.0000000000
96807  -52.175  16.871  -13.185 0.0000000000
96813  -43.455  16.654  -13.974 0.0000000000
96820  -50.743  16.805  -14.185 0.0000000000
96827  -44.674  16.837  -14.767 0.0000000000
96836  -46.730  16.778  -15.322 0.0000000000
124412  -56.423  13.253  -4.263 0.0000000000
133162  -57.842  12.642  0.315 0.0000000000
140404  -47.355  17.012  -14.316 0.0000000000
140568  -56.951  13.459  -1.822 0.0000000000
143259  -51.522  13.892  -2.582 0.0000000000
144272  -46.173  16.930  -15.146 0.0000000000
144845  -46.029  9.702  -5.884 0.0000000000
146181  -52.013  1.550  -3.352 0.0000000000
147253  -45.339  3.567  -15.094 0.0000000000
