#!ascii label  , from subject sub-v1s10x0050954_ses-1 vox2ras=TkReg
1339
8582  -4.901  -67.502  -34.726 0.5000000000
7891  -9.418  -67.751  -36.389 0.5000000000
7892  -10.634  -67.892  -36.612 0.5000000000
86820  -11.685  -67.505  -37.020 0.5000000000
7190  -6.292  -69.009  -33.632 0.5000000000
7864  -5.559  -68.053  -33.879 0.5000000000
93898  -5.861  -67.162  -33.809 0.5000000000
8560  -5.898  -66.478  -34.042 0.5000000000
9307  -7.028  -65.638  -33.931 0.6000000238
9321  -6.340  -66.218  -34.383 0.5000000000
7908  -12.200  -67.462  -37.308 0.5000000000
8613  -7.515  -67.313  -35.871 0.5000000000
7909  -12.873  -67.509  -37.403 0.5000000000
8614  -8.633  -67.253  -35.768 0.6000000238
7893  -12.454  -67.499  -37.029 0.6000000238
87106  -9.442  -67.502  -35.136 0.6000000238
7877  -11.256  -67.850  -36.680 0.6000000238
7224  -12.950  -68.094  -36.704 0.6999999881
7202  -9.706  -68.058  -34.898 0.6999999881
7223  -11.603  -68.329  -36.443 0.6999999881
6587  -10.449  -69.761  -34.891 0.6999999881
94375  -10.833  -69.498  -35.639 0.6999999881
6607  -11.687  -69.543  -36.199 0.6999999881
7191  -7.083  -68.868  -33.362 0.5000000000
8561  -6.701  -66.507  -33.665 0.6000000238
7851  -7.464  -68.037  -33.258 0.6000000238
8562  -8.048  -67.097  -33.163 0.6000000238
9329  -7.265  -65.925  -34.623 0.5000000000
99161  -13.338  -67.755  -37.137 0.5000000000
7238  -13.807  -68.164  -37.548 0.5000000000
5999  -14.518  -69.896  -38.348 0.6999999881
6609  -13.677  -68.301  -37.039 0.6999999881
5988  -13.999  -69.931  -37.596 0.6999999881
8599  -7.889  -66.554  -35.290 0.6000000238
8600  -8.806  -66.800  -35.018 0.6999999881
5977  -13.608  -69.514  -37.032 0.6999999881
8584  -9.549  -67.500  -34.846 0.6999999881
7865  -9.970  -68.377  -34.740 0.6999999881
5965  -12.643  -70.967  -36.368 0.6999999881
103047  -10.713  -69.922  -34.454 0.6999999881
6599  -11.001  -70.389  -35.293 0.6999999881
5964  -11.797  -70.706  -35.881 0.6999999881
102510  -12.214  -71.360  -35.463 0.6999999881
6588  -11.033  -70.412  -34.549 0.6999999881
6589  -11.930  -70.898  -34.179 0.6999999881
5953  -12.426  -71.404  -34.603 0.6999999881
7178  -7.955  -69.354  -33.045 0.5000000000
7837  -8.415  -68.338  -32.791 0.6000000238
7838  -9.159  -68.579  -32.370 0.6000000238
92118  -8.987  -67.484  -32.564 0.6000000238
94522  -9.820  -66.700  -32.428 0.6000000238
9308  -7.834  -65.956  -33.663 0.6000000238
8548  -8.804  -66.284  -32.992 0.6000000238
9984  -7.865  -65.504  -33.989 0.6000000238
5443  -14.486  -71.135  -38.329 0.6999999881
9330  -8.129  -65.965  -34.646 0.6999999881
88407  -13.808  -71.146  -37.696 0.6999999881
102478  -14.024  -72.459  -38.249 0.6999999881
4300  -14.414  -74.007  -38.591 0.6999999881
9324  -9.287  -65.639  -34.141 0.6999999881
5432  -13.698  -72.203  -37.840 0.6999999881
3786  -14.592  -74.760  -38.443 0.6999999881
92221  -9.410  -66.445  -34.532 0.6999999881
8585  -10.051  -67.291  -34.472 0.6999999881
97089  -13.286  -71.059  -37.040 0.6999999881
5422  -13.339  -72.292  -37.023 0.6999999881
4835  -13.600  -73.237  -37.817 0.6999999881
3773  -14.046  -74.452  -38.182 0.6999999881
7866  -10.638  -68.165  -34.186 0.6999999881
5978  -13.059  -71.750  -36.337 0.6999999881
4284  -13.780  -73.876  -37.415 0.6999999881
7192  -11.081  -69.873  -34.010 0.6999999881
5406  -13.559  -72.354  -35.760 0.6999999881
6576  -11.623  -70.372  -33.870 0.6999999881
5966  -12.976  -71.838  -35.335 0.6999999881
5941  -12.777  -71.280  -33.694 0.6999999881
5395  -13.735  -72.338  -34.690 0.6999999881
6565  -8.511  -70.229  -32.519 0.5000000000
7179  -8.814  -69.345  -32.452 0.6000000238
7180  -9.612  -69.388  -31.925 0.6000000238
6557  -9.476  -70.335  -31.502 0.5000000000
7172  -10.215  -69.006  -31.535 0.6000000238
5911  -8.457  -71.498  -31.611 0.5000000000
6556  -8.890  -70.777  -31.938 0.5000000000
104412  -9.882  -68.209  -32.078 0.6000000238
7816  -11.415  -68.297  -30.532 0.6000000238
8534  -10.566  -67.530  -31.762 0.6000000238
102017  -10.936  -68.126  -31.213 0.6000000238
9985  -8.776  -65.626  -33.551 0.6000000238
9994  -8.963  -65.446  -33.873 0.6999999881
9309  -9.528  -65.672  -32.961 0.6999999881
9325  -10.209  -65.987  -34.094 0.6999999881
9986  -9.614  -65.468  -33.444 0.6999999881
3787  -15.677  -75.358  -38.626 0.6999999881
8586  -10.905  -66.852  -33.995 0.6999999881
9326  -11.119  -65.969  -33.665 0.6999999881
101350  -14.929  -75.393  -38.170 0.6999999881
3314  -16.364  -75.862  -38.552 0.6999999881
8563  -11.890  -66.655  -33.594 0.6999999881
4292  -14.182  -74.531  -37.343 0.6999999881
3303  -15.669  -75.909  -38.031 0.6999999881
3328  -17.763  -75.549  -39.192 0.6999999881
7852  -11.425  -68.780  -33.756 0.6000000238
4827  -14.323  -73.868  -36.411 0.6999999881
3775  -15.131  -75.492  -37.595 0.6999999881
3304  -16.530  -76.260  -37.864 0.6999999881
3316  -18.074  -76.294  -38.619 0.6999999881
7193  -11.968  -69.715  -33.493 0.6999999881
4815  -14.629  -73.539  -35.338 0.6999999881
4277  -15.062  -74.222  -35.551 0.6000000238
3763  -15.514  -75.365  -36.511 0.6999999881
3290  -16.019  -75.894  -37.149 0.6999999881
5942  -13.246  -71.084  -32.946 0.6000000238
5954  -13.242  -71.847  -34.176 0.6999999881
5384  -13.933  -72.228  -33.720 0.6999999881
5407  -14.227  -72.889  -35.074 0.6999999881
101096  -14.829  -73.349  -34.362 0.6000000238
4278  -15.511  -74.906  -35.577 0.6000000238
97859  -13.583  -71.662  -33.314 0.6000000238
4781  -14.369  -72.768  -34.087 0.6000000238
99092  -15.121  -73.094  -33.423 0.5000000000
4799  -15.231  -73.970  -34.611 0.5000000000
4263  -15.869  -74.434  -33.948 0.5000000000
104890  -14.224  -72.051  -32.986 0.6000000238
5370  -15.159  -72.044  -32.581 0.5000000000
5386  -15.425  -72.711  -32.790 0.5000000000
7159  -10.173  -69.822  -31.080 0.6000000238
6543  -9.693  -70.674  -30.651 0.6000000238
91735  -11.670  -68.839  -29.865 0.5000000000
7797  -12.101  -68.899  -29.344 0.6999999881
6542  -9.122  -71.134  -31.156 0.5000000000
6544  -10.271  -70.299  -30.141 0.6000000238
5897  -8.548  -71.790  -30.685 0.6000000238
8506  -12.065  -68.213  -29.891 0.4000000060
5898  -9.149  -71.363  -30.185 0.6000000238
8525  -11.943  -67.350  -30.428 0.5000000000
89573  -11.329  -67.187  -31.223 0.6000000238
9282  -10.836  -66.458  -32.109 0.6000000238
9988  -11.132  -65.621  -33.292 0.6999999881
9295  -10.315  -65.734  -32.709 0.6000000238
9310  -11.769  -66.010  -33.358 0.6999999881
88269  -12.258  -67.632  -33.560 0.6000000238
8564  -12.777  -66.872  -33.402 0.6000000238
7194  -12.909  -69.669  -33.028 0.6000000238
3764  -16.307  -75.820  -36.112 0.6000000238
3291  -16.962  -76.242  -36.695 0.6000000238
3305  -17.501  -76.470  -37.696 0.6999999881
3306  -18.591  -76.586  -37.497 0.6999999881
3317  -19.007  -76.309  -38.624 0.6999999881
6578  -13.213  -70.398  -32.856 0.6000000238
3742  -16.125  -75.092  -34.587 0.6000000238
100505  -20.321  -76.013  -38.545 0.6999999881
6566  -14.578  -70.507  -32.466 0.6000000238
4800  -15.542  -73.739  -33.617 0.4000000060
4264  -16.644  -74.792  -33.618 0.4000000060
3754  -16.561  -75.698  -35.104 0.5000000000
100393  -17.578  -76.384  -35.703 0.6000000238
3293  -18.727  -76.639  -36.447 0.6000000238
3308  -20.134  -76.397  -37.632 0.6000000238
5927  -15.310  -71.202  -32.392 0.5000000000
5928  -15.955  -71.820  -32.377 0.5000000000
5371  -15.917  -72.541  -32.540 0.5000000000
4782  -15.938  -73.278  -32.814 0.5000000000
3263  -17.821  -75.958  -33.954 0.4000000060
3277  -18.089  -76.429  -34.846 0.6000000238
7152  -11.536  -69.507  -29.328 0.6000000238
7161  -11.193  -69.237  -30.172 0.6000000238
7783  -12.602  -69.039  -28.721 0.6000000238
95426  -9.738  -70.999  -29.637 0.6000000238
6534  -10.377  -70.642  -29.152 0.5000000000
6515  -10.504  -70.868  -28.052 0.6000000238
6491  -9.871  -71.192  -27.164 0.6000000238
5880  -8.532  -71.965  -29.646 0.6999999881
97080  -8.751  -71.870  -27.967 0.6000000238
5857  -9.071  -71.546  -27.193 0.6000000238
98958  -12.443  -66.770  -30.405 0.5000000000
8507  -12.627  -67.434  -29.846 0.6000000238
5320  -7.306  -72.760  -29.168 0.6000000238
5856  -8.201  -71.878  -27.072 0.6999999881
9276  -12.062  -66.506  -30.979 0.5000000000
5864  -8.008  -72.319  -27.927 0.6999999881
9283  -11.637  -66.157  -31.767 0.6000000238
5294  -6.678  -72.424  -27.620 0.6000000238
9974  -11.528  -65.654  -32.877 0.6000000238
9963  -11.937  -65.808  -32.301 0.6000000238
9975  -12.271  -65.849  -32.694 0.6000000238
9990  -12.607  -66.039  -32.992 0.6000000238
95881  -12.978  -67.559  -33.347 0.6000000238
7853  -13.486  -67.970  -33.122 0.6000000238
7183  -15.667  -69.458  -32.393 0.6000000238
7181  -13.845  -69.784  -32.660 0.6000000238
7184  -16.400  -69.266  -32.483 0.6000000238
6567  -15.467  -70.328  -32.374 0.6000000238
93841  -19.197  -76.709  -35.794 0.6000000238
96593  -19.847  -76.692  -35.870 0.6000000238
3295  -20.278  -76.479  -36.455 0.6000000238
89766  -16.030  -70.998  -32.375 0.5000000000
5929  -16.401  -71.675  -32.632 0.5000000000
4767  -16.381  -72.952  -32.720 0.5000000000
3765  -21.547  -75.483  -36.194 0.6000000238
3252  -18.543  -76.032  -33.689 0.4000000060
3279  -19.687  -76.684  -35.119 0.6000000238
3280  -20.443  -76.468  -35.417 0.6000000238
7136  -11.718  -69.943  -28.461 0.6000000238
7123  -11.878  -70.178  -27.561 0.5000000000
7137  -12.334  -69.645  -28.143 0.6000000238
7770  -13.804  -69.010  -27.534 0.5000000000
7135  -11.080  -70.282  -28.798 0.6000000238
6493  -11.336  -70.513  -26.888 0.6000000238
7782  -12.061  -69.398  -28.825 0.5000000000
7138  -13.021  -69.306  -27.874 0.5000000000
7784  -13.334  -68.547  -28.584 0.5000000000
6492  -10.620  -70.825  -27.006 0.5000000000
6516  -11.219  -70.486  -27.821 0.6000000238
88948  -9.984  -70.751  -26.386 0.5000000000
7799  -13.168  -67.858  -29.281 0.6000000238
5295  -7.442  -72.224  -27.442 0.6999999881
5841  -8.603  -71.296  -26.678 0.6000000238
5840  -8.038  -71.203  -26.641 0.6000000238
9284  -12.398  -66.040  -31.561 0.5000000000
5854  -6.325  -71.843  -27.478 0.5000000000
5855  -7.479  -71.642  -26.970 0.6999999881
9964  -12.658  -65.899  -32.041 0.5000000000
9312  -13.099  -66.401  -33.014 0.5000000000
104449  -12.979  -66.602  -33.229 0.6000000238
7840  -14.890  -68.006  -32.488 0.6000000238
8566  -14.015  -67.530  -32.833 0.5000000000
7841  -15.865  -68.534  -32.254 0.6000000238
87723  -15.111  -68.828  -32.440 0.6000000238
6568  -16.458  -70.660  -32.743 0.5000000000
3730  -18.982  -75.720  -33.451 0.5000000000
3254  -19.776  -76.359  -33.833 0.5000000000
3267  -20.814  -76.120  -34.562 0.6000000238
3281  -21.205  -75.926  -35.422 0.6000000238
6477  -12.239  -70.159  -26.207 0.6000000238
7125  -13.363  -69.473  -26.898 0.6000000238
6469  -11.835  -70.159  -25.834 0.6000000238
6475  -10.764  -70.535  -26.146 0.6000000238
91530  -10.142  -70.331  -25.911 0.6999999881
8487  -13.747  -67.688  -28.932 0.6000000238
6473  -8.649  -70.675  -26.473 0.6000000238
91939  -9.241  -71.027  -26.539 0.6000000238
8508  -13.332  -67.058  -29.523 0.6000000238
6490  -7.403  -70.872  -26.824 0.6000000238
7112  -8.067  -70.414  -26.599 0.6000000238
9277  -12.775  -66.266  -30.790 0.5000000000
9976  -12.994  -66.039  -32.517 0.5000000000
6514  -6.105  -70.980  -27.697 0.5000000000
6489  -6.770  -70.418  -27.491 0.6000000238
9313  -13.728  -66.805  -32.796 0.5000000000
8550  -15.541  -67.601  -32.066 0.6000000238
8549  -14.526  -67.171  -32.443 0.5000000000
8551  -16.584  -67.908  -31.854 0.5000000000
7842  -16.840  -68.609  -32.252 0.5000000000
3731  -19.729  -75.850  -33.255 0.6000000238
3733  -21.075  -75.586  -33.774 0.6000000238
7107  -12.426  -69.701  -25.704 0.6000000238
7108  -13.344  -69.354  -25.769 0.5000000000
7117  -14.121  -69.147  -26.578 0.5000000000
7752  -11.941  -69.115  -25.399 0.6999999881
7771  -14.660  -68.769  -27.219 0.5000000000
7750  -10.345  -69.116  -25.665 0.6999999881
7105  -10.802  -69.752  -25.624 0.6000000238
8471  -15.038  -68.169  -27.926 0.5000000000
7114  -9.511  -69.543  -25.942 0.6000000238
7785  -14.195  -68.329  -28.189 0.5000000000
9257  -14.259  -66.231  -29.146 0.6000000238
7759  -8.914  -69.132  -26.424 0.6999999881
9271  -13.609  -65.983  -29.681 0.6000000238
7122  -8.196  -69.556  -26.776 0.6000000238
9278  -13.412  -65.870  -30.389 0.6000000238
7134  -6.943  -69.458  -28.125 0.6999999881
9965  -13.414  -66.063  -31.561 0.5000000000
9956  -13.809  -65.691  -30.619 0.5000000000
7133  -6.091  -69.843  -28.528 0.6000000238
9977  -13.734  -66.139  -31.962 0.5000000000
9285  -14.624  -66.120  -31.423 0.6000000238
9297  -13.464  -66.368  -32.590 0.5000000000
7149  -5.273  -69.674  -28.958 0.6000000238
9298  -14.132  -66.533  -32.265 0.5000000000
7832  -17.385  -67.959  -31.934 0.5000000000
91686  -13.233  -68.195  -25.376 0.6999999881
7754  -13.728  -68.729  -25.618 0.5000000000
7109  -14.121  -69.103  -25.947 0.5000000000
8450  -11.800  -67.518  -25.435 0.8000000119
91656  -12.326  -68.302  -25.361 0.6999999881
7762  -14.952  -68.726  -26.320 0.5000000000
7772  -15.507  -68.538  -27.051 0.5000000000
8460  -10.546  -67.388  -25.990 0.6999999881
7751  -11.181  -68.300  -25.535 0.6999999881
91113  -11.155  -69.225  -25.514 0.8000000119
7761  -10.262  -68.225  -25.892 0.6999999881
8472  -15.788  -67.939  -27.678 0.5000000000
100098  -9.180  -67.553  -27.413 0.6999999881
7760  -9.624  -68.663  -26.119 0.6999999881
8488  -14.461  -67.340  -28.642 0.6000000238
8489  -15.272  -67.307  -28.320 0.5000000000
8485  -8.230  -67.517  -28.728 0.6000000238
8468  -8.663  -67.876  -27.839 0.6000000238
99279  -14.459  -64.926  -29.889 0.6000000238
8484  -7.507  -67.895  -29.201 0.6999999881
7767  -7.697  -69.080  -27.665 0.6999999881
9966  -14.238  -65.676  -30.819 0.6000000238
9957  -14.350  -65.072  -30.158 0.6000000238
7779  -6.394  -68.850  -28.950 0.6000000238
9299  -15.123  -66.792  -31.830 0.6000000238
7794  -5.233  -68.856  -29.169 0.6000000238
8535  -16.271  -67.068  -31.583 0.6000000238
8536  -17.164  -67.282  -31.504 0.5000000000
9211  -12.836  -66.548  -25.353 0.6000000238
88523  -13.491  -67.361  -25.336 0.5000000000
8452  -14.068  -68.048  -25.419 0.5000000000
7763  -15.882  -68.331  -26.429 0.5000000000
8449  -11.298  -66.795  -25.698 0.8000000119
8461  -16.561  -68.011  -26.709 0.5000000000
8470  -9.999  -66.935  -26.721 0.6999999881
9934  -14.774  -65.650  -29.022 0.6000000238
9234  -4.713  -66.640  -27.729 0.6000000238
8486  -8.821  -67.126  -28.081 0.8000000119
9931  -5.225  -65.990  -28.706 0.6000000238
8505  -7.736  -67.264  -29.497 0.6999999881
9272  -14.268  -65.336  -29.592 0.6000000238
9253  -4.406  -67.382  -28.014 0.6000000238
95384  -14.887  -64.759  -30.183 0.6000000238
9967  -15.161  -65.355  -30.726 0.6000000238
8502  -5.569  -67.954  -29.553 0.6000000238
8503  -6.082  -67.669  -29.943 0.6000000238
9968  -16.304  -65.478  -30.805 0.6000000238
7795  -5.906  -68.339  -29.477 0.5000000000
9288  -17.549  -66.593  -31.398 0.5000000000
8537  -17.824  -67.265  -31.747 0.5000000000
92155  -17.786  -65.978  -31.388 0.5000000000
89947  -13.331  -65.941  -25.298 0.5000000000
9213  -14.568  -66.542  -25.248 0.5000000000
9210  -11.924  -66.158  -25.532 0.6000000238
9884  -13.444  -65.216  -25.264 0.5000000000
9222  -10.496  -66.470  -26.385 0.8000000119
9882  -11.754  -65.457  -25.716 0.6999999881
89086  -10.322  -65.739  -26.728 0.8000000119
8469  -9.465  -66.968  -27.360 0.8000000119
9258  -15.410  -66.381  -28.577 0.6000000238
8474  -17.229  -67.505  -27.178 0.5000000000
10604  -5.610  -65.186  -28.048 0.6000000238
9235  -9.053  -66.212  -27.937 0.8000000119
9259  -16.219  -66.269  -28.436 0.5000000000
10623  -5.462  -65.014  -29.884 0.6999999881
9255  -8.310  -66.589  -29.122 0.8000000119
9947  -14.972  -64.751  -29.473 0.6000000238
9935  -15.469  -65.287  -28.838 0.6000000238
9936  -16.327  -65.164  -28.663 0.6000000238
9944  -5.318  -65.902  -30.081 0.6000000238
10626  -14.937  -64.603  -29.894 0.6000000238
10628  -16.299  -63.652  -29.305 0.6000000238
8483  -5.074  -67.550  -29.352 0.6000000238
8504  -6.880  -67.382  -29.978 0.6000000238
9269  -7.390  -66.733  -30.069 0.5000000000
9958  -15.651  -64.481  -30.305 0.6000000238
8523  -6.148  -67.077  -30.279 0.6000000238
89453  -17.181  -65.788  -31.046 0.6000000238
9959  -16.613  -64.644  -30.690 0.6000000238
100024  -17.482  -64.894  -31.260 0.5000000000
9969  -18.156  -65.593  -31.697 0.5000000000
9289  -18.122  -66.508  -31.708 0.5000000000
9978  -18.339  -64.966  -32.495 0.5000000000
9883  -12.581  -65.513  -25.458 0.6000000238
9903  -11.270  -65.020  -26.161 0.6999999881
89126  -7.027  -63.866  -27.022 0.6000000238
10591  -6.223  -64.530  -27.412 0.6000000238
99473  -9.922  -65.645  -27.111 0.8000000119
96749  -17.131  -66.235  -28.326 0.5000000000
11353  -6.487  -63.844  -28.070 0.6000000238
10592  -9.480  -64.780  -27.904 0.8000000119
9938  -18.333  -65.358  -28.665 0.5000000000
10605  -5.922  -64.335  -28.791 0.6999999881
10606  -8.761  -64.939  -28.859 0.8000000119
10608  -16.516  -64.070  -28.896 0.6000000238
9937  -17.309  -65.237  -28.610 0.6000000238
10641  -5.633  -64.334  -31.157 0.8000000119
9946  -8.259  -65.639  -29.518 0.6999999881
10627  -15.674  -64.161  -29.585 0.6000000238
10629  -16.833  -63.358  -29.189 0.6000000238
100759  -5.470  -65.248  -30.778 0.6999999881
9953  -6.069  -65.940  -31.004 0.6999999881
9954  -6.899  -66.118  -30.737 0.6000000238
10646  -16.209  -63.704  -30.092 0.6000000238
11385  -17.241  -62.936  -29.631 0.6000000238
9275  -5.835  -66.480  -30.499 0.6000000238
11401  -16.761  -63.025  -30.014 0.5000000000
11412  -17.631  -63.544  -31.319 0.5000000000
10546  -11.961  -64.776  -25.743 0.6000000238
99583  -12.646  -63.640  -25.703 0.5000000000
11321  -7.340  -63.349  -25.324 0.6000000238
10572  -11.444  -64.265  -26.299 0.6999999881
102175  -6.919  -63.892  -25.886 0.6000000238
10571  -10.714  -64.510  -26.807 0.6999999881
11339  -11.082  -63.839  -26.798 0.6000000238
10593  -10.110  -64.423  -27.424 0.6000000238
11355  -9.828  -63.977  -28.014 0.6999999881
11364  -6.233  -63.411  -29.124 0.8000000119
11367  -10.171  -63.294  -28.265 0.6000000238
10624  -5.710  -63.895  -30.142 0.8000000119
10625  -8.091  -64.881  -30.004 0.8000000119
11382  -9.169  -63.484  -29.592 0.6999999881
88477  -5.764  -65.158  -31.211 0.6999999881
10643  -6.824  -64.324  -31.742 0.6000000238
10644  -7.815  -64.266  -30.879 0.8000000119
12060  -7.758  -63.013  -24.621 0.6000000238
11338  -7.615  -63.345  -26.278 0.6000000238
11354  -7.651  -62.874  -27.342 0.6999999881
12120  -10.463  -62.648  -28.661 0.6000000238
11365  -6.971  -62.918  -28.340 0.6999999881
12117  -6.586  -62.582  -29.524 0.6999999881
12119  -9.807  -62.986  -29.217 0.6999999881
100877  -9.434  -63.028  -29.851 0.6000000238
100712  -6.046  -63.127  -30.092 0.8000000119
12145  -6.825  -62.264  -31.493 0.6000000238
11408  -6.544  -62.884  -32.189 0.5000000000
11400  -8.378  -63.481  -30.897 0.6999999881
12147  -9.386  -62.360  -31.274 0.6999999881
12148  -10.180  -62.210  -31.011 0.6000000238
11380  -5.872  -63.385  -31.123 0.8000000119
11409  -6.919  -62.941  -32.302 0.6000000238
11399  -7.267  -63.542  -31.937 0.6000000238
103477  -8.248  -62.829  -24.382 0.6000000238
89926  -8.433  -62.759  -24.867 0.6000000238
12093  -8.222  -62.644  -26.573 0.6999999881
12078  -8.057  -62.979  -25.563 0.6000000238
95605  -7.537  -62.176  -28.229 0.6999999881
12118  -7.184  -61.979  -29.029 0.6999999881
12866  -7.566  -61.435  -29.458 0.6000000238
12131  -10.254  -62.421  -29.655 0.6000000238
12128  -6.903  -61.951  -30.125 0.6000000238
12160  -7.152  -62.453  -32.058 0.6000000238
12869  -11.383  -61.670  -30.528 0.5000000000
87867  -10.862  -62.092  -31.225 0.5000000000
12890  -12.981  -61.850  -32.412 0.5000000000
12878  -10.696  -62.023  -31.853 0.6000000238
12879  -11.382  -62.073  -31.865 0.5000000000
12051  -9.447  -62.351  -23.343 0.6000000238
12061  -8.778  -62.625  -24.110 0.6000000238
12079  -8.777  -62.464  -25.682 0.6999999881
12080  -9.520  -62.133  -25.150 0.6999999881
12833  -8.746  -61.958  -26.695 0.6999999881
12106  -8.152  -61.960  -27.620 0.6999999881
12848  -8.352  -61.182  -28.132 0.6000000238
12847  -7.801  -61.557  -28.576 0.5000000000
12867  -8.099  -61.021  -29.368 0.6999999881
13531  -8.966  -60.217  -29.575 0.6000000238
87147  -7.979  -61.364  -30.244 0.6000000238
12877  -8.679  -61.539  -31.032 0.6000000238
13538  -9.203  -60.754  -30.599 0.6000000238
12886  -9.081  -62.050  -31.525 0.6000000238
12887  -10.499  -62.001  -31.809 0.5000000000
13550  -11.976  -61.737  -32.499 0.5000000000
13557  -12.904  -61.466  -32.988 0.5000000000
14182  -8.488  -59.126  -23.196 0.6999999881
14183  -9.588  -59.461  -23.249 0.6999999881
14929  -9.001  -58.820  -23.747 0.6999999881
12802  -10.281  -61.613  -23.479 0.6000000238
14184  -10.585  -59.841  -23.472 0.6999999881
14932  -9.407  -58.401  -24.317 0.6999999881
15625  -9.031  -57.771  -24.475 0.6999999881
15633  -8.881  -57.212  -24.471 0.6000000238
12806  -10.271  -61.674  -24.577 0.6999999881
13478  -10.703  -60.669  -23.278 0.6999999881
14187  -10.967  -59.441  -24.275 0.6999999881
14944  -9.573  -57.983  -24.844 0.6999999881
12807  -10.938  -61.006  -24.107 0.6999999881
14933  -10.490  -58.677  -24.614 0.6999999881
12849  -9.001  -60.845  -27.673 0.6999999881
13512  -8.646  -60.605  -28.423 0.6000000238
12858  -8.140  -61.033  -28.795 0.6000000238
14250  -9.582  -59.955  -30.110 0.6000000238
14239  -10.010  -59.268  -29.617 0.6000000238
13530  -8.490  -60.809  -29.948 0.6000000238
14251  -10.285  -59.784  -30.537 0.6000000238
14264  -10.669  -60.495  -31.332 0.5000000000
14252  -11.036  -59.708  -30.977 0.6000000238
15007  -12.506  -58.749  -30.941 0.6000000238
13549  -10.802  -61.580  -31.839 0.5000000000
14265  -11.395  -60.776  -31.949 0.5000000000
15015  -12.828  -59.790  -32.226 0.5000000000
14931  -8.739  -58.285  -23.871 0.6999999881
15624  -8.597  -57.795  -23.794 0.6000000238
16329  -8.955  -56.862  -24.194 0.6000000238
17059  -9.322  -55.795  -25.017 0.4000000060
15634  -9.279  -57.273  -25.248 0.6000000238
16339  -9.127  -56.262  -25.339 0.5000000000
17088  -9.524  -54.739  -25.703 0.4000000060
17787  -10.257  -54.520  -25.392 0.5000000000
12819  -9.985  -61.561  -25.601 0.6999999881
13491  -11.242  -60.291  -25.383 0.8000000119
14188  -11.274  -58.962  -25.008 0.6999999881
15646  -9.480  -56.466  -25.989 0.5000000000
16345  -9.197  -55.525  -26.111 0.4000000060
101653  -9.247  -54.804  -26.151 0.4000000060
96908  -9.898  -53.804  -25.956 0.4000000060
18488  -10.479  -53.381  -26.185 0.4000000060
12835  -10.461  -60.845  -26.051 0.8000000119
13502  -11.005  -60.036  -26.380 0.8000000119
14197  -11.453  -59.343  -25.666 0.8000000119
14946  -11.364  -58.451  -25.824 0.8000000119
15636  -11.279  -57.878  -26.313 0.6000000238
16346  -9.967  -55.997  -26.631 0.5000000000
17098  -9.628  -55.092  -26.592 0.4000000060
17802  -9.732  -54.184  -26.276 0.4000000060
12834  -9.403  -61.310  -26.690 0.6999999881
13513  -9.388  -60.156  -27.966 0.8000000119
13514  -10.472  -59.594  -27.402 0.6999999881
14983  -9.950  -58.936  -28.836 0.5000000000
16352  -10.488  -55.695  -27.124 0.5000000000
17107  -10.321  -54.787  -27.047 0.4000000060
17812  -10.636  -53.885  -26.844 0.4000000060
14228  -9.709  -59.511  -28.363 0.6000000238
14238  -9.411  -59.548  -29.183 0.5000000000
14992  -10.433  -58.612  -29.247 0.5000000000
91461  -11.114  -58.404  -29.596 0.6000000238
15006  -11.498  -58.896  -30.480 0.6000000238
101581  -8.205  -58.146  -23.546 0.6000000238
15621  -7.933  -57.670  -23.332 0.5000000000
16322  -8.536  -57.332  -23.524 0.5000000000
92446  -8.735  -56.954  -23.107 0.4000000060
16323  -9.392  -56.615  -23.562 0.5000000000
17060  -9.977  -55.917  -24.155 0.5000000000
17072  -9.830  -55.213  -25.041 0.5000000000
17770  -11.408  -54.688  -25.054 0.5000000000
17789  -11.907  -53.918  -25.470 0.5000000000
17790  -13.000  -54.189  -25.478 0.5000000000
18454  -10.639  -53.178  -25.998 0.5000000000
18457  -13.256  -53.287  -26.072 0.5000000000
14212  -11.482  -58.803  -26.230 0.6999999881
14976  -11.374  -57.788  -26.911 0.6000000238
15658  -11.077  -57.082  -27.492 0.5000000000
101396  -10.742  -56.411  -27.116 0.5000000000
18473  -12.015  -52.845  -26.398 0.5000000000
18474  -12.729  -52.717  -26.545 0.5000000000
13501  -9.920  -60.484  -27.083 0.8000000119
14229  -10.376  -58.865  -28.084 0.6000000238
16359  -11.030  -56.546  -27.774 0.5000000000
16353  -11.047  -55.638  -27.588 0.4000000060
17108  -11.189  -54.725  -27.482 0.5000000000
18489  -11.279  -53.182  -26.712 0.4000000060
104604  -12.494  -52.617  -26.773 0.5000000000
14984  -10.548  -58.342  -28.566 0.5000000000
15681  -10.879  -58.011  -28.895 0.5000000000
15669  -11.262  -57.293  -28.493 0.6000000238
16360  -11.465  -56.412  -28.225 0.5000000000
17115  -11.715  -55.543  -28.041 0.5000000000
17823  -13.045  -54.756  -28.061 0.5000000000
15682  -11.490  -57.740  -29.199 0.5000000000
15670  -11.909  -57.052  -28.814 0.5000000000
16361  -12.216  -56.272  -28.526 0.5000000000
14993  -11.942  -58.215  -29.931 0.6000000238
15684  -13.280  -57.374  -29.883 0.6000000238
92810  -8.090  -56.995  -22.922 0.5000000000
100884  -9.227  -56.583  -22.772 0.4000000060
16311  -7.595  -56.313  -22.686 0.5000000000
16312  -8.535  -56.433  -22.609 0.4000000060
17073  -10.831  -55.373  -24.507 0.6000000238
95142  -11.910  -55.366  -24.451 0.5000000000
17771  -12.614  -55.033  -24.846 0.5000000000
17772  -13.721  -55.149  -24.904 0.4000000060
17791  -13.997  -54.370  -25.545 0.4000000060
17792  -14.951  -54.559  -25.589 0.4000000060
17043  -9.295  -55.971  -22.241 0.4000000060
16313  -10.044  -56.465  -22.767 0.4000000060
16324  -10.554  -56.407  -23.206 0.5000000000
17061  -10.997  -56.076  -23.648 0.5000000000
17062  -11.919  -55.972  -23.751 0.5000000000
16314  -10.983  -56.272  -22.702 0.4000000060
16315  -11.855  -56.010  -22.540 0.4000000060
16316  -12.755  -55.825  -22.612 0.5000000000
17063  -12.993  -56.032  -23.417 0.4000000060
17076  -14.325  -55.660  -24.226 0.4000000060
17773  -14.704  -55.234  -24.897 0.4000000060
17774  -15.677  -55.190  -24.820 0.4000000060
17022  -8.643  -55.011  -21.868 0.4000000060
17023  -9.825  -55.248  -21.763 0.4000000060
17044  -10.402  -55.905  -22.201 0.4000000060
18402  -9.903  -53.495  -21.965 0.4000000060
18403  -10.959  -53.790  -21.776 0.4000000060
17025  -11.652  -55.391  -21.904 0.4000000060
17026  -12.186  -54.807  -21.777 0.4000000060
89323  -13.165  -54.921  -22.162 0.5000000000
17047  -13.615  -55.613  -22.741 0.5000000000
103519  -14.284  -55.503  -22.906 0.4000000060
17077  -15.194  -55.538  -24.148 0.4000000060
18423  -14.671  -53.770  -22.433 0.4000000060
17754  -14.944  -54.583  -22.664 0.4000000060
17065  -15.434  -55.165  -23.353 0.4000000060
17066  -15.862  -55.324  -24.054 0.4000000060
18419  -10.505  -52.833  -22.246 0.3000000119
18404  -11.860  -54.015  -21.719 0.3000000119
18421  -12.590  -54.168  -21.870 0.4000000060
19792  -11.672  -51.656  -22.507 0.4000000060
19097  -11.071  -52.225  -22.415 0.3000000119
18420  -11.504  -53.124  -22.080 0.3000000119
95861  -12.353  -53.356  -22.062 0.4000000060
91188  -14.057  -52.209  -22.501 0.5000000000
19100  -14.789  -52.922  -22.468 0.4000000060
18424  -15.385  -53.680  -22.581 0.4000000060
18425  -16.210  -53.482  -22.784 0.4000000060
18436  -17.605  -53.696  -23.855 0.3000000119
95511  -13.552  -51.307  -22.554 0.5000000000
95510  -14.491  -51.370  -22.540 0.5000000000
19101  -15.577  -52.726  -22.565 0.4000000060
98832  -16.312  -52.503  -22.663 0.4000000060
19111  -17.019  -53.180  -23.009 0.3000000119
19096  -9.884  -51.814  -22.645 0.4000000060
93718  -11.268  -50.728  -22.654 0.4000000060
95512  -12.482  -51.190  -22.568 0.5000000000
91525  -13.135  -52.013  -22.485 0.5000000000
20521  -11.995  -50.212  -22.620 0.4000000060
20523  -14.077  -50.628  -22.457 0.5000000000
20524  -15.055  -50.680  -22.402 0.4000000060
20525  -16.016  -50.741  -22.390 0.4000000060
19102  -17.067  -52.191  -22.751 0.3000000119
21258  -13.685  -49.843  -22.273 0.3000000119
21259  -14.739  -49.907  -22.175 0.3000000119
21260  -15.710  -49.940  -22.189 0.3000000119
92918  -10.538  -51.253  -22.677 0.4000000060
21247  -13.280  -48.914  -21.923 0.4000000060
94420  -16.423  -49.995  -22.306 0.3000000119
92819  -11.481  -49.240  -22.429 0.3000000119
21985  -12.716  -47.734  -21.586 0.3000000119
99937  -10.676  -69.676  -30.433 0.6000000238
7151  -10.873  -69.950  -29.700 0.5000000000
12161  -8.013  -62.270  -31.580 0.6000000238
7876  -10.101  -67.814  -35.924 0.6000000238
9322  -7.041  -65.609  -33.994 0.5000000000
7213  -10.469  -68.604  -35.698 0.6999999881
6608  -12.937  -69.299  -36.635 0.6999999881
7204  -10.541  -69.237  -34.419 0.6999999881
5952  -11.561  -71.039  -34.964 0.6999999881
88426  -11.426  -67.599  -33.794 0.6999999881
4826  -13.650  -73.277  -36.986 0.6999999881
6577  -12.473  -70.560  -33.356 0.6999999881
7160  -10.775  -68.987  -30.963 0.6000000238
4285  -14.935  -74.652  -36.411 0.6999999881
101425  -12.674  -68.580  -33.339 0.6000000238
5925  -13.795  -70.674  -32.665 0.6000000238
5385  -14.652  -72.529  -33.223 0.5000000000
5881  -9.060  -71.582  -29.104 0.6999999881
92981  -13.439  -68.896  -32.953 0.6000000238
94630  -18.417  -76.599  -35.718 0.6000000238
3294  -19.463  -76.610  -36.750 0.6000000238
3264  -18.655  -76.364  -34.166 0.5000000000
6533  -9.662  -71.328  -28.324 0.6000000238
101231  -8.473  -72.075  -28.698 0.6999999881
9270  -12.987  -66.479  -30.087 0.6000000238
7839  -14.237  -68.619  -32.703 0.5000000000
7182  -14.826  -69.592  -32.454 0.5000000000
87719  -16.144  -70.093  -32.480 0.5000000000
3296  -20.955  -76.104  -36.248 0.6000000238
3266  -20.115  -76.516  -34.451 0.6000000238
4251  -19.467  -75.313  -33.063 0.5000000000
8490  -16.034  -67.168  -28.131 0.5000000000
8501  -4.824  -68.467  -29.077 0.6000000238
9287  -16.847  -66.456  -31.163 0.6000000238
9254  -5.060  -66.761  -29.095 0.6000000238
9933  -9.090  -65.431  -28.117 0.8000000119
9268  -5.392  -66.595  -30.124 0.6000000238
11383  -16.271  -63.581  -29.708 0.6000000238
8524  -6.525  -66.632  -30.492 0.6000000238
10647  -16.935  -63.604  -30.636 0.6000000238
11366  -9.227  -64.142  -28.725 0.8000000119
10609  -17.425  -64.175  -28.902 0.6000000238
9945  -7.542  -65.517  -30.501 0.6000000238
87975  -6.515  -65.220  -31.291 0.6999999881
10655  -6.539  -63.465  -32.110 0.6000000238
12876  -7.716  -61.964  -31.367 0.6000000238
12146  -8.588  -62.609  -31.417 0.6999999881
87359  -8.470  -62.013  -31.521 0.6000000238
12888  -11.263  -61.989  -32.030 0.5000000000
13522  -9.048  -60.082  -28.709 0.5000000000
13548  -9.754  -61.715  -31.412 0.6000000238
88842  -12.352  -60.830  -32.547 0.5000000000
14179  -9.044  -59.835  -22.525 0.6999999881
13477  -9.991  -60.362  -22.709 0.6000000238
14186  -10.096  -59.108  -23.951 0.6999999881
13481  -11.355  -59.763  -24.757 0.8000000119
15635  -10.723  -57.545  -25.914 0.6000000238
17087  -9.210  -55.132  -25.935 0.5000000000
17814  -12.504  -53.799  -27.637 0.5000000000
18456  -12.321  -53.143  -25.967 0.5000000000
14222  -11.274  -58.675  -27.043 0.6000000238
15668  -10.970  -57.600  -28.249 0.6000000238
16371  -12.797  -56.874  -29.024 0.5000000000
17074  -12.614  -55.698  -24.161 0.5000000000
16326  -12.274  -56.272  -23.068 0.6000000238
17732  -9.275  -54.244  -21.833 0.4000000060
17733  -10.389  -54.511  -21.671 0.4000000060
17024  -10.831  -55.318  -21.786 0.4000000060
17734  -11.352  -54.692  -21.660 0.4000000060
17753  -14.176  -55.076  -22.577 0.5000000000
17048  -14.733  -55.226  -22.880 0.4000000060
87708  -13.235  -53.637  -22.160 0.4000000060
18422  -14.080  -54.277  -22.319 0.4000000060
17755  -15.901  -54.405  -22.996 0.4000000060
18435  -16.722  -54.107  -23.419 0.4000000060
102232  -12.001  -52.514  -22.295 0.3000000119
19098  -12.778  -52.706  -22.326 0.5000000000
99954  -13.449  -52.755  -22.390 0.4000000060
91868  -14.986  -52.050  -22.562 0.5000000000
19099  -14.053  -53.269  -22.370 0.4000000060
94452  -15.389  -51.399  -22.520 0.4000000060
19793  -15.682  -52.003  -22.592 0.4000000060
21257  -12.618  -49.641  -22.374 0.5000000000
20522  -13.075  -50.502  -22.536 0.4000000060
21246  -12.067  -48.554  -22.035 0.3000000119
21986  -13.993  -48.091  -21.535 0.3000000119
4858  -22.979  -72.517  -40.684 0.5000000000
4860  -25.217  -72.465  -40.139 0.5000000000
4859  -24.127  -72.556  -39.985 0.5000000000
4848  -26.085  -72.527  -39.404 0.5000000000
4847  -25.093  -72.214  -38.775 0.5000000000
5435  -26.029  -72.138  -38.130 0.6000000238
4301  -22.215  -73.316  -39.676 0.5000000000
87059  -23.171  -73.042  -39.265 0.5000000000
4846  -23.981  -72.511  -38.587 0.5000000000
4838  -26.439  -72.435  -37.474 0.6000000238
5444  -24.557  -72.036  -37.900 0.6000000238
5434  -25.408  -71.747  -37.588 0.6000000238
4313  -21.454  -72.929  -40.606 0.4000000060
4856  -17.646  -72.284  -40.256 0.4000000060
4309  -18.241  -72.686  -40.280 0.4000000060
4867  -18.765  -72.043  -40.991 0.5000000000
4311  -19.708  -72.978  -40.602 0.5000000000
4320  -20.027  -72.734  -41.091 0.5000000000
4312  -20.400  -73.142  -40.588 0.5000000000
3801  -19.987  -74.441  -39.744 0.5000000000
4321  -20.986  -72.760  -40.990 0.5000000000
97569  -20.968  -73.220  -40.381 0.5000000000
4830  -26.457  -72.511  -36.670 0.6000000238
4819  -26.246  -72.433  -35.964 0.6000000238
100313  -21.937  -74.353  -38.717 0.5000000000
5427  -26.170  -71.909  -36.643 0.6000000238
4837  -23.730  -72.511  -37.536 0.6000000238
5413  -25.681  -71.670  -35.906 0.6000000238
5425  -24.281  -71.627  -36.263 0.6000000238
100446  -25.256  -71.488  -35.245 0.6999999881
5412  -24.774  -71.244  -35.668 0.6000000238
5400  -24.724  -71.110  -34.868 0.6999999881
4854  -16.387  -72.160  -39.291 0.6000000238
4307  -16.332  -73.348  -39.119 0.6000000238
3797  -16.286  -74.516  -39.064 0.6000000238
4308  -17.043  -73.315  -39.472 0.5000000000
103856  -17.555  -73.409  -39.653 0.5000000000
97412  -17.643  -74.458  -39.463 0.6000000238
4310  -19.028  -72.805  -40.480 0.5000000000
3799  -18.434  -74.315  -39.641 0.5000000000
3800  -19.249  -74.359  -39.741 0.5000000000
3802  -20.607  -74.344  -39.622 0.5000000000
3331  -20.163  -75.538  -39.144 0.5000000000
3790  -21.382  -74.150  -39.445 0.5000000000
3746  -25.614  -74.708  -34.930 0.6999999881
4268  -25.677  -73.639  -34.529 0.6000000238
4256  -25.326  -73.580  -33.764 0.8000000119
4293  -22.502  -73.909  -38.473 0.5000000000
4836  -23.124  -73.275  -38.036 0.5000000000
4828  -23.006  -73.433  -36.979 0.6000000238
4805  -25.786  -72.419  -35.054 0.6999999881
4790  -25.524  -72.728  -34.274 0.6999999881
5433  -24.490  -71.830  -37.108 0.6000000238
5389  -24.778  -71.314  -34.075 0.6999999881
4818  -23.430  -72.217  -35.899 0.6000000238
5411  -23.932  -71.411  -35.445 0.6000000238
5399  -23.638  -71.185  -34.461 0.6999999881
5947  -24.355  -70.932  -33.655 0.6999999881
5934  -24.241  -70.808  -32.992 0.6000000238
94292  -16.271  -71.236  -39.628 0.5000000000
4306  -15.200  -73.753  -38.883 0.6000000238
3788  -16.415  -75.269  -39.001 0.6000000238
3329  -18.650  -75.585  -39.223 0.6000000238
3330  -19.500  -75.611  -39.213 0.6000000238
3789  -20.772  -75.305  -38.873 0.5000000000
3776  -20.815  -75.848  -37.935 0.6000000238
4267  -25.275  -74.631  -34.122 0.6999999881
90292  -21.413  -75.097  -38.314 0.5000000000
3777  -21.354  -75.527  -37.156 0.5000000000
4255  -24.878  -74.626  -33.257 0.5000000000
3719  -24.345  -75.216  -32.418 0.6000000238
3778  -21.962  -74.747  -37.782 0.6000000238
4789  -24.978  -73.379  -33.027 0.6000000238
4817  -22.788  -73.364  -35.914 0.5000000000
5390  -25.177  -72.332  -33.654 0.6999999881
5377  -24.846  -72.285  -32.821 0.6000000238
97374  -24.718  -71.468  -33.313 0.6000000238
5917  -24.205  -70.921  -32.284 0.6000000238
4804  -23.007  -72.443  -35.022 0.5000000000
5398  -22.854  -71.985  -34.159 0.6000000238
5933  -23.835  -70.670  -32.620 0.5000000000
5932  -23.057  -70.778  -32.080 0.5000000000
5916  -23.659  -70.743  -31.807 0.5000000000
4845  -15.359  -71.385  -38.924 0.6000000238
4853  -15.182  -72.756  -38.828 0.6000000238
6000  -15.142  -70.248  -39.286 0.4000000060
3309  -20.702  -76.121  -37.042 0.5000000000
4239  -24.673  -74.126  -32.549 0.6000000238
3766  -21.964  -74.910  -36.831 0.5000000000
4772  -24.688  -73.145  -32.270 0.5000000000
4755  -24.327  -72.932  -31.434 0.5000000000
4226  -24.337  -74.153  -31.829 0.5000000000
4266  -22.335  -73.977  -34.730 0.5000000000
5361  -24.542  -71.924  -32.118 0.5000000000
5360  -24.071  -71.434  -31.337 0.5000000000
99707  -22.447  -73.068  -34.180 0.6000000238
4788  -22.210  -72.672  -33.264 0.6000000238
5902  -23.384  -70.818  -30.798 0.6000000238
5375  -21.861  -71.660  -31.817 0.6000000238
6625  -14.155  -68.885  -37.822 0.4000000060
101150  -21.984  -74.920  -36.107 0.5000000000
4740  -23.768  -72.839  -30.501 0.5000000000
4280  -22.209  -74.492  -35.587 0.5000000000
4254  -21.930  -73.998  -33.588 0.5000000000
5344  -23.608  -71.688  -30.271 0.5000000000
5327  -23.392  -71.997  -29.305 0.5000000000
5314  -23.359  -72.162  -28.471 0.5000000000
6496  -24.837  -70.867  -27.562 0.5000000000
4787  -21.465  -73.850  -32.678 0.6000000238
4754  -21.153  -72.718  -31.808 0.6000000238
6535  -22.678  -69.838  -29.585 0.5000000000
92738  -20.186  -71.766  -31.188 0.5000000000
94999  -20.092  -70.970  -30.891 0.5000000000
4252  -20.503  -75.479  -33.076 0.5000000000
5882  -23.368  -71.321  -28.964 0.5000000000
5865  -23.455  -71.416  -28.248 0.5000000000
5858  -23.710  -71.288  -27.832 0.5000000000
4253  -21.261  -74.868  -32.973 0.5000000000
4769  -20.382  -74.020  -32.242 0.6000000238
90811  -23.391  -71.014  -29.860 0.5000000000
89166  -23.431  -70.715  -28.631 0.5000000000
6495  -23.985  -70.598  -27.743 0.5000000000
7127  -24.620  -69.965  -27.796 0.5000000000
6497  -25.469  -70.294  -27.826 0.5000000000
4753  -20.598  -73.038  -31.823 0.5000000000
6547  -23.203  -70.480  -29.411 0.5000000000
7154  -22.924  -69.241  -29.254 0.5000000000
4236  -19.892  -74.774  -32.646 0.5000000000
7786  -24.126  -68.490  -28.654 0.5000000000
7126  -23.983  -69.818  -27.975 0.5000000000
7141  -25.267  -69.347  -28.125 0.5000000000
7155  -26.798  -69.985  -29.172 0.4000000060
7787  -24.947  -68.580  -28.500 0.4000000060
5924  -8.208  -71.079  -32.386 0.4000000060
9921  -5.084  -65.875  -27.278 0.5000000000
10545  -6.139  -64.041  -25.609 0.5000000000
10570  -6.262  -64.446  -26.348 0.5000000000
11297  -6.949  -63.144  -24.577 0.5000000000
11320  -6.612  -63.439  -25.153 0.5000000000
10590  -5.628  -65.109  -26.807 0.5000000000
14178  -7.929  -59.460  -22.528 0.5000000000
14928  -8.102  -58.543  -23.393 0.5000000000
3744  -21.470  -75.515  -34.686 0.5000000000
4279  -21.939  -74.881  -34.895 0.5000000000
97002  -26.026  -71.794  -37.229 0.6000000238
5426  -25.383  -71.512  -36.632 0.6000000238
4829  -23.539  -72.461  -36.648 0.6000000238
5970  -24.282  -71.077  -34.960 0.6999999881
3798  -16.952  -74.557  -39.310 0.6000000238
92163  -22.483  -74.169  -37.402 0.5000000000
5946  -23.860  -70.746  -33.506 0.6000000238
5388  -23.077  -71.220  -33.554 0.6000000238
4286  -22.402  -74.273  -36.460 0.5000000000
5376  -22.532  -71.459  -32.666 0.6000000238
5945  -23.397  -70.790  -32.898 0.5000000000
101461  -23.050  -70.615  -30.094 0.5000000000
5359  -21.015  -71.932  -31.259 0.5000000000
4265  -21.700  -74.878  -34.058 0.5000000000
4770  -21.056  -73.584  -32.118 0.5000000000
4238  -21.006  -74.342  -32.424 0.5000000000
6517  -23.624  -70.195  -28.237 0.5000000000
6536  -23.291  -69.980  -28.928 0.5000000000
7142  -26.153  -69.790  -28.429 0.5000000000
7139  -23.657  -69.304  -28.565 0.4000000060
7788  -25.752  -68.785  -28.703 0.4000000060
2790  -23.873  -76.916  -30.250 0.5000000000
3220  -23.713  -76.247  -29.678 0.6000000238
3702  -23.507  -75.646  -29.836 0.6000000238
3231  -23.642  -76.473  -30.549 0.6000000238
3243  -23.738  -77.014  -32.248 0.4000000060
93264  -23.418  -74.652  -28.600 0.4000000060
93296  -23.444  -73.835  -29.877 0.4000000060
4216  -23.421  -74.791  -29.955 0.5000000000
87056  -23.561  -75.452  -30.647 0.6000000238
4225  -23.794  -74.216  -30.829 0.5000000000
3718  -23.780  -76.216  -31.938 0.5000000000
3244  -24.035  -76.475  -32.749 0.6000000238
3745  -25.174  -75.478  -34.569 0.6000000238
90245  -25.984  -74.739  -35.843 0.6000000238
4281  -26.388  -73.469  -36.242 0.6000000238
89533  -26.392  -74.468  -36.634 0.6000000238
4287  -26.656  -73.346  -37.112 0.5000000000
4302  -26.758  -72.951  -38.753 0.4000000060
5451  -24.553  -72.458  -40.785 0.4000000060
97454  -18.474  -64.448  -29.096 0.4000000060
104826  -18.559  -63.626  -29.420 0.4000000060
10630  -17.633  -63.380  -29.277 0.5000000000
15008  -13.401  -58.902  -31.796 0.5000000000
86657  -13.322  -58.117  -30.778 0.5000000000
102258  -14.569  -58.044  -31.847 0.5000000000
15692  -14.066  -57.495  -30.785 0.4000000060
16372  -13.587  -56.576  -29.272 0.4000000060
16403  -17.341  -56.685  -32.578 0.4000000060
16362  -13.113  -56.132  -28.689 0.4000000060
16373  -14.301  -56.281  -29.536 0.4000000060
16388  -14.586  -56.723  -30.391 0.4000000060
17117  -13.356  -55.457  -28.451 0.4000000060
17118  -13.976  -54.912  -28.417 0.4000000060
17136  -16.482  -55.536  -30.650 0.4000000060
17831  -14.854  -54.626  -28.732 0.4000000060
17834  -17.057  -54.114  -29.741 0.4000000060
17815  -13.422  -53.816  -27.958 0.4000000060
93320  -14.178  -53.880  -28.340 0.4000000060
18491  -12.935  -52.926  -27.421 0.4000000060
18501  -13.834  -52.795  -27.907 0.4000000060
18458  -14.187  -53.477  -26.194 0.3000000119
18475  -13.472  -52.604  -26.675 0.4000000060
99791  -16.262  -55.030  -24.372 0.3000000119
93158  -15.727  -54.660  -25.635 0.3000000119
18476  -14.491  -52.593  -26.839 0.3000000119
17803  -15.273  -53.911  -26.235 0.3000000119
16402  -16.501  -56.708  -32.211 0.4000000060
16390  -16.072  -56.208  -31.255 0.4000000060
15693  -14.907  -57.215  -31.313 0.4000000060
16389  -15.332  -56.487  -30.802 0.4000000060
16374  -15.022  -56.047  -29.884 0.4000000060
17137  -17.188  -55.274  -31.076 0.4000000060
17126  -16.198  -55.158  -29.757 0.4000000060
17124  -14.615  -55.538  -29.083 0.4000000060
87581  -31.578  -74.145  -26.459 0.3000000119
4695  -31.007  -73.559  -26.484 0.3000000119
4183  -31.335  -74.962  -26.477 0.4000000060
92557  -30.485  -74.910  -26.512 0.3000000119
87582  -30.196  -73.908  -26.466 0.4000000060
3668  -30.043  -75.691  -26.648 0.3000000119
4182  -29.658  -74.754  -26.529 0.4000000060
3201  -30.145  -77.220  -27.542 0.3000000119
3667  -29.166  -75.485  -26.665 0.3000000119
87908  -28.405  -75.219  -26.613 0.3000000119
3185  -29.579  -76.399  -26.954 0.3000000119
3184  -28.526  -76.085  -26.934 0.3000000119
3199  -27.647  -76.175  -27.180 0.3000000119
101617  -28.298  -76.587  -27.527 0.3000000119
90500  -27.657  -76.647  -27.805 0.3000000119
90916  -26.880  -76.268  -27.446 0.3000000119
3213  -27.773  -76.951  -28.445 0.3000000119
3212  -26.796  -76.681  -28.231 0.3000000119
2795  -29.032  -78.009  -29.652 0.3000000119
2783  -28.388  -77.390  -29.021 0.3000000119
2782  -27.389  -77.056  -29.061 0.3000000119
3223  -26.300  -76.864  -29.099 0.3000000119
3211  -25.623  -76.574  -28.402 0.3000000119
2794  -28.081  -77.540  -29.783 0.4000000060
87825  -29.271  -73.892  -26.464 0.3000000119
3669  -30.950  -75.847  -26.617 0.4000000060
4181  -28.824  -74.594  -26.524 0.4000000060
3186  -30.538  -76.646  -26.930 0.3000000119
91356  -29.129  -76.851  -27.562 0.3000000119
3666  -27.592  -75.397  -26.692 0.4000000060
3683  -26.247  -75.761  -27.059 0.4000000060
2774  -29.735  -77.545  -28.258 0.3000000119
3198  -25.966  -76.266  -27.676 0.4000000060
2784  -29.377  -77.748  -28.998 0.4000000060
3210  -24.623  -76.395  -28.614 0.4000000060
3222  -25.153  -76.822  -29.196 0.3000000119
2796  -29.812  -78.451  -29.464 0.3000000119
4694  -29.601  -73.118  -26.464 0.3000000119
87589  -30.422  -72.951  -26.479 0.3000000119
4693  -28.759  -73.155  -26.452 0.3000000119
90980  -32.359  -77.094  -26.751 0.4000000060
95545  -28.515  -73.837  -26.451 0.3000000119
4692  -27.809  -73.259  -26.433 0.3000000119
88735  -31.462  -76.830  -26.864 0.4000000060
98908  -27.103  -74.651  -26.524 0.4000000060
93774  -27.031  -73.848  -26.436 0.3000000119
3665  -26.633  -75.179  -26.677 0.4000000060
97830  -26.348  -74.385  -26.522 0.4000000060
103521  -31.197  -78.142  -27.687 0.3000000119
3682  -25.392  -75.709  -27.310 0.4000000060
3663  -24.722  -75.158  -27.135 0.4000000060
2775  -30.717  -78.048  -28.122 0.3000000119
2388  -31.214  -78.696  -27.700 0.3000000119
100155  -24.257  -75.872  -28.141 0.4000000060
3691  -23.699  -75.359  -28.359 0.5000000000
3209  -23.888  -76.029  -28.884 0.4000000060
3697  -23.584  -75.511  -29.106 0.5000000000
2403  -29.820  -79.180  -29.685 0.3000000119
5287  -29.840  -72.311  -26.496 0.3000000119
5288  -30.580  -72.066  -26.509 0.3000000119
2765  -32.360  -77.820  -26.709 0.4000000060
95336  -26.211  -73.569  -26.492 0.4000000060
4690  -24.840  -73.697  -26.691 0.4000000060
2776  -31.698  -78.195  -27.219 0.4000000060
4179  -24.785  -74.441  -26.783 0.4000000060
4178  -24.175  -73.987  -26.898 0.5000000000
89150  -23.300  -73.790  -28.378 0.4000000060
2389  -31.717  -78.747  -26.916 0.3000000119
104457  -23.382  -74.251  -28.051 0.4000000060
2055  -31.299  -79.192  -27.125 0.3000000119
104672  -23.317  -74.127  -28.816 0.4000000060
4717  -23.311  -72.945  -28.767 0.4000000060
2397  -30.770  -78.826  -28.550 0.3000000119
2396  -30.362  -79.056  -29.194 0.3000000119
103589  -29.896  -79.904  -29.016 0.3000000119
5286  -28.261  -72.434  -26.488 0.3000000119
4691  -26.848  -73.010  -26.472 0.3000000119
88266  -25.983  -72.798  -26.635 0.3000000119
2390  -32.292  -78.372  -26.584 0.4000000060
5284  -25.026  -72.978  -26.767 0.5000000000
5301  -23.675  -72.951  -27.456 0.4000000060
88036  -23.308  -72.984  -27.973 0.4000000060
2030  -30.314  -79.510  -25.886 0.3000000119
2044  -31.477  -79.150  -26.371 0.3000000119
2043  -30.882  -79.530  -26.593 0.3000000119
2053  -29.976  -80.051  -27.921 0.3000000119
1746  -29.586  -80.315  -28.343 0.3000000119
5285  -27.400  -72.394  -26.563 0.3000000119
91032  -24.406  -72.415  -27.204 0.4000000060
2029  -29.609  -79.665  -26.037 0.3000000119
2042  -30.171  -79.901  -26.791 0.3000000119
2028  -29.043  -78.945  -25.632 0.3000000119
2041  -28.819  -79.698  -26.384 0.3000000119
2052  -28.589  -80.345  -27.137 0.3000000119
86921  -29.334  -80.200  -26.890 0.3000000119
5861  -26.346  -71.739  -27.232 0.3000000119
5860  -25.053  -71.704  -27.314 0.4000000060
2374  -28.135  -78.786  -26.184 0.3000000119
2039  -27.025  -79.108  -27.021 0.3000000119
5868  -27.770  -71.290  -27.990 0.3000000119
5867  -27.133  -71.489  -28.529 0.3000000119
6498  -25.713  -71.283  -27.581 0.3000000119
87120  -26.563  -71.282  -27.871 0.3000000119
5866  -26.895  -71.320  -28.700 0.3000000119
14994  -12.681  -57.978  -30.177 0.5000000000
19145  -13.015  -52.389  -26.925 0.5000000000
19160  -13.366  -52.437  -27.234 0.4000000060
16387  -13.978  -56.901  -29.955 0.4000000060
3734  -24.813  -75.639  -33.911 0.6000000238
3710  -23.904  -75.231  -31.491 0.5000000000
4728  -23.447  -72.853  -29.614 0.4000000060
94819  -23.610  -72.113  -27.764 0.4000000060
6518  -26.261  -70.849  -28.090 0.3000000119
15703  -14.233  -58.967  -32.445 0.5000000000
15704  -15.371  -57.830  -32.308 0.4000000060
17146  -16.788  -55.948  -31.709 0.4000000060
3200  -28.608  -77.115  -28.212 0.3000000119
3197  -25.041  -76.187  -27.884 0.4000000060
3187  -31.797  -77.559  -27.009 0.4000000060
3202  -31.113  -77.552  -27.397 0.3000000119
100696  -25.542  -74.086  -26.554 0.4000000060
2054  -30.796  -79.422  -27.709 0.3000000119
102105  -24.176  -73.312  -26.959 0.4000000060
2062  -30.451  -79.496  -28.595 0.3000000119
5302  -25.396  -72.301  -26.945 0.4000000060
2031  -30.940  -79.290  -25.850 0.3000000119
1733  -29.114  -80.461  -27.741 0.3000000119
2040  -27.963  -79.571  -26.753 0.3000000119
4294  -27.096  -73.617  -38.089 0.5000000000
3779  -27.018  -74.740  -37.390 0.5000000000
3767  -26.334  -75.515  -36.313 0.5000000000
3756  -25.468  -75.846  -35.336 0.5000000000
3255  -24.411  -76.734  -33.660 0.4000000060
4768  -19.791  -74.041  -32.603 0.4000000060
2802  -23.778  -77.120  -31.073 0.5000000000
2803  -24.272  -77.340  -30.812 0.3000000119
2804  -25.303  -77.411  -30.638 0.3000000119
2791  -24.606  -77.144  -29.984 0.4000000060
2793  -26.992  -77.130  -29.856 0.3000000119
2792  -25.798  -77.129  -29.867 0.3000000119
2361  -31.491  -78.761  -25.573 0.3000000119
2362  -32.405  -78.249  -25.503 0.3000000119
2375  -32.101  -78.732  -26.155 0.3000000119
3670  -32.016  -75.969  -26.574 0.3000000119
2349  -31.817  -78.204  -25.159 0.3000000119
2363  -33.096  -77.968  -25.736 0.3000000119
2766  -32.925  -78.007  -26.231 0.3000000119
3188  -33.147  -77.449  -26.377 0.3000000119
3671  -33.091  -76.581  -26.539 0.3000000119
3189  -33.961  -76.978  -26.137 0.3000000119
95617  -32.475  -77.796  -24.988 0.3000000119
2755  -33.003  -77.787  -25.226 0.3000000119
2767  -33.584  -77.599  -25.995 0.3000000119
2768  -33.982  -77.185  -25.653 0.3000000119
104446  -32.822  -75.703  -26.484 0.3000000119
2736  -33.295  -77.347  -24.865 0.3000000119
98973  -33.745  -76.046  -26.364 0.3000000119
4861  -26.197  -72.769  -40.545 0.3000000119
2837  -24.028  -77.141  -32.917 0.5000000000
3268  -24.896  -76.413  -34.569 0.4000000060
17844  -17.700  -54.556  -30.585 0.3000000119
17843  -16.856  -54.874  -30.195 0.3000000119
18502  -14.477  -52.293  -28.156 0.3000000119
4303  -27.851  -73.986  -39.304 0.4000000060
3780  -28.640  -75.590  -38.055 0.4000000060
2093  -28.711  -79.038  -35.940 0.4000000060
2857  -28.588  -77.027  -36.365 0.4000000060
2851  -27.146  -76.827  -35.652 0.4000000060
3282  -25.303  -76.681  -34.990 0.4000000060
3298  -28.659  -76.435  -37.217 0.4000000060
3768  -27.544  -75.685  -37.070 0.4000000060
3283  -25.995  -76.418  -35.648 0.4000000060
93859  -28.429  -79.908  -35.485 0.3000000119
2853  -28.711  -77.920  -34.950 0.4000000060
2846  -27.448  -77.376  -34.627 0.4000000060
89129  -28.813  -77.793  -35.993 0.4000000060
2852  -28.228  -77.327  -35.381 0.4000000060
3297  -27.254  -76.280  -36.399 0.4000000060
100671  -26.773  -77.128  -35.067 0.4000000060
2850  -25.785  -77.019  -35.090 0.4000000060
1791  -28.404  -80.193  -34.627 0.3000000119
2085  -28.923  -79.081  -34.885 0.3000000119
2448  -28.740  -78.321  -34.168 0.3000000119
2839  -25.246  -77.579  -33.816 0.3000000119
2838  -24.544  -77.411  -33.386 0.3000000119
2845  -25.877  -77.372  -34.542 0.3000000119
94514  -24.634  -77.669  -32.188 0.3000000119
2816  -24.094  -77.434  -31.627 0.3000000119
2829  -24.132  -77.405  -32.466 0.3000000119
2844  -24.949  -77.217  -34.407 0.3000000119
2747  -22.558  -77.371  -25.738 0.3000000119
96994  -23.263  -76.028  -25.372 0.3000000119
2732  -29.033  -77.458  -25.088 0.3000000119
3649  -23.938  -75.551  -25.132 0.3000000119
3146  -24.936  -75.800  -25.087 0.3000000119
3147  -25.960  -76.168  -24.908 0.3000000119
3148  -26.831  -76.449  -24.810 0.3000000119
3149  -27.639  -76.592  -24.799 0.3000000119
3150  -28.477  -76.700  -24.826 0.3000000119
3629  -25.315  -75.190  -24.689 0.3000000119
96184  -26.398  -75.449  -24.609 0.3000000119
3630  -27.314  -75.860  -24.624 0.3000000119
102226  -24.058  -77.066  -25.487 0.3000000119
3170  -25.470  -76.824  -25.217 0.3000000119
3169  -24.437  -76.433  -25.348 0.3000000119
4154  -26.447  -74.388  -24.372 0.3000000119
2376  -32.653  -78.376  -26.032 0.3000000119
2756  -33.544  -77.473  -25.420 0.3000000119
2815  -23.806  -77.197  -31.772 0.3000000119
3196  -24.057  -75.275  -27.667 0.4000000060
3221  -24.189  -76.618  -29.435 0.4000000060
3238  -23.652  -76.827  -31.465 0.4000000060
3253  -19.177  -76.212  -33.697 0.5000000000
3262  -17.253  -76.097  -34.814 0.6000000238
3265  -19.415  -76.543  -34.338 0.5000000000
3276  -16.894  -76.111  -35.666 0.6000000238
3278  -18.920  -76.637  -34.982 0.5000000000
3292  -17.959  -76.521  -36.606 0.6000000238
3307  -19.409  -76.542  -37.831 0.6000000238
3315  -17.141  -76.150  -38.634 0.6999999881
3318  -19.783  -76.231  -38.618 0.6999999881
3327  -16.983  -75.473  -39.130 0.6000000238
3664  -25.644  -74.986  -26.743 0.4000000060
3681  -23.568  -74.677  -27.870 0.4000000060
3684  -26.995  -75.802  -26.944 0.4000000060
3709  -23.609  -76.104  -31.216 0.6000000238
3717  -19.998  -75.313  -32.781 0.5000000000
3732  -20.365  -76.110  -33.759 0.6000000238
3743  -16.923  -75.556  -34.094 0.5000000000
3753  -15.976  -75.408  -35.570 0.6000000238
3755  -21.755  -75.251  -35.483 0.5000000000
3762  -14.749  -75.071  -37.236 0.6999999881
3774  -14.204  -75.017  -37.977 0.6999999881
3796  -15.416  -74.601  -38.828 0.6000000238
4180  -27.897  -74.378  -26.481 0.4000000060
4194  -23.561  -73.831  -27.535 0.4000000060
4195  -24.044  -74.595  -27.228 0.4000000060
4209  -23.360  -74.366  -29.270 0.4000000060
4237  -20.548  -74.850  -32.630 0.5000000000
4291  -13.758  -74.275  -37.988 0.6999999881
4771  -21.613  -72.742  -32.328 0.6000000238
4814  -13.979  -73.028  -36.042 0.6999999881
5303  -26.189  -72.165  -26.858 0.3000000119
5321  -7.913  -72.431  -28.922 0.6000000238
5372  -16.282  -72.313  -32.567 0.5000000000
5401  -25.240  -71.790  -34.546 0.6999999881
5859  -24.220  -71.501  -27.503 0.4000000060
5926  -14.240  -71.362  -32.666 0.6000000238
5958  -24.247  -70.918  -34.297 0.6999999881
6467  -10.102  -69.889  -25.740 0.6999999881
6468  -11.205  -70.222  -25.787 0.6000000238
6474  -9.435  -70.276  -26.088 0.6000000238
6476  -11.566  -70.377  -26.165 0.6000000238
6494  -11.924  -70.272  -26.761 0.6000000238
6537  -26.651  -70.743  -28.723 0.3000000119
7106  -11.574  -69.760  -25.617 0.6000000238
7113  -8.765  -69.957  -26.278 0.6000000238
7115  -12.965  -69.760  -26.269 0.5000000000
7116  -13.621  -69.436  -26.210 0.5000000000
7121  -7.466  -69.972  -27.102 0.6000000238
7124  -12.558  -69.881  -27.119 0.6000000238
7140  -24.399  -69.197  -28.173 0.5000000000
7150  -5.730  -69.034  -29.059 0.5000000000
7171  -9.129  -70.063  -32.118 0.5000000000
7203  -10.030  -68.748  -34.860 0.6999999881
7753  -12.873  -68.966  -25.452 0.6999999881
7755  -14.558  -68.497  -25.709 0.5000000000
7768  -8.426  -68.657  -27.301 0.6000000238
7769  -9.103  -68.219  -26.965 0.6999999881
7773  -16.178  -68.316  -26.992 0.5000000000
7780  -7.228  -68.623  -28.701 0.6999999881
7781  -7.994  -68.271  -28.279 0.6999999881
7796  -6.646  -68.114  -29.473 0.6000000238
7798  -12.665  -68.361  -29.308 0.6000000238
7831  -10.484  -68.406  -31.511 0.6000000238
7849  -5.319  -67.298  -34.229 0.5000000000
7850  -6.453  -67.944  -33.522 0.5000000000
7890  -8.222  -67.829  -36.415 0.5000000000
8451  -12.647  -67.466  -25.350 0.6999999881
8459  -9.760  -67.688  -26.676 0.6999999881
8473  -16.491  -67.737  -27.445 0.5000000000
8522  -5.693  -67.181  -30.078 0.6000000238
8565  -13.332  -67.044  -33.191 0.6000000238
8583  -5.433  -66.917  -34.600 0.5000000000
8615  -9.496  -67.544  -35.892 0.6000000238
9212  -13.759  -66.580  -25.301 0.5000000000
9223  -11.091  -65.829  -26.061 0.6999999881
9236  -9.807  -66.212  -27.097 0.8000000119
9237  -16.849  -67.038  -27.929 0.5000000000
9256  -13.888  -66.880  -29.199 0.6000000238
9286  -15.744  -66.183  -31.225 0.6000000238
9296  -11.169  -65.775  -32.537 0.6000000238
9306  -6.565  -65.906  -33.960 0.6000000238
9311  -12.517  -66.301  -33.243 0.6000000238
9323  -8.412  -65.576  -34.169 0.6999999881
9331  -8.791  -65.994  -34.468 0.6999999881
9902  -10.674  -65.235  -26.575 0.6999999881
9922  -9.554  -65.554  -27.520 0.8000000119
9932  -8.708  -65.758  -28.672 0.8000000119
9952  -5.565  -65.852  -30.749 0.6999999881
9955  -13.165  -66.065  -31.203 0.5000000000
9972  -10.081  -65.395  -33.086 0.6999999881
9973  -10.722  -65.436  -33.015 0.6999999881
9987  -10.311  -65.420  -33.379 0.6999999881
9989  -11.989  -65.877  -33.100 0.6000000238
9995  -9.836  -65.495  -33.772 0.6999999881
9996  -10.523  -65.629  -33.631 0.6999999881
10547  -12.811  -64.466  -25.504 0.5000000000
10569  -5.448  -64.702  -26.004 0.5000000000
10607  -15.772  -64.302  -29.092 0.6000000238
10642  -6.110  -64.262  -31.672 0.6999999881
10645  -15.597  -64.176  -29.908 0.6000000238
11381  -8.584  -64.196  -29.722 0.6999999881
11384  -16.662  -63.214  -29.528 0.6000000238
11386  -18.094  -62.959  -29.684 0.5000000000
11398  -6.010  -63.471  -31.917 0.5000000000
11410  -7.674  -62.802  -31.815 0.6000000238
12049  -8.081  -62.927  -23.854 0.6000000238
12062  -9.614  -62.224  -24.236 0.6000000238
12094  -9.291  -61.947  -25.978 0.6999999881
12127  -6.361  -62.636  -30.670 0.8000000119
12129  -9.077  -62.951  -30.616 0.6999999881
12130  -9.653  -62.639  -30.276 0.6000000238
12144  -6.197  -62.883  -31.753 0.6000000238
12162  -8.926  -62.134  -31.554 0.6000000238
12163  -9.830  -61.988  -31.577 0.6000000238
12797  -10.236  -61.130  -22.730 0.6000000238
12820  -10.861  -61.053  -25.029 0.8000000119
12859  -10.739  -62.143  -29.049 0.6000000238
12868  -10.730  -61.965  -30.031 0.6000000238
12889  -12.094  -61.956  -32.352 0.5000000000
13480  -11.151  -60.171  -23.978 0.6999999881
13521  -8.426  -60.515  -29.025 0.6000000238
13539  -10.000  -60.688  -31.103 0.5000000000
13540  -12.180  -61.901  -31.706 0.5000000000
14211  -11.289  -59.286  -26.523 0.6999999881
14253  -11.919  -59.721  -31.487 0.6000000238
14266  -13.263  -60.835  -33.137 0.5000000000
14945  -10.581  -58.146  -25.287 0.6999999881
14962  -11.407  -58.335  -26.415 0.6000000238
14975  -10.901  -58.049  -27.853 0.6000000238
15005  -10.683  -59.051  -30.051 0.6000000238
15017  -15.128  -58.870  -32.843 0.5000000000
15647  -10.806  -57.032  -26.606 0.6000000238
15683  -12.346  -57.548  -29.483 0.5000000000
15694  -15.702  -56.960  -31.784 0.4000000060
16325  -11.518  -56.342  -23.127 0.6000000238
16413  -17.086  -57.365  -32.899 0.4000000060
17045  -11.174  -55.789  -22.198 0.4000000060
17046  -12.339  -55.416  -22.131 0.4000000060
17064  -14.690  -55.589  -23.476 0.4000000060
17075  -13.410  -55.689  -24.214 0.4000000060
17109  -12.082  -54.702  -27.845 0.5000000000
17116  -12.578  -55.503  -28.283 0.4000000060
17123  -13.871  -55.845  -28.847 0.4000000060
17125  -15.423  -55.321  -29.397 0.4000000060
17135  -15.776  -55.819  -30.250 0.4000000060
17763  -16.244  -54.872  -23.743 0.4000000060
17764  -16.911  -54.524  -24.398 0.3000000119
17775  -16.371  -54.827  -25.154 0.3000000119
17786  -9.364  -54.445  -26.026 0.4000000060
17788  -10.795  -53.721  -25.671 0.5000000000
17793  -16.217  -54.363  -26.087 0.3000000119
17813  -11.549  -53.788  -27.301 0.5000000000
17833  -16.485  -54.504  -29.553 0.4000000060
18455  -11.358  -53.062  -25.969 0.5000000000
18472  -11.238  -52.964  -26.237 0.5000000000
18490  -12.077  -52.996  -27.141 0.4000000060
19143  -11.970  -52.775  -26.711 0.4000000060
19144  -12.607  -52.523  -27.016 0.5000000000
19794  -16.278  -51.572  -22.559 0.4000000060
20526  -16.804  -50.479  -22.447 0.3000000119
87055  -26.481  -69.038  -29.126 0.4000000060
87298  -13.936  -55.842  -23.479 0.4000000060
87600  -24.477  -75.742  -33.203 0.6000000238
87891  -15.542  -74.544  -34.850 0.6000000238
87906  -23.314  -73.676  -29.108 0.4000000060
87972  -14.299  -67.282  -25.352 0.5000000000
89411  -6.951  -71.955  -27.255 0.6999999881
89455  -14.024  -65.849  -25.205 0.5000000000
90331  -12.095  -66.877  -25.406 0.6000000238
90423  -5.578  -71.685  -27.855 0.5000000000
91958  -23.429  -75.014  -29.336 0.4000000060
92069  -9.033  -62.478  -24.817 0.6000000238
92454  -25.735  -71.846  -27.203 0.4000000060
93016  -14.806  -66.573  -28.728 0.6000000238
93456  -13.936  -65.292  -30.044 0.6000000238
94381  -6.816  -71.315  -27.192 0.6000000238
96151  -26.054  -73.586  -35.357 0.6000000238
96349  -10.068  -65.109  -27.120 0.8000000119
97081  -7.326  -61.710  -30.551 0.6000000238
97405  -7.688  -65.614  -34.246 0.6999999881
98001  -23.597  -70.840  -28.052 0.5000000000
99764  -30.911  -74.265  -26.477 0.3000000119
100019  -17.960  -55.234  -31.449 0.4000000060
100284  -24.557  -71.425  -32.692 0.6000000238
100569  -10.584  -70.182  -25.761 0.6999999881
101263  -9.637  -63.564  -28.712 0.6000000238
101655  -24.674  -75.672  -27.613 0.4000000060
101858  -11.206  -60.466  -24.611 0.8000000119
102067  -8.684  -61.413  -27.404 0.6999999881
102506  -7.729  -66.154  -30.035 0.6999999881
102530  -11.204  -67.472  -25.621 0.8000000119
102617  -15.076  -75.123  -38.546 0.6999999881
102949  -13.899  -58.246  -31.489 0.5000000000
103290  -14.060  -73.448  -38.376 0.6999999881
103554  -12.436  -52.013  -22.451 0.5000000000
103596  -25.520  -73.407  -26.592 0.4000000060
104071  -7.357  -64.930  -31.052 0.6000000238
