#!ascii label  , from subject sub-v1s10x0051107_ses-1 vox2ras=TkReg
1103
50196  20.308  -21.416  47.261 0.0000000000
125815  30.153  -12.486  55.752 0.0000000000
70374  38.961  -0.146  33.710 0.0000000000
64554  31.162  -6.702  41.104 0.0000000000
139398  35.123  -10.056  48.163 0.0000000000
77687  49.192  7.542  26.590 0.0000000000
69336  38.619  0.212  37.169 0.0000000000
69376  34.487  -0.821  36.174 0.0000000000
48308  15.001  -24.280  47.382 0.0000000000
51919  25.364  -19.037  49.804 0.0000000000
57386  26.483  -14.446  48.839 0.0000000000
51108  21.758  -20.367  43.896 0.0000000000
73917  44.290  4.076  30.633 0.0000000000
143178  23.311  -22.221  51.405 0.0000000000
49205  18.287  -21.330  51.635 0.0000000000
72119  44.059  1.964  33.993 0.0000000000
48252  12.982  -23.972  52.476 0.0000000000
44860  10.582  -28.844  51.760 0.0000000000
68268  33.450  -1.629  42.433 0.0000000000
62750  34.412  -8.510  43.352 0.0000000000
59259  31.661  -12.498  42.702 0.0000000000
60931  29.269  -9.982  46.792 0.0000000000
132161  38.946  1.904  39.726 0.0000000000
69358  36.240  0.057  36.435 0.0000000000
130891  35.797  1.081  38.991 0.0000000000
71169  41.407  1.850  40.374 0.0000000000
49289  17.917  -22.706  45.020 0.0000000000
48331  16.439  -24.685  45.475 0.0000000000
49267  17.071  -22.338  47.119 0.0000000000
50182  22.348  -20.918  48.022 0.0000000000
51938  23.386  -19.780  46.748 0.0000000000
50208  21.059  -20.896  45.822 0.0000000000
50242  19.120  -22.454  43.192 0.0000000000
71290  39.087  0.664  31.183 0.0000000000
69386  41.871  -1.053  35.585 0.0000000000
71271  41.315  0.837  33.947 0.0000000000
73027  41.794  2.430  31.887 0.0000000000
49159  18.161  -22.046  54.861 0.0000000000
50133  16.036  -21.642  52.523 0.0000000000
49148  14.758  -23.406  55.108 0.0000000000
44788  10.983  -28.392  56.784 0.0000000000
45689  11.494  -27.616  54.307 0.0000000000
43916  10.371  -29.509  54.098 0.0000000000
41190  8.868  -32.197  54.089 0.0000000000
40352  8.164  -32.260  55.793 0.0000000000
64481  34.757  -7.162  46.657 0.0000000000
61880  36.103  -8.956  45.026 0.0000000000
60968  34.789  -10.899  42.349 0.0000000000
60064  34.072  -12.304  44.534 0.0000000000
56487  24.960  -14.742  46.681 0.0000000000
59156  27.353  -12.040  48.045 0.0000000000
58318  25.873  -12.952  45.470 0.0000000000
126156  26.677  -11.404  44.019 0.0000000000
67306  31.167  -3.979  41.767 0.0000000000
67318  30.872  -2.989  39.054 0.0000000000
64570  29.825  -6.353  38.653 0.0000000000
80548  49.798  10.921  24.252 0.0000000000
77695  48.741  8.082  24.760 0.0000000000
68337  39.194  -0.771  35.132 0.0000000000
68339  37.160  -0.804  35.012 0.0000000000
69324  41.996  0.299  37.941 0.0000000000
55477  28.570  -16.025  52.479 0.0000000000
58232  28.943  -13.316  52.696 0.0000000000
55499  26.487  -16.411  49.758 0.0000000000
53649  24.340  -18.211  46.204 0.0000000000
52804  23.445  -19.423  43.265 0.0000000000
73907  46.185  4.160  32.052 0.0000000000
75732  46.782  5.435  30.169 0.0000000000
75745  47.081  6.055  28.731 0.0000000000
147857  47.425  5.816  26.081 0.0000000000
129294  21.522  -21.595  49.219 0.0000000000
49252  19.119  -21.405  49.220 0.0000000000
48274  20.920  -22.266  51.233 0.0000000000
50163  24.760  -20.292  50.488 0.0000000000
73033  44.077  3.327  32.084 0.0000000000
134014  15.884  -22.249  49.099 0.0000000000
49223  14.324  -23.076  50.191 0.0000000000
129918  12.723  -25.491  49.867 0.0000000000
47334  12.898  -24.965  54.786 0.0000000000
146250  11.709  -26.640  52.145 0.0000000000
38613  6.417  -34.521  56.594 0.0000000000
140310  35.871  -0.064  42.184 0.0000000000
65394  32.003  -4.555  44.027 0.0000000000
65393  33.063  -5.957  45.156 0.0000000000
63651  33.097  -7.823  42.454 0.0000000000
60990  34.300  -10.012  40.873 0.0000000000
60127  31.854  -12.306  40.301 0.0000000000
60129  28.958  -11.523  40.058 0.0000000000
59959  28.849  -10.896  51.582 0.0000000000
60886  29.719  -9.580  49.094 0.0000000000
60012  32.496  -10.724  47.464 0.0000000000
59220  30.478  -11.110  44.583 0.0000000000
60116  28.645  -11.538  41.835 0.0000000000
130580  33.315  -0.865  39.286 0.0000000000
67347  31.012  -3.041  35.934 0.0000000000
71172  38.420  1.958  40.897 0.0000000000
71206  37.190  1.497  39.235 0.0000000000
71187  36.941  1.515  40.340 0.0000000000
71171  39.483  2.160  41.144 0.0000000000
50211  18.708  -21.746  45.638 0.0000000000
50212  17.801  -22.286  45.931 0.0000000000
50197  18.645  -21.592  47.178 0.0000000000
49277  21.458  -21.235  47.588 0.0000000000
50194  21.513  -21.091  46.812 0.0000000000
124764  20.388  -21.273  46.624 0.0000000000
50226  19.506  -21.531  44.957 0.0000000000
71273  39.401  0.413  33.205 0.0000000000
70358  40.737  -0.590  34.856 0.0000000000
71257  41.551  0.109  34.651 0.0000000000
71272  40.690  0.349  34.145 0.0000000000
129036  39.874  0.982  32.668 0.0000000000
43891  10.267  -29.645  56.508 0.0000000000
145109  10.546  -29.318  54.906 0.0000000000
42995  9.716  -30.592  55.081 0.0000000000
42125  9.251  -31.523  53.759 0.0000000000
42117  9.092  -31.636  54.673 0.0000000000
41179  8.614  -32.194  54.965 0.0000000000
63609  35.551  -7.989  47.445 0.0000000000
60943  35.989  -9.963  46.302 0.0000000000
60050  35.418  -11.425  44.931 0.0000000000
146174  34.570  -11.391  46.809 0.0000000000
59921  30.418  -11.745  54.923 0.0000000000
56498  24.342  -15.873  44.695 0.0000000000
57431  25.091  -14.089  45.986 0.0000000000
56507  24.377  -14.946  44.069 0.0000000000
57448  24.745  -13.950  43.816 0.0000000000
65442  31.056  -5.722  41.590 0.0000000000
150899  30.315  -4.927  40.420 0.0000000000
77684  49.397  7.398  27.443 0.0000000000
77686  49.872  8.030  26.969 0.0000000000
78653  49.739  8.668  26.279 0.0000000000
79615  49.372  9.398  25.533 0.0000000000
77691  48.935  7.738  25.759 0.0000000000
68314  38.916  -0.581  36.245 0.0000000000
68338  38.143  -0.748  35.106 0.0000000000
140366  37.510  -0.209  36.282 0.0000000000
69359  35.633  -0.019  36.601 0.0000000000
69389  35.645  -0.742  35.246 0.0000000000
68343  34.230  -1.619  34.891 0.0000000000
70287  40.164  1.021  38.682 0.0000000000
69326  40.346  0.372  38.120 0.0000000000
69354  40.686  -0.790  36.782 0.0000000000
48317  16.075  -24.147  46.226 0.0000000000
48300  14.388  -24.523  48.121 0.0000000000
53610  27.013  -17.316  50.758 0.0000000000
55486  27.801  -16.002  51.395 0.0000000000
53618  25.896  -17.774  49.681 0.0000000000
51082  22.484  -20.015  45.664 0.0000000000
52775  24.133  -18.567  46.636 0.0000000000
51954  23.417  -19.163  44.918 0.0000000000
52794  23.719  -18.880  44.197 0.0000000000
51967  22.816  -19.695  43.678 0.0000000000
51109  21.139  -20.791  43.270 0.0000000000
60999  33.590  -10.691  39.201 0.0000000000
73908  45.453  3.926  31.757 0.0000000000
74799  46.631  4.659  31.516 0.0000000000
74806  45.688  4.720  30.372 0.0000000000
75739  45.779  5.326  28.596 0.0000000000
75755  46.305  5.517  27.294 0.0000000000
75754  47.027  5.978  27.803 0.0000000000
49233  22.093  -21.888  49.878 0.0000000000
48298  21.387  -21.865  49.987 0.0000000000
48272  22.067  -22.662  51.306 0.0000000000
50155  23.725  -21.589  51.138 0.0000000000
49247  22.322  -21.507  49.194 0.0000000000
73023  45.215  3.181  33.117 0.0000000000
73019  43.812  2.434  33.356 0.0000000000
138054  41.821  2.718  31.082 0.0000000000
146631  18.660  -21.279  50.608 0.0000000000
49237  17.777  -21.313  49.942 0.0000000000
49220  17.925  -21.248  50.808 0.0000000000
49191  14.365  -22.623  52.275 0.0000000000
135007  14.964  -22.409  50.863 0.0000000000
48264  13.459  -23.778  50.748 0.0000000000
48277  13.010  -24.591  50.273 0.0000000000
47377  12.846  -24.492  51.239 0.0000000000
47322  12.801  -25.887  56.092 0.0000000000
44845  11.048  -28.158  53.095 0.0000000000
46518  11.699  -26.804  53.152 0.0000000000
45704  11.346  -27.456  52.649 0.0000000000
46534  11.679  -26.835  51.219 0.0000000000
67260  32.300  -3.552  44.078 0.0000000000
64501  34.699  -7.776  45.055 0.0000000000
64482  34.277  -6.890  46.182 0.0000000000
64509  33.653  -7.306  44.231 0.0000000000
64510  33.137  -6.830  44.072 0.0000000000
63650  33.780  -8.084  42.909 0.0000000000
62763  33.701  -8.665  41.399 0.0000000000
62755  34.265  -8.792  42.508 0.0000000000
59238  33.156  -12.478  42.603 0.0000000000
60111  33.900  -11.891  41.389 0.0000000000
59258  32.554  -12.474  41.603 0.0000000000
60128  30.847  -12.153  40.223 0.0000000000
59270  30.656  -12.302  41.761 0.0000000000
140198  27.729  -13.837  50.786 0.0000000000
59958  29.039  -11.865  52.363 0.0000000000
59126  27.980  -12.231  50.669 0.0000000000
60015  27.615  -11.033  47.491 0.0000000000
60888  28.340  -10.672  48.915 0.0000000000
60915  29.626  -9.710  47.520 0.0000000000
60901  31.800  -9.842  47.723 0.0000000000
60014  31.150  -10.284  46.450 0.0000000000
136585  31.660  -11.137  46.324 0.0000000000
125963  30.300  -10.460  45.590 0.0000000000
60097  25.756  -11.637  42.846 0.0000000000
60078  27.607  -11.023  43.414 0.0000000000
149192  34.594  -0.906  42.444 0.0000000000
132297  34.820  -0.220  41.018 0.0000000000
69314  33.122  -1.407  40.914 0.0000000000
66367  29.976  -3.964  37.627 0.0000000000
68317  30.837  -2.964  37.223 0.0000000000
81509  50.325  11.479  23.599 0.0000000000
71204  39.176  1.463  38.725 0.0000000000
69337  37.550  0.247  36.799 0.0000000000
139068  37.399  1.286  38.082 0.0000000000
132641  35.794  0.832  38.140 0.0000000000
70323  35.069  0.139  37.435 0.0000000000
132280  41.040  2.293  41.097 0.0000000000
128730  39.847  2.061  40.147 0.0000000000
49290  17.293  -23.234  45.457 0.0000000000
49280  16.471  -23.212  46.681 0.0000000000
49268  16.290  -22.680  47.569 0.0000000000
51060  24.035  -19.870  48.606 0.0000000000
51928  24.405  -19.074  48.251 0.0000000000
129405  23.212  -20.276  47.358 0.0000000000
51075  22.403  -20.499  46.403 0.0000000000
50224  20.957  -20.949  44.790 0.0000000000
50240  20.552  -21.197  43.789 0.0000000000
126840  19.722  -21.670  43.951 0.0000000000
50227  18.572  -22.297  44.566 0.0000000000
73928  43.116  3.915  29.286 0.0000000000
126940  23.032  -22.870  52.660 0.0000000000
70335  43.243  -0.276  36.247 0.0000000000
71256  42.448  0.447  34.818 0.0000000000
72109  42.800  1.240  34.313 0.0000000000
72129  42.942  2.349  33.154 0.0000000000
72122  41.638  1.476  33.418 0.0000000000
71280  40.396  1.575  32.170 0.0000000000
49174  18.408  -21.675  53.813 0.0000000000
50131  17.608  -21.271  52.042 0.0000000000
50121  16.825  -21.512  53.258 0.0000000000
49175  15.037  -22.389  53.673 0.0000000000
48235  13.611  -23.519  53.873 0.0000000000
45675  11.833  -27.088  56.097 0.0000000000
148656  11.508  -27.691  55.681 0.0000000000
44816  10.850  -28.801  54.458 0.0000000000
43926  10.334  -29.448  53.114 0.0000000000
43004  10.016  -30.141  52.707 0.0000000000
63624  35.311  -7.971  45.904 0.0000000000
63634  35.119  -8.338  44.697 0.0000000000
61890  34.861  -9.316  43.023 0.0000000000
60959  35.651  -10.298  43.750 0.0000000000
60063  34.686  -11.766  43.706 0.0000000000
59218  32.240  -12.472  43.969 0.0000000000
57406  26.011  -14.376  48.173 0.0000000000
58282  27.118  -12.883  48.551 0.0000000000
57421  26.250  -13.380  47.580 0.0000000000
58302  26.617  -12.563  46.844 0.0000000000
135369  27.289  -11.217  45.947 0.0000000000
60055  27.760  -10.719  45.233 0.0000000000
134187  26.237  -11.946  44.652 0.0000000000
59242  25.462  -12.232  43.520 0.0000000000
68281  32.084  -2.539  41.811 0.0000000000
68289  32.004  -2.346  40.955 0.0000000000
131170  30.967  -3.582  40.873 0.0000000000
66345  29.755  -4.974  38.751 0.0000000000
80547  49.846  10.253  25.768 0.0000000000
79618  49.147  9.504  24.526 0.0000000000
69404  38.971  -0.684  34.793 0.0000000000
69423  37.805  -0.587  33.380 0.0000000000
129706  38.196  -0.733  34.649 0.0000000000
128573  36.482  -0.277  35.896 0.0000000000
68341  35.729  -0.942  34.731 0.0000000000
72057  42.061  1.767  40.382 0.0000000000
71183  42.261  1.343  39.621 0.0000000000
70284  42.809  0.692  38.183 0.0000000000
69352  42.253  -0.520  36.753 0.0000000000
132427  40.749  -1.075  35.342 0.0000000000
150166  29.618  -14.214  53.653 0.0000000000
59084  29.873  -12.807  53.997 0.0000000000
57320  28.831  -15.003  52.597 0.0000000000
56451  27.499  -15.307  50.799 0.0000000000
56464  26.573  -15.187  49.355 0.0000000000
53628  25.208  -17.946  48.591 0.0000000000
54522  25.295  -16.968  48.283 0.0000000000
125412  25.363  -16.087  47.995 0.0000000000
55514  24.660  -16.246  47.082 0.0000000000
54539  24.327  -17.441  44.971 0.0000000000
53681  24.185  -18.368  42.891 0.0000000000
75731  47.497  5.729  30.414 0.0000000000
74812  45.482  5.023  29.362 0.0000000000
75738  46.414  5.541  29.265 0.0000000000
75736  47.928  6.298  29.916 0.0000000000
76699  47.703  6.428  28.247 0.0000000000
76706  48.187  6.714  27.682 0.0000000000
76709  48.256  6.658  26.160 0.0000000000
76712  48.192  6.599  25.344 0.0000000000
49264  20.692  -21.410  47.909 0.0000000000
49266  19.442  -21.480  48.538 0.0000000000
49251  20.157  -21.498  49.331 0.0000000000
49235  20.656  -21.964  50.796 0.0000000000
49218  19.873  -21.904  51.784 0.0000000000
48247  21.895  -23.052  52.824 0.0000000000
49187  20.203  -22.422  53.183 0.0000000000
49158  19.288  -22.108  54.478 0.0000000000
128816  29.911  -13.237  56.132 0.0000000000
56372  29.866  -15.552  54.016 0.0000000000
53594  28.303  -17.351  52.763 0.0000000000
52733  26.243  -19.021  51.097 0.0000000000
51898  26.199  -19.744  51.636 0.0000000000
51911  25.122  -19.709  50.171 0.0000000000
51061  23.571  -20.586  48.902 0.0000000000
49262  21.803  -21.249  48.310 0.0000000000
73899  46.708  3.700  33.775 0.0000000000
73904  45.719  3.670  32.584 0.0000000000
73909  44.639  3.749  31.500 0.0000000000
73026  42.668  2.667  32.335 0.0000000000
73911  42.969  3.292  30.891 0.0000000000
73918  43.435  3.806  30.303 0.0000000000
50175  18.350  -21.497  48.360 0.0000000000
124902  16.604  -22.059  48.478 0.0000000000
49255  15.225  -23.126  48.505 0.0000000000
124899  15.922  -21.751  50.940 0.0000000000
49222  15.415  -22.274  50.063 0.0000000000
48288  14.562  -23.715  48.686 0.0000000000
48289  13.953  -24.293  48.949 0.0000000000
46549  13.154  -25.663  48.880 0.0000000000
48220  13.926  -23.746  54.769 0.0000000000
47347  12.791  -24.858  53.848 0.0000000000
47361  12.396  -25.455  53.332 0.0000000000
47371  12.334  -25.326  52.448 0.0000000000
46533  11.928  -26.071  51.386 0.0000000000
39452  7.288  -33.577  55.951 0.0000000000
71154  37.257  0.701  42.526 0.0000000000
68251  32.889  -2.119  42.953 0.0000000000
143753  32.523  -2.806  43.489 0.0000000000
66307  31.482  -4.370  42.610 0.0000000000
65429  31.446  -5.774  42.187 0.0000000000
132274  32.461  -5.245  44.556 0.0000000000
64520  32.516  -6.653  43.123 0.0000000000
64534  32.130  -6.989  42.149 0.0000000000
63677  32.520  -7.960  41.157 0.0000000000
61910  33.852  -9.441  40.266 0.0000000000
60991  33.998  -10.591  40.104 0.0000000000
60978  34.593  -10.349  41.698 0.0000000000
60125  33.785  -11.716  40.522 0.0000000000
60141  32.940  -11.866  39.277 0.0000000000
126173  31.536  -12.135  39.620 0.0000000000
126125  29.897  -11.623  39.045 0.0000000000
59981  34.078  -9.847  48.805 0.0000000000
59948  29.481  -12.050  52.967 0.0000000000
60837  29.538  -10.278  52.737 0.0000000000
133628  29.798  -9.198  52.071 0.0000000000
59982  28.299  -11.402  49.958 0.0000000000
61831  29.324  -9.668  49.885 0.0000000000
61816  30.399  -8.986  50.439 0.0000000000
127580  32.060  -9.339  49.053 0.0000000000
60900  33.200  -10.005  48.370 0.0000000000
131496  33.729  -10.905  47.854 0.0000000000
60030  32.954  -11.849  46.432 0.0000000000
59195  32.223  -12.183  45.385 0.0000000000
59219  31.315  -12.133  44.077 0.0000000000
146369  29.107  -10.661  44.600 0.0000000000
60076  29.193  -11.221  43.487 0.0000000000
59261  30.246  -12.081  42.577 0.0000000000
60130  28.355  -11.467  40.648 0.0000000000
71189  35.493  0.320  40.840 0.0000000000
70291  34.427  -0.104  39.455 0.0000000000
69361  33.300  -1.099  37.401 0.0000000000
141496  32.084  -2.044  39.332 0.0000000000
69340  32.675  -1.473  38.154 0.0000000000
145811  32.298  -1.954  36.072 0.0000000000
77692  48.503  7.237  25.030 0.0000000000
72028  38.638  1.685  42.059 0.0000000000
125078  37.528  1.612  40.954 0.0000000000
128274  37.779  1.349  41.836 0.0000000000
126041  19.429  -21.440  46.696 0.0000000000
130784  18.409  -21.735  46.426 0.0000000000
49278  20.941  -21.359  47.330 0.0000000000
50195  21.061  -21.179  46.676 0.0000000000
50210  19.686  -21.241  45.940 0.0000000000
70382  38.697  0.128  32.782 0.0000000000
70375  38.355  -0.276  33.308 0.0000000000
70373  39.900  0.092  34.110 0.0000000000
134469  9.903  -30.213  55.905 0.0000000000
43905  10.427  -29.517  55.659 0.0000000000
149986  9.285  -31.108  55.104 0.0000000000
132897  8.880  -31.566  55.576 0.0000000000
143599  35.486  -9.119  48.052 0.0000000000
61848  35.566  -9.222  47.668 0.0000000000
60928  35.676  -9.945  47.216 0.0000000000
60929  35.505  -10.710  46.655 0.0000000000
60009  35.000  -10.831  47.243 0.0000000000
59915  30.051  -11.602  56.270 0.0000000000
147545  30.354  -11.939  55.511 0.0000000000
135388  24.190  -16.985  43.766 0.0000000000
56497  24.633  -14.992  45.001 0.0000000000
55533  24.081  -16.106  43.719 0.0000000000
56508  24.222  -15.295  43.126 0.0000000000
65443  30.550  -5.681  40.869 0.0000000000
78654  49.450  8.031  26.237 0.0000000000
144825  39.047  -0.258  36.865 0.0000000000
69372  37.974  -0.516  35.928 0.0000000000
69356  38.243  -0.206  36.536 0.0000000000
132891  34.848  -0.315  36.782 0.0000000000
69390  34.845  -1.015  35.422 0.0000000000
69391  33.907  -1.389  35.639 0.0000000000
69335  39.622  0.008  37.444 0.0000000000
69355  39.790  -0.504  36.837 0.0000000000
48307  15.729  -23.662  46.997 0.0000000000
48318  15.459  -24.625  46.583 0.0000000000
47407  14.571  -25.052  47.469 0.0000000000
137912  26.049  -18.369  50.278 0.0000000000
53611  26.373  -17.628  50.154 0.0000000000
52755  25.659  -18.424  49.743 0.0000000000
51094  22.071  -20.105  44.843 0.0000000000
51946  23.187  -19.495  45.750 0.0000000000
51093  22.742  -19.636  44.739 0.0000000000
51107  22.318  -19.957  44.081 0.0000000000
51968  22.299  -20.085  43.266 0.0000000000
73916  45.162  4.261  30.920 0.0000000000
74800  45.929  4.448  31.207 0.0000000000
49232  22.356  -22.277  50.555 0.0000000000
48284  22.042  -22.370  50.571 0.0000000000
49217  22.654  -22.560  51.339 0.0000000000
49231  22.944  -22.125  50.708 0.0000000000
127956  44.264  1.591  34.740 0.0000000000
72107  44.627  2.173  34.310 0.0000000000
73018  44.688  2.581  33.664 0.0000000000
49219  18.974  -21.451  51.330 0.0000000000
48251  13.647  -23.234  52.329 0.0000000000
127287  13.269  -23.754  51.656 0.0000000000
149718  12.872  -24.202  51.839 0.0000000000
46495  12.895  -25.898  57.025 0.0000000000
44846  10.624  -28.796  52.656 0.0000000000
44859  10.971  -28.150  52.205 0.0000000000
132837  10.992  -28.223  51.306 0.0000000000
150522  34.648  -8.033  44.628 0.0000000000
143408  34.064  -7.315  44.928 0.0000000000
63635  34.233  -7.761  44.497 0.0000000000
63643  33.942  -7.879  43.754 0.0000000000
145474  32.445  -12.540  42.263 0.0000000000
59269  31.655  -12.495  41.826 0.0000000000
139565  27.351  -13.769  49.909 0.0000000000
58253  28.042  -13.079  51.204 0.0000000000
58254  27.638  -12.998  50.330 0.0000000000
60932  28.187  -10.344  46.782 0.0000000000
60916  28.404  -10.202  47.789 0.0000000000
60930  30.291  -9.881  46.757 0.0000000000
60032  30.266  -10.198  46.174 0.0000000000
60033  29.218  -10.343  45.954 0.0000000000
69302  33.962  -1.093  41.956 0.0000000000
70254  33.633  -1.153  41.264 0.0000000000
69289  33.271  -1.545  41.666 0.0000000000
70288  38.400  1.221  38.194 0.0000000000
71205  38.155  1.613  38.927 0.0000000000
71207  36.329  1.327  39.594 0.0000000000
70289  36.476  1.248  38.551 0.0000000000
70308  35.266  0.457  37.999 0.0000000000
142677  41.506  2.649  42.245 0.0000000000
149974  39.163  2.083  40.459 0.0000000000
50198  17.760  -22.014  46.746 0.0000000000
49279  17.124  -22.776  46.308 0.0000000000
51068  23.279  -20.311  48.082 0.0000000000
50191  22.768  -20.663  47.629 0.0000000000
50207  21.573  -20.776  46.240 0.0000000000
50223  21.329  -20.679  45.307 0.0000000000
50225  20.430  -21.215  44.823 0.0000000000
70336  42.724  -0.547  36.530 0.0000000000
70346  42.573  -0.691  35.901 0.0000000000
71270  41.996  1.010  34.176 0.0000000000
72121  42.448  1.701  33.630 0.0000000000
71289  39.635  1.207  31.645 0.0000000000
150049  17.648  -21.514  53.531 0.0000000000
50111  17.277  -21.810  54.193 0.0000000000
49161  15.335  -22.727  54.557 0.0000000000
49162  14.379  -23.025  54.232 0.0000000000
45676  11.408  -27.752  56.516 0.0000000000
44831  10.732  -28.808  53.560 0.0000000000
147276  10.080  -30.030  53.488 0.0000000000
138087  9.252  -31.481  52.800 0.0000000000
41180  8.137  -32.703  55.157 0.0000000000
40353  7.686  -33.054  55.540 0.0000000000
62733  35.664  -8.443  45.840 0.0000000000
146262  35.522  -8.141  46.535 0.0000000000
62741  35.693  -8.363  45.080 0.0000000000
63633  35.212  -8.012  45.256 0.0000000000
62742  35.706  -8.890  44.438 0.0000000000
61889  35.478  -9.475  43.756 0.0000000000
61881  36.054  -9.673  44.330 0.0000000000
60051  34.708  -12.059  45.298 0.0000000000
143062  34.895  -11.852  44.445 0.0000000000
60075  33.914  -12.292  43.567 0.0000000000
59217  33.182  -12.501  44.187 0.0000000000
56479  25.457  -14.838  47.582 0.0000000000
148795  25.793  -13.960  47.414 0.0000000000
139253  25.660  -13.440  46.053 0.0000000000
57422  25.988  -13.331  46.792 0.0000000000
58303  26.185  -12.742  46.084 0.0000000000
141323  27.040  -11.797  46.540 0.0000000000
59177  26.708  -11.973  46.011 0.0000000000
59198  26.338  -12.178  45.299 0.0000000000
58343  25.007  -13.085  43.464 0.0000000000
67296  31.678  -3.386  42.276 0.0000000000
68282  31.494  -3.055  41.384 0.0000000000
65454  30.072  -5.630  40.073 0.0000000000
66344  30.016  -4.724  39.575 0.0000000000
65455  29.837  -5.601  39.184 0.0000000000
135399  48.906  8.885  24.961 0.0000000000
78658  48.927  8.748  24.146 0.0000000000
69388  39.568  -0.731  34.975 0.0000000000
68357  38.681  -0.680  34.812 0.0000000000
68359  37.112  -0.891  34.701 0.0000000000
68360  36.395  -0.915  34.596 0.0000000000
69338  36.625  0.382  36.856 0.0000000000
69357  36.864  -0.032  36.314 0.0000000000
68342  35.043  -1.229  34.783 0.0000000000
68361  35.138  -1.436  34.133 0.0000000000
68383  35.271  -1.813  33.356 0.0000000000
129845  41.625  2.311  41.217 0.0000000000
72042  42.127  2.258  41.163 0.0000000000
70285  41.724  0.650  38.626 0.0000000000
71203  41.912  0.966  39.164 0.0000000000
143991  42.302  0.698  38.468 0.0000000000
71202  42.496  1.010  38.932 0.0000000000
149613  42.572  0.410  37.891 0.0000000000
70303  42.414  0.100  37.317 0.0000000000
69333  41.560  -0.259  37.299 0.0000000000
68313  39.836  -0.962  36.037 0.0000000000
142006  40.787  -1.265  36.166 0.0000000000
69387  40.101  -0.853  35.128 0.0000000000
142068  29.313  -14.940  53.143 0.0000000000
137965  29.412  -14.230  53.312 0.0000000000
145840  28.624  -15.664  52.428 0.0000000000
134327  27.153  -16.234  50.514 0.0000000000
143001  27.840  -15.686  51.361 0.0000000000
56463  26.926  -15.750  50.032 0.0000000000
143495  27.036  -15.086  50.000 0.0000000000
55500  26.265  -15.871  49.297 0.0000000000
52764  24.871  -18.410  48.451 0.0000000000
51937  23.932  -19.047  47.179 0.0000000000
139173  24.381  -18.180  47.067 0.0000000000
53640  24.521  -17.679  47.122 0.0000000000
54528  24.831  -16.948  47.615 0.0000000000
54529  24.537  -17.076  46.650 0.0000000000
136182  24.095  -18.204  44.747 0.0000000000
53669  24.146  -18.316  43.789 0.0000000000
137869  23.947  -18.896  43.342 0.0000000000
50241  19.800  -21.860  42.846 0.0000000000
73902  47.172  4.131  33.260 0.0000000000
74805  46.380  4.928  30.697 0.0000000000
74798  47.316  4.905  31.801 0.0000000000
74804  47.051  5.196  30.950 0.0000000000
75725  47.762  5.431  31.184 0.0000000000
74813  44.498  4.684  28.980 0.0000000000
75746  46.378  5.649  28.241 0.0000000000
75737  47.248  5.954  29.627 0.0000000000
76690  47.781  6.466  29.115 0.0000000000
75759  47.027  5.818  26.795 0.0000000000
141639  47.545  6.319  27.464 0.0000000000
140826  47.822  6.421  26.725 0.0000000000
130007  21.144  -21.445  48.582 0.0000000000
124901  20.398  -21.478  48.585 0.0000000000
49250  20.791  -21.556  49.316 0.0000000000
48287  21.130  -22.126  50.603 0.0000000000
49234  20.797  -21.738  50.073 0.0000000000
124873  19.708  -21.587  50.912 0.0000000000
48275  20.583  -22.186  51.547 0.0000000000
48246  22.571  -23.100  52.920 0.0000000000
129903  21.525  -22.894  53.419 0.0000000000
49172  20.212  -22.461  53.970 0.0000000000
49173  19.435  -22.094  53.543 0.0000000000
57282  30.360  -14.402  54.812 0.0000000000
53595  27.641  -17.998  52.246 0.0000000000
51042  25.093  -20.482  51.339 0.0000000000
51041  25.432  -20.009  51.012 0.0000000000
51899  25.824  -19.899  51.373 0.0000000000
51051  24.381  -20.080  49.572 0.0000000000
51052  23.878  -20.784  49.852 0.0000000000
49248  22.115  -21.499  49.092 0.0000000000
49263  21.563  -21.373  48.469 0.0000000000
147033  21.219  -21.327  47.976 0.0000000000
73024  44.394  2.963  32.861 0.0000000000
73905  44.936  3.449  32.310 0.0000000000
72130  42.113  2.132  32.869 0.0000000000
73035  42.455  2.884  31.448 0.0000000000
135973  42.163  3.053  30.551 0.0000000000
73919  42.603  3.493  29.916 0.0000000000
150934  16.899  -21.645  49.282 0.0000000000
49254  15.850  -22.649  48.249 0.0000000000
50144  16.477  -21.489  51.787 0.0000000000
49207  15.214  -22.096  51.764 0.0000000000
49238  14.908  -22.988  49.289 0.0000000000
49239  14.252  -23.600  49.364 0.0000000000
47391  13.331  -24.842  49.355 0.0000000000
46550  12.682  -26.378  49.214 0.0000000000
129980  13.137  -25.179  55.698 0.0000000000
48206  13.483  -24.428  55.255 0.0000000000
48221  13.224  -24.216  54.356 0.0000000000
45682  11.776  -27.204  55.036 0.0000000000
46509  11.770  -26.968  54.056 0.0000000000
46517  12.074  -26.212  53.703 0.0000000000
46526  12.026  -26.034  52.804 0.0000000000
130656  12.012  -25.835  52.047 0.0000000000
47378  12.377  -25.313  51.501 0.0000000000
40340  7.551  -32.792  56.233 0.0000000000
39424  7.167  -33.323  56.662 0.0000000000
39437  6.862  -34.059  56.307 0.0000000000
70229  34.903  -1.089  43.070 0.0000000000
137300  33.185  -2.180  43.697 0.0000000000
67280  31.912  -3.708  43.251 0.0000000000
66306  31.726  -4.939  43.407 0.0000000000
65414  31.574  -5.377  42.735 0.0000000000
65385  33.610  -6.159  45.910 0.0000000000
63644  33.160  -7.280  43.370 0.0000000000
64511  32.672  -6.453  43.687 0.0000000000
63652  32.577  -7.120  42.622 0.0000000000
63660  32.530  -7.606  41.947 0.0000000000
63659  33.103  -8.214  41.637 0.0000000000
61902  34.099  -9.141  40.988 0.0000000000
130200  34.949  -10.156  42.523 0.0000000000
60112  33.190  -12.301  41.064 0.0000000000
60126  32.978  -12.194  40.170 0.0000000000
133296  32.378  -12.173  39.682 0.0000000000
125191  29.826  -11.847  39.972 0.0000000000
60143  30.647  -11.899  39.377 0.0000000000
60144  29.124  -11.394  39.244 0.0000000000
58231  29.282  -13.441  53.121 0.0000000000
59939  29.863  -12.137  53.652 0.0000000000
59104  29.186  -12.642  52.832 0.0000000000
128737  28.627  -11.705  51.640 0.0000000000
137704  29.270  -11.199  52.496 0.0000000000
60855  29.232  -10.132  51.881 0.0000000000
60856  29.156  -9.983  51.117 0.0000000000
59141  27.625  -12.184  48.874 0.0000000000
59127  27.783  -12.212  49.762 0.0000000000
59983  28.028  -11.561  49.169 0.0000000000
60887  28.764  -10.239  49.687 0.0000000000
61817  29.550  -9.490  50.453 0.0000000000
61830  30.163  -9.291  49.680 0.0000000000
61829  31.243  -9.027  49.646 0.0000000000
60885  31.067  -9.384  48.765 0.0000000000
125591  32.397  -9.693  48.410 0.0000000000
59997  32.715  -10.157  47.900 0.0000000000
124724  33.171  -10.614  47.888 0.0000000000
60011  33.147  -11.315  47.266 0.0000000000
60031  32.334  -11.339  46.826 0.0000000000
60053  30.756  -11.000  45.211 0.0000000000
59196  31.478  -11.573  45.528 0.0000000000
59197  31.026  -11.650  44.755 0.0000000000
130126  31.733  -12.145  44.779 0.0000000000
128983  30.602  -11.608  44.022 0.0000000000
140688  27.642  -10.965  44.391 0.0000000000
150464  28.367  -10.640  44.686 0.0000000000
60095  27.688  -11.215  42.422 0.0000000000
60094  28.520  -11.190  42.929 0.0000000000
60093  29.410  -11.623  42.679 0.0000000000
60115  29.713  -11.968  41.806 0.0000000000
139135  36.488  0.315  42.303 0.0000000000
71155  36.065  0.366  41.533 0.0000000000
70292  33.771  -0.652  39.805 0.0000000000
70269  34.286  -0.426  40.375 0.0000000000
70310  33.901  -0.386  38.891 0.0000000000
69339  33.314  -0.881  38.451 0.0000000000
68293  31.452  -2.576  39.635 0.0000000000
68292  31.980  -2.182  40.134 0.0000000000
68327  31.245  -2.667  36.647 0.0000000000
68316  31.410  -2.501  37.436 0.0000000000
68326  32.003  -2.127  36.839 0.0000000000
69362  32.565  -1.669  37.389 0.0000000000
124680  31.670  -2.382  35.979 0.0000000000
81508  50.910  11.884  23.151 0.0000000000
81516  51.638  11.692  22.516 0.0000000000
76713  48.257  6.532  24.341 0.0000000000
71186  37.850  1.739  40.006 0.0000000000
50185  17.909  -21.704  47.532 0.0000000000
49276  21.736  -21.128  47.500 0.0000000000
50193  21.893  -21.045  46.992 0.0000000000
50209  20.402  -21.052  45.807 0.0000000000
71281  39.179  0.637  32.190 0.0000000000
69402  41.136  -1.083  35.328 0.0000000000
70357  41.541  -0.758  35.137 0.0000000000
71279  40.730  1.156  33.246 0.0000000000
148979  40.096  0.590  33.517 0.0000000000
49145  17.649  -22.635  55.698 0.0000000000
126760  17.187  -22.326  55.057 0.0000000000
49146  16.582  -22.851  55.628 0.0000000000
126972  10.186  -29.952  55.002 0.0000000000
42994  9.927  -30.305  54.233 0.0000000000
43005  9.495  -30.991  54.390 0.0000000000
62715  35.594  -8.281  48.218 0.0000000000
62726  35.641  -8.495  46.660 0.0000000000
61873  35.893  -9.079  45.984 0.0000000000
61874  36.160  -9.873  45.222 0.0000000000
60944  35.862  -10.804  45.584 0.0000000000
60028  35.214  -11.502  46.006 0.0000000000
60029  34.477  -11.994  46.123 0.0000000000
127367  24.518  -15.734  45.528 0.0000000000
56488  24.696  -14.869  45.813 0.0000000000
57432  24.903  -14.321  45.313 0.0000000000
58319  25.346  -13.573  45.213 0.0000000000
58333  25.197  -13.382  44.344 0.0000000000
57441  24.867  -14.182  44.632 0.0000000000
57449  24.381  -14.428  43.250 0.0000000000
66322  31.131  -4.959  42.064 0.0000000000
66332  30.725  -4.659  41.168 0.0000000000
76705  48.949  7.057  27.918 0.0000000000
77678  49.634  7.237  28.156 0.0000000000
79614  50.105  9.513  26.317 0.0000000000
78656  49.150  8.449  25.624 0.0000000000
68323  38.754  -0.751  35.452 0.0000000000
68324  37.602  -0.647  35.374 0.0000000000
129016  36.030  -0.219  36.031 0.0000000000
69375  35.433  -0.456  35.930 0.0000000000
68362  34.461  -1.770  34.181 0.0000000000
70267  40.874  1.218  39.243 0.0000000000
71184  41.454  1.368  39.614 0.0000000000
70286  41.027  0.713  38.700 0.0000000000
69325  41.255  0.265  38.074 0.0000000000
69334  40.571  -0.195  37.477 0.0000000000
129620  14.140  -25.422  47.845 0.0000000000
54504  28.035  -16.321  51.857 0.0000000000
132740  28.285  -15.912  52.000 0.0000000000
54505  27.386  -16.561  51.009 0.0000000000
54509  26.726  -16.874  50.240 0.0000000000
54510  26.174  -17.085  49.659 0.0000000000
127570  22.893  -20.122  46.306 0.0000000000
139177  23.668  -18.969  45.571 0.0000000000
52784  24.014  -18.623  45.824 0.0000000000
53650  24.139  -18.371  45.462 0.0000000000
51966  23.227  -19.360  44.115 0.0000000000
51980  22.860  -19.879  42.790 0.0000000000
51121  21.688  -20.478  42.760 0.0000000000
61923  33.594  -9.767  39.482 0.0000000000
74795  46.894  4.379  32.361 0.0000000000
74819  45.044  5.016  28.337 0.0000000000
75747  45.633  5.252  27.771 0.0000000000
48296  21.893  -21.761  49.618 0.0000000000
48297  21.752  -21.839  49.789 0.0000000000
48285  21.886  -22.092  50.189 0.0000000000
48286  21.635  -22.270  50.564 0.0000000000
144460  21.551  -22.615  51.682 0.0000000000
146192  24.276  -20.951  50.783 0.0000000000
50164  23.348  -21.474  50.235 0.0000000000
49246  22.570  -21.777  49.957 0.0000000000
73017  45.492  2.961  33.896 0.0000000000
49236  18.860  -21.263  49.969 0.0000000000
126829  17.795  -21.512  48.999 0.0000000000
49221  16.660  -21.541  50.147 0.0000000000
49190  15.012  -22.160  52.770 0.0000000000
49208  14.103  -22.940  51.389 0.0000000000
48276  13.628  -23.974  49.780 0.0000000000
47383  12.643  -25.137  50.725 0.0000000000
47335  12.592  -25.739  55.212 0.0000000000
44830  11.177  -28.194  53.977 0.0000000000
45696  11.423  -27.539  53.538 0.0000000000
45712  11.336  -27.476  51.735 0.0000000000
67279  32.841  -2.775  44.274 0.0000000000
68215  33.248  -2.685  45.094 0.0000000000
67259  32.578  -3.533  44.830 0.0000000000
66283  32.288  -4.283  44.572 0.0000000000
145814  34.665  -7.400  46.087 0.0000000000
64502  34.444  -7.367  45.558 0.0000000000
65392  33.854  -6.803  45.398 0.0000000000
64503  33.454  -6.751  44.682 0.0000000000
62756  33.657  -8.455  42.111 0.0000000000
62762  34.170  -9.000  41.704 0.0000000000
61901  34.383  -9.572  41.437 0.0000000000
60091  33.866  -12.070  42.218 0.0000000000
60090  34.392  -11.328  41.869 0.0000000000
60092  33.221  -12.360  41.849 0.0000000000
60113  32.241  -12.413  41.001 0.0000000000
60114  31.211  -12.347  41.016 0.0000000000
124778  30.221  -12.165  40.946 0.0000000000
58241  28.559  -13.205  51.994 0.0000000000
59105  28.796  -12.482  52.285 0.0000000000
59113  28.376  -12.381  51.529 0.0000000000
139690  28.319  -11.697  50.943 0.0000000000
59998  27.830  -11.237  48.409 0.0000000000
60903  29.049  -9.786  48.529 0.0000000000
60902  30.324  -9.534  48.124 0.0000000000
60914  30.937  -9.769  47.167 0.0000000000
60013  31.799  -10.594  46.995 0.0000000000
132937  31.023  -10.742  45.854 0.0000000000
60079  26.048  -11.592  43.545 0.0000000000
144891  26.683  -11.155  42.921 0.0000000000
60096  26.959  -11.304  42.016 0.0000000000
126259  27.543  -11.357  41.313 0.0000000000
126727  26.563  -11.277  41.301 0.0000000000
70238  35.290  -0.512  42.519 0.0000000000
70252  35.381  -0.123  41.672 0.0000000000
70239  34.677  -0.557  41.828 0.0000000000
70270  33.667  -0.941  40.605 0.0000000000
69327  33.037  -1.210  40.034 0.0000000000
67330  30.383  -3.478  38.418 0.0000000000
68303  31.009  -2.853  38.083 0.0000000000
138823  30.461  -3.309  37.663 0.0000000000
80552  49.490  10.147  23.916 0.0000000000
70304  39.237  0.681  37.990 0.0000000000
70305  38.041  0.803  37.504 0.0000000000
70306  37.194  0.753  37.281 0.0000000000
125614  36.499  0.890  37.583 0.0000000000
70307  35.849  0.441  37.209 0.0000000000
125710  34.087  -0.736  36.911 0.0000000000
72043  40.327  2.284  41.597 0.0000000000
71170  40.536  2.146  40.660 0.0000000000
71185  40.751  1.717  39.885 0.0000000000
142285  40.011  1.660  39.332 0.0000000000
48316  16.686  -23.700  45.858 0.0000000000
49269  15.457  -23.334  47.769 0.0000000000
51920  24.739  -19.386  49.278 0.0000000000
51927  25.010  -18.812  49.032 0.0000000000
51929  23.693  -19.711  47.687 0.0000000000
51074  22.900  -20.527  46.886 0.0000000000
50192  22.347  -20.885  47.155 0.0000000000
51083  21.855  -20.424  45.737 0.0000000000
51095  21.602  -20.449  44.845 0.0000000000
51096  21.227  -20.735  44.314 0.0000000000
132309  19.024  -22.084  44.051 0.0000000000
73927  43.922  4.310  29.648 0.0000000000
49202  23.378  -22.490  52.110 0.0000000000
49186  23.738  -22.483  52.999 0.0000000000
71237  43.958  -0.025  36.615 0.0000000000
71246  43.743  0.239  35.817 0.0000000000
70356  42.182  -0.393  35.278 0.0000000000
70345  42.907  0.047  35.534 0.0000000000
72108  43.285  0.842  35.018 0.0000000000
127669  43.552  1.453  34.424 0.0000000000
72120  43.266  1.866  33.814 0.0000000000
72131  41.266  1.843  32.554 0.0000000000
72138  40.915  2.106  31.613 0.0000000000
72139  40.166  1.721  31.136 0.0000000000
49189  18.581  -21.517  52.389 0.0000000000
50120  17.895  -21.349  52.927 0.0000000000
50132  16.993  -21.286  52.479 0.0000000000
50112  16.069  -22.033  53.963 0.0000000000
49176  14.093  -22.801  53.188 0.0000000000
126777  13.385  -23.464  53.071 0.0000000000
44815  11.252  -28.098  54.955 0.0000000000
140582  9.679  -30.757  53.373 0.0000000000
64480  35.122  -7.314  47.086 0.0000000000
64492  34.969  -7.559  46.351 0.0000000000
64493  34.873  -7.730  45.670 0.0000000000
62749  34.998  -8.843  43.935 0.0000000000
137864  35.256  -10.009  43.182 0.0000000000
60960  35.124  -10.880  43.128 0.0000000000
60951  35.904  -10.600  44.548 0.0000000000
60952  35.359  -11.163  44.024 0.0000000000
60074  34.418  -11.680  42.791 0.0000000000
138852  33.730  -12.277  42.903 0.0000000000
139409  33.131  -12.546  43.372 0.0000000000
59239  32.393  -12.566  43.049 0.0000000000
58269  26.953  -13.703  49.071 0.0000000000
58283  26.560  -13.571  48.332 0.0000000000
127750  26.826  -12.724  47.760 0.0000000000
60035  27.472  -11.081  46.660 0.0000000000
60034  27.982  -10.477  45.979 0.0000000000
60056  27.035  -11.389  45.256 0.0000000000
60066  26.760  -11.547  44.750 0.0000000000
58332  25.753  -12.712  44.772 0.0000000000
59222  25.847  -12.048  44.177 0.0000000000
58355  25.104  -12.339  42.755 0.0000000000
68269  32.756  -2.050  42.134 0.0000000000
69303  32.619  -1.913  41.338 0.0000000000
68290  31.412  -2.775  40.519 0.0000000000
67312  30.818  -3.212  39.997 0.0000000000
66333  30.449  -4.091  40.273 0.0000000000
67319  30.338  -3.741  39.349 0.0000000000
66356  29.963  -4.259  38.631 0.0000000000
127275  49.917  10.967  25.212 0.0000000000
80549  49.466  10.258  24.898 0.0000000000
79621  49.340  9.323  23.588 0.0000000000
148615  39.154  -0.388  34.311 0.0000000000
69422  38.482  -0.504  33.991 0.0000000000
143215  37.769  -0.813  34.157 0.0000000000
68358  37.814  -0.783  34.795 0.0000000000
69405  37.442  -0.882  34.462 0.0000000000
69373  37.124  -0.397  35.851 0.0000000000
68325  36.734  -0.560  35.437 0.0000000000
69374  36.137  -0.465  35.571 0.0000000000
68340  36.335  -0.693  35.127 0.0000000000
136813  35.705  -1.212  34.180 0.0000000000
140480  41.874  1.465  39.836 0.0000000000
70302  43.070  0.244  37.414 0.0000000000
70322  42.778  -0.151  36.928 0.0000000000
69369  42.118  -1.030  36.202 0.0000000000
69353  41.525  -1.016  36.526 0.0000000000
69370  41.309  -1.300  35.790 0.0000000000
69403  40.388  -0.895  35.154 0.0000000000
70359  39.791  -0.706  34.877 0.0000000000
58208  29.947  -13.381  54.280 0.0000000000
59072  30.213  -12.936  54.630 0.0000000000
129673  29.610  -13.549  53.672 0.0000000000
57338  28.706  -14.085  52.347 0.0000000000
136846  28.215  -15.728  51.808 0.0000000000
57339  28.430  -14.788  51.860 0.0000000000
57361  27.868  -14.675  51.190 0.0000000000
57362  27.399  -14.547  50.378 0.0000000000
57385  26.954  -14.487  49.553 0.0000000000
52756  25.316  -18.398  49.153 0.0000000000
53619  25.539  -17.866  49.183 0.0000000000
54515  25.755  -17.225  49.209 0.0000000000
52765  24.413  -18.506  47.570 0.0000000000
54516  25.424  -17.394  48.710 0.0000000000
132493  25.986  -16.543  49.241 0.0000000000
54521  25.634  -16.713  48.737 0.0000000000
55507  25.851  -15.969  48.778 0.0000000000
56470  26.133  -15.221  48.797 0.0000000000
56471  25.769  -15.311  48.328 0.0000000000
138173  24.925  -15.450  47.246 0.0000000000
55519  24.625  -15.563  46.424 0.0000000000
53659  24.368  -17.944  45.520 0.0000000000
55525  24.437  -16.622  45.228 0.0000000000
55526  24.223  -16.787  44.457 0.0000000000
54550  24.281  -17.634  43.331 0.0000000000
51110  20.523  -21.407  42.524 0.0000000000
125301  31.745  -7.647  40.777 0.0000000000
75730  48.214  5.961  30.635 0.0000000000
74807  44.831  4.555  29.987 0.0000000000
74811  46.158  5.139  29.994 0.0000000000
76689  48.382  6.652  29.414 0.0000000000
76698  48.477  6.827  28.599 0.0000000000
76708  48.624  7.038  26.980 0.0000000000
77688  48.648  7.115  26.004 0.0000000000
49265  19.712  -21.471  47.736 0.0000000000
132255  19.958  -21.476  50.087 0.0000000000
49204  19.215  -21.724  52.070 0.0000000000
48259  22.578  -22.858  52.177 0.0000000000
48260  22.177  -22.876  52.166 0.0000000000
48262  21.533  -22.726  52.206 0.0000000000
48248  21.642  -22.946  53.162 0.0000000000
124888  21.574  -22.859  52.850 0.0000000000
48263  20.941  -22.489  51.994 0.0000000000
146031  20.551  -22.346  52.179 0.0000000000
49203  20.038  -22.214  52.486 0.0000000000
49188  19.396  -21.994  52.768 0.0000000000
142972  18.783  -21.713  53.061 0.0000000000
49144  18.973  -22.408  55.605 0.0000000000
59908  29.658  -11.686  56.885 0.0000000000
59062  30.264  -13.215  55.292 0.0000000000
58197  30.264  -13.653  54.738 0.0000000000
57301  29.696  -14.837  53.669 0.0000000000
56390  29.473  -15.520  53.439 0.0000000000
54495  28.901  -16.246  53.100 0.0000000000
54500  28.457  -16.565  52.579 0.0000000000
53601  27.874  -17.065  52.077 0.0000000000
53603  26.606  -18.160  50.814 0.0000000000
52743  25.775  -19.016  50.443 0.0000000000
51909  25.890  -19.498  51.054 0.0000000000
50181  22.894  -20.837  48.359 0.0000000000
50173  22.996  -21.257  49.231 0.0000000000
50174  22.577  -21.139  48.606 0.0000000000
50183  22.005  -21.037  47.763 0.0000000000
73903  46.457  3.892  32.886 0.0000000000
73900  45.973  3.458  33.419 0.0000000000
73025  43.516  2.843  32.624 0.0000000000
73034  43.236  3.149  31.812 0.0000000000
73910  43.785  3.572  31.233 0.0000000000
50184  18.805  -21.513  47.888 0.0000000000
49253  17.241  -21.846  47.965 0.0000000000
49206  17.139  -21.317  51.200 0.0000000000
48299  14.866  -23.777  48.055 0.0000000000
47398  13.748  -25.101  48.540 0.0000000000
46556  13.663  -25.907  48.181 0.0000000000
48236  13.035  -24.091  53.437 0.0000000000
45681  12.259  -26.462  55.609 0.0000000000
47348  12.472  -25.592  54.252 0.0000000000
47360  12.680  -24.726  52.936 0.0000000000
47370  12.635  -24.667  52.066 0.0000000000
47384  12.295  -25.735  50.710 0.0000000000
46542  11.929  -26.328  50.749 0.0000000000
46541  12.224  -26.277  50.049 0.0000000000
39453  7.038  -34.303  55.653 0.0000000000
71153  38.045  0.996  42.797 0.0000000000
69288  34.162  -1.328  42.771 0.0000000000
136149  32.274  -2.739  42.653 0.0000000000
64535  31.612  -6.489  41.887 0.0000000000
66282  32.568  -4.636  45.249 0.0000000000
65402  32.279  -5.602  43.906 0.0000000000
65401  32.823  -6.191  44.350 0.0000000000
65413  32.105  -5.946  43.283 0.0000000000
65428  31.966  -6.376  42.614 0.0000000000
64553  31.916  -7.288  41.557 0.0000000000
62773  32.493  -8.239  40.285 0.0000000000
63676  33.331  -8.579  40.746 0.0000000000
62785  33.180  -8.893  39.823 0.0000000000
60140  33.515  -11.485  39.681 0.0000000000
61897  34.568  -9.518  42.105 0.0000000000
60979  34.278  -11.014  41.024 0.0000000000
60142  32.183  -12.027  39.009 0.0000000000
125686  31.341  -11.940  38.957 0.0000000000
60157  30.573  -11.799  38.441 0.0000000000
59980  34.602  -9.844  48.661 0.0000000000
127731  30.208  -12.267  54.389 0.0000000000
131410  30.167  -11.376  54.117 0.0000000000
132333  29.763  -11.350  53.233 0.0000000000
60823  29.954  -10.346  53.577 0.0000000000
62666  30.640  -8.522  52.376 0.0000000000
58268  27.383  -12.969  49.421 0.0000000000
59969  28.602  -11.030  50.721 0.0000000000
60870  28.991  -10.214  50.564 0.0000000000
61804  29.699  -9.309  51.184 0.0000000000
61803  30.556  -8.702  51.343 0.0000000000
61815  31.424  -8.675  50.575 0.0000000000
60884  32.978  -9.575  48.990 0.0000000000
60883  33.649  -9.780  48.907 0.0000000000
59995  34.227  -10.338  48.207 0.0000000000
60010  34.396  -10.920  47.620 0.0000000000
143986  33.897  -11.315  47.267 0.0000000000
128706  33.793  -11.807  46.637 0.0000000000
60052  33.703  -12.226  45.708 0.0000000000
59176  32.157  -11.858  46.135 0.0000000000
59175  32.781  -12.148  45.779 0.0000000000
59194  33.063  -12.347  45.062 0.0000000000
149884  32.462  -12.368  44.701 0.0000000000
59240  31.661  -12.402  43.437 0.0000000000
59241  30.878  -12.193  43.262 0.0000000000
138926  28.699  -10.463  45.248 0.0000000000
60054  29.830  -10.588  45.001 0.0000000000
59221  29.766  -11.043  44.125 0.0000000000
60077  28.393  -11.005  43.693 0.0000000000
137104  30.033  -11.643  43.348 0.0000000000
59260  30.988  -12.392  42.436 0.0000000000
135309  29.255  -11.818  40.898 0.0000000000
60131  27.538  -11.197  40.172 0.0000000000
60145  28.278  -11.270  39.617 0.0000000000
71173  36.865  1.032  41.480 0.0000000000
71188  36.171  0.985  40.638 0.0000000000
71208  35.591  0.843  39.864 0.0000000000
70268  34.920  0.182  40.121 0.0000000000
70290  35.146  0.531  38.984 0.0000000000
70309  34.633  0.094  38.431 0.0000000000
69360  34.146  -0.383  37.768 0.0000000000
69315  32.530  -1.784  40.530 0.0000000000
140883  32.461  -1.726  39.830 0.0000000000
69328  32.695  -1.418  39.126 0.0000000000
68302  31.601  -2.401  38.681 0.0000000000
68301  32.222  -1.898  38.646 0.0000000000
69377  33.589  -1.208  36.435 0.0000000000
76715  48.520  7.374  24.081 0.0000000000
47369  22.099  -23.125  53.116 0.0000000000
47376  22.074  -23.046  52.536 0.0000000000
48249  21.189  -22.768  53.221 0.0000000000
48261  21.646  -22.744  52.149 0.0000000000
48271  22.207  -22.576  51.033 0.0000000000
48273  21.684  -22.584  51.365 0.0000000000
49185  24.654  -22.123  53.452 0.0000000000
49249  21.708  -21.568  49.134 0.0000000000
49261  22.117  -21.250  48.500 0.0000000000
50122  15.760  -21.853  53.233 0.0000000000
50206  22.007  -20.779  46.525 0.0000000000
51033  25.692  -20.263  51.733 0.0000000000
51910  25.587  -19.541  50.688 0.0000000000
51945  23.723  -19.033  46.257 0.0000000000
52732  26.967  -18.602  51.627 0.0000000000
52785  23.836  -18.671  45.116 0.0000000000
52814  23.918  -19.064  42.575 0.0000000000
53602  27.268  -17.686  51.450 0.0000000000
53629  24.730  -18.023  47.848 0.0000000000
53639  24.998  -17.519  48.095 0.0000000000
54534  24.495  -17.260  45.742 0.0000000000
54540  24.227  -17.587  44.189 0.0000000000
55465  29.210  -15.906  53.305 0.0000000000
55476  28.889  -15.838  52.899 0.0000000000
55493  27.471  -15.815  50.859 0.0000000000
55520  24.518  -16.442  46.095 0.0000000000
56410  29.067  -15.515  53.010 0.0000000000
56433  28.458  -15.389  52.043 0.0000000000
56450  28.080  -15.345  51.523 0.0000000000
57291  30.158  -14.948  54.398 0.0000000000
59093  29.531  -12.760  53.343 0.0000000000
59157  27.147  -11.926  47.210 0.0000000000
59223  25.436  -12.720  44.075 0.0000000000
59994  34.866  -10.340  48.033 0.0000000000
59996  33.699  -10.221  48.302 0.0000000000
60065  28.771  -10.910  44.139 0.0000000000
60897  35.347  -9.236  48.660 0.0000000000
60912  35.424  -9.762  48.061 0.0000000000
60913  35.260  -10.314  47.574 0.0000000000
61860  35.585  -8.572  47.467 0.0000000000
61861  35.709  -9.164  46.853 0.0000000000
63642  34.527  -8.249  44.162 0.0000000000
66357  29.672  -4.808  37.976 0.0000000000
68315  32.011  -2.074  37.892 0.0000000000
68336  39.702  -0.895  35.317 0.0000000000
69371  40.469  -1.148  35.550 0.0000000000
69378  32.785  -1.592  36.644 0.0000000000
70253  34.156  -0.725  41.184 0.0000000000
126417  22.168  -22.779  51.684 0.0000000000
128909  21.829  -22.430  50.759 0.0000000000
130485  29.912  -14.149  54.204 0.0000000000
134991  29.109  -14.199  52.936 0.0000000000
135152  25.477  -14.038  46.776 0.0000000000
137158  30.402  -12.444  55.061 0.0000000000
137717  28.249  -13.956  51.580 0.0000000000
137985  24.491  -17.711  46.205 0.0000000000
143977  21.490  -22.485  51.158 0.0000000000
144346  27.509  -16.914  51.428 0.0000000000
146406  30.301  -13.944  55.149 0.0000000000
146766  35.328  -7.739  46.803 0.0000000000
149162  35.126  -11.154  46.674 0.0000000000
149230  31.505  -2.442  38.040 0.0000000000
149772  21.421  -22.802  52.747 0.0000000000
