#!ascii label  , from subject sub-v1s10x0051003_ses-1 vox2ras=TkReg
1851
7522  -32.713  -75.092  -38.109 0.1000000015
6865  -32.509  -76.036  -38.679 0.1000000015
6213  -31.117  -77.513  -37.821 0.1000000015
110509  -31.732  -76.650  -38.271 0.1000000015
6219  -31.669  -77.972  -38.961 0.1000000015
112441  -32.304  -77.996  -39.742 0.1000000015
5608  -31.082  -78.773  -39.538 0.1000000015
123222  -31.822  -78.223  -40.669 0.1000000015
5621  -31.245  -77.707  -41.496 0.1000000015
5620  -31.126  -78.296  -40.560 0.1000000015
5633  -30.396  -77.602  -41.755 0.1000000015
6249  -30.479  -77.204  -42.651 0.1000000015
5632  -29.431  -77.402  -42.118 0.1000000015
5618  -29.028  -77.406  -40.959 0.1000000015
121792  -29.808  -77.232  -42.684 0.1000000015
6899  -28.635  -75.404  -41.811 0.1000000015
6247  -27.730  -77.202  -42.133 0.1000000015
6248  -29.023  -77.067  -42.612 0.1000000015
118253  -34.964  -74.775  -39.412 0.1000000015
6866  -33.449  -75.546  -39.045 0.1000000015
7523  -34.065  -74.729  -38.832 0.1000000015
6879  -34.522  -75.911  -40.260 0.1000000015
6878  -34.006  -76.303  -39.849 0.1000000015
6877  -33.166  -76.612  -39.546 0.1000000015
6230  -33.472  -76.878  -40.301 0.1000000015
6228  -32.341  -78.034  -40.373 0.1000000015
6251  -32.353  -76.709  -41.976 0.1000000015
6250  -31.383  -77.002  -42.464 0.1000000015
8936  -28.508  -72.551  -38.984 0.1000000015
8946  -28.336  -72.518  -40.342 0.1000000015
8211  -29.162  -72.696  -41.153 0.1000000015
8220  -29.242  -72.582  -42.005 0.1000000015
7536  -28.867  -73.864  -41.828 0.1000000015
7537  -29.599  -74.571  -42.083 0.1000000015
110222  -30.178  -75.938  -43.229 0.1000000015
6900  -29.363  -76.417  -42.797 0.1000000015
8208  -35.647  -73.568  -38.403 0.1000000015
8216  -36.095  -74.015  -40.266 0.2000000030
122071  -36.353  -73.575  -39.482 0.2000000030
7524  -35.629  -74.165  -39.321 0.1000000015
8225  -36.133  -73.363  -41.469 0.1000000015
7532  -35.672  -74.400  -40.830 0.1000000015
7542  -35.566  -73.676  -42.084 0.1000000015
7528  -35.139  -75.280  -40.323 0.1000000015
11024  -31.503  -69.285  -33.427 0.1000000015
10311  -30.748  -70.196  -34.490 0.1000000015
6903  -34.524  -74.841  -41.998 0.1000000015
6902  -33.813  -75.443  -42.062 0.1000000015
6252  -33.258  -76.475  -41.363 0.1000000015
10310  -30.167  -69.936  -34.812 0.1000000015
10329  -30.433  -70.539  -34.925 0.1000000015
9614  -30.460  -71.080  -35.317 0.1000000015
9632  -30.434  -71.754  -35.999 0.1000000015
8908  -30.817  -72.356  -36.703 0.1000000015
8925  -30.432  -72.709  -37.492 0.1000000015
6901  -32.755  -75.689  -42.831 0.1000000015
8907  -29.986  -72.280  -36.785 0.1000000015
8194  -30.085  -73.101  -38.325 0.1000000015
8204  -30.626  -73.341  -39.118 0.1000000015
8214  -31.308  -73.255  -40.310 0.1000000015
8222  -30.552  -72.963  -41.502 0.1000000015
6907  -31.661  -75.779  -43.452 0.1000000015
113146  -30.667  -76.438  -43.273 0.1000000015
9655  -29.234  -71.916  -37.199 0.1000000015
8937  -29.282  -72.925  -38.561 0.1000000015
8203  -29.771  -73.291  -39.222 0.1000000015
8213  -30.311  -73.260  -40.086 0.1000000015
8232  -30.730  -73.004  -42.529 0.1000000015
7538  -30.473  -74.339  -42.659 0.1000000015
8202  -29.038  -73.050  -39.603 0.1000000015
8212  -29.646  -73.077  -40.333 0.1000000015
8221  -29.871  -72.814  -41.897 0.1000000015
115779  -30.085  -73.073  -42.458 0.1000000015
112929  -29.867  -76.871  -43.127 0.1000000015
8226  -36.566  -73.014  -40.736 0.1000000015
8217  -36.925  -72.841  -39.897 0.2000000030
8199  -36.536  -73.173  -38.561 0.1000000015
125952  -37.465  -72.484  -37.946 0.2000000030
8930  -37.928  -72.162  -37.594 0.2000000030
8238  -36.321  -72.210  -41.927 0.1000000015
8237  -35.782  -72.540  -42.552 0.1000000015
11774  -31.630  -68.101  -32.611 0.1000000015
11794  -31.295  -68.571  -33.238 0.1000000015
7541  -34.903  -73.920  -42.718 0.1000000015
7540  -34.072  -74.146  -43.267 0.1000000015
7545  -33.559  -73.521  -43.819 0.1000000015
10312  -31.416  -70.346  -34.382 0.1000000015
9615  -31.117  -71.316  -35.396 0.1000000015
9633  -31.413  -71.777  -36.138 0.1000000015
6909  -33.140  -74.534  -43.679 0.1000000015
8909  -31.853  -72.142  -36.939 0.1000000015
8926  -31.328  -72.645  -37.537 0.1000000015
8195  -30.927  -73.087  -38.245 0.1000000015
8206  -32.369  -73.172  -40.015 0.1000000015
8224  -32.140  -73.028  -41.348 0.1000000015
8233  -31.607  -73.398  -43.237 0.1000000015
6908  -32.382  -74.843  -43.916 0.1000000015
7539  -31.146  -74.110  -43.137 0.1000000015
6906  -31.109  -75.391  -43.508 0.1000000015
10414  -39.001  -70.010  -41.233 0.1000000015
9703  -38.512  -70.719  -41.045 0.1000000015
9702  -37.592  -70.847  -41.290 0.1000000015
9691  -37.940  -71.482  -40.792 0.1000000015
9692  -38.612  -71.630  -39.928 0.2000000030
8943  -38.505  -72.092  -38.922 0.2000000030
8949  -37.449  -72.168  -40.371 0.2000000030
8942  -37.983  -72.331  -38.465 0.2000000030
9659  -38.562  -72.017  -38.084 0.2000000030
8966  -36.319  -71.621  -41.732 0.1000000015
9701  -36.882  -71.144  -41.417 0.1000000015
8965  -35.985  -71.908  -42.373 0.1000000015
8964  -35.308  -72.354  -42.902 0.1000000015
11007  -31.869  -68.818  -32.830 0.1000000015
10294  -32.647  -69.896  -33.877 0.1000000015
10314  -33.025  -70.283  -34.588 0.1000000015
8963  -34.583  -72.556  -43.253 0.1000000015
12513  -31.660  -67.373  -32.444 0.1000000015
12496  -32.170  -67.005  -31.730 0.1000000015
10293  -31.835  -69.923  -33.810 0.1000000015
10313  -32.165  -70.389  -34.384 0.1000000015
9634  -32.404  -71.539  -36.412 0.1000000015
114534  -32.382  -72.407  -37.886 0.1000000015
8947  -33.189  -72.671  -39.678 0.1000000015
8215  -33.167  -72.771  -40.805 0.1000000015
8954  -33.982  -72.416  -42.101 0.1000000015
8242  -34.100  -72.929  -43.762 0.1000000015
12495  -31.886  -66.742  -32.263 0.1000000015
8938  -31.697  -72.844  -38.286 0.1000000015
8939  -32.389  -72.815  -38.886 0.1000000015
130117  -32.644  -72.949  -40.954 0.1000000015
124024  -32.977  -72.764  -42.228 0.1000000015
8241  -32.359  -73.617  -43.839 0.1000000015
13243  -32.128  -66.237  -32.624 0.1000000015
14035  -33.046  -65.066  -32.999 0.1000000015
14051  -33.416  -65.351  -33.924 0.1000000015
11118  -38.229  -69.501  -39.452 0.1000000015
10413  -38.127  -70.286  -41.149 0.1000000015
10391  -37.509  -69.911  -39.552 0.1000000015
9693  -39.297  -71.171  -40.109 0.1000000015
10390  -36.810  -70.378  -39.476 0.1000000015
10402  -36.758  -70.575  -40.713 0.1000000015
10412  -37.302  -70.705  -41.262 0.1000000015
9677  -39.160  -71.762  -38.801 0.2000000030
10372  -37.036  -70.247  -38.277 0.1000000015
127993  -33.198  -66.206  -30.785 0.1000000015
13229  -32.742  -66.480  -31.189 0.1000000015
115684  -32.916  -67.099  -31.281 0.1000000015
11760  -32.862  -67.739  -31.709 0.1000000015
11008  -32.748  -68.949  -32.733 0.1000000015
11026  -33.162  -69.439  -33.336 0.1000000015
10371  -36.215  -70.637  -38.216 0.1000000015
9658  -35.494  -71.067  -38.435 0.1000000015
120529  -36.170  -70.965  -40.812 0.1000000015
8956  -35.636  -71.825  -42.198 0.1000000015
11775  -32.368  -68.318  -32.317 0.1000000015
10331  -33.403  -70.573  -35.373 0.1000000015
10347  -33.796  -70.770  -36.092 0.1000000015
9635  -33.380  -71.273  -36.659 0.1000000015
9688  -34.675  -71.690  -39.499 0.1000000015
127687  -34.595  -71.942  -40.321 0.1000000015
119148  -34.938  -72.123  -42.480 0.1000000015
14025  -33.054  -65.054  -30.870 0.1000000015
10330  -32.530  -70.740  -35.130 0.1000000015
9617  -32.937  -71.060  -35.869 0.1000000015
112937  -33.925  -71.476  -37.604 0.1000000015
8940  -33.953  -71.809  -38.588 0.1000000015
122033  -33.952  -72.160  -39.492 0.1000000015
8948  -34.014  -72.336  -40.674 0.1000000015
130808  -34.461  -72.176  -41.641 0.1000000015
13211  -32.759  -65.759  -31.002 0.1000000015
13228  -32.350  -66.147  -31.709 0.1000000015
14024  -32.710  -65.326  -31.482 0.1000000015
128840  -32.802  -64.943  -32.102 0.1000000015
128139  -33.277  -64.444  -32.628 0.1000000015
14908  -33.902  -64.725  -33.730 0.1000000015
14909  -34.594  -64.357  -34.031 0.1000000015
11130  -38.814  -69.659  -41.080 0.1000000015
11099  -37.770  -69.828  -38.276 0.1000000015
11100  -38.572  -69.456  -38.212 0.1000000015
11119  -39.029  -69.009  -39.551 0.1000000015
9704  -39.281  -70.399  -40.932 0.1000000015
11078  -37.221  -69.896  -37.312 0.1000000015
112454  -37.975  -69.594  -37.242 0.1000000015
11140  -39.513  -69.493  -41.034 0.1000000015
10404  -40.039  -70.638  -40.114 0.1000000015
11077  -36.682  -69.778  -36.519 0.1000000015
10350  -36.517  -70.248  -37.325 0.1000000015
9678  -39.940  -71.383  -38.992 0.2000000030
12481  -33.405  -66.778  -30.898 0.1000000015
11776  -33.304  -68.447  -32.197 0.1000000015
11009  -33.705  -68.961  -32.807 0.1000000015
10369  -35.236  -70.590  -36.893 0.1000000015
127364  -40.778  -70.340  -39.573 0.1000000015
10393  -41.090  -70.696  -38.395 0.2000000030
120400  -33.626  -67.371  -31.206 0.1000000015
11043  -33.577  -69.773  -34.137 0.1000000015
118995  -34.134  -70.405  -35.585 0.1000000015
10348  -34.630  -70.479  -36.147 0.1000000015
9636  -34.315  -70.946  -36.830 0.1000000015
9675  -34.724  -71.435  -38.496 0.1000000015
14882  -33.021  -64.463  -31.488 0.1000000015
15731  -33.400  -63.764  -32.189 0.1000000015
15732  -33.823  -63.247  -32.904 0.1000000015
15742  -33.940  -64.024  -33.261 0.1000000015
15743  -34.723  -63.644  -33.824 0.1000000015
11064  -38.076  -69.210  -36.281 0.1000000015
11079  -38.809  -69.273  -37.166 0.1000000015
119540  -38.430  -68.732  -35.677 0.1000000015
11101  -39.311  -69.056  -38.175 0.1000000015
11131  -39.319  -69.104  -40.770 0.1000000015
114167  -37.410  -69.561  -36.623 0.1000000015
11873  -39.618  -68.572  -39.233 0.1000000015
127955  -40.034  -69.341  -41.048 0.1000000015
11061  -35.723  -69.694  -35.510 0.1000000015
11063  -37.237  -69.376  -35.937 0.1000000015
11141  -40.013  -68.873  -40.975 0.1000000015
13212  -33.886  -66.330  -30.617 0.1000000015
12482  -34.177  -66.962  -30.805 0.1000000015
12483  -34.877  -67.041  -30.815 0.1000000015
11761  -33.892  -67.982  -31.625 0.1000000015
11778  -35.188  -68.433  -32.396 0.1000000015
11028  -35.043  -69.233  -33.851 0.1000000015
11045  -35.374  -69.479  -34.725 0.1000000015
11076  -36.069  -69.865  -36.118 0.1000000015
11132  -40.569  -69.016  -40.798 0.1000000015
10405  -40.408  -69.761  -40.677 0.1000000015
121174  -33.793  -64.966  -30.547 0.1000000015
11027  -34.107  -69.346  -33.558 0.1000000015
10315  -33.933  -70.122  -34.926 0.1000000015
10333  -35.438  -70.158  -36.125 0.1000000015
132438  -41.593  -70.184  -38.481 0.1000000015
14861  -33.426  -64.293  -30.812 0.1000000015
15715  -33.365  -63.612  -31.236 0.1000000015
16617  -33.505  -62.976  -31.878 0.1000000015
127971  -33.734  -62.528  -32.520 0.1000000015
17588  -34.516  -61.811  -33.556 0.1000000015
16628  -34.253  -62.621  -33.324 0.1000000015
18520  -35.438  -60.871  -34.442 0.1000000015
11848  -38.952  -68.780  -36.272 0.1000000015
11080  -39.569  -68.774  -37.202 0.1000000015
129040  -38.390  -68.497  -35.144 0.1000000015
11849  -40.271  -68.275  -37.404 0.1000000015
11830  -37.763  -68.857  -35.388 0.1000000015
116712  -37.993  -68.442  -34.637 0.1000000015
11864  -39.917  -68.472  -38.328 0.1000000015
11883  -39.820  -68.540  -40.346 0.1000000015
11046  -36.194  -69.296  -34.950 0.1000000015
11815  -37.366  -68.714  -34.747 0.1000000015
11874  -40.233  -68.117  -39.651 0.1000000015
119029  -34.543  -64.892  -30.402 0.1000000015
11777  -34.263  -68.489  -32.246 0.1000000015
11795  -35.573  -68.755  -33.280 0.1000000015
11029  -35.893  -69.012  -34.160 0.1000000015
11814  -36.704  -68.827  -34.444 0.1000000015
12613  -40.796  -67.461  -40.013 0.1000000015
10406  -41.067  -69.545  -40.136 0.1000000015
14862  -34.132  -64.234  -30.511 0.1000000015
14007  -34.423  -65.680  -30.445 0.1000000015
118608  -35.196  -66.032  -30.418 0.1000000015
12498  -35.278  -67.409  -31.191 0.1000000015
12514  -35.687  -67.883  -31.822 0.1000000015
11133  -41.301  -68.734  -40.331 0.1000000015
15694  -33.741  -63.515  -30.764 0.1000000015
117121  -33.678  -61.191  -31.849 0.1000000015
16598  -33.619  -62.825  -31.063 0.1000000015
17577  -33.833  -61.831  -32.689 0.1000000015
18508  -33.878  -60.889  -32.994 0.1000000015
128272  -34.702  -61.110  -33.815 0.1000000015
17604  -34.441  -60.283  -33.712 0.1000000015
12532  -38.642  -67.333  -33.294 0.1000000015
12551  -38.886  -67.647  -34.073 0.1000000015
11816  -38.698  -68.116  -34.635 0.1000000015
11831  -39.854  -68.298  -36.264 0.1000000015
12531  -37.829  -67.779  -33.189 0.1000000015
11832  -40.526  -67.936  -36.733 0.1000000015
12515  -36.571  -67.714  -32.082 0.1000000015
11780  -36.991  -68.077  -32.951 0.1000000015
11798  -38.264  -67.981  -33.971 0.1000000015
12591  -40.764  -67.638  -37.748 0.1000000015
15695  -34.460  -63.490  -30.493 0.1000000015
14863  -35.011  -64.274  -30.342 0.1000000015
13214  -35.624  -66.639  -30.718 0.1000000015
11779  -36.113  -68.297  -32.656 0.1000000015
16574  -34.670  -62.737  -30.494 0.1000000015
11884  -40.731  -68.219  -40.458 0.1000000015
11875  -41.875  -68.574  -39.930 0.1000000015
127871  -34.279  -62.217  -30.653 0.1000000015
18482  -33.871  -60.821  -31.066 0.1000000015
18481  -33.724  -60.215  -31.816 0.1000000015
19368  -33.849  -59.867  -32.819 0.1000000015
131759  -34.133  -59.656  -33.360 0.1000000015
20120  -34.012  -59.053  -32.943 0.1000000015
20135  -34.502  -58.580  -33.884 0.1000000015
115693  -35.040  -60.028  -34.342 0.1000000015
11817  -39.094  -68.298  -35.398 0.1000000015
12573  -39.829  -67.815  -35.423 0.1000000015
12574  -40.443  -67.667  -35.952 0.1000000015
113929  -40.980  -67.392  -36.712 0.1000000015
15697  -36.145  -63.787  -30.369 0.1000000015
13215  -36.251  -66.102  -30.594 0.1000000015
13230  -36.553  -66.573  -31.003 0.1000000015
12516  -37.405  -67.476  -32.391 0.1000000015
17534  -34.773  -61.991  -30.505 0.1000000015
112637  -35.367  -62.530  -30.408 0.1000000015
15696  -35.294  -63.408  -30.375 0.1000000015
14008  -35.308  -65.267  -30.351 0.1000000015
114107  -35.758  -65.916  -30.427 0.1000000015
12499  -36.128  -67.249  -31.328 0.1000000015
12603  -40.470  -67.837  -38.792 0.1000000015
18467  -34.521  -60.697  -30.665 0.1000000015
127113  -34.102  -60.177  -30.931 0.1000000015
113230  -34.243  -58.919  -31.408 0.1000000015
19352  -33.838  -59.296  -31.986 0.1000000015
20107  -34.078  -58.424  -32.005 0.1000000015
125268  -34.154  -58.262  -32.888 0.1000000015
20859  -34.275  -57.628  -32.354 0.1000000015
20868  -34.341  -57.661  -33.335 0.1000000015
125143  -39.193  -66.748  -33.080 0.1000000015
12533  -39.350  -67.120  -33.741 0.1000000015
12552  -39.461  -67.589  -34.632 0.1000000015
12553  -40.389  -67.161  -35.079 0.1000000015
13276  -40.736  -66.395  -34.472 0.1000000015
13245  -38.660  -66.632  -32.447 0.1000000015
12500  -36.977  -67.072  -31.611 0.1000000015
19319  -34.811  -59.975  -30.670 0.1000000015
17535  -35.494  -61.717  -30.436 0.1000000015
112097  -34.490  -57.640  -31.812 0.1000000015
111227  -34.437  -56.877  -33.682 0.1000000015
13275  -40.040  -66.833  -34.125 0.1000000015
13232  -38.182  -66.188  -31.700 0.1000000015
16575  -36.176  -62.304  -30.447 0.1000000015
126837  -35.944  -63.001  -30.377 0.1000000015
14865  -36.624  -64.572  -30.450 0.1000000015
120376  -36.982  -65.153  -30.612 0.1000000015
14026  -37.675  -65.837  -31.219 0.1000000015
19336  -35.012  -59.130  -30.862 0.1000000015
20092  -34.653  -58.356  -31.362 0.1000000015
125405  -34.413  -57.023  -32.106 0.1000000015
113669  -34.322  -56.914  -32.746 0.1000000015
21668  -34.311  -56.166  -33.139 0.1000000015
114300  -34.337  -55.470  -33.579 0.1000000015
13246  -39.438  -66.147  -32.655 0.1000000015
14883  -38.358  -64.563  -31.228 0.1000000015
14027  -38.345  -65.457  -31.474 0.1000000015
14036  -38.971  -65.829  -32.004 0.1000000015
17536  -36.358  -61.427  -30.581 0.1000000015
113333  -36.690  -63.011  -30.507 0.1000000015
15698  -37.090  -63.800  -30.519 0.1000000015
112757  -37.445  -64.540  -30.701 0.1000000015
19320  -35.743  -59.878  -30.656 0.1000000015
21660  -34.473  -56.251  -32.345 0.1000000015
22485  -34.367  -55.453  -32.852 0.1000000015
23373  -34.515  -54.598  -32.763 0.1000000015
117589  -34.317  -54.882  -33.306 0.1000000015
127474  -38.635  -63.672  -31.290 0.1000000015
16576  -37.123  -62.155  -30.769 0.1000000015
114002  -37.537  -63.043  -30.777 0.1000000015
15699  -37.924  -63.789  -30.876 0.1000000015
19337  -36.067  -59.174  -30.868 0.1000000015
20093  -35.078  -57.651  -31.412 0.1000000015
20849  -34.790  -56.812  -31.773 0.1000000015
22468  -34.715  -55.394  -32.291 0.1000000015
23387  -34.930  -53.922  -32.471 0.1000000015
18483  -36.537  -59.860  -30.932 0.1000000015
114851  -35.533  -58.424  -31.087 0.1000000015
20850  -35.678  -56.996  -31.444 0.1000000015
21652  -34.835  -55.996  -31.899 0.1000000015
23374  -35.060  -54.628  -32.129 0.1000000015
24444  -35.340  -53.211  -32.313 0.1000000015
23375  -35.807  -54.679  -31.629 0.1000000015
118192  -36.034  -57.762  -31.226 0.1000000015
21653  -35.474  -56.179  -31.601 0.1000000015
22469  -35.249  -55.377  -31.797 0.1000000015
22470  -36.105  -55.507  -31.522 0.1000000015
6220  -32.403  -77.166  -39.248 0.1000000015
5609  -31.736  -78.500  -39.892 0.1000000015
6229  -32.867  -77.466  -39.958 0.1000000015
6236  -32.076  -77.683  -41.259 0.1000000015
7527  -34.445  -75.532  -39.620 0.1000000015
6889  -34.651  -75.594  -41.002 0.1000000015
6237  -32.798  -77.342  -40.807 0.1000000015
8230  -28.644  -72.686  -42.196 0.1000000015
8231  -29.491  -72.883  -42.092 0.1000000015
7529  -35.637  -74.697  -40.021 0.1000000015
7531  -35.129  -74.721  -41.398 0.1000000015
11025  -32.262  -69.436  -33.265 0.1000000015
9599  -31.663  -70.819  -34.927 0.1000000015
8924  -29.651  -72.566  -37.679 0.1000000015
8205  -31.547  -73.219  -39.083 0.1000000015
8223  -31.358  -73.022  -42.155 0.1000000015
8958  -37.304  -71.376  -41.206 0.1000000015
8950  -38.018  -72.174  -39.567 0.2000000030
8941  -37.380  -72.717  -38.899 0.2000000030
8236  -35.210  -72.920  -43.184 0.1000000015
7544  -32.746  -74.028  -44.105 0.1000000015
9616  -31.998  -71.254  -35.618 0.1000000015
117271  -32.198  -72.953  -43.035 0.1000000015
7543  -31.938  -74.533  -44.026 0.1000000015
9700  -36.295  -71.468  -41.636 0.1000000015
8235  -33.838  -72.711  -43.444 0.1000000015
9656  -32.860  -71.757  -37.246 0.1000000015
8927  -33.289  -71.952  -37.975 0.1000000015
115264  -33.211  -72.319  -38.692 0.1000000015
8234  -33.147  -73.174  -43.832 0.1000000015
14050  -32.644  -65.701  -33.262 0.1000000015
131733  -38.653  -69.323  -40.435 0.1000000015
10403  -37.413  -70.171  -40.777 0.1000000015
10389  -36.131  -70.824  -39.491 0.1000000015
9679  -40.469  -71.262  -37.978 0.2000000030
9689  -35.413  -71.485  -40.863 0.1000000015
129334  -35.893  -70.509  -37.308 0.1000000015
9676  -35.439  -71.281  -39.544 0.1000000015
9657  -34.879  -71.090  -37.602 0.1000000015
11120  -41.714  -69.477  -39.314 0.1000000015
16629  -35.243  -62.782  -34.109 0.1000000015
11062  -36.486  -69.529  -35.711 0.1000000015
17576  -33.648  -62.096  -31.625 0.1000000015
11796  -36.457  -68.563  -33.581 0.1000000015
11797  -37.398  -68.382  -33.915 0.1000000015
19385  -34.478  -59.485  -33.844 0.1000000015
20877  -34.770  -57.649  -34.438 0.1000000015
14010  -36.966  -65.845  -30.799 0.1000000015
13172  -41.465  -66.223  -26.848 0.5000000000
10231  -43.116  -70.377  -25.872 0.5000000000
10216  -44.320  -71.028  -24.544 0.5000000000
125084  -41.230  -65.680  -27.361 0.5000000000
120029  -42.255  -66.810  -26.412 0.5000000000
12444  -42.968  -67.409  -25.893 0.5000000000
14828  -40.562  -64.756  -27.954 0.5000000000
114011  -40.778  -65.343  -27.526 0.5000000000
115251  -41.975  -65.824  -27.485 0.5000000000
10938  -45.285  -69.335  -24.972 0.5000000000
126482  -41.423  -65.249  -27.985 0.5000000000
14832  -41.276  -64.569  -28.534 0.5000000000
13978  -42.356  -65.423  -28.140 0.5000000000
119164  -41.927  -64.911  -28.520 0.4000000060
13979  -43.359  -65.467  -28.229 0.4000000060
10956  -44.428  -69.515  -29.099 0.5000000000
10965  -44.525  -69.398  -29.516 0.5000000000
11733  -45.122  -68.841  -29.556 0.5000000000
11748  -44.988  -68.493  -30.116 0.5000000000
121002  -44.864  -66.995  -31.130 0.5000000000
12485  -45.063  -67.592  -30.532 0.5000000000
13233  -45.138  -66.474  -31.514 0.4000000060
14039  -44.943  -65.722  -32.347 0.4000000060
7333  -39.562  -74.557  -23.384 0.1000000015
9464  -43.843  -71.854  -24.297 0.5000000000
13961  -40.656  -65.769  -27.007 0.5000000000
13171  -40.555  -66.342  -26.572 0.5000000000
128761  -41.893  -67.283  -26.180 0.5000000000
10232  -44.793  -70.122  -24.845 0.5000000000
112315  -39.837  -64.612  -27.607 0.5000000000
13969  -40.071  -65.224  -27.243 0.5000000000
14831  -39.931  -64.038  -28.135 0.5000000000
15668  -38.980  -62.966  -28.161 0.5000000000
15669  -39.621  -63.214  -28.468 0.5000000000
126440  -40.648  -64.178  -28.499 0.5000000000
16553  -39.295  -62.334  -28.695 0.4000000060
15670  -40.368  -63.539  -28.760 0.3000000119
15671  -41.110  -63.924  -29.021 0.5000000000
14841  -42.033  -64.307  -29.078 0.4000000060
14833  -42.689  -64.918  -28.688 0.4000000060
15675  -40.852  -63.140  -29.352 0.3000000119
13971  -44.315  -65.868  -27.299 0.6999999881
13181  -45.245  -66.334  -26.651 0.5000000000
16555  -40.087  -62.728  -29.083 0.3000000119
16560  -40.644  -62.255  -29.607 0.3000000119
15676  -41.694  -63.441  -29.495 0.3000000119
14834  -43.610  -64.928  -28.753 0.5000000000
13972  -45.720  -65.768  -27.200 0.6000000238
13182  -46.371  -66.225  -27.094 0.6000000238
11707  -45.276  -68.593  -25.037 0.6000000238
10937  -43.569  -69.388  -26.398 0.5000000000
10955  -43.895  -69.690  -28.827 0.3000000119
16561  -41.395  -62.598  -29.825 0.3000000119
15678  -43.977  -63.605  -29.685 0.4000000060
14835  -45.792  -64.574  -28.544 0.5000000000
13973  -46.752  -65.744  -27.417 0.6000000238
12457  -46.680  -66.576  -27.551 0.6000000238
131671  -45.593  -67.911  -28.338 0.5000000000
11722  -45.074  -68.923  -28.887 0.5000000000
16562  -42.288  -62.824  -29.989 0.4000000060
16563  -43.413  -62.960  -30.127 0.4000000060
14843  -44.622  -64.366  -29.109 0.5000000000
14836  -47.183  -64.436  -28.521 0.5000000000
13200  -47.902  -65.631  -28.572 0.5000000000
12471  -46.548  -67.370  -29.096 0.5000000000
11749  -45.704  -68.111  -29.752 0.5000000000
16579  -42.947  -62.232  -30.425 0.4000000060
16580  -44.207  -62.318  -30.576 0.4000000060
15700  -44.875  -62.860  -30.201 0.5000000000
14845  -47.548  -63.818  -29.190 0.5000000000
14013  -47.634  -64.603  -29.530 0.4000000060
12487  -47.338  -66.495  -29.193 0.5000000000
12486  -46.300  -67.209  -29.949 0.5000000000
15701  -46.638  -62.667  -30.229 0.5000000000
14866  -47.423  -63.571  -29.735 0.5000000000
13234  -45.919  -65.865  -30.886 0.4000000060
13216  -45.686  -66.767  -30.749 0.5000000000
16582  -46.751  -62.465  -30.893 0.5000000000
14885  -45.729  -64.124  -31.256 0.4000000060
14029  -45.388  -65.171  -31.453 0.4000000060
132248  -45.251  -65.983  -31.776 0.4000000060
122705  -46.991  -62.963  -30.665 0.3000000119
15735  -45.846  -63.195  -31.711 0.4000000060
14897  -44.887  -64.544  -32.026 0.3000000119
14911  -44.618  -65.302  -33.049 0.3000000119
6672  -39.608  -75.718  -21.682 0.1000000015
6686  -38.955  -75.427  -22.895 0.1000000015
118437  -40.996  -75.177  -20.846 0.1000000015
7320  -40.574  -74.870  -21.832 0.1000000015
7982  -42.087  -73.324  -22.245 0.4000000060
109740  -41.998  -73.304  -23.249 0.4000000060
8005  -42.539  -72.940  -23.725 0.4000000060
8740  -43.264  -72.480  -24.060 0.5000000000
7995  -43.193  -72.802  -22.936 0.4000000060
9451  -44.156  -71.976  -23.669 0.5000000000
9465  -44.645  -71.373  -23.889 0.5000000000
12442  -40.289  -67.145  -26.235 0.5000000000
128947  -41.196  -67.436  -26.173 0.5000000000
12432  -41.997  -67.939  -25.772 0.4000000060
10199  -44.842  -71.012  -23.921 0.5000000000
10217  -45.011  -70.585  -24.174 0.5000000000
13960  -39.524  -65.394  -26.777 0.5000000000
112866  -39.988  -65.823  -26.684 0.5000000000
14826  -38.776  -64.083  -27.324 0.5000000000
15666  -39.190  -63.616  -27.860 0.5000000000
11677  -44.951  -68.800  -24.539 0.6000000238
17512  -39.352  -61.555  -29.071 0.2000000030
111342  -39.469  -60.293  -29.445 0.2000000030
16554  -39.921  -61.884  -29.348 0.3000000119
17526  -41.165  -61.882  -30.063 0.3000000119
16578  -41.914  -62.037  -30.299 0.4000000060
17524  -39.763  -61.075  -29.467 0.3000000119
17525  -40.570  -61.311  -29.857 0.3000000119
18464  -40.209  -60.431  -29.822 0.3000000119
19322  -41.490  -60.047  -30.696 0.4000000060
17539  -42.543  -61.446  -30.661 0.4000000060
18471  -42.301  -60.669  -30.907 0.3000000119
17541  -44.925  -61.833  -31.042 0.4000000060
17561  -43.571  -60.928  -31.521 0.3000000119
17562  -45.337  -61.547  -31.563 0.3000000119
18499  -45.566  -61.211  -32.281 0.3000000119
16620  -46.445  -62.038  -31.938 0.3000000119
113521  -44.735  -63.781  -32.838 0.3000000119
17592  -46.339  -61.741  -32.506 0.2000000030
129855  -46.529  -61.599  -33.201 0.2000000030
15736  -46.077  -62.437  -32.331 0.3000000119
17593  -46.698  -61.274  -33.668 0.1000000015
16644  -46.233  -62.237  -34.009 0.2000000030
15747  -45.423  -62.766  -33.401 0.4000000060
18538  -47.470  -60.334  -36.382 0.1000000015
7310  -41.515  -74.348  -21.357 0.1000000015
8705  -41.826  -73.702  -21.675 0.2000000030
8717  -42.582  -73.037  -22.518 0.5000000000
115265  -43.006  -72.833  -22.811 0.4000000060
8719  -43.971  -72.028  -23.466 0.4000000060
115108  -39.913  -67.923  -26.002 0.5000000000
119361  -40.152  -68.616  -25.742 0.4000000060
120548  -40.435  -69.312  -25.405 0.4000000060
10925  -41.305  -69.683  -24.897 0.4000000060
121052  -44.022  -69.902  -23.818 0.5000000000
10184  -44.225  -70.977  -23.518 0.5000000000
112221  -38.939  -65.301  -26.582 0.5000000000
13170  -39.330  -65.895  -26.422 0.5000000000
130910  -39.609  -66.931  -26.226 0.4000000060
117198  -44.976  -70.087  -23.957 0.4000000060
15665  -38.372  -63.236  -27.600 0.4000000060
15658  -38.023  -63.894  -26.955 0.4000000060
13968  -39.275  -64.792  -27.122 0.5000000000
17499  -37.841  -61.677  -28.081 0.4000000060
16543  -38.451  -62.391  -28.162 0.4000000060
17510  -38.049  -61.062  -28.426 0.3000000119
17511  -38.677  -61.541  -28.627 0.3000000119
18451  -39.103  -60.932  -29.098 0.3000000119
19303  -39.069  -59.425  -29.306 0.2000000030
19304  -39.911  -59.590  -29.774 0.2000000030
20068  -39.030  -58.621  -29.303 0.1000000015
20842  -39.876  -58.090  -29.930 0.1000000015
127258  -40.623  -59.775  -30.269 0.3000000119
20070  -40.340  -58.828  -30.230 0.2000000030
20081  -40.801  -58.456  -30.776 0.2000000030
19321  -41.702  -59.251  -31.237 0.2000000030
18485  -42.938  -60.491  -31.441 0.2000000030
18486  -43.596  -60.510  -31.934 0.2000000030
19356  -42.762  -59.167  -32.253 0.2000000030
18497  -43.622  -60.092  -32.376 0.2000000030
18498  -44.358  -60.567  -32.403 0.2000000030
19358  -44.084  -59.956  -32.871 0.1000000015
18511  -46.218  -61.088  -33.089 0.2000000030
20124  -44.150  -58.947  -33.903 0.1000000015
110722  -44.995  -59.520  -34.287 0.1000000015
18524  -46.714  -60.787  -34.217 0.1000000015
17608  -46.956  -61.388  -34.322 0.1000000015
20141  -45.369  -59.141  -35.007 0.1000000015
19403  -46.292  -59.580  -35.390 0.1000000015
111501  -47.164  -61.039  -34.833 0.1000000015
130351  -47.237  -60.496  -35.770 0.1000000015
19422  -47.321  -59.617  -36.623 0.1000000015
20195  -48.094  -58.811  -38.358 0.1000000015
7980  -41.686  -73.928  -21.404 0.3000000119
8716  -41.907  -73.250  -22.008 0.3000000119
9419  -38.681  -72.130  -22.861 0.3000000119
8714  -40.004  -72.446  -22.536 0.3000000119
8715  -41.222  -72.727  -22.148 0.3000000119
9434  -42.522  -71.877  -23.009 0.3000000119
111409  -43.008  -72.799  -22.763 0.4000000060
9448  -38.768  -70.957  -24.075 0.3000000119
9432  -40.506  -71.999  -22.935 0.3000000119
9450  -41.223  -71.471  -23.452 0.5000000000
10198  -42.634  -71.212  -23.447 0.5000000000
11691  -38.255  -68.499  -25.524 0.4000000060
10912  -39.035  -69.921  -25.160 0.5000000000
10215  -40.100  -70.063  -25.050 0.4000000060
10914  -42.592  -70.231  -24.095 0.5000000000
14818  -37.617  -64.442  -26.478 0.4000000060
13958  -37.892  -65.028  -26.341 0.4000000060
13169  -38.598  -65.905  -26.242 0.5000000000
12441  -39.019  -66.696  -26.176 0.5000000000
16531  -36.032  -62.698  -26.528 0.4000000060
16532  -36.817  -62.565  -27.133 0.4000000060
16533  -37.485  -63.215  -27.115 0.4000000060
16541  -36.929  -61.649  -27.547 0.4000000060
16542  -37.644  -62.460  -27.614 0.4000000060
125263  -36.249  -61.980  -27.044 0.4000000060
17497  -36.638  -60.685  -27.585 0.3000000119
17498  -37.402  -60.912  -28.038 0.3000000119
18443  -37.138  -60.045  -27.994 0.3000000119
18449  -37.963  -60.307  -28.519 0.3000000119
19287  -37.660  -59.331  -28.388 0.3000000119
19288  -38.377  -59.641  -28.861 0.2000000030
20841  -38.751  -57.921  -29.100 0.1000000015
126935  -39.330  -58.181  -29.505 0.1000000015
20845  -39.965  -57.292  -30.134 0.1000000015
112723  -40.421  -57.937  -30.502 0.1000000015
20082  -41.294  -58.542  -31.213 0.2000000030
20846  -40.471  -57.143  -30.778 0.1000000015
20853  -40.821  -57.011  -31.351 0.1000000015
20097  -41.844  -58.593  -31.656 0.2000000030
20854  -41.312  -57.237  -31.792 0.2000000030
20855  -41.853  -57.922  -32.027 0.2000000030
20111  -42.935  -58.662  -32.791 0.1000000015
20122  -42.749  -57.829  -33.264 0.1000000015
20123  -43.402  -58.416  -33.546 0.1000000015
20139  -43.785  -58.163  -34.290 0.1000000015
20140  -44.544  -58.650  -34.628 0.1000000015
20156  -45.660  -58.783  -35.733 0.1000000015
20891  -45.149  -57.978  -36.064 0.1000000015
20182  -47.079  -58.430  -37.601 0.1000000015
20915  -46.419  -57.720  -37.681 0.1000000015
20928  -48.031  -58.095  -39.074 0.1000000015
21724  -48.001  -57.387  -39.734 0.1000000015
20941  -48.792  -57.192  -41.092 0.1000000015
21741  -49.817  -55.665  -42.096 0.1000000015
8694  -39.004  -73.359  -21.660 0.3000000119
7967  -38.290  -73.677  -20.921 0.2000000030
9418  -37.621  -71.687  -22.744 0.3000000119
128385  -38.056  -70.634  -24.123 0.4000000060
10182  -37.439  -70.571  -23.682 0.3000000119
13950  -36.374  -65.068  -25.600 0.3000000119
14809  -37.211  -65.066  -26.066 0.3000000119
13161  -37.388  -66.396  -25.695 0.4000000060
11690  -37.478  -68.145  -25.396 0.4000000060
10904  -36.896  -69.931  -23.799 0.3000000119
15655  -35.482  -63.301  -25.857 0.3000000119
14817  -36.747  -64.288  -26.167 0.3000000119
11689  -36.726  -68.121  -25.046 0.4000000060
11675  -37.037  -68.713  -24.999 0.4000000060
11661  -36.397  -69.180  -23.810 0.3000000119
17489  -34.966  -61.473  -26.063 0.3000000119
17492  -35.614  -61.752  -26.618 0.3000000119
18439  -35.424  -60.741  -26.603 0.3000000119
18440  -35.986  -60.433  -27.181 0.3000000119
115864  -35.679  -59.681  -26.807 0.3000000119
19284  -36.916  -59.179  -27.836 0.3000000119
20064  -37.666  -58.470  -28.337 0.2000000030
20838  -38.280  -57.415  -28.622 0.1000000015
22444  -38.431  -55.860  -28.416 0.1000000015
111071  -39.365  -57.501  -29.539 0.1000000015
121229  -39.369  -55.140  -29.383 0.1000000015
21640  -39.463  -56.642  -29.632 0.1000000015
21646  -40.045  -56.344  -30.333 0.1000000015
21663  -41.373  -56.249  -32.279 0.2000000030
20863  -41.760  -57.133  -32.467 0.2000000030
20872  -42.632  -57.094  -33.696 0.1000000015
112355  -42.356  -56.145  -33.783 0.1000000015
20881  -42.923  -56.735  -34.270 0.1000000015
20883  -44.210  -57.822  -34.949 0.1000000015
21677  -43.348  -56.319  -34.960 0.1000000015
21685  -43.902  -57.001  -35.304 0.1000000015
20902  -44.790  -57.081  -36.337 0.1000000015
21686  -44.239  -56.628  -35.915 0.1000000015
20903  -45.512  -57.564  -36.690 0.1000000015
20914  -45.783  -57.214  -37.347 0.1000000015
20927  -47.081  -57.814  -38.283 0.1000000015
21734  -47.297  -56.141  -39.942 0.1000000015
22541  -46.554  -55.619  -39.029 0.1000000015
21735  -48.656  -56.964  -40.641 0.1000000015
21740  -49.376  -56.195  -41.656 0.1000000015
22551  -48.436  -55.563  -40.754 0.1000000015
22558  -50.109  -55.288  -42.185 0.1000000015
22557  -50.078  -55.432  -42.017 0.1000000015
23497  -49.926  -54.930  -42.364 0.1000000015
7953  -37.799  -73.832  -19.975 0.2000000030
124984  -37.283  -72.211  -19.490 0.2000000030
9409  -37.134  -71.997  -21.990 0.3000000119
130421  -36.852  -71.625  -19.890 0.2000000030
8682  -36.919  -72.169  -21.097 0.3000000119
111897  -36.942  -65.800  -25.668 0.3000000119
13160  -36.630  -66.735  -25.351 0.3000000119
10181  -36.810  -70.477  -23.073 0.3000000119
14808  -35.354  -64.721  -25.089 0.3000000119
113545  -35.863  -64.257  -25.647 0.3000000119
13148  -35.967  -67.133  -24.772 0.3000000119
12419  -36.172  -67.889  -24.531 0.3000000119
11674  -36.510  -68.614  -24.470 0.3000000119
16528  -34.593  -62.032  -25.627 0.3000000119
15650  -34.650  -62.893  -25.333 0.3000000119
12418  -35.556  -67.479  -24.124 0.3000000119
11660  -35.870  -68.339  -23.772 0.3000000119
11649  -35.959  -69.003  -23.043 0.2000000030
110759  -36.388  -69.757  -23.055 0.2000000030
17488  -34.361  -61.324  -25.417 0.2000000030
116212  -35.172  -60.005  -26.198 0.3000000119
115863  -36.223  -58.794  -27.188 0.3000000119
20061  -36.974  -58.283  -27.734 0.3000000119
20837  -37.604  -57.535  -28.093 0.1000000015
20834  -36.903  -57.349  -27.351 0.2000000030
21632  -37.405  -56.601  -27.535 0.1000000015
120893  -38.277  -55.200  -27.934 0.1000000015
23341  -39.134  -54.091  -28.289 0.1000000015
24334  -39.982  -53.615  -27.404 0.1000000015
24336  -41.748  -53.467  -27.052 0.1000000015
23350  -39.369  -54.321  -29.068 0.1000000015
24384  -39.681  -53.651  -28.798 0.1000000015
24385  -40.269  -53.178  -28.469 0.1000000015
24356  -42.301  -52.854  -27.559 0.1000000015
24337  -42.618  -53.529  -26.975 0.1000000015
24339  -44.431  -54.055  -26.750 0.1000000015
23363  -40.218  -54.519  -30.328 0.1000000015
24422  -40.510  -53.614  -30.056 0.1000000015
24406  -41.032  -53.045  -29.555 0.1000000015
25326  -42.374  -52.531  -28.142 0.1000000015
25310  -43.971  -52.612  -27.717 0.1000000015
25311  -44.823  -52.669  -27.616 0.1000000015
22461  -40.376  -55.524  -30.721 0.1000000015
23377  -40.714  -54.843  -30.976 0.1000000015
22472  -40.789  -55.519  -31.378 0.1000000015
22480  -41.623  -55.294  -32.644 0.2000000030
21664  -41.802  -56.138  -32.999 0.1000000015
22488  -42.186  -55.279  -33.331 0.1000000015
21676  -42.831  -55.927  -34.414 0.1000000015
22506  -43.680  -55.655  -35.419 0.1000000015
128505  -43.767  -56.247  -35.581 0.1000000015
21696  -44.078  -55.818  -36.016 0.1000000015
21698  -45.162  -56.659  -36.941 0.1000000015
21710  -45.485  -56.299  -37.634 0.1000000015
22533  -45.477  -55.558  -37.641 0.1000000015
21722  -45.906  -56.038  -38.344 0.1000000015
23481  -47.051  -54.958  -39.284 0.1000000015
22550  -47.278  -55.369  -39.794 0.1000000015
23482  -48.078  -54.861  -40.298 0.1000000015
11625  -37.520  -68.995  -19.307 0.2000000030
10151  -36.710  -70.925  -19.886 0.2000000030
9408  -36.592  -71.367  -21.435 0.3000000119
10169  -36.784  -71.121  -22.383 0.3000000119
118147  -36.910  -68.766  -19.601 0.2000000030
10862  -36.919  -69.519  -19.622 0.2000000030
10154  -36.329  -70.640  -20.723 0.2000000030
10157  -36.329  -70.693  -21.663 0.3000000119
10899  -36.337  -70.279  -22.313 0.3000000119
125902  -35.144  -65.252  -24.650 0.3000000119
13938  -34.735  -65.623  -24.111 0.3000000119
13136  -35.070  -66.911  -23.742 0.3000000119
12411  -35.329  -67.642  -23.357 0.3000000119
126866  -34.447  -63.605  -24.713 0.3000000119
14797  -34.567  -64.581  -24.377 0.3000000119
13135  -34.589  -66.213  -23.403 0.3000000119
13127  -34.897  -67.005  -22.999 0.3000000119
11648  -35.538  -68.334  -22.869 0.3000000119
17482  -33.785  -61.229  -24.574 0.2000000030
15643  -33.996  -62.913  -24.567 0.3000000119
10898  -35.701  -68.851  -22.382 0.2000000030
125106  -35.973  -69.521  -22.293 0.2000000030
18435  -34.289  -60.498  -25.096 0.2000000030
19278  -34.836  -59.759  -25.477 0.2000000030
19280  -35.328  -59.255  -26.100 0.3000000119
115482  -35.706  -58.829  -26.544 0.3000000119
20060  -36.462  -57.946  -27.115 0.2000000030
20054  -35.585  -58.497  -26.015 0.3000000119
20823  -36.292  -57.476  -26.170 0.2000000030
21612  -36.709  -56.897  -26.256 0.2000000030
112074  -36.939  -56.658  -26.882 0.2000000030
23318  -38.586  -54.708  -27.233 0.1000000015
129228  -42.046  -53.457  -30.657 0.1000000015
24407  -42.066  -53.015  -29.823 0.1000000015
24408  -43.105  -52.871  -29.651 0.1000000015
124242  -43.661  -52.653  -29.095 0.1000000015
120348  -41.198  -54.610  -31.527 0.1000000015
24436  -42.428  -53.768  -31.231 0.1000000015
24426  -44.245  -53.468  -30.581 0.1000000015
23390  -41.596  -54.751  -32.181 0.1000000015
23378  -41.904  -54.267  -31.815 0.1000000015
119137  -42.743  -54.063  -31.909 0.1000000015
23379  -43.667  -54.102  -32.060 0.1000000015
24438  -44.485  -53.927  -31.301 0.1000000015
23391  -42.273  -54.598  -32.647 0.1000000015
23393  -44.118  -54.345  -32.808 0.1000000015
23403  -43.512  -54.562  -33.573 0.1000000015
23402  -42.764  -54.822  -33.508 0.1000000015
22496  -42.716  -55.326  -34.033 0.1000000015
23418  -43.728  -54.866  -34.725 0.1000000015
23429  -44.266  -54.848  -35.247 0.1000000015
125732  -43.790  -55.157  -35.185 0.1000000015
22521  -44.632  -55.298  -36.511 0.1000000015
21709  -44.957  -55.810  -37.152 0.1000000015
22540  -45.990  -55.320  -38.160 0.1000000015
12374  -38.824  -67.479  -19.134 0.3000000119
12372  -36.706  -67.439  -19.666 0.3000000119
11624  -36.524  -68.196  -19.822 0.3000000119
115268  -36.405  -68.949  -20.083 0.2000000030
10875  -35.836  -69.123  -20.817 0.2000000030
10888  -35.966  -69.933  -21.378 0.2000000030
12381  -36.020  -67.507  -20.172 0.3000000119
11638  -35.938  -68.315  -20.476 0.3000000119
14786  -33.904  -64.416  -23.427 0.3000000119
13920  -34.167  -65.702  -22.553 0.3000000119
12386  -34.929  -66.958  -21.335 0.3000000119
11637  -35.482  -68.387  -21.218 0.3000000119
10887  -35.683  -69.060  -21.652 0.2000000030
17466  -33.426  -61.485  -23.637 0.2000000030
14785  -33.569  -63.621  -23.176 0.3000000119
14772  -33.597  -64.252  -22.529 0.3000000119
18425  -33.610  -60.785  -23.821 0.2000000030
18409  -33.906  -60.226  -23.460 0.2000000030
19257  -34.426  -59.868  -24.735 0.2000000030
112695  -35.289  -58.928  -25.432 0.2000000030
20037  -35.668  -58.340  -25.460 0.3000000119
20799  -35.938  -57.880  -25.834 0.2000000030
23404  -44.405  -54.463  -33.638 0.1000000015
118136  -44.861  -54.616  -35.200 0.1000000015
23430  -44.868  -54.745  -35.896 0.1000000015
22532  -45.122  -55.197  -37.126 0.1000000015
13088  -40.072  -66.811  -19.693 0.1000000015
13879  -39.493  -66.087  -20.089 0.2000000030
13087  -39.078  -66.722  -19.501 0.3000000119
13086  -38.013  -66.821  -19.418 0.3000000119
13877  -37.452  -66.010  -19.720 0.3000000119
13102  -36.184  -66.726  -19.910 0.3000000119
13911  -34.208  -65.572  -21.558 0.3000000119
115234  -35.056  -65.919  -20.608 0.3000000119
125645  -33.454  -62.707  -21.709 0.3000000119
15610  -33.640  -64.119  -21.637 0.3000000119
14763  -34.025  -64.786  -21.211 0.3000000119
13895  -34.552  -65.406  -20.852 0.3000000119
16493  -33.446  -61.954  -21.823 0.2000000030
18408  -33.501  -60.862  -23.044 0.2000000030
124291  -34.352  -59.764  -23.120 0.1000000015
19258  -34.927  -59.279  -24.721 0.2000000030
19244  -34.894  -59.319  -23.229 0.1000000015
116012  -35.210  -59.074  -23.944 0.2000000030
20006  -35.574  -58.604  -24.693 0.2000000030
121220  -35.868  -58.715  -23.788 0.2000000030
20781  -36.634  -57.735  -24.862 0.3000000119
13897  -37.834  -65.368  -19.990 0.3000000119
13876  -36.548  -65.997  -19.844 0.3000000119
112690  -36.101  -65.236  -20.143 0.3000000119
13896  -35.241  -65.255  -20.462 0.3000000119
16480  -34.704  -62.917  -20.587 0.3000000119
15611  -34.023  -63.989  -20.951 0.3000000119
14745  -34.623  -64.601  -20.677 0.3000000119
115656  -33.937  -62.408  -21.002 0.2000000030
17450  -33.955  -61.425  -21.327 0.2000000030
114806  -34.703  -60.258  -21.118 0.1000000015
19235  -34.698  -59.563  -22.486 0.1000000015
123734  -35.318  -59.042  -22.619 0.1000000015
127862  -35.466  -58.943  -23.293 0.1000000015
14748  -37.671  -64.638  -20.192 0.3000000119
15598  -37.902  -63.880  -20.142 0.2000000030
14747  -36.671  -64.518  -20.201 0.3000000119
14746  -35.587  -64.347  -20.362 0.3000000119
122237  -34.818  -62.103  -20.520 0.2000000030
15596  -35.510  -63.347  -20.375 0.3000000119
17438  -35.143  -61.223  -20.372 0.2000000030
122755  -35.655  -61.981  -20.176 0.2000000030
121447  -36.252  -60.143  -19.521 0.1000000015
18370  -35.764  -60.566  -19.942 0.1000000015
19194  -36.433  -59.552  -19.372 0.1000000015
19193  -35.812  -59.778  -20.062 0.1000000015
18400  -35.244  -59.650  -20.966 0.1000000015
19236  -35.192  -59.268  -21.818 0.1000000015
19964  -35.866  -59.207  -20.521 0.1000000015
19973  -35.736  -58.933  -21.207 0.1000000015
19981  -35.769  -58.674  -22.005 0.1000000015
19982  -36.484  -58.316  -22.094 0.1000000015
15574  -37.253  -63.225  -20.013 0.2000000030
15597  -36.432  -63.690  -20.252 0.2000000030
16457  -36.329  -61.984  -19.863 0.2000000030
16481  -36.261  -62.743  -20.130 0.2000000030
17424  -36.683  -61.539  -19.443 0.1000000015
17423  -35.987  -61.302  -19.872 0.2000000030
18351  -36.738  -60.146  -18.846 0.1000000015
19211  -36.288  -59.075  -19.917 0.1000000015
19974  -36.257  -58.469  -21.426 0.1000000015
19952  -36.686  -58.777  -19.195 0.1000000015
116611  -36.598  -58.519  -19.890 0.1000000015
19965  -36.350  -58.578  -20.603 0.1000000015
19939  -37.067  -58.745  -18.223 0.1000000015
121686  -36.985  -58.009  -18.850 0.1000000015
19953  -36.846  -58.133  -19.553 0.1000000015
13174  -44.817  -66.909  -26.151 0.4000000060
13179  -42.631  -66.314  -26.822 0.5000000000
13970  -43.018  -65.892  -27.480 0.5000000000
13173  -43.494  -66.861  -26.219 0.4000000060
13180  -43.909  -66.347  -26.663 0.6000000238
11694  -42.621  -68.563  -25.210 0.4000000060
12433  -43.708  -68.150  -25.240 0.4000000060
10927  -45.258  -69.870  -24.452 0.5000000000
12445  -44.394  -67.556  -25.650 0.6000000238
11714  -44.649  -68.216  -26.797 0.5000000000
10945  -43.599  -68.816  -27.475 0.3000000119
10964  -43.958  -69.799  -29.490 0.5000000000
11695  -45.439  -68.992  -24.641 0.5000000000
9479  -41.519  -71.787  -26.496 0.5000000000
11706  -45.188  -68.464  -25.277 0.5000000000
11721  -44.239  -68.768  -28.184 0.4000000060
12503  -44.306  -66.995  -31.848 0.4000000060
7334  -41.144  -74.250  -22.224 0.2000000030
11693  -41.364  -68.786  -25.458 0.5000000000
14842  -43.195  -64.351  -29.210 0.3000000119
13980  -44.683  -65.245  -28.252 0.4000000060
15677  -42.706  -63.604  -29.602 0.4000000060
13981  -46.349  -65.201  -27.906 0.6000000238
12451  -46.302  -66.557  -27.039 0.6000000238
113103  -45.773  -67.040  -26.560 0.6000000238
12446  -45.225  -67.750  -25.991 0.6000000238
12434  -45.162  -68.382  -25.028 0.6000000238
11715  -45.272  -67.630  -26.160 0.5000000000
15679  -45.620  -63.303  -29.649 0.4000000060
14844  -46.450  -63.783  -29.083 0.5000000000
13189  -47.589  -65.729  -28.030 0.6000000238
13982  -47.489  -65.346  -28.086 0.5000000000
129849  -46.361  -67.285  -28.266 0.5000000000
11723  -46.025  -67.174  -27.205 0.5000000000
11734  -45.770  -68.230  -29.052 0.5000000000
113153  -45.052  -67.979  -27.695 0.5000000000
14837  -47.908  -64.604  -28.763 0.5000000000
13218  -47.708  -65.574  -29.329 0.4000000060
129253  -47.930  -65.230  -28.488 0.5000000000
17540  -43.600  -61.712  -30.845 0.4000000060
17560  -43.117  -61.113  -31.098 0.3000000119
16581  -45.841  -62.228  -30.720 0.5000000000
15680  -47.137  -63.161  -29.672 0.5000000000
15702  -47.219  -63.018  -30.071 0.5000000000
119643  -47.015  -65.455  -30.107 0.4000000060
13217  -46.785  -66.308  -30.081 0.5000000000
14012  -46.560  -64.530  -30.522 0.4000000060
15718  -46.579  -62.237  -31.391 0.4000000060
16603  -46.556  -62.159  -31.375 0.4000000060
10200  -45.207  -70.030  -24.372 0.5000000000
14819  -38.439  -64.670  -26.719 0.5000000000
10915  -44.508  -69.303  -24.204 0.5000000000
17538  -41.528  -61.130  -30.404 0.4000000060
18470  -40.860  -60.550  -30.240 0.3000000119
118030  -41.015  -59.163  -30.761 0.3000000119
19340  -42.281  -59.912  -31.313 0.3000000119
114269  -44.080  -61.405  -31.340 0.3000000119
16602  -46.297  -61.953  -31.229 0.3000000119
17579  -44.384  -61.037  -31.840 0.3000000119
17563  -46.317  -61.864  -31.736 0.3000000119
16633  -46.715  -61.754  -33.814 0.2000000030
16632  -46.415  -62.011  -33.020 0.3000000119
130958  -46.460  -60.883  -33.617 0.2000000030
122976  -47.294  -60.874  -35.652 0.1000000015
11692  -39.151  -68.375  -25.760 0.4000000060
10913  -41.242  -70.536  -24.309 0.4000000060
10926  -42.834  -69.265  -24.583 0.5000000000
13959  -38.341  -65.314  -26.388 0.5000000000
120153  -38.530  -60.827  -28.756 0.3000000119
20069  -39.628  -58.790  -29.669 0.2000000030
20065  -38.377  -58.785  -28.887 0.1000000015
20847  -40.949  -57.775  -31.156 0.2000000030
120669  -42.322  -59.216  -31.747 0.2000000030
20098  -42.342  -58.582  -32.168 0.2000000030
19341  -42.961  -59.836  -31.943 0.2000000030
19357  -43.331  -59.488  -32.576 0.1000000015
111429  -45.081  -60.532  -33.017 0.2000000030
19372  -43.698  -59.231  -33.226 0.1000000015
19373  -44.578  -59.776  -33.530 0.1000000015
18523  -45.713  -60.368  -33.776 0.2000000030
19390  -46.047  -59.958  -34.610 0.1000000015
17621  -47.035  -61.339  -35.070 0.1000000015
20155  -44.856  -58.339  -35.360 0.1000000015
18537  -46.918  -60.450  -35.173 0.1000000015
20157  -46.532  -59.204  -36.138 0.1000000015
20173  -46.844  -58.822  -36.853 0.1000000015
20183  -47.653  -59.268  -37.457 0.1000000015
7979  -40.901  -73.684  -21.345 0.3000000119
8704  -41.282  -73.274  -21.670 0.3000000119
8702  -38.164  -72.526  -22.270 0.3000000119
9431  -39.204  -71.696  -23.375 0.3000000119
8703  -39.591  -72.908  -22.103 0.3000000119
9449  -39.791  -71.256  -23.863 0.3000000119
10197  -39.352  -70.546  -24.596 0.3000000119
10183  -38.097  -71.281  -23.488 0.3000000119
10196  -38.485  -70.314  -24.634 0.3000000119
120992  -40.249  -70.745  -24.347 0.3000000119
10911  -37.709  -69.141  -25.156 0.4000000060
10195  -37.652  -69.984  -24.482 0.4000000060
125560  -38.272  -69.742  -25.041 0.4000000060
15657  -37.266  -63.790  -26.601 0.4000000060
13162  -38.107  -66.579  -25.916 0.4000000060
15651  -36.247  -63.608  -26.235 0.4000000060
18442  -36.402  -59.802  -27.453 0.3000000119
21639  -38.781  -56.856  -28.954 0.1000000015
114702  -41.463  -58.019  -31.576 0.2000000030
21656  -40.587  -56.356  -31.054 0.1000000015
116690  -42.285  -57.899  -32.629 0.1000000015
20873  -43.161  -57.623  -33.934 0.1000000015
20882  -43.537  -57.312  -34.629 0.1000000015
20890  -44.509  -57.488  -35.646 0.1000000015
20172  -45.942  -58.417  -36.439 0.1000000015
20904  -46.236  -58.051  -37.097 0.1000000015
21711  -46.145  -56.966  -38.087 0.1000000015
21723  -46.927  -56.833  -38.931 0.1000000015
8693  -37.639  -72.805  -21.513 0.2000000030
7954  -39.284  -74.627  -20.372 0.2000000030
10170  -37.292  -71.041  -23.105 0.3000000119
127355  -36.284  -65.861  -25.348 0.3000000119
12428  -37.482  -67.170  -25.578 0.4000000060
16529  -35.178  -62.366  -26.053 0.3000000119
22453  -39.069  -55.894  -29.106 0.1000000015
21633  -38.022  -56.660  -28.242 0.1000000015
22445  -38.832  -54.939  -28.552 0.1000000015
22460  -39.833  -55.333  -30.073 0.1000000015
23362  -39.694  -54.603  -29.711 0.1000000015
21657  -40.960  -56.331  -31.677 0.1000000015
113353  -42.210  -57.064  -33.138 0.1000000015
21697  -44.527  -56.169  -36.558 0.1000000015
8683  -37.298  -72.956  -20.586 0.2000000030
8670  -36.950  -72.251  -20.247 0.2000000030
9402  -36.633  -71.486  -20.548 0.2000000030
14807  -35.063  -63.903  -25.188 0.3000000119
13939  -35.283  -65.938  -24.558 0.3000000119
13147  -35.398  -66.701  -24.383 0.3000000119
16522  -34.043  -62.105  -25.052 0.3000000119
21629  -37.447  -55.958  -27.082 0.1000000015
21630  -37.869  -55.833  -27.730 0.1000000015
23340  -38.604  -54.635  -27.804 0.1000000015
23319  -39.198  -54.101  -27.474 0.1000000015
24353  -39.682  -53.520  -28.029 0.1000000015
24335  -40.781  -53.542  -27.148 0.1000000015
24354  -40.470  -53.197  -27.764 0.1000000015
24355  -41.333  -53.023  -27.587 0.1000000015
24405  -40.283  -53.312  -29.254 0.1000000015
24386  -40.798  -52.921  -28.822 0.1000000015
25308  -41.713  -52.671  -27.933 0.1000000015
25325  -41.618  -52.709  -28.728 0.1000000015
24357  -43.280  -53.021  -27.326 0.1000000015
25309  -43.132  -52.532  -27.846 0.1000000015
24358  -44.165  -53.205  -27.199 0.1000000015
24338  -43.455  -53.960  -26.786 0.1000000015
24423  -41.303  -53.442  -30.375 0.1000000015
25350  -42.461  -52.645  -28.966 0.1000000015
25351  -43.089  -52.530  -28.564 0.1000000015
25327  -43.795  -52.459  -28.298 0.1000000015
118062  -45.547  -52.709  -27.439 0.1000000015
23364  -40.903  -54.101  -30.789 0.1000000015
22479  -41.192  -55.380  -31.997 0.1000000015
22497  -43.298  -55.398  -34.718 0.1000000015
11626  -38.140  -68.537  -19.024 0.2000000030
115255  -36.620  -70.225  -19.909 0.2000000030
121699  -37.291  -68.151  -19.424 0.3000000119
10876  -36.299  -69.744  -20.397 0.2000000030
12398  -35.210  -67.677  -22.530 0.3000000119
15633  -33.971  -63.698  -24.041 0.3000000119
13930  -34.243  -65.273  -23.474 0.3000000119
13126  -34.560  -66.471  -22.622 0.3000000119
12387  -35.207  -67.675  -21.686 0.3000000119
11644  -35.444  -68.339  -22.048 0.3000000119
16521  -33.607  -62.172  -24.216 0.3000000119
18426  -33.978  -60.327  -24.304 0.2000000030
15642  -33.611  -62.950  -23.746 0.3000000119
20055  -36.042  -58.079  -26.513 0.2000000030
22438  -38.072  -55.253  -27.313 0.1000000015
22412  -37.714  -55.672  -26.606 0.2000000030
24424  -42.805  -53.340  -30.528 0.1000000015
25328  -44.601  -52.457  -28.179 0.1000000015
24425  -43.542  -53.275  -30.399 0.1000000015
24437  -43.453  -53.721  -31.150 0.1000000015
23392  -43.144  -54.415  -32.861 0.1000000015
23417  -43.220  -54.893  -34.180 0.1000000015
112037  -43.788  -54.643  -34.188 0.1000000015
22507  -44.177  -55.216  -35.736 0.1000000015
12373  -37.387  -67.370  -19.437 0.3000000119
121499  -38.033  -67.732  -19.182 0.3000000119
13085  -37.011  -66.719  -19.601 0.3000000119
114441  -35.390  -67.627  -20.847 0.3000000119
13101  -35.369  -66.710  -20.548 0.3000000119
14773  -33.858  -64.941  -22.801 0.3000000119
13114  -34.506  -66.334  -21.855 0.3000000119
13910  -33.769  -64.933  -22.014 0.3000000119
12380  -34.639  -66.188  -21.022 0.3000000119
15632  -33.367  -62.952  -22.984 0.3000000119
16500  -33.299  -62.490  -22.442 0.3000000119
17456  -33.323  -61.672  -22.721 0.2000000030
15619  -33.378  -63.365  -22.216 0.3000000119
19243  -34.452  -59.637  -23.942 0.2000000030
20038  -36.041  -57.958  -25.138 0.2000000030
20800  -36.518  -57.354  -25.612 0.2000000030
21586  -37.086  -56.589  -25.806 0.2000000030
128031  -39.121  -65.503  -20.234 0.2000000030
13878  -38.494  -65.910  -19.881 0.3000000119
115745  -35.704  -65.980  -20.206 0.3000000119
115446  -33.697  -63.316  -21.331 0.3000000119
17449  -33.632  -61.099  -22.144 0.2000000030
18405  -34.051  -60.248  -22.498 0.2000000030
13898  -38.491  -65.131  -20.225 0.3000000119
124257  -37.027  -65.293  -19.949 0.3000000119
15595  -34.702  -63.756  -20.603 0.3000000119
17437  -34.422  -61.601  -20.797 0.2000000030
18387  -34.527  -60.890  -20.903 0.2000000030
18399  -34.190  -60.608  -21.592 0.2000000030
19224  -34.623  -59.899  -21.717 0.1000000015
18388  -35.156  -60.371  -20.537 0.1000000015
114430  -36.008  -58.639  -22.893 0.1000000015
111322  -37.208  -63.979  -20.238 0.3000000119
126920  -35.390  -62.610  -20.354 0.2000000030
18371  -36.413  -60.761  -19.405 0.1000000015
16459  -37.782  -62.642  -19.493 0.2000000030
17403  -37.020  -61.033  -18.847 0.1000000015
116128  -43.140  -70.289  -29.374 0.3000000119
9534  -41.933  -71.910  -29.877 0.3000000119
10254  -42.246  -71.034  -29.401 0.3000000119
8090  -39.649  -74.095  -31.784 0.2000000030
8088  -37.352  -73.776  -31.250 0.2000000030
8804  -41.393  -72.771  -30.270 0.4000000060
8823  -41.050  -73.138  -30.771 0.3000000119
10258  -42.533  -70.970  -29.859 0.4000000060
9551  -41.303  -72.589  -30.661 0.3000000119
8822  -40.524  -73.661  -30.908 0.3000000119
10259  -43.328  -70.139  -29.786 0.4000000060
112346  -41.395  -71.618  -30.512 0.4000000060
8821  -40.364  -73.480  -31.543 0.3000000119
8114  -39.100  -74.190  -32.613 0.2000000030
10267  -42.796  -70.328  -30.081 0.4000000060
10266  -42.000  -70.730  -30.261 0.4000000060
9549  -40.265  -72.246  -31.218 0.4000000060
10978  -44.031  -69.672  -29.977 0.4000000060
10979  -44.521  -69.068  -30.072 0.4000000060
10265  -40.357  -71.084  -30.599 0.4000000060
8837  -39.313  -73.658  -32.396 0.3000000119
10976  -42.020  -69.430  -30.368 0.4000000060
116457  -40.685  -70.342  -30.429 0.4000000060
10264  -39.404  -70.709  -30.725 0.3000000119
9562  -39.866  -73.048  -31.902 0.4000000060
11747  -43.690  -68.768  -30.340 0.4000000060
10975  -40.943  -69.526  -30.513 0.4000000060
9548  -38.990  -71.412  -31.141 0.3000000119
123938  -44.177  -68.092  -30.452 0.4000000060
11746  -42.128  -68.500  -30.692 0.4000000060
10973  -39.206  -69.891  -30.765 0.4000000060
12484  -43.307  -67.833  -30.736 0.4000000060
10994  -40.340  -69.119  -30.914 0.4000000060
10992  -38.662  -69.853  -31.315 0.3000000119
114960  -44.051  -67.396  -30.938 0.4000000060
11764  -41.710  -68.197  -31.369 0.4000000060
11745  -41.230  -68.769  -30.809 0.4000000060
10993  -39.500  -69.442  -31.001 0.4000000060
12501  -42.513  -67.841  -31.052 0.4000000060
11763  -40.760  -68.661  -31.634 0.4000000060
129404  -39.985  -69.129  -31.426 0.4000000060
12502  -43.288  -67.430  -31.468 0.4000000060
11799  -40.827  -68.723  -32.820 0.4000000060
11013  -40.048  -69.065  -32.266 0.4000000060
118118  -39.323  -69.414  -31.716 0.3000000119
10279  -37.246  -70.491  -32.231 0.2000000030
12518  -42.451  -67.671  -32.075 0.4000000060
11782  -42.223  -68.057  -32.991 0.4000000060
11031  -40.195  -69.321  -33.420 0.4000000060
11011  -38.582  -69.736  -32.110 0.2000000030
10296  -38.814  -69.885  -33.212 0.2000000030
10316  -36.723  -70.975  -33.661 0.3000000119
12520  -44.281  -66.873  -32.956 0.3000000119
12519  -43.540  -67.260  -32.531 0.3000000119
12534  -43.021  -67.665  -33.247 0.3000000119
116500  -38.269  -70.343  -33.754 0.2000000030
11030  -39.510  -69.696  -33.581 0.2000000030
9601  -36.015  -71.473  -34.181 0.2000000030
13247  -44.774  -66.370  -32.475 0.3000000119
12535  -43.980  -67.350  -33.634 0.3000000119
11800  -41.701  -68.525  -33.446 0.4000000060
10297  -39.263  -70.150  -34.312 0.1000000015
126603  -44.534  -66.573  -33.479 0.3000000119
11801  -42.622  -68.307  -33.917 0.2000000030
11050  -41.543  -69.400  -34.911 0.2000000030
10317  -37.623  -70.754  -34.249 0.1000000015
129704  -43.909  -68.502  -35.030 0.2000000030
11819  -43.090  -68.715  -34.773 0.2000000030
10337  -41.004  -69.901  -35.392 0.1000000015
10319  -40.154  -70.109  -34.954 0.1000000015
10334  -37.961  -71.088  -35.253 0.1000000015
9602  -37.044  -71.269  -34.741 0.1000000015
116319  -44.693  -66.199  -33.306 0.2000000030
12536  -44.502  -67.045  -34.000 0.3000000119
12554  -44.344  -67.514  -34.379 0.3000000119
14919  -44.399  -64.749  -33.861 0.2000000030
14055  -44.598  -65.880  -34.062 0.1000000015
13259  -44.623  -66.697  -34.243 0.3000000119
11820  -44.389  -67.912  -34.829 0.2000000030
11051  -42.492  -69.268  -35.239 0.1000000015
10336  -39.506  -70.580  -35.482 0.1000000015
9621  -38.408  -71.414  -36.277 0.1000000015
9620  -37.419  -71.558  -35.772 0.1000000015
130106  -44.451  -65.442  -34.557 0.2000000030
13278  -44.776  -66.985  -35.065 0.2000000030
12577  -44.577  -67.587  -35.342 0.2000000030
11834  -43.882  -68.615  -35.661 0.1000000015
11833  -43.300  -69.022  -35.459 0.1000000015
11065  -41.912  -69.785  -35.709 0.1000000015
10338  -41.356  -70.313  -36.174 0.1000000015
10351  -39.280  -71.083  -36.310 0.1000000015
9637  -36.892  -72.055  -36.273 0.1000000015
8911  -35.579  -72.635  -36.460 0.1000000015
126056  -44.297  -68.175  -35.301 0.2000000030
11082  -42.762  -69.665  -36.674 0.1000000015
10354  -41.575  -70.541  -36.892 0.1000000015
128453  -39.060  -71.462  -36.927 0.1000000015
9639  -38.489  -71.769  -37.225 0.1000000015
8912  -36.389  -72.509  -36.808 0.1000000015
8187  -34.494  -73.239  -36.674 0.1000000015
11067  -43.374  -69.184  -36.157 0.1000000015
10373  -41.054  -70.888  -37.430 0.1000000015
9661  -40.570  -71.072  -37.285 0.1000000015
8929  -36.772  -72.704  -37.741 0.1000000015
8928  -35.839  -73.005  -37.441 0.1000000015
132888  -39.756  -71.572  -38.061 0.1000000015
15756  -44.572  -63.662  -34.034 0.2000000030
112864  -44.361  -64.526  -34.807 0.1000000015
14070  -44.653  -66.311  -34.792 0.1000000015
14079  -44.613  -66.392  -35.685 0.1000000015
12576  -44.295  -68.077  -35.890 0.1000000015
13295  -44.606  -67.015  -35.958 0.1000000015
11851  -43.777  -68.523  -36.466 0.1000000015
10355  -42.207  -70.151  -37.166 0.1000000015
9638  -37.748  -71.891  -36.726 0.1000000015
9660  -39.156  -71.673  -37.669 0.1000000015
110666  -41.631  -70.471  -37.670 0.1000000015
10257  -41.868  -71.929  -30.178 0.3000000119
8091  -40.111  -73.998  -31.322 0.3000000119
9550  -40.930  -73.048  -31.154 0.3000000119
131539  -41.004  -72.252  -30.904 0.3000000119
8838  -39.808  -73.840  -31.997 0.3000000119
10977  -43.058  -69.367  -30.268 0.4000000060
132353  -39.801  -70.197  -30.535 0.4000000060
10263  -38.601  -70.352  -30.994 0.3000000119
132617  -42.834  -68.299  -30.603 0.4000000060
11781  -41.553  -68.240  -32.335 0.4000000060
11012  -39.389  -69.473  -32.711 0.2000000030
10280  -37.992  -70.175  -32.671 0.2000000030
11032  -41.150  -69.072  -33.951 0.2000000030
11049  -40.644  -69.564  -34.499 0.2000000030
10318  -38.552  -70.628  -34.797 0.1000000015
11818  -42.087  -68.868  -34.439 0.4000000060
11802  -43.710  -68.023  -34.301 0.2000000030
9619  -36.492  -71.712  -35.323 0.1000000015
115856  -40.480  -70.439  -35.848 0.1000000015
10335  -38.754  -70.947  -35.649 0.1000000015
12555  -44.591  -67.303  -34.681 0.3000000119
11066  -42.731  -69.583  -35.929 0.1000000015
10352  -39.976  -70.790  -36.326 0.1000000015
8898  -36.051  -72.226  -35.898 0.1000000015
11081  -42.122  -70.055  -36.416 0.1000000015
9640  -39.899  -71.267  -37.131 0.1000000015
8188  -35.157  -73.032  -36.836 0.1000000015
8207  -34.990  -73.414  -37.528 0.1000000015
11850  -43.244  -69.043  -37.105 0.1000000015
12594  -44.427  -67.499  -36.158 0.1000000015
8015  -40.444  -74.473  -26.101 0.3000000119
8031  -40.095  -74.574  -26.773 0.2000000030
8030  -39.738  -74.827  -26.543 0.3000000119
8754  -40.446  -73.834  -27.063 0.2000000030
8032  -40.710  -73.820  -26.170 0.2000000030
8739  -41.692  -72.835  -25.096 0.4000000060
8043  -39.991  -74.411  -27.283 0.2000000030
9463  -42.283  -72.181  -25.216 0.4000000060
128722  -40.670  -73.192  -27.197 0.2000000030
8044  -40.041  -74.174  -27.748 0.2000000030
8042  -39.599  -74.189  -27.053 0.1000000015
8058  -40.116  -73.972  -28.465 0.2000000030
8773  -39.342  -73.252  -27.605 0.1000000015
8775  -40.858  -72.533  -27.495 0.3000000119
8753  -38.599  -73.076  -26.955 0.1000000015
8059  -40.210  -73.896  -29.022 0.2000000030
8772  -38.287  -72.293  -27.698 0.1000000015
8785  -38.039  -72.045  -28.567 0.1000000015
8786  -39.277  -72.987  -28.606 0.1000000015
8801  -38.922  -73.068  -29.585 0.1000000015
9518  -37.092  -71.750  -29.008 0.1000000015
8799  -36.940  -72.213  -29.751 0.1000000015
8800  -37.908  -72.527  -29.634 0.1000000015
10230  -41.841  -70.826  -26.853 0.3000000119
112714  -40.728  -73.114  -28.695 0.2000000030
8073  -40.326  -73.897  -30.077 0.2000000030
8787  -40.040  -74.100  -29.497 0.2000000030
9547  -36.094  -71.885  -29.927 0.1000000015
10241  -41.534  -70.662  -28.076 0.2000000030
9496  -41.205  -71.473  -27.667 0.3000000119
8788  -40.854  -73.411  -29.747 0.2000000030
8072  -40.120  -74.121  -30.406 0.2000000030
8817  -35.770  -72.559  -30.453 0.1000000015
8818  -36.654  -72.847  -30.412 0.1000000015
9519  -41.614  -71.730  -28.931 0.3000000119
8803  -40.894  -73.428  -30.418 0.3000000119
10954  -42.729  -69.413  -28.004 0.2000000030
8071  -39.766  -73.996  -30.681 0.2000000030
8820  -38.883  -73.586  -30.830 0.1000000015
8087  -36.319  -73.455  -30.839 0.1000000015
8819  -37.730  -73.246  -30.614 0.1000000015
8089  -38.799  -74.232  -31.916 0.1000000015
8086  -35.470  -73.528  -30.987 0.1000000015
122865  -42.441  -70.410  -28.614 0.2000000030
8113  -37.944  -74.578  -32.108 0.1000000015
126382  -38.960  -74.457  -32.868 0.1000000015
8111  -35.780  -74.569  -31.541 0.1000000015
8112  -36.729  -74.270  -31.575 0.1000000015
7436  -38.914  -74.477  -33.003 0.1000000015
7435  -38.603  -74.613  -33.221 0.1000000015
8849  -39.182  -74.153  -33.187 0.1000000015
7432  -35.034  -75.126  -31.562 0.1000000015
127970  -36.777  -74.912  -32.334 0.1000000015
7434  -37.769  -74.881  -32.669 0.1000000015
8132  -38.697  -74.541  -33.199 0.1000000015
9561  -38.578  -72.063  -31.670 0.3000000119
6791  -37.603  -75.395  -34.047 0.1000000015
8789  -41.324  -72.579  -29.394 0.3000000119
8774  -40.397  -73.493  -27.863 0.2000000030
123985  -41.074  -72.244  -28.427 0.3000000119
7452  -37.802  -75.236  -33.508 0.1000000015
7431  -33.960  -74.535  -31.403 0.1000000015
8836  -38.216  -72.855  -32.364 0.2000000030
8150  -37.638  -74.805  -33.874 0.1000000015
7465  -36.429  -75.680  -34.085 0.1000000015
113368  -36.164  -74.463  -33.529 0.2000000030
118184  -35.728  -76.134  -34.010 0.1000000015
113216  -37.256  -72.833  -32.546 0.2000000030
8130  -36.362  -73.522  -33.102 0.2000000030
122440  -34.971  -74.439  -33.504 0.2000000030
8846  -35.618  -72.400  -32.739 0.1000000015
7464  -34.459  -75.040  -33.660 0.1000000015
8149  -34.541  -73.407  -33.378 0.2000000030
9568  -35.080  -72.164  -33.166 0.1000000015
8847  -36.142  -71.998  -32.406 0.1000000015
8148  -33.768  -73.785  -33.571 0.1000000015
9560  -37.446  -71.085  -31.603 0.2000000030
8835  -36.792  -71.612  -32.065 0.2000000030
9569  -35.607  -71.729  -32.808 0.1000000015
8864  -34.515  -72.570  -33.573 0.1000000015
9570  -36.276  -71.311  -32.510 0.1000000015
10273  -37.989  -70.403  -31.507 0.2000000030
9559  -36.795  -70.828  -31.996 0.2000000030
9581  -35.399  -71.728  -33.488 0.1000000015
10272  -37.400  -70.570  -31.796 0.2000000030
9582  -36.024  -71.289  -33.153 0.1000000015
8880  -34.346  -72.482  -34.109 0.1000000015
8848  -38.512  -73.916  -33.153 0.1000000015
8131  -37.943  -74.180  -33.410 0.1000000015
8016  -41.110  -73.397  -25.165 0.2000000030
7361  -39.959  -75.024  -26.295 0.1000000015
7968  -40.307  -74.196  -20.991 0.2000000030
7309  -40.788  -75.039  -20.655 0.1000000015
10863  -38.262  -69.328  -18.879 0.1000000015
8655  -37.856  -73.174  -18.728 0.1000000015
7938  -38.113  -74.160  -18.867 0.1000000015
10152  -37.352  -70.355  -19.380 0.1000000015
8671  -37.395  -73.069  -19.716 0.1000000015
11604  -39.161  -68.993  -18.682 0.2000000030
10851  -39.127  -70.005  -18.522 0.1000000015
9373  -40.209  -73.309  -16.921 0.1000000015
12354  -38.700  -68.160  -18.916 0.2000000030
10850  -38.189  -70.139  -18.832 0.1000000015
10141  -38.996  -70.940  -18.305 0.1000000015
9388  -37.890  -72.062  -18.725 0.1000000015
8656  -38.723  -73.207  -17.739 0.1000000015
8004  -40.784  -73.627  -24.261 0.2000000030
7969  -41.366  -74.380  -21.134 0.1000000015
9399  -37.347  -71.301  -19.374 0.1000000015
7924  -39.157  -74.529  -17.320 0.1000000015
10140  -38.043  -71.043  -18.793 0.1000000015
7345  -40.146  -74.644  -25.600 0.1000000015
15575  -38.654  -63.758  -19.953 0.1000000015
14726  -39.319  -64.313  -20.163 0.1000000015
124166  -39.947  -64.174  -19.996 0.1000000015
14749  -40.086  -64.828  -20.405 0.1000000015
13901  -41.844  -65.673  -20.508 0.1000000015
14725  -38.534  -64.438  -20.225 0.1000000015
113672  -39.230  -64.962  -20.360 0.1000000015
16462  -40.878  -63.173  -19.278 0.1000000015
15577  -40.973  -63.882  -19.735 0.1000000015
15578  -41.737  -63.740  -19.807 0.1000000015
14729  -42.529  -64.404  -20.410 0.1000000015
15576  -39.454  -63.678  -19.725 0.1000000015
124106  -40.266  -63.724  -19.633 0.1000000015
14728  -41.466  -64.403  -20.190 0.1000000015
14751  -42.154  -65.043  -20.574 0.1000000015
123883  -42.870  -65.764  -20.562 0.1000000015
16460  -38.727  -63.001  -19.407 0.1000000015
15580  -43.978  -63.834  -20.553 0.1000000015
15579  -42.795  -63.698  -20.104 0.1000000015
16461  -39.783  -63.104  -19.185 0.1000000015
117912  -43.835  -64.578  -20.721 0.1000000015
16437  -38.263  -62.157  -18.894 0.1000000015
130157  -42.498  -62.546  -19.311 0.1000000015
16463  -42.008  -62.937  -19.388 0.1000000015
127465  -43.022  -63.007  -19.730 0.1000000015
16440  -41.216  -62.386  -18.755 0.1000000015
16439  -40.232  -62.468  -18.679 0.1000000015
16438  -39.236  -62.389  -18.734 0.1000000015
16458  -36.970  -62.338  -19.673 0.1000000015
20801  -37.187  -57.219  -25.096 0.1000000015
118265  -37.832  -56.457  -25.459 0.1000000015
126776  -38.571  -56.049  -25.530 0.1000000015
17406  -39.698  -61.782  -18.214 0.1000000015
16436  -37.416  -61.842  -19.130 0.1000000015
20007  -36.424  -58.372  -24.288 0.1000000015
21613  -37.205  -56.261  -26.452 0.1000000015
126874  -37.506  -56.014  -26.035 0.1000000015
20782  -38.092  -57.539  -24.685 0.1000000015
22396  -40.092  -55.709  -25.737 0.1000000015
22394  -38.083  -55.662  -25.980 0.1000000015
22395  -39.012  -55.393  -25.941 0.1000000015
16441  -42.092  -62.214  -18.875 0.1000000015
16464  -43.022  -62.197  -19.283 0.1000000015
16465  -44.039  -63.002  -20.141 0.1000000015
22413  -38.338  -55.140  -26.637 0.1000000015
13103  -40.458  -66.197  -20.231 0.1000000015
13104  -41.607  -66.309  -20.295 0.1000000015
13899  -39.841  -65.517  -20.361 0.1000000015
110793  -38.054  -63.308  -19.800 0.1000000015
14727  -40.614  -64.338  -20.058 0.1000000015
13900  -40.766  -65.571  -20.462 0.1000000015
22414  -39.760  -54.926  -26.223 0.1000000015
16643  -45.092  -62.840  -34.456 0.1000000015
6059  -37.185  -76.812  -24.405 0.1000000015
6088  -36.985  -77.101  -25.071 0.1000000015
6715  -37.848  -76.313  -25.430 0.1000000015
6670  -36.933  -76.385  -23.023 0.1000000015
6683  -36.952  -76.669  -24.208 0.1000000015
6696  -36.648  -76.737  -24.839 0.1000000015
6697  -37.358  -76.945  -25.079 0.1000000015
7308  -36.467  -75.505  -22.092 0.1000000015
6044  -37.305  -76.520  -23.384 0.1000000015
6060  -37.515  -76.554  -23.547 0.1000000015
7307  -35.773  -74.748  -21.478 0.1000000015
6657  -36.284  -75.668  -21.075 0.1000000015
6658  -36.914  -76.609  -21.763 0.1000000015
7282  -34.833  -75.411  -19.413 0.1000000015
6644  -36.765  -76.646  -20.685 0.1000000015
13780  -34.910  -65.725  -13.577 0.1000000015
13043  -34.127  -65.299  -14.450 0.1000000015
12308  -32.105  -67.086  -16.408 0.1000000015
12307  -31.416  -67.646  -16.800 0.1000000015
12324  -31.343  -67.510  -17.658 0.1000000015
11601  -31.002  -68.046  -18.513 0.1000000015
6699  -38.518  -75.680  -25.404 0.1000000015
116045  -30.032  -68.415  -17.916 0.1000000015
11620  -31.124  -68.456  -19.002 0.1000000015
115630  -35.482  -75.125  -20.511 0.1000000015
7294  -34.377  -74.730  -19.860 0.1000000015
7372  -38.540  -75.127  -26.140 0.1000000015
10846  -29.814  -69.382  -18.618 0.1000000015
9395  -30.792  -71.463  -19.062 0.1000000015
8650  -31.446  -73.681  -18.591 0.1000000015
7293  -33.441  -74.709  -19.443 0.1000000015
6616  -33.173  -75.046  -18.864 0.1000000015
115912  -34.328  -75.455  -18.920 0.1000000015
6643  -35.955  -75.912  -19.895 0.1000000015
8029  -38.856  -74.114  -26.561 0.1000000015
10845  -29.041  -69.534  -18.159 0.1000000015
8666  -31.298  -72.904  -18.590 0.1000000015
7264  -32.620  -74.740  -18.832 0.1000000015
7265  -33.297  -74.762  -18.629 0.1000000015
126686  -33.576  -65.447  -15.121 0.1000000015
13049  -33.144  -65.962  -15.415 0.1000000015
13052  -32.515  -66.290  -16.951 0.1000000015
6045  -37.764  -76.748  -22.345 0.1000000015
6685  -37.910  -76.238  -23.809 0.1000000015
6698  -37.937  -76.475  -24.910 0.1000000015
12325  -31.944  -67.007  -17.298 0.1000000015
12349  -31.379  -67.599  -18.267 0.1000000015
13058  -31.840  -67.064  -18.013 0.1000000015
7359  -38.548  -75.564  -25.729 0.1000000015
10147  -32.133  -70.714  -19.448 0.1000000015
8667  -32.209  -72.731  -18.669 0.1000000015
8651  -32.851  -73.393  -18.573 0.1000000015
9396  -32.566  -71.507  -19.270 0.1000000015
8668  -33.246  -72.376  -18.926 0.1000000015
126106  -33.296  -73.962  -18.494 0.1000000015
111557  -34.058  -75.254  -18.766 0.1000000015
14653  -34.995  -63.805  -14.407 0.1000000015
14652  -34.384  -64.309  -14.818 0.1000000015
15504  -35.360  -63.083  -14.754 0.1000000015
16354  -36.014  -62.666  -14.345 0.1000000015
6671  -38.298  -76.407  -22.556 0.1000000015
13810  -33.396  -65.237  -15.851 0.1000000015
13823  -33.405  -65.187  -16.665 0.1000000015
6028  -37.397  -76.778  -22.133 0.1000000015
131605  -32.997  -65.634  -17.053 0.1000000015
7332  -38.544  -75.458  -24.278 0.1000000015
12350  -31.994  -67.344  -18.550 0.1000000015
113932  -31.857  -68.370  -19.264 0.1000000015
118487  -32.531  -69.858  -19.593 0.1000000015
10858  -31.479  -68.964  -19.340 0.1000000015
10860  -33.031  -69.154  -19.594 0.1000000015
8652  -33.911  -72.931  -18.715 0.1000000015
7921  -34.123  -73.968  -18.477 0.1000000015
10148  -32.940  -70.603  -19.535 0.1000000015
9397  -33.409  -71.364  -19.318 0.1000000015
16371  -35.869  -62.586  -15.029 0.1000000015
6029  -37.995  -77.239  -21.282 0.1000000015
15503  -34.778  -63.568  -15.186 0.1000000015
15525  -35.325  -63.093  -15.429 0.1000000015
16395  -36.521  -62.352  -15.379 0.1000000015
119814  -37.233  -62.075  -15.443 0.1000000015
6014  -37.346  -77.262  -20.159 0.1000000015
114676  -37.437  -77.170  -21.115 0.1000000015
6030  -38.958  -76.759  -21.317 0.1000000015
14678  -33.953  -64.770  -16.943 0.1000000015
14679  -34.450  -64.157  -16.430 0.1000000015
6629  -36.627  -76.677  -19.680 0.1000000015
7344  -39.288  -74.872  -24.908 0.1000000015
13822  -32.892  -65.974  -17.637 0.1000000015
13836  -33.517  -65.445  -17.414 0.1000000015
125342  -34.319  -74.848  -18.500 0.1000000015
6628  -35.276  -75.930  -18.959 0.1000000015
13072  -32.811  -66.425  -18.239 0.1000000015
9398  -34.378  -71.025  -19.191 0.1000000015
12371  -32.964  -67.746  -19.262 0.1000000015
10861  -33.917  -69.491  -19.427 0.1000000015
16412  -36.245  -62.808  -16.026 0.1000000015
15533  -35.026  -63.719  -16.370 0.1000000015
6002  -36.646  -76.845  -18.761 0.1000000015
7992  -40.115  -73.977  -23.913 0.1000000015
113537  -34.768  -73.039  -18.575 0.1000000015
7266  -35.357  -75.258  -18.263 0.1000000015
11623  -33.632  -68.380  -19.366 0.1000000015
13856  -33.397  -65.963  -18.079 0.1000000015
12351  -32.742  -67.107  -18.783 0.1000000015
114355  -33.603  -67.420  -19.056 0.1000000015
6618  -36.299  -76.231  -17.955 0.1000000015
5388  -38.698  -77.568  -18.461 0.1000000015
7267  -36.305  -74.443  -17.733 0.1000000015
117170  -35.011  -64.086  -16.815 0.1000000015
9385  -34.844  -71.997  -18.793 0.1000000015
8653  -35.574  -72.646  -18.349 0.1000000015
7923  -36.316  -73.338  -17.863 0.1000000015
13837  -34.295  -65.162  -17.566 0.1000000015
10847  -34.708  -69.697  -19.151 0.1000000015
10137  -34.992  -70.354  -18.985 0.1000000015
13857  -33.981  -65.634  -17.952 0.1000000015
110714  -34.404  -67.906  -19.030 0.1000000015
11602  -34.783  -68.832  -19.032 0.1000000015
12352  -34.398  -67.115  -18.702 0.1000000015
5986  -37.609  -76.856  -17.656 0.1000000015
5996  -38.475  -77.376  -17.840 0.1000000015
8654  -36.458  -72.344  -17.792 0.1000000015
14697  -35.521  -64.466  -17.261 0.1000000015
10138  -35.767  -70.504  -18.393 0.1000000015
9386  -35.819  -71.561  -18.309 0.1000000015
10848  -35.354  -69.649  -18.688 0.1000000015
13073  -34.204  -66.260  -18.338 0.1000000015
6610  -38.450  -76.290  -17.174 0.1000000015
7905  -37.143  -73.935  -17.353 0.1000000015
129382  -36.559  -71.591  -17.727 0.1000000015
8633  -37.336  -73.176  -17.225 0.1000000015
14681  -36.454  -63.697  -16.742 0.1000000015
131033  -35.327  -67.912  -18.538 0.1000000015
13858  -34.807  -65.788  -18.049 0.1000000015
7258  -38.846  -74.848  -16.533 0.1000000015
13838  -35.216  -65.165  -17.660 0.1000000015
16372  -36.649  -62.143  -14.625 0.1000000015
18304  -39.507  -60.865  -15.102 0.1000000015
17353  -39.362  -61.431  -15.523 0.1000000015
16397  -38.700  -61.958  -15.763 0.1000000015
17351  -37.810  -61.590  -15.170 0.1000000015
13048  -32.616  -66.510  -15.884 0.1000000015
11621  -31.567  -67.872  -18.833 0.1000000015
11600  -30.372  -68.556  -18.484 0.1000000015
10857  -30.724  -69.316  -19.130 0.1000000015
10146  -30.787  -70.368  -19.240 0.1000000015
122585  -31.600  -69.831  -19.469 0.1000000015
111767  -32.165  -74.476  -18.746 0.1000000015
7280  -32.961  -74.983  -18.899 0.1000000015
7952  -34.077  -73.973  -20.429 0.1000000015
13053  -32.963  -65.734  -16.339 0.1000000015
6617  -35.196  -75.697  -18.677 0.1000000015
14664  -33.808  -64.618  -16.182 0.1000000015
10149  -33.697  -70.399  -19.441 0.1000000015
113733  -37.564  -77.408  -18.345 0.1000000015
125382  -36.527  -75.414  -17.628 0.1000000015
11603  -35.706  -68.867  -18.431 0.1000000015
126459  -37.634  -75.813  -17.254 0.1000000015
18303  -39.084  -60.926  -14.607 0.1000000015
2793  -28.651  -82.813  -29.345 0.1000000015
2302  -29.378  -84.066  -28.701 0.1000000015
2827  -25.157  -83.141  -33.473 0.1000000015
2820  -25.225  -83.154  -32.693 0.1000000015
3320  -25.966  -81.147  -32.273 0.1000000015
3301  -26.410  -81.327  -31.457 0.1000000015
120719  -26.672  -82.379  -29.939 0.1000000015
2839  -24.916  -82.660  -35.695 0.1000000015
2847  -25.044  -82.456  -36.883 0.1000000015
2794  -29.989  -83.371  -29.294 0.1000000015
2303  -30.345  -83.939  -28.502 0.1000000015
132418  -27.996  -82.148  -29.614 0.1000000015
3285  -26.893  -81.532  -30.658 0.1000000015
2803  -27.502  -81.830  -29.947 0.1000000015
2792  -27.599  -82.644  -29.443 0.1000000015
2290  -29.726  -84.574  -28.160 0.1000000015
3319  -25.360  -81.970  -32.806 0.1000000015
2811  -26.198  -82.173  -30.967 0.1000000015
3335  -25.115  -81.738  -33.745 0.1000000015
3349  -25.000  -81.570  -34.815 0.1000000015
119219  -25.090  -81.530  -36.035 0.1000000015
6144  -30.200  -76.974  -31.101 0.1000000015
123442  -29.432  -79.859  -29.650 0.1000000015
124251  -30.665  -77.701  -30.963 0.1000000015
2795  -30.953  -83.372  -29.109 0.1000000015
2304  -30.878  -83.650  -28.337 0.1000000015
127089  -31.193  -83.164  -28.237 0.1000000015
3277  -30.962  -81.671  -28.926 0.1000000015
3276  -29.761  -81.197  -28.826 0.1000000015
3804  -30.186  -80.595  -29.455 0.1000000015
2805  -30.496  -82.742  -29.877 0.1000000015
3264  -30.472  -82.120  -28.325 0.1000000015
2804  -29.426  -82.486  -29.777 0.1000000015
2292  -30.730  -84.040  -28.034 0.1000000015
3286  -27.650  -81.197  -30.603 0.1000000015
3275  -28.416  -81.802  -29.982 0.1000000015
5504  -31.066  -77.252  -31.189 0.1000000015
4883  -29.666  -78.545  -30.448 0.1000000015
6154  -30.330  -76.213  -31.280 0.1000000015
3265  -31.355  -82.675  -28.583 0.1000000015
3805  -31.317  -81.108  -29.398 0.1000000015
2781  -31.223  -83.158  -28.441 0.1000000015
121104  -31.369  -83.142  -28.900 0.1000000015
3302  -27.090  -80.845  -31.235 0.1000000015
3829  -26.663  -80.617  -31.925 0.1000000015
3844  -26.307  -80.486  -32.658 0.1000000015
3843  -25.631  -80.957  -33.116 0.1000000015
112941  -25.477  -80.647  -34.075 0.1000000015
3287  -29.504  -81.940  -30.434 0.1000000015
5503  -29.706  -77.797  -30.720 0.1000000015
4309  -30.049  -79.740  -30.040 0.1000000015
3303  -28.533  -81.155  -30.799 0.1000000015
4872  -29.269  -79.144  -30.080 0.1000000015
2806  -31.499  -82.586  -29.818 0.1000000015
3288  -30.624  -82.159  -30.777 0.1000000015
125503  -28.793  -77.615  -30.475 0.1000000015
3321  -30.525  -81.499  -31.697 0.1000000015
3322  -31.252  -81.317  -32.229 0.1000000015
3336  -31.463  -80.946  -33.106 0.1000000015
4310  -31.034  -80.287  -29.830 0.1000000015
120547  -32.004  -81.854  -29.259 0.1000000015
2796  -31.678  -82.496  -29.148 0.1000000015
3305  -31.422  -81.980  -31.086 0.1000000015
3289  -32.351  -81.796  -30.299 0.1000000015
2797  -32.236  -81.832  -29.680 0.1000000015
3806  -32.155  -80.921  -29.663 0.1000000015
3278  -32.548  -81.217  -29.846 0.1000000015
117011  -33.090  -80.652  -30.707 0.1000000015
128245  -30.466  -81.126  -32.517 0.1000000015
3306  -32.043  -81.559  -31.355 0.1000000015
1858  -30.398  -84.316  -27.938 0.1000000015
2276  -30.558  -84.043  -27.799 0.1000000015
2291  -30.437  -84.270  -28.074 0.1000000015
2764  -30.995  -83.553  -28.074 0.1000000015
2780  -30.986  -82.971  -28.016 0.1000000015
2807  -31.998  -82.148  -30.417 0.1000000015
3290  -32.648  -81.230  -30.170 0.1000000015
3848  -30.718  -80.994  -33.276 0.1000000015
4320  -30.027  -79.044  -30.351 0.1000000015
4321  -30.807  -79.411  -30.309 0.1000000015
4882  -28.942  -78.319  -30.327 0.1000000015
5619  -30.135  -77.795  -40.912 0.1000000015
5987  -38.779  -76.822  -17.454 0.1000000015
5994  -36.043  -76.280  -18.527 0.1000000015
5995  -36.724  -76.877  -18.110 0.1000000015
6075  -36.998  -77.086  -24.810 0.1000000015
6076  -37.125  -77.091  -24.888 0.1000000015
6627  -33.540  -75.240  -18.984 0.1000000015
6684  -37.401  -76.818  -24.566 0.1000000015
6695  -36.080  -75.957  -25.102 0.1000000015
6888  -34.064  -76.255  -40.706 0.1000000015
7281  -33.736  -75.389  -18.980 0.1000000015
7373  -39.395  -75.218  -26.038 0.1000000015
7546  -34.468  -73.208  -43.631 0.1000000015
7919  -31.800  -74.220  -18.651 0.1000000015
7920  -32.452  -74.347  -18.593 0.1000000015
7922  -35.242  -73.936  -18.288 0.1000000015
7981  -41.845  -73.949  -21.709 0.2000000030
7993  -41.385  -73.653  -22.815 0.2000000030
7994  -42.799  -73.185  -22.683 0.4000000060
8129  -35.159  -72.985  -33.014 0.1000000015
8243  -34.728  -72.757  -43.416 0.1000000015
8669  -34.008  -71.921  -19.075 0.1000000015
8718  -43.342  -72.554  -23.072 0.4000000060
8729  -43.535  -72.380  -23.289 0.4000000060
8755  -41.048  -72.874  -26.368 0.3000000119
8802  -39.819  -73.961  -29.761 0.2000000030
8913  -37.210  -72.349  -37.144 0.2000000030
8955  -34.909  -71.889  -41.457 0.1000000015
8957  -36.828  -71.924  -41.227 0.1000000015
9387  -36.344  -70.999  -17.967 0.1000000015
9433  -41.956  -72.580  -22.493 0.3000000119
9435  -43.666  -72.112  -23.218 0.4000000060
9436  -44.353  -71.616  -23.609 0.5000000000
9452  -44.427  -71.597  -23.730 0.5000000000
9480  -42.737  -71.336  -25.517 0.4000000060
9580  -34.866  -72.123  -33.855 0.1000000015
9598  -30.968  -70.794  -34.846 0.1000000015
9690  -36.769  -70.952  -41.342 0.1000000015
10136  -30.123  -70.052  -18.993 0.1000000015
10150  -34.321  -70.177  -19.303 0.1000000015
10242  -42.226  -69.989  -27.240 0.2000000030
10332  -34.830  -69.985  -35.373 0.1000000015
10349  -35.981  -70.200  -36.690 0.1000000015
10353  -40.743  -70.793  -36.730 0.1000000015
10370  -35.534  -70.792  -37.644 0.1000000015
10392  -40.519  -70.979  -38.977 0.2000000030
10394  -41.291  -70.093  -39.169 0.1000000015
10415  -39.708  -69.881  -41.066 0.1000000015
10859  -32.183  -69.061  -19.522 0.1000000015
10910  -36.989  -69.301  -24.519 0.4000000060
10916  -45.318  -69.383  -24.410 0.6000000238
10923  -38.630  -69.194  -25.409 0.4000000060
10924  -39.546  -69.281  -25.480 0.5000000000
10928  -45.363  -69.353  -24.545 0.5000000000
10939  -45.451  -68.974  -24.642 0.5000000000
10974  -39.958  -69.653  -30.649 0.4000000060
10991  -37.888  -70.160  -31.832 0.2000000030
11010  -34.649  -68.908  -32.987 0.1000000015
11042  -31.119  -69.736  -33.993 0.1000000015
11044  -34.493  -69.645  -34.450 0.1000000015
11047  -36.967  -69.112  -35.210 0.1000000015
11048  -39.934  -69.742  -34.158 0.1000000015
11117  -38.088  -69.706  -40.725 0.1000000015
11622  -32.645  -68.375  -19.413 0.1000000015
11676  -43.800  -68.719  -24.593 0.4000000060
11759  -32.044  -67.689  -32.129 0.1000000015
11762  -34.808  -67.990  -31.679 0.1000000015
12370  -32.276  -67.753  -19.098 0.1000000015
12397  -34.848  -67.038  -22.181 0.3000000119
12429  -38.399  -67.566  -25.777 0.4000000060
12430  -39.373  -67.455  -26.067 0.4000000060
12431  -40.771  -67.982  -25.965 0.4000000060
12443  -41.244  -66.841  -26.421 0.5000000000
12458  -46.983  -66.156  -27.504 0.6000000238
12472  -47.277  -66.405  -28.204 0.5000000000
12497  -34.462  -67.483  -31.180 0.1000000015
12517  -38.103  -67.236  -32.643 0.1000000015
13059  -32.373  -66.555  -17.773 0.1000000015
13071  -32.325  -66.854  -18.280 0.1000000015
13146  -34.950  -66.305  -24.059 0.3000000119
13159  -35.843  -66.310  -24.972 0.3000000119
13175  -45.767  -66.819  -26.592 0.6000000238
13183  -47.131  -65.891  -27.600 0.6000000238
13213  -34.724  -66.485  -30.582 0.1000000015
13231  -37.345  -66.396  -31.347 0.1000000015
13244  -37.813  -66.850  -31.987 0.1000000015
13256  -32.273  -66.341  -33.672 0.1000000015
13811  -33.856  -64.786  -15.337 0.1000000015
13949  -35.698  -65.438  -25.131 0.3000000119
13951  -37.774  -65.732  -26.062 0.4000000060
13991  -48.094  -64.872  -28.852 0.5000000000
14006  -33.460  -65.664  -30.647 0.1000000015
14009  -36.261  -65.378  -30.443 0.1000000015
14011  -37.629  -65.245  -30.950 0.1000000015
14034  -32.519  -65.552  -32.301 0.1000000015
14665  -34.258  -64.081  -15.657 0.1000000015
14680  -35.669  -63.776  -16.723 0.1000000015
14696  -34.676  -64.556  -17.178 0.1000000015
14750  -41.088  -64.953  -20.496 0.1000000015
14827  -39.397  -64.227  -27.600 0.5000000000
14846  -47.735  -64.087  -29.175 0.5000000000
14864  -35.824  -64.571  -30.338 0.1000000015
15524  -34.823  -63.561  -15.890 0.1000000015
15534  -35.497  -63.212  -16.073 0.1000000015
15656  -36.765  -63.272  -26.668 0.4000000060
15681  -47.391  -63.523  -29.565 0.5000000000
16394  -35.840  -62.778  -15.571 0.1000000015
16494  -34.134  -63.286  -20.860 0.3000000119
16513  -33.351  -62.294  -23.313 0.3000000119
16573  -34.052  -62.800  -30.686 0.1000000015
17336  -37.062  -61.866  -15.034 0.1000000015
17352  -38.740  -61.221  -15.116 0.1000000015
17493  -36.072  -61.216  -27.173 0.3000000119
17533  -33.866  -62.107  -30.912 0.1000000015
17556  -34.205  -61.468  -30.741 0.1000000015
18305  -40.172  -60.584  -15.076 0.1000000015
18436  -34.796  -60.623  -25.846 0.3000000119
18450  -38.755  -60.255  -29.045 0.3000000119
18468  -35.473  -60.755  -30.507 0.1000000015
18469  -36.478  -60.558  -30.756 0.1000000015
19335  -34.148  -59.536  -31.155 0.1000000015
19404  -47.106  -59.947  -35.843 0.1000000015
20833  -36.532  -57.383  -26.691 0.2000000030
21673  -34.446  -56.144  -34.043 0.1000000015
21748  -49.431  -56.129  -42.252 0.1000000015
23351  -39.866  -53.918  -29.587 0.1000000015
24432  -35.525  -53.892  -31.904 0.1000000015
24435  -41.606  -53.904  -31.107 0.1000000015
25307  -41.004  -52.807  -28.134 0.1000000015
25352  -44.320  -52.658  -29.043 0.1000000015
109789  -33.480  -66.644  -18.584 0.1000000015
112101  -32.298  -74.591  -18.838 0.1000000015
112885  -37.355  -70.545  -33.171 0.2000000030
114118  -36.041  -76.369  -19.082 0.1000000015
114703  -37.171  -77.227  -19.259 0.1000000015
114707  -36.088  -63.291  -16.420 0.1000000015
115352  -31.609  -71.832  -19.008 0.1000000015
115433  -41.392  -73.326  -24.395 0.2000000030
115925  -38.855  -75.698  -16.805 0.1000000015
116310  -30.094  -72.914  -40.977 0.1000000015
118388  -36.468  -67.517  -25.053 0.3000000119
118637  -44.486  -68.764  -26.173 0.5000000000
119773  -39.550  -55.884  -29.718 0.1000000015
121742  -35.177  -71.072  -18.758 0.1000000015
121983  -34.853  -61.286  -30.512 0.1000000015
122423  -33.226  -69.888  -19.580 0.1000000015
122621  -40.705  -73.837  -25.230 0.2000000030
125357  -37.294  -58.821  -28.096 0.3000000119
125549  -39.076  -76.266  -17.083 0.1000000015
125595  -39.798  -66.448  -26.376 0.5000000000
126035  -32.110  -82.268  -29.807 0.1000000015
126338  -38.141  -58.034  -28.644 0.1000000015
127396  -31.402  -70.795  -19.329 0.1000000015
127706  -36.928  -67.574  -25.329 0.4000000060
127822  -35.566  -64.018  -30.355 0.1000000015
127947  -33.795  -61.484  -31.120 0.1000000015
129094  -40.950  -67.148  -35.881 0.1000000015
129791  -36.482  -72.865  -32.678 0.2000000030
130161  -42.919  -54.248  -32.392 0.1000000015
130432  -34.929  -74.849  -20.199 0.1000000015
130679  -32.027  -73.823  -18.487 0.1000000015
131221  -32.893  -71.992  -19.119 0.1000000015
131332  -35.814  -64.869  -25.375 0.3000000119
131575  -36.752  -63.738  -26.412 0.4000000060
131618  -38.173  -70.901  -31.264 0.3000000119
132401  -38.185  -63.146  -31.089 0.1000000015
132545  -37.639  -69.644  -19.212 0.1000000015
