#!ascii label  , from subject sub-v1s10x0050964_ses-1 vox2ras=TkReg
1562
43928  10.215  -12.907  59.969 0.0000000000
128404  39.544  7.979  29.996 0.0000000000
52098  28.826  -4.463  50.257 0.0000000000
128618  39.692  -2.932  50.270 0.0000000000
50006  20.165  -6.116  50.020 0.0000000000
128070  16.171  -6.385  60.553 0.0000000000
67858  47.801  12.242  20.745 0.0000000000
121907  51.527  10.187  31.219 0.0000000000
58432  35.631  1.362  38.439 0.0000000000
69824  47.863  13.699  12.826 0.0000000000
53138  27.794  -3.593  55.277 0.0000000000
47866  12.105  -9.064  59.044 0.0000000000
66870  50.690  10.381  26.360 0.0000000000
63935  46.264  7.803  26.272 0.0000000000
65841  38.542  9.432  33.493 0.0000000000
116047  44.061  9.139  35.243 0.0000000000
63804  34.222  7.587  34.259 0.0000000000
52174  35.317  -4.423  45.564 0.0000000000
51015  34.191  -5.670  50.178 0.0000000000
52015  23.043  -4.951  56.585 0.0000000000
130266  22.086  -6.529  61.808 0.0000000000
49961  18.441  -7.313  54.947 0.0000000000
47927  14.167  -9.273  53.780 0.0000000000
54209  24.051  -3.311  50.174 0.0000000000
67853  53.025  11.560  21.566 0.0000000000
70662  54.460  15.397  25.864 0.0000000000
64851  46.397  8.206  31.826 0.0000000000
61837  36.132  5.186  39.033 0.0000000000
56285  37.096  -0.377  44.897 0.0000000000
66988  48.372  10.734  16.579 0.0000000000
68826  53.727  12.475  16.942 0.0000000000
69806  55.568  13.511  13.568 0.0000000000
111667  27.353  -4.193  59.016 0.0000000000
45782  11.161  -10.735  59.976 0.0000000000
47808  11.416  -8.505  62.220 0.0000000000
45740  10.364  -10.567  63.268 0.0000000000
63961  46.120  7.811  23.838 0.0000000000
65793  37.967  9.510  36.174 0.0000000000
66766  40.162  10.303  36.077 0.0000000000
40044  6.135  -16.443  62.312 0.0000000000
63830  34.526  7.686  31.567 0.0000000000
51066  28.855  -5.598  47.308 0.0000000000
51063  32.086  -5.940  47.921 0.0000000000
51018  30.995  -5.266  49.898 0.0000000000
50983  21.469  -5.369  52.954 0.0000000000
50957  20.770  -6.500  56.141 0.0000000000
49980  19.604  -6.710  52.283 0.0000000000
53251  22.088  -4.013  49.654 0.0000000000
53179  23.424  -4.112  52.881 0.0000000000
128689  18.689  -6.680  61.278 0.0000000000
67855  49.984  12.189  21.608 0.0000000000
68776  53.139  13.608  23.831 0.0000000000
68765  50.929  13.042  23.743 0.0000000000
66856  51.165  10.184  28.838 0.0000000000
68720  53.197  13.055  28.798 0.0000000000
63893  40.600  7.327  28.745 0.0000000000
112099  43.134  7.363  29.039 0.0000000000
64883  42.611  8.044  30.932 0.0000000000
59316  34.516  2.358  36.466 0.0000000000
60907  33.911  4.559  36.974 0.0000000000
59307  36.110  2.585  37.863 0.0000000000
52140  37.158  -4.307  47.904 0.0000000000
131626  36.466  -2.628  44.733 0.0000000000
55250  38.733  -1.281  47.796 0.0000000000
67894  45.825  11.883  19.429 0.0000000000
66991  45.157  10.592  16.719 0.0000000000
66954  47.518  10.845  19.484 0.0000000000
66951  50.296  10.254  19.786 0.0000000000
68886  52.376  12.844  12.304 0.0000000000
122739  51.333  12.342  13.666 0.0000000000
68840  54.020  13.189  14.983 0.0000000000
67945  50.521  11.677  14.820 0.0000000000
119577  28.148  -3.638  52.116 0.0000000000
127678  30.730  -4.337  52.719 0.0000000000
126915  29.944  -3.687  55.516 0.0000000000
48828  13.509  -7.539  59.488 0.0000000000
111727  15.166  -5.788  63.281 0.0000000000
49857  12.461  -6.808  63.068 0.0000000000
66930  46.894  11.460  21.172 0.0000000000
120158  49.650  10.896  23.641 0.0000000000
65936  48.106  9.109  24.017 0.0000000000
65917  48.585  9.088  26.450 0.0000000000
65890  49.285  9.159  29.222 0.0000000000
130319  39.348  9.031  32.036 0.0000000000
65852  42.010  8.904  32.925 0.0000000000
65826  40.967  9.680  34.214 0.0000000000
57380  33.933  0.456  40.045 0.0000000000
56210  40.804  -1.679  49.607 0.0000000000
42077  8.554  -14.471  59.693 0.0000000000
119340  9.507  -12.822  63.231 0.0000000000
42054  7.984  -14.751  62.795 0.0000000000
64906  37.251  8.645  29.820 0.0000000000
64861  36.664  8.700  31.386 0.0000000000
64808  36.152  8.547  34.198 0.0000000000
64790  35.830  8.503  36.432 0.0000000000
51081  32.469  -5.885  45.825 0.0000000000
51059  35.301  -5.437  47.864 0.0000000000
52089  37.446  -5.185  50.511 0.0000000000
53198  33.323  -4.783  53.511 0.0000000000
132534  36.140  -4.845  52.897 0.0000000000
112022  25.067  -4.844  59.217 0.0000000000
51965  24.764  -5.394  61.868 0.0000000000
113804  22.668  -5.992  59.123 0.0000000000
111327  20.029  -7.275  59.187 0.0000000000
49911  17.430  -7.059  57.952 0.0000000000
48944  17.000  -7.923  52.259 0.0000000000
48889  16.031  -7.596  54.905 0.0000000000
48873  14.639  -7.628  56.583 0.0000000000
47902  13.165  -9.227  56.072 0.0000000000
113280  11.862  -10.862  56.732 0.0000000000
43945  10.588  -12.651  57.103 0.0000000000
52145  26.751  -4.611  47.271 0.0000000000
53275  24.761  -3.248  47.537 0.0000000000
53237  25.689  -3.173  49.919 0.0000000000
54182  25.723  -3.429  52.401 0.0000000000
53125  25.809  -3.848  56.134 0.0000000000
67818  54.964  12.805  25.001 0.0000000000
120532  52.322  12.740  26.276 0.0000000000
62909  43.838  6.956  27.110 0.0000000000
64904  46.458  8.083  29.396 0.0000000000
65864  48.741  8.683  31.727 0.0000000000
64819  45.560  8.438  33.414 0.0000000000
123848  48.472  8.851  34.041 0.0000000000
62835  32.613  6.209  34.564 0.0000000000
62817  33.875  7.017  36.127 0.0000000000
62769  35.920  7.203  38.713 0.0000000000
55323  35.268  -1.433  42.638 0.0000000000
58396  35.956  1.086  42.140 0.0000000000
111102  39.992  0.120  47.226 0.0000000000
124721  38.632  1.268  44.046 0.0000000000
58411  38.136  1.693  40.912 0.0000000000
60082  38.761  3.310  40.299 0.0000000000
62748  37.902  5.885  40.635 0.0000000000
118993  48.089  12.259  14.560 0.0000000000
67912  50.336  11.019  16.254 0.0000000000
67879  53.133  11.076  19.589 0.0000000000
53074  28.478  -3.808  60.254 0.0000000000
43934  10.582  -12.419  59.446 0.0000000000
122674  10.840  -10.597  61.490 0.0000000000
43922  10.507  -12.055  61.165 0.0000000000
124674  37.897  9.488  36.850 0.0000000000
66768  39.065  10.095  36.965 0.0000000000
130518  4.527  -16.607  61.901 0.0000000000
52126  29.261  -5.108  48.945 0.0000000000
128270  30.173  -5.311  49.190 0.0000000000
52111  30.158  -4.956  49.995 0.0000000000
116318  20.834  -5.600  51.843 0.0000000000
50984  20.876  -5.888  53.465 0.0000000000
49997  20.133  -6.179  50.934 0.0000000000
52130  21.442  -4.390  48.343 0.0000000000
132500  21.165  -4.901  49.655 0.0000000000
52058  21.859  -4.736  51.709 0.0000000000
49870  17.481  -6.540  60.861 0.0000000000
50913  16.944  -5.991  61.992 0.0000000000
67856  49.394  12.190  21.500 0.0000000000
114764  50.580  12.620  22.742 0.0000000000
67845  49.609  12.311  22.168 0.0000000000
66837  51.661  10.256  30.386 0.0000000000
66836  52.368  10.905  30.146 0.0000000000
63875  40.037  7.607  29.423 0.0000000000
63873  41.849  7.498  29.593 0.0000000000
64884  41.736  8.073  30.908 0.0000000000
58434  33.759  0.990  38.262 0.0000000000
122325  35.213  1.438  37.688 0.0000000000
59308  35.532  2.477  37.368 0.0000000000
58444  36.230  1.799  38.189 0.0000000000
53257  38.419  -3.347  48.654 0.0000000000
54241  37.823  -2.720  47.297 0.0000000000
55225  39.311  -1.938  48.942 0.0000000000
67868  47.309  12.279  20.297 0.0000000000
66955  46.860  11.033  19.308 0.0000000000
67867  48.077  12.194  20.568 0.0000000000
66942  48.579  11.658  20.372 0.0000000000
68889  49.972  12.970  12.793 0.0000000000
69808  49.181  13.111  13.082 0.0000000000
68860  50.380  12.145  14.072 0.0000000000
118496  48.949  12.729  13.750 0.0000000000
54165  27.241  -3.446  53.465 0.0000000000
53174  28.886  -3.761  53.501 0.0000000000
53137  28.646  -3.597  54.914 0.0000000000
48844  13.017  -8.016  59.026 0.0000000000
49873  13.527  -6.814  61.755 0.0000000000
112344  12.301  -7.887  61.040 0.0000000000
47793  10.624  -8.877  63.855 0.0000000000
48783  11.359  -7.388  63.961 0.0000000000
113495  46.035  9.327  21.485 0.0000000000
65962  47.631  9.730  22.292 0.0000000000
64995  46.505  8.910  21.929 0.0000000000
63945  46.434  7.871  25.324 0.0000000000
64958  47.356  8.413  25.202 0.0000000000
64943  47.454  8.424  26.595 0.0000000000
65910  48.962  9.203  27.701 0.0000000000
64918  47.366  8.368  28.126 0.0000000000
65856  38.246  9.220  32.545 0.0000000000
65840  39.880  9.471  33.270 0.0000000000
65827  39.979  9.765  33.987 0.0000000000
130707  45.189  12.348  20.081 0.0000000000
42065  8.511  -14.462  61.508 0.0000000000
41100  7.349  -15.528  61.484 0.0000000000
63879  35.596  8.441  29.880 0.0000000000
64888  36.891  8.774  30.568 0.0000000000
64889  35.952  8.537  30.741 0.0000000000
63820  34.471  7.593  32.444 0.0000000000
63811  35.071  7.917  32.971 0.0000000000
63803  34.910  7.951  33.823 0.0000000000
110932  36.235  8.681  35.086 0.0000000000
64810  34.850  7.981  34.665 0.0000000000
51101  31.486  -6.023  45.779 0.0000000000
51031  33.624  -5.747  49.462 0.0000000000
123956  33.731  -5.885  48.014 0.0000000000
51030  34.616  -5.767  49.289 0.0000000000
51028  36.438  -5.450  49.428 0.0000000000
51013  36.082  -5.651  50.109 0.0000000000
53172  31.617  -4.237  53.811 0.0000000000
53199  32.281  -4.617  53.241 0.0000000000
126198  33.386  -4.576  54.338 0.0000000000
123366  35.579  -4.271  54.397 0.0000000000
53167  37.688  -3.933  53.413 0.0000000000
130747  24.201  -4.869  57.940 0.0000000000
51982  24.198  -5.357  59.656 0.0000000000
52005  22.879  -5.386  57.416 0.0000000000
49935  19.917  -6.978  56.226 0.0000000000
49922  20.715  -6.800  57.673 0.0000000000
49936  19.304  -7.396  56.871 0.0000000000
110717  18.709  -7.307  58.620 0.0000000000
49938  17.767  -7.377  56.527 0.0000000000
48978  17.907  -7.923  50.415 0.0000000000
47940  14.295  -9.329  52.949 0.0000000000
47925  15.442  -8.402  53.374 0.0000000000
47912  15.102  -8.328  54.033 0.0000000000
48890  15.424  -7.622  55.491 0.0000000000
47900  14.271  -8.532  55.268 0.0000000000
48874  13.953  -7.922  56.971 0.0000000000
47901  13.595  -9.166  55.331 0.0000000000
44855  11.098  -12.111  56.729 0.0000000000
52160  27.284  -5.129  46.706 0.0000000000
52162  25.793  -4.358  46.153 0.0000000000
54233  23.178  -3.131  48.053 0.0000000000
54231  24.410  -3.067  48.863 0.0000000000
53261  25.124  -3.190  48.825 0.0000000000
54218  25.147  -3.054  50.170 0.0000000000
54206  26.064  -3.159  51.137 0.0000000000
54194  24.863  -3.393  51.308 0.0000000000
52031  23.519  -4.336  54.397 0.0000000000
53159  24.083  -3.896  54.024 0.0000000000
52013  24.364  -4.467  56.601 0.0000000000
52002  25.417  -4.493  57.647 0.0000000000
111185  22.830  -6.061  62.211 0.0000000000
43907  8.910  -12.859  64.829 0.0000000000
43906  9.389  -12.216  64.542 0.0000000000
68798  54.416  13.129  22.107 0.0000000000
69734  53.724  14.872  24.735 0.0000000000
69745  54.412  14.154  24.284 0.0000000000
120177  54.938  13.963  25.473 0.0000000000
68744  54.847  13.631  26.853 0.0000000000
66898  50.515  11.016  24.691 0.0000000000
67810  51.107  11.580  25.036 0.0000000000
67790  52.005  11.471  26.571 0.0000000000
68719  53.993  13.639  29.280 0.0000000000
63847  44.647  7.810  30.124 0.0000000000
63869  44.921  7.700  29.433 0.0000000000
64905  45.878  7.992  30.102 0.0000000000
64878  47.568  8.325  30.374 0.0000000000
64850  47.125  8.217  31.305 0.0000000000
65836  43.283  8.943  33.988 0.0000000000
64821  43.794  8.591  33.213 0.0000000000
65822  44.602  8.836  34.733 0.0000000000
60917  32.021  4.798  34.584 0.0000000000
60904  34.454  4.870  37.540 0.0000000000
61854  33.940  5.523  37.073 0.0000000000
61839  35.006  6.030  38.142 0.0000000000
62770  34.818  6.836  37.704 0.0000000000
62757  35.526  6.556  38.487 0.0000000000
52190  33.655  -4.909  44.040 0.0000000000
53321  34.928  -4.018  43.856 0.0000000000
55278  37.057  -1.375  45.258 0.0000000000
54298  35.829  -2.093  43.558 0.0000000000
56298  35.980  -0.440  43.503 0.0000000000
57352  35.500  0.378  42.430 0.0000000000
57331  36.399  0.530  43.641 0.0000000000
57247  40.807  -0.685  48.642 0.0000000000
58378  39.570  1.436  43.607 0.0000000000
58393  38.253  1.494  42.516 0.0000000000
58392  39.170  1.825  42.150 0.0000000000
59283  38.669  2.400  40.481 0.0000000000
59275  39.586  2.704  41.631 0.0000000000
121529  46.920  10.278  17.089 0.0000000000
67931  48.337  11.274  15.774 0.0000000000
67930  48.984  11.492  15.314 0.0000000000
66987  49.215  10.745  16.770 0.0000000000
66938  52.436  10.885  20.981 0.0000000000
66958  52.143  10.702  19.296 0.0000000000
66937  53.205  11.170  20.511 0.0000000000
67878  53.949  11.851  19.863 0.0000000000
110331  54.315  13.139  12.699 0.0000000000
121857  53.758  12.801  15.738 0.0000000000
68825  54.748  13.086  16.890 0.0000000000
126626  54.352  12.631  17.529 0.0000000000
112664  27.398  -3.854  57.036 0.0000000000
53108  28.787  -3.787  57.348 0.0000000000
116983  28.932  -3.764  58.872 0.0000000000
45781  11.595  -10.251  59.340 0.0000000000
47840  11.757  -8.863  60.615 0.0000000000
46805  11.095  -9.843  61.184 0.0000000000
46773  10.667  -9.888  62.852 0.0000000000
46774  10.394  -9.721  63.755 0.0000000000
63946  45.539  7.420  24.256 0.0000000000
63937  45.030  7.121  25.308 0.0000000000
127546  38.142  9.534  35.321 0.0000000000
66799  39.674  10.037  34.754 0.0000000000
66788  38.794  9.896  35.973 0.0000000000
66739  40.545  10.454  37.607 0.0000000000
113722  6.540  -16.000  61.056 0.0000000000
40056  5.220  -16.494  61.382 0.0000000000
130633  5.621  -16.729  62.757 0.0000000000
63856  34.553  7.829  30.703 0.0000000000
63821  33.713  7.282  32.841 0.0000000000
51083  30.907  -5.995  46.566 0.0000000000
51064  30.672  -5.896  47.474 0.0000000000
51033  31.756  -5.546  49.478 0.0000000000
124883  32.618  -5.417  50.414 0.0000000000
52022  22.616  -4.961  55.051 0.0000000000
50955  22.396  -5.480  56.643 0.0000000000
50974  21.306  -5.773  54.277 0.0000000000
49959  20.166  -6.669  54.546 0.0000000000
129750  19.171  -6.981  53.728 0.0000000000
46897  12.967  -10.128  54.190 0.0000000000
121227  12.370  -10.723  52.657 0.0000000000
53264  22.181  -3.756  48.426 0.0000000000
112325  22.793  -3.665  49.870 0.0000000000
53224  23.757  -3.746  51.371 0.0000000000
53225  23.031  -3.962  51.504 0.0000000000
129523  22.512  -4.617  52.791 0.0000000000
49867  20.344  -6.886  61.541 0.0000000000
66927  51.779  11.380  21.741 0.0000000000
68789  53.811  13.247  23.070 0.0000000000
67843  51.651  12.301  22.688 0.0000000000
68777  51.822  13.487  23.924 0.0000000000
69728  52.177  14.800  25.120 0.0000000000
110358  51.043  10.254  27.903 0.0000000000
67778  52.152  11.207  27.528 0.0000000000
66846  52.252  10.889  29.097 0.0000000000
68696  53.845  12.443  30.363 0.0000000000
62903  42.034  7.061  28.169 0.0000000000
114706  42.344  7.307  28.943 0.0000000000
63849  43.056  7.763  30.306 0.0000000000
64881  44.428  8.032  30.927 0.0000000000
65806  45.690  9.014  35.449 0.0000000000
60123  33.166  3.290  35.652 0.0000000000
60911  32.820  4.310  35.703 0.0000000000
60116  34.452  3.208  36.666 0.0000000000
60111  34.610  3.830  37.199 0.0000000000
118163  36.367  3.872  38.523 0.0000000000
52157  36.266  -4.186  46.632 0.0000000000
113394  35.886  -3.699  45.159 0.0000000000
53286  36.786  -3.579  46.501 0.0000000000
54252  37.489  -2.244  46.495 0.0000000000
56263  37.916  -0.531  46.090 0.0000000000
66966  44.060  10.873  18.153 0.0000000000
66993  43.589  11.090  16.686 0.0000000000
66964  45.586  10.781  18.514 0.0000000000
66977  46.911  10.117  17.910 0.0000000000
66976  47.734  10.172  17.484 0.0000000000
66974  49.422  10.401  17.589 0.0000000000
66952  49.282  10.392  19.844 0.0000000000
66940  50.511  10.791  20.688 0.0000000000
68899  51.017  13.144  11.814 0.0000000000
68887  51.463  12.684  12.892 0.0000000000
123351  53.012  12.754  13.682 0.0000000000
69793  54.802  13.514  14.241 0.0000000000
68858  53.058  12.632  14.497 0.0000000000
68859  52.197  12.064  14.858 0.0000000000
67927  52.223  11.804  15.683 0.0000000000
53234  28.299  -3.958  50.778 0.0000000000
52077  29.910  -4.397  51.354 0.0000000000
53202  29.294  -3.884  52.812 0.0000000000
111235  30.075  -3.807  54.242 0.0000000000
110706  31.194  -3.774  55.178 0.0000000000
49900  14.721  -6.799  59.666 0.0000000000
50914  15.369  -6.092  61.840 0.0000000000
49872  14.267  -6.579  61.416 0.0000000000
50902  13.643  -6.176  63.313 0.0000000000
48798  11.829  -7.738  62.328 0.0000000000
49835  11.965  -6.371  64.919 0.0000000000
66929  47.539  11.857  21.329 0.0000000000
66920  49.184  11.942  22.439 0.0000000000
65961  48.416  10.216  22.692 0.0000000000
65949  49.259  10.075  23.968 0.0000000000
65934  49.172  9.640  24.991 0.0000000000
64969  47.459  8.649  23.700 0.0000000000
65928  48.224  9.009  24.962 0.0000000000
66871  49.897  9.822  26.624 0.0000000000
65909  49.741  9.570  27.515 0.0000000000
65900  50.190  9.564  29.200 0.0000000000
65889  50.280  9.470  30.176 0.0000000000
112130  38.907  8.669  31.030 0.0000000000
64856  41.248  8.370  31.559 0.0000000000
64838  40.766  8.747  32.180 0.0000000000
65838  41.463  9.234  33.540 0.0000000000
65824  42.481  9.288  34.487 0.0000000000
120928  40.911  10.206  35.824 0.0000000000
130045  42.217  9.949  36.006 0.0000000000
66763  43.599  9.624  36.306 0.0000000000
58414  34.894  1.078  40.222 0.0000000000
55216  40.519  -2.168  49.925 0.0000000000
67896  43.834  11.750  18.984 0.0000000000
67884  44.577  12.111  19.646 0.0000000000
67870  45.751  12.464  19.966 0.0000000000
70734  47.693  14.555  11.522 0.0000000000
70724  47.348  14.250  12.269 0.0000000000
42970  9.356  -13.851  59.635 0.0000000000
42952  9.715  -13.104  61.814 0.0000000000
126549  9.054  -13.789  61.866 0.0000000000
42053  8.548  -14.136  63.113 0.0000000000
42945  8.258  -13.983  64.495 0.0000000000
41091  7.432  -15.289  63.283 0.0000000000
115849  39.061  7.823  29.335 0.0000000000
63877  37.527  8.281  29.091 0.0000000000
63876  38.255  8.339  29.811 0.0000000000
64859  38.152  8.877  31.127 0.0000000000
64840  37.867  9.048  31.782 0.0000000000
64841  37.441  9.020  32.424 0.0000000000
64862  35.902  8.373  31.744 0.0000000000
64824  36.398  8.556  33.260 0.0000000000
64823  37.019  8.978  33.840 0.0000000000
129344  36.739  8.893  34.599 0.0000000000
64796  36.463  8.874  35.939 0.0000000000
65772  36.778  9.006  37.521 0.0000000000
51099  33.997  -5.340  45.721 0.0000000000
114528  32.717  -5.955  46.787 0.0000000000
51079  34.197  -5.553  46.583 0.0000000000
51078  35.001  -5.254  46.922 0.0000000000
52125  36.046  -5.060  47.877 0.0000000000
52123  37.255  -4.698  48.664 0.0000000000
113669  38.684  -4.176  50.194 0.0000000000
52076  30.835  -4.687  51.449 0.0000000000
52074  32.480  -5.042  51.722 0.0000000000
52073  33.820  -5.371  51.574 0.0000000000
119940  34.633  -4.683  54.678 0.0000000000
53196  35.187  -4.870  53.479 0.0000000000
52071  35.376  -5.243  51.857 0.0000000000
52070  36.974  -5.210  51.418 0.0000000000
52048  38.163  -4.442  52.151 0.0000000000
53218  39.627  -3.625  51.482 0.0000000000
51963  26.193  -4.805  61.364 0.0000000000
51973  24.922  -5.227  61.032 0.0000000000
50923  23.787  -5.728  60.456 0.0000000000
49879  22.262  -6.504  60.434 0.0000000000
111942  22.273  -5.852  57.870 0.0000000000
111686  21.348  -6.800  59.323 0.0000000000
49880  21.383  -6.817  60.269 0.0000000000
111939  19.718  -7.148  60.071 0.0000000000
49896  18.308  -7.058  59.324 0.0000000000
111255  16.955  -6.745  59.558 0.0000000000
49999  19.115  -7.161  50.997 0.0000000000
48961  18.382  -7.490  52.070 0.0000000000
48924  17.911  -7.529  53.339 0.0000000000
47937  16.369  -8.295  52.019 0.0000000000
48945  16.456  -8.024  52.679 0.0000000000
49963  16.973  -7.477  54.706 0.0000000000
49939  16.583  -7.230  56.219 0.0000000000
49926  15.901  -6.921  57.501 0.0000000000
49913  15.648  -6.812  58.441 0.0000000000
48842  14.336  -7.294  58.268 0.0000000000
47876  13.399  -8.376  57.403 0.0000000000
46848  12.475  -9.476  57.459 0.0000000000
46885  12.811  -10.071  54.986 0.0000000000
45814  12.248  -10.368  56.252 0.0000000000
46849  11.957  -9.925  57.923 0.0000000000
44831  11.399  -11.315  58.129 0.0000000000
44832  10.910  -11.982  58.688 0.0000000000
113046  10.496  -12.681  58.747 0.0000000000
42975  9.372  -13.819  58.015 0.0000000000
42976  8.619  -14.243  58.156 0.0000000000
51085  28.639  -5.707  46.452 0.0000000000
52143  28.236  -5.215  47.867 0.0000000000
52128  27.576  -4.644  48.500 0.0000000000
53274  25.518  -3.677  47.519 0.0000000000
53259  26.710  -4.066  48.695 0.0000000000
111610  27.105  -3.805  49.991 0.0000000000
53223  26.890  -3.404  51.303 0.0000000000
54180  26.864  -3.378  52.737 0.0000000000
54151  26.748  -3.456  54.164 0.0000000000
53205  24.649  -3.705  52.554 0.0000000000
53176  25.487  -3.551  53.647 0.0000000000
53139  26.709  -3.654  55.659 0.0000000000
53111  25.979  -4.086  57.114 0.0000000000
51979  26.166  -4.631  59.333 0.0000000000
114664  9.866  -12.026  63.194 0.0000000000
45739  9.946  -10.482  64.124 0.0000000000
116332  54.286  13.613  23.470 0.0000000000
67831  50.355  12.575  23.348 0.0000000000
68758  51.871  13.898  24.727 0.0000000000
69721  52.523  15.098  25.814 0.0000000000
124047  52.841  13.147  27.624 0.0000000000
69711  53.959  14.577  27.963 0.0000000000
70644  54.609  14.544  27.169 0.0000000000
62933  44.318  6.760  25.520 0.0000000000
63922  45.455  7.490  26.582 0.0000000000
63910  43.440  7.101  27.723 0.0000000000
122733  45.031  7.572  28.141 0.0000000000
64933  46.704  8.093  27.640 0.0000000000
126680  47.826  8.450  29.547 0.0000000000
65878  48.920  8.779  30.851 0.0000000000
132734  50.176  9.323  31.876 0.0000000000
64855  42.121  8.304  31.595 0.0000000000
64834  44.275  8.390  32.482 0.0000000000
64832  46.153  8.318  32.653 0.0000000000
65820  46.178  8.810  34.960 0.0000000000
64818  46.408  8.465  33.557 0.0000000000
64831  47.536  8.436  32.906 0.0000000000
65834  48.734  8.812  33.198 0.0000000000
65849  50.325  9.446  32.844 0.0000000000
122656  32.288  6.492  33.233 0.0000000000
62843  32.972  6.814  34.222 0.0000000000
61862  33.181  5.599  35.920 0.0000000000
62818  33.354  6.407  35.679 0.0000000000
63796  34.155  7.547  35.264 0.0000000000
63787  35.093  8.106  36.470 0.0000000000
64780  35.686  8.314  37.121 0.0000000000
64764  36.526  8.563  38.285 0.0000000000
54285  35.804  -2.853  43.853 0.0000000000
56327  34.705  -0.189  41.413 0.0000000000
57378  35.159  0.979  40.976 0.0000000000
58413  35.685  1.226  40.514 0.0000000000
55237  39.868  -1.089  48.768 0.0000000000
56254  38.994  -0.316  47.419 0.0000000000
57286  38.339  0.272  45.854 0.0000000000
57299  39.297  0.640  46.132 0.0000000000
57316  37.513  0.814  44.601 0.0000000000
120865  37.271  1.280  43.624 0.0000000000
58403  36.593  1.325  41.658 0.0000000000
58422  36.603  1.351  39.800 0.0000000000
59298  37.295  1.999  38.941 0.0000000000
60092  37.713  3.440  39.257 0.0000000000
60890  37.178  4.311  39.275 0.0000000000
60073  39.537  3.680  41.516 0.0000000000
60882  38.527  4.306  40.341 0.0000000000
61828  36.635  5.636  39.457 0.0000000000
62750  36.781  6.457  39.658 0.0000000000
69825  47.066  13.982  13.026 0.0000000000
68879  48.205  12.773  13.970 0.0000000000
68842  49.235  11.869  14.713 0.0000000000
67929  50.505  11.322  15.535 0.0000000000
67911  51.319  11.331  16.194 0.0000000000
66972  51.014  10.750  18.046 0.0000000000
67893  51.892  10.974  18.336 0.0000000000
67901  53.536  11.938  17.835 0.0000000000
67891  54.615  12.613  19.240 0.0000000000
53066  26.949  -4.548  61.229 0.0000000000
53065  27.649  -4.141  61.193 0.0000000000
43927  10.564  -12.206  60.342 0.0000000000
65771  37.578  9.345  37.471 0.0000000000
65770  38.315  9.707  37.346 0.0000000000
52113  28.643  -4.703  49.481 0.0000000000
52112  29.447  -4.867  49.738 0.0000000000
51020  20.661  -5.615  50.605 0.0000000000
51004  20.614  -5.743  51.319 0.0000000000
51034  20.713  -5.458  49.741 0.0000000000
51003  21.158  -5.197  51.280 0.0000000000
114607  16.857  -6.573  60.339 0.0000000000
133197  17.358  -6.285  61.501 0.0000000000
49871  16.670  -6.240  61.169 0.0000000000
67857  48.567  12.239  21.026 0.0000000000
67846  48.960  12.246  21.764 0.0000000000
66825  52.323  10.808  31.038 0.0000000000
66826  52.173  10.762  31.898 0.0000000000
63852  40.421  7.836  30.160 0.0000000000
64885  40.823  8.137  30.867 0.0000000000
58433  34.675  1.136  38.325 0.0000000000
58446  34.549  1.233  37.298 0.0000000000
58445  35.733  1.845  37.676 0.0000000000
54205  39.114  -3.345  49.887 0.0000000000
54216  39.585  -2.535  49.649 0.0000000000
68878  49.734  12.618  13.523 0.0000000000
111060  48.404  13.220  13.325 0.0000000000
127315  27.732  -3.530  54.341 0.0000000000
110708  28.404  -3.703  55.869 0.0000000000
47852  12.467  -8.477  59.447 0.0000000000
48817  12.726  -7.780  60.533 0.0000000000
47839  12.217  -8.277  60.302 0.0000000000
64959  47.048  8.215  26.034 0.0000000000
64944  46.844  8.107  26.821 0.0000000000
64932  47.434  8.402  27.290 0.0000000000
130062  39.363  9.551  33.518 0.0000000000
110764  39.135  9.696  34.196 0.0000000000
42066  7.909  -14.995  61.077 0.0000000000
115786  35.337  8.443  29.101 0.0000000000
63855  35.188  8.196  30.468 0.0000000000
63812  34.345  7.581  33.337 0.0000000000
132748  35.421  8.224  34.215 0.0000000000
123016  33.924  -5.833  48.755 0.0000000000
51014  35.154  -5.709  50.158 0.0000000000
53153  31.986  -4.017  54.720 0.0000000000
53171  32.585  -4.397  54.087 0.0000000000
53152  33.021  -4.233  54.824 0.0000000000
52004  23.749  -4.844  57.218 0.0000000000
51993  23.586  -5.208  58.084 0.0000000000
49948  19.122  -7.249  55.774 0.0000000000
49937  18.511  -7.480  56.438 0.0000000000
49949  18.120  -7.430  55.819 0.0000000000
47926  14.784  -8.829  53.518 0.0000000000
47913  14.574  -8.704  54.343 0.0000000000
47914  13.923  -9.185  54.586 0.0000000000
54220  23.806  -3.198  49.313 0.0000000000
54232  23.751  -3.106  48.400 0.0000000000
54219  24.491  -3.128  49.748 0.0000000000
54208  24.667  -3.236  50.526 0.0000000000
110064  23.226  -4.730  55.791 0.0000000000
53127  24.025  -4.276  55.724 0.0000000000
52014  23.682  -4.661  56.382 0.0000000000
111723  24.638  -4.638  57.415 0.0000000000
42939  8.568  -13.478  64.850 0.0000000000
43904  8.705  -12.810  65.553 0.0000000000
118594  53.927  12.639  21.670 0.0000000000
67842  53.141  12.365  22.511 0.0000000000
70669  54.152  15.229  25.284 0.0000000000
69733  54.666  14.539  24.872 0.0000000000
116522  54.723  14.871  25.510 0.0000000000
69727  54.780  14.764  26.200 0.0000000000
66884  50.800  10.771  25.507 0.0000000000
66869  51.371  11.046  26.009 0.0000000000
64880  45.230  7.980  30.546 0.0000000000
118817  45.261  7.853  29.929 0.0000000000
64879  46.022  8.071  31.021 0.0000000000
65823  43.902  8.965  34.581 0.0000000000
60128  32.021  4.074  34.651 0.0000000000
60898  34.980  5.196  38.122 0.0000000000
61838  35.533  5.599  38.569 0.0000000000
52189  34.412  -4.611  44.356 0.0000000000
52188  35.152  -4.215  44.713 0.0000000000
55292  36.637  -1.326  44.557 0.0000000000
56297  36.517  -0.395  44.147 0.0000000000
57317  36.977  0.426  44.374 0.0000000000
58358  41.141  1.458  44.330 0.0000000000
58391  39.762  1.769  42.867 0.0000000000
59269  40.006  2.523  42.297 0.0000000000
59268  40.479  2.524  42.943 0.0000000000
66989  47.562  10.566  16.685 0.0000000000
67915  46.928  10.868  16.236 0.0000000000
67914  47.785  11.015  16.132 0.0000000000
67932  47.537  11.466  15.593 0.0000000000
67864  53.979  12.286  20.829 0.0000000000
69807  54.625  13.415  13.436 0.0000000000
69820  55.341  13.244  12.809 0.0000000000
69805  56.181  13.347  13.879 0.0000000000
68833  53.064  12.305  16.214 0.0000000000
68832  54.000  12.782  16.320 0.0000000000
118011  27.328  -4.038  58.129 0.0000000000
53109  27.950  -3.870  57.628 0.0000000000
53096  28.046  -3.918  58.525 0.0000000000
46816  11.515  -9.754  60.272 0.0000000000
45750  10.651  -10.643  62.396 0.0000000000
115735  44.761  6.982  23.971 0.0000000000
63947  45.115  7.150  24.679 0.0000000000
62942  44.529  6.794  24.774 0.0000000000
41107  5.574  -16.216  60.828 0.0000000000
121143  5.374  -16.702  62.045 0.0000000000
40045  4.856  -17.038  62.881 0.0000000000
51084  29.447  -5.830  46.736 0.0000000000
112978  30.159  -5.912  46.925 0.0000000000
51065  29.761  -5.726  47.615 0.0000000000
122958  31.132  -5.605  48.959 0.0000000000
51032  32.627  -5.638  49.604 0.0000000000
51017  31.925  -5.339  50.182 0.0000000000
52033  22.029  -5.209  54.247 0.0000000000
52023  21.744  -5.583  54.995 0.0000000000
125679  21.584  -5.455  53.659 0.0000000000
114890  20.199  -6.285  52.858 0.0000000000
50975  20.691  -6.239  54.220 0.0000000000
49970  20.184  -6.501  53.729 0.0000000000
114393  19.566  -6.859  54.040 0.0000000000
49971  19.492  -6.819  53.239 0.0000000000
52115  21.532  -4.511  49.252 0.0000000000
131669  21.946  -4.091  48.965 0.0000000000
128447  22.562  -3.724  49.150 0.0000000000
53239  23.105  -3.738  50.681 0.0000000000
52099  22.292  -4.054  50.401 0.0000000000
119370  21.972  -4.873  52.531 0.0000000000
52040  22.167  -4.937  53.374 0.0000000000
52032  22.833  -4.681  54.093 0.0000000000
49868  19.383  -6.797  61.477 0.0000000000
49854  19.677  -6.552  62.322 0.0000000000
67854  50.602  12.216  22.016 0.0000000000
68779  50.754  12.832  23.266 0.0000000000
68791  51.201  12.974  23.395 0.0000000000
68778  51.247  13.216  23.822 0.0000000000
69736  52.006  14.104  24.747 0.0000000000
66855  51.778  10.644  28.109 0.0000000000
67755  52.927  11.954  29.923 0.0000000000
63911  40.245  7.131  27.967 0.0000000000
62904  41.146  7.030  28.075 0.0000000000
63892  41.494  7.285  28.837 0.0000000000
63850  42.223  7.739  30.287 0.0000000000
63872  42.679  7.532  29.655 0.0000000000
63848  43.871  7.792  30.272 0.0000000000
64882  43.472  8.034  30.950 0.0000000000
59324  33.140  2.244  35.329 0.0000000000
59317  33.791  2.311  35.870 0.0000000000
60117  33.908  3.196  36.247 0.0000000000
60110  35.455  3.242  37.490 0.0000000000
60104  35.934  3.592  38.073 0.0000000000
60103  36.631  3.120  38.335 0.0000000000
53273  36.941  -3.913  47.143 0.0000000000
54240  38.413  -2.271  47.822 0.0000000000
55251  38.066  -1.787  47.162 0.0000000000
55277  37.454  -1.399  45.941 0.0000000000
55264  37.864  -1.269  46.578 0.0000000000
67895  45.087  11.742  19.141 0.0000000000
66965  44.820  10.802  18.253 0.0000000000
66963  46.383  10.702  18.803 0.0000000000
66962  47.260  10.275  18.645 0.0000000000
66961  48.247  10.031  18.554 0.0000000000
66953  48.390  10.580  19.681 0.0000000000
67865  49.758  11.877  21.145 0.0000000000
66941  49.513  11.077  20.543 0.0000000000
66928  50.662  11.527  21.371 0.0000000000
68877  50.605  12.589  13.251 0.0000000000
68888  50.793  12.919  12.513 0.0000000000
68876  52.217  12.606  13.262 0.0000000000
112188  52.169  12.335  14.065 0.0000000000
67944  51.311  11.951  14.438 0.0000000000
67928  51.355  11.615  15.239 0.0000000000
115122  27.790  -3.638  51.400 0.0000000000
53221  28.600  -3.839  51.494 0.0000000000
112109  28.928  -3.815  52.147 0.0000000000
110704  29.582  -3.680  54.929 0.0000000000
112891  29.699  -3.878  53.503 0.0000000000
110705  30.375  -3.740  54.986 0.0000000000
53154  30.961  -3.895  54.382 0.0000000000
110710  30.625  -3.681  55.719 0.0000000000
49915  14.158  -7.121  59.116 0.0000000000
49887  14.518  -6.700  60.557 0.0000000000
49901  13.977  -7.032  59.977 0.0000000000
49874  12.789  -7.054  62.124 0.0000000000
49856  13.277  -6.646  62.669 0.0000000000
50886  13.119  -5.988  64.145 0.0000000000
50903  13.015  -6.429  63.431 0.0000000000
47825  11.622  -8.716  61.354 0.0000000000
48807  11.855  -8.076  61.578 0.0000000000
112089  11.355  -7.909  63.066 0.0000000000
119389  48.008  11.030  21.983 0.0000000000
132942  47.397  10.773  21.682 0.0000000000
65951  47.969  9.286  23.155 0.0000000000
65950  48.662  9.731  23.492 0.0000000000
65935  48.714  9.467  24.288 0.0000000000
63980  46.036  7.938  22.957 0.0000000000
64981  46.735  8.273  23.388 0.0000000000
64970  46.835  8.190  24.374 0.0000000000
64942  47.902  8.705  25.977 0.0000000000
65927  48.626  9.186  25.688 0.0000000000
65926  49.260  9.516  26.048 0.0000000000
65916  49.180  9.351  26.908 0.0000000000
65902  48.726  9.003  28.511 0.0000000000
65901  49.544  9.365  28.381 0.0000000000
127102  49.694  9.251  29.841 0.0000000000
64858  39.505  8.730  31.559 0.0000000000
64839  39.923  8.951  32.107 0.0000000000
65839  40.598  9.395  33.437 0.0000000000
129126  41.785  9.382  34.142 0.0000000000
65825  41.717  9.642  34.804 0.0000000000
66787  39.537  10.130  35.543 0.0000000000
66786  40.249  10.183  35.285 0.0000000000
113410  41.634  10.165  36.311 0.0000000000
66764  42.390  10.116  36.641 0.0000000000
66784  42.897  9.776  36.163 0.0000000000
66762  44.220  9.660  36.765 0.0000000000
57392  33.566  0.641  39.418 0.0000000000
58425  33.899  1.019  39.145 0.0000000000
57391  34.211  0.863  39.841 0.0000000000
67885  43.764  11.910  19.652 0.0000000000
66931  46.181  10.725  21.037 0.0000000000
66943  46.361  12.140  20.463 0.0000000000
67859  47.097  12.241  20.566 0.0000000000
70735  46.843  14.882  11.720 0.0000000000
42966  9.098  -13.990  60.431 0.0000000000
42058  7.941  -14.887  61.927 0.0000000000
42057  8.517  -14.319  62.311 0.0000000000
42948  8.614  -13.763  63.862 0.0000000000
42949  7.975  -14.516  63.786 0.0000000000
41101  6.733  -15.971  61.904 0.0000000000
41095  6.807  -15.882  62.788 0.0000000000
63895  38.724  7.589  28.462 0.0000000000
126441  38.264  7.962  29.000 0.0000000000
63878  36.703  8.554  29.185 0.0000000000
63854  38.376  8.595  30.564 0.0000000000
64887  37.717  8.741  30.488 0.0000000000
64860  37.421  8.874  31.163 0.0000000000
119193  37.208  8.891  31.795 0.0000000000
63829  35.202  8.117  31.227 0.0000000000
63819  35.174  7.969  32.103 0.0000000000
64825  35.633  8.241  33.516 0.0000000000
64843  35.810  8.267  32.656 0.0000000000
110462  37.026  8.899  33.007 0.0000000000
64807  37.453  9.215  34.709 0.0000000000
64797  35.662  8.447  35.730 0.0000000000
65794  37.170  9.205  36.637 0.0000000000
64789  36.337  8.753  36.865 0.0000000000
116704  32.635  -5.734  44.984 0.0000000000
51113  33.125  -5.398  44.496 0.0000000000
51100  33.252  -5.590  45.353 0.0000000000
111446  31.503  -5.976  47.321 0.0000000000
51082  31.882  -6.000  46.584 0.0000000000
125583  32.206  -5.991  47.262 0.0000000000
51043  34.546  -5.762  48.342 0.0000000000
51061  33.546  -5.865  47.120 0.0000000000
51060  34.400  -5.688  47.467 0.0000000000
52142  35.768  -4.872  47.193 0.0000000000
51012  36.796  -5.471  50.054 0.0000000000
132788  36.736  -5.152  48.880 0.0000000000
52110  37.242  -5.105  49.498 0.0000000000
52109  38.017  -4.682  49.873 0.0000000000
52056  30.390  -4.416  52.124 0.0000000000
52055  31.162  -4.647  52.215 0.0000000000
52053  32.839  -4.927  52.542 0.0000000000
52054  31.963  -4.814  52.387 0.0000000000
124882  33.189  -5.180  51.891 0.0000000000
52052  33.826  -5.116  52.535 0.0000000000
126716  35.970  -4.318  53.977 0.0000000000
53168  35.393  -4.597  53.780 0.0000000000
53195  35.970  -4.613  53.455 0.0000000000
124133  35.620  -4.970  52.796 0.0000000000
52050  36.309  -4.974  52.190 0.0000000000
124236  36.669  -4.647  52.921 0.0000000000
52068  38.787  -4.341  51.373 0.0000000000
51980  25.616  -4.830  59.967 0.0000000000
51972  25.577  -4.920  60.765 0.0000000000
51981  24.944  -5.025  60.175 0.0000000000
112379  23.317  -5.818  59.740 0.0000000000
50924  22.997  -6.070  60.493 0.0000000000
130578  22.672  -6.201  59.880 0.0000000000
50956  21.607  -5.945  56.637 0.0000000000
50946  22.135  -5.753  57.225 0.0000000000
50947  21.553  -6.247  57.574 0.0000000000
49908  20.343  -7.087  58.426 0.0000000000
49907  21.234  -6.693  58.438 0.0000000000
128138  20.705  -6.988  59.027 0.0000000000
122732  20.604  -7.026  59.752 0.0000000000
49881  20.486  -7.017  60.603 0.0000000000
49910  18.272  -7.325  58.071 0.0000000000
49897  17.904  -7.087  58.681 0.0000000000
128467  17.598  -6.915  59.284 0.0000000000
110716  17.112  -6.862  58.789 0.0000000000
48962  17.643  -7.856  51.560 0.0000000000
48943  17.723  -7.680  52.533 0.0000000000
48942  18.350  -7.432  52.796 0.0000000000
47965  15.778  -8.707  50.844 0.0000000000
47955  15.600  -8.683  51.701 0.0000000000
48908  15.685  -7.954  54.073 0.0000000000
48926  16.136  -7.976  53.321 0.0000000000
48907  16.517  -7.705  54.032 0.0000000000
49951  16.729  -7.392  55.476 0.0000000000
48872  15.296  -7.383  56.199 0.0000000000
49940  15.884  -7.098  56.596 0.0000000000
49941  15.165  -7.123  57.009 0.0000000000
49927  15.023  -6.976  57.876 0.0000000000
49914  14.856  -6.876  58.760 0.0000000000
48855  14.487  -7.446  57.421 0.0000000000
47888  13.571  -8.573  56.582 0.0000000000
47889  12.968  -8.984  56.978 0.0000000000
47877  12.860  -8.833  57.840 0.0000000000
115550  12.521  -10.748  53.663 0.0000000000
128730  11.928  -10.979  55.957 0.0000000000
46861  12.098  -10.137  57.091 0.0000000000
45804  11.771  -10.713  57.602 0.0000000000
44842  11.497  -11.450  57.199 0.0000000000
127857  10.646  -12.551  56.368 0.0000000000
44843  11.014  -12.033  57.651 0.0000000000
43940  10.549  -12.670  58.001 0.0000000000
42981  9.232  -13.653  57.047 0.0000000000
119262  8.999  -14.111  58.860 0.0000000000
42982  8.527  -14.028  57.427 0.0000000000
52144  27.475  -4.958  47.558 0.0000000000
52129  26.942  -4.463  48.016 0.0000000000
53288  24.424  -3.189  46.553 0.0000000000
115892  25.281  -3.699  46.779 0.0000000000
131182  25.563  -3.296  49.322 0.0000000000
110281  25.871  -3.583  48.767 0.0000000000
53249  26.377  -3.626  49.515 0.0000000000
53248  27.284  -4.157  49.325 0.0000000000
53235  27.427  -3.705  50.651 0.0000000000
53236  26.454  -3.387  50.459 0.0000000000
54193  25.556  -3.321  51.635 0.0000000000
125867  26.360  -3.336  52.006 0.0000000000
54181  26.274  -3.390  52.704 0.0000000000
54166  26.521  -3.408  53.292 0.0000000000
54167  25.908  -3.442  53.082 0.0000000000
53206  23.953  -3.807  52.306 0.0000000000
54184  24.475  -3.615  51.728 0.0000000000
53178  24.033  -3.836  53.162 0.0000000000
53140  24.608  -3.914  55.282 0.0000000000
53158  24.862  -3.715  54.458 0.0000000000
115462  25.335  -3.758  55.295 0.0000000000
128277  26.041  -3.646  55.317 0.0000000000
53124  26.686  -3.847  56.604 0.0000000000
51992  24.872  -4.759  58.226 0.0000000000
51991  25.700  -4.606  58.452 0.0000000000
51971  26.394  -4.669  60.429 0.0000000000
50900  15.668  -5.858  62.585 0.0000000000
50884  15.945  -5.656  63.393 0.0000000000
43915  9.834  -12.609  62.520 0.0000000000
44795  9.252  -11.695  65.127 0.0000000000
44799  9.646  -11.299  64.565 0.0000000000
45736  9.265  -11.065  65.445 0.0000000000
114170  9.655  -10.442  65.031 0.0000000000
45737  9.260  -10.348  65.893 0.0000000000
122041  54.127  13.908  23.895 0.0000000000
68763  54.971  13.569  24.198 0.0000000000
66912  49.140  10.821  23.063 0.0000000000
67832  49.676  11.999  23.021 0.0000000000
67821  50.080  11.597  23.844 0.0000000000
67809  51.775  12.020  25.540 0.0000000000
67819  51.301  12.916  24.535 0.0000000000
133163  51.812  13.195  25.247 0.0000000000
68757  52.105  14.182  25.518 0.0000000000
116594  52.695  14.130  26.639 0.0000000000
67777  52.685  11.968  28.023 0.0000000000
67789  52.499  11.956  27.154 0.0000000000
69698  53.624  13.988  28.521 0.0000000000
69710  54.536  14.309  28.094 0.0000000000
70645  54.185  14.986  27.200 0.0000000000
68733  54.958  13.814  28.104 0.0000000000
127964  43.179  6.707  26.634 0.0000000000
62934  43.489  6.562  25.702 0.0000000000
62919  44.079  6.813  26.336 0.0000000000
63923  44.860  7.151  26.067 0.0000000000
63909  44.632  7.213  26.882 0.0000000000
63891  42.876  7.191  28.294 0.0000000000
62910  42.675  6.878  27.456 0.0000000000
63890  43.667  7.314  28.450 0.0000000000
63868  45.635  7.856  29.405 0.0000000000
63889  45.314  7.699  28.759 0.0000000000
63888  45.975  7.887  28.812 0.0000000000
63907  45.852  7.793  28.046 0.0000000000
64919  46.603  8.098  28.489 0.0000000000
64903  47.244  8.306  28.979 0.0000000000
64849  48.130  8.444  31.109 0.0000000000
64877  48.369  8.556  30.214 0.0000000000
65863  49.497  9.059  31.406 0.0000000000
64837  41.637  8.607  32.244 0.0000000000
64836  42.503  8.519  32.310 0.0000000000
64820  44.684  8.475  33.310 0.0000000000
64835  43.376  8.451  32.394 0.0000000000
64833  45.171  8.330  32.579 0.0000000000
113118  48.343  8.954  34.746 0.0000000000
65819  47.650  8.702  34.403 0.0000000000
124589  47.201  8.507  33.630 0.0000000000
126783  46.875  8.381  33.023 0.0000000000
64817  47.966  8.609  33.506 0.0000000000
64816  48.158  8.555  32.835 0.0000000000
118165  32.146  5.942  34.221 0.0000000000
62844  32.401  6.433  33.884 0.0000000000
62851  32.901  6.900  33.301 0.0000000000
60908  33.418  4.183  36.349 0.0000000000
129847  33.097  4.865  36.044 0.0000000000
61855  33.451  5.145  36.543 0.0000000000
62802  34.134  6.495  37.000 0.0000000000
62803  33.607  6.074  36.416 0.0000000000
63797  33.549  7.001  35.371 0.0000000000
121092  34.460  7.672  36.061 0.0000000000
63788  34.533  7.357  36.812 0.0000000000
62785  35.473  7.457  38.149 0.0000000000
63774  35.144  7.770  37.394 0.0000000000
63773  35.761  8.139  37.895 0.0000000000
64779  36.201  8.550  37.543 0.0000000000
63759  36.071  7.890  38.598 0.0000000000
126688  36.159  -3.031  44.551 0.0000000000
53311  35.577  -3.554  44.244 0.0000000000
55307  35.698  -1.328  43.244 0.0000000000
128127  35.494  -2.016  43.002 0.0000000000
122315  34.575  -0.996  41.629 0.0000000000
56313  34.994  -0.553  42.171 0.0000000000
131507  35.742  0.867  42.301 0.0000000000
57366  35.433  0.826  41.766 0.0000000000
58404  35.809  1.173  41.371 0.0000000000
56211  40.725  -1.630  49.543 0.0000000000
55224  40.024  -1.738  49.359 0.0000000000
56223  40.494  -1.067  48.997 0.0000000000
57270  40.512  -0.196  47.872 0.0000000000
57271  39.725  -0.120  47.630 0.0000000000
129213  39.797  0.056  47.229 0.0000000000
57272  39.316  0.162  46.988 0.0000000000
115366  39.538  0.300  46.719 0.0000000000
58339  39.722  1.080  44.867 0.0000000000
128140  39.869  0.860  45.646 0.0000000000
58340  38.899  1.144  44.922 0.0000000000
57300  38.609  0.745  45.619 0.0000000000
57315  38.139  1.068  44.863 0.0000000000
58361  37.694  1.189  44.137 0.0000000000
58402  37.542  1.443  41.892 0.0000000000
116671  37.297  1.453  41.064 0.0000000000
58412  36.576  1.350  40.754 0.0000000000
58421  37.468  1.539  40.168 0.0000000000
58431  37.171  1.618  39.429 0.0000000000
59290  38.254  2.679  39.736 0.0000000000
60083  38.277  3.616  39.823 0.0000000000
60066  39.969  3.510  42.161 0.0000000000
60859  40.173  4.370  42.979 0.0000000000
60875  38.886  4.659  41.006 0.0000000000
61817  37.841  5.076  40.254 0.0000000000
61818  37.267  5.753  40.049 0.0000000000
70725  46.537  14.580  12.483 0.0000000000
66992  44.293  10.808  16.679 0.0000000000
67918  44.017  11.411  16.070 0.0000000000
67917  44.904  11.178  16.055 0.0000000000
68862  47.454  12.742  14.238 0.0000000000
68861  48.763  12.292  14.332 0.0000000000
128804  48.643  11.905  14.799 0.0000000000
110463  49.713  11.170  15.721 0.0000000000
67903  51.757  11.285  17.261 0.0000000000
66960  50.333  10.269  18.766 0.0000000000
66973  50.168  10.525  17.812 0.0000000000
115808  52.876  11.239  18.619 0.0000000000
130228  52.516  11.474  17.781 0.0000000000
67892  53.821  11.748  18.919 0.0000000000
67877  54.815  13.047  20.212 0.0000000000
68898  51.899  12.996  11.596 0.0000000000
68897  52.954  12.865  11.263 0.0000000000
53075  27.768  -3.953  60.343 0.0000000000
44823  10.886  -11.619  59.715 0.0000000000
45759  11.035  -10.430  60.724 0.0000000000
44815  10.809  -11.311  60.763 0.0000000000
44809  10.580  -11.491  61.865 0.0000000000
65792  38.420  9.724  36.652 0.0000000000
51047  29.042  -5.412  48.148 0.0000000000
130128  29.740  -5.493  48.427 0.0000000000
50993  21.348  -5.251  52.155 0.0000000000
50994  20.818  -5.733  52.533 0.0000000000
114889  20.244  -6.109  51.886 0.0000000000
52100  21.655  -4.476  50.048 0.0000000000
52079  21.754  -4.594  50.854 0.0000000000
51019  21.156  -5.012  50.365 0.0000000000
49869  18.024  -6.484  61.414 0.0000000000
49855  18.659  -6.413  62.058 0.0000000000
50912  17.722  -6.129  62.068 0.0000000000
50882  17.466  -5.707  63.513 0.0000000000
113288  50.018  12.380  22.067 0.0000000000
67844  50.213  12.559  22.701 0.0000000000
66847  51.737  10.351  29.626 0.0000000000
63874  40.968  7.517  29.511 0.0000000000
63851  41.340  7.756  30.246 0.0000000000
132850  34.665  1.717  36.688 0.0000000000
58456  35.162  1.925  37.015 0.0000000000
59299  36.739  2.264  38.430 0.0000000000
53258  37.855  -3.974  48.438 0.0000000000
53272  37.567  -3.573  47.593 0.0000000000
54229  38.183  -3.139  48.004 0.0000000000
54228  38.694  -2.602  48.461 0.0000000000
116951  38.858  -1.871  48.303 0.0000000000
67882  46.145  12.449  19.902 0.0000000000
133258  46.330  11.915  19.560 0.0000000000
67881  46.881  12.220  19.879 0.0000000000
67880  47.745  11.940  20.166 0.0000000000
67866  48.901  12.119  20.857 0.0000000000
125912  49.466  12.237  14.170 0.0000000000
53204  27.684  -3.509  52.793 0.0000000000
53203  28.510  -3.703  52.812 0.0000000000
110380  28.508  -3.645  54.110 0.0000000000
110709  29.257  -3.689  55.667 0.0000000000
48816  13.316  -7.440  60.316 0.0000000000
49889  12.985  -7.368  61.197 0.0000000000
48806  12.343  -7.569  61.772 0.0000000000
48799  10.914  -8.600  63.087 0.0000000000
65966  46.841  9.884  21.649 0.0000000000
64988  47.031  9.032  22.232 0.0000000000
64980  47.294  8.795  22.859 0.0000000000
128193  46.134  7.727  24.574 0.0000000000
64931  48.022  8.707  26.863 0.0000000000
127774  48.576  9.029  27.133 0.0000000000
64917  48.170  8.715  27.747 0.0000000000
64902  47.991  8.579  28.694 0.0000000000
65855  39.281  9.304  32.669 0.0000000000
66765  40.892  10.359  36.767 0.0000000000
42078  7.616  -14.942  59.275 0.0000000000
42071  8.509  -14.536  60.683 0.0000000000
42072  7.817  -15.002  60.182 0.0000000000
130811  36.031  8.604  29.312 0.0000000000
64907  36.400  8.668  29.906 0.0000000000
64809  35.543  8.328  34.902 0.0000000000
130779  32.518  -5.893  48.295 0.0000000000
51062  32.848  -5.948  47.733 0.0000000000
51044  33.057  -5.842  48.665 0.0000000000
123105  35.238  -5.661  48.687 0.0000000000
51029  35.616  -5.664  49.375 0.0000000000
52090  36.564  -5.494  50.732 0.0000000000
53200  31.394  -4.441  52.970 0.0000000000
54149  36.134  -4.161  54.080 0.0000000000
53194  37.496  -4.291  52.862 0.0000000000
111020  24.218  -5.018  58.688 0.0000000000
50933  23.508  -5.534  58.924 0.0000000000
50940  22.896  -5.668  58.309 0.0000000000
50948  20.993  -6.492  56.985 0.0000000000
111714  20.271  -6.929  56.930 0.0000000000
49923  19.870  -7.270  57.709 0.0000000000
49909  19.532  -7.355  58.512 0.0000000000
110715  19.003  -7.472  57.841 0.0000000000
110714  18.228  -7.429  57.255 0.0000000000
49924  17.297  -7.138  57.115 0.0000000000
48963  17.043  -8.203  50.859 0.0000000000
122516  14.778  -8.951  51.706 0.0000000000
47939  14.994  -8.815  52.572 0.0000000000
48909  15.059  -7.967  54.800 0.0000000000
48891  14.800  -7.848  55.744 0.0000000000
48892  14.156  -8.176  56.168 0.0000000000
124831  13.754  -8.737  55.885 0.0000000000
44854  11.573  -11.565  56.269 0.0000000000
44867  11.048  -12.205  55.748 0.0000000000
52161  26.534  -4.773  46.419 0.0000000000
54245  23.560  -2.995  47.511 0.0000000000
54244  24.186  -3.035  47.988 0.0000000000
53262  24.716  -3.146  48.298 0.0000000000
54230  25.036  -3.076  49.471 0.0000000000
127869  25.743  -3.115  50.517 0.0000000000
54207  25.330  -3.171  50.875 0.0000000000
54183  25.080  -3.505  52.080 0.0000000000
52038  23.480  -4.230  53.644 0.0000000000
53141  24.053  -4.001  54.860 0.0000000000
53126  24.858  -4.005  56.002 0.0000000000
52003  25.180  -4.268  56.828 0.0000000000
43911  9.125  -13.009  64.010 0.0000000000
43910  9.582  -12.407  63.804 0.0000000000
44796  8.989  -12.187  65.234 0.0000000000
69746  53.341  14.294  24.293 0.0000000000
122211  54.785  12.585  25.936 0.0000000000
68707  53.520  12.803  29.558 0.0000000000
63870  44.189  7.614  29.579 0.0000000000
130867  43.782  7.443  29.115 0.0000000000
131728  47.166  8.261  29.716 0.0000000000
124334  46.703  8.151  30.320 0.0000000000
64822  42.889  8.715  33.085 0.0000000000
65835  44.231  8.671  34.010 0.0000000000
64806  45.057  8.553  34.115 0.0000000000
126102  49.067  9.042  33.826 0.0000000000
61877  31.890  5.350  34.140 0.0000000000
61876  32.329  5.432  34.804 0.0000000000
61846  34.508  5.854  37.618 0.0000000000
111269  36.724  -2.160  44.929 0.0000000000
54284  36.286  -2.232  44.268 0.0000000000
55306  36.147  -1.319  43.880 0.0000000000
56312  35.528  -0.519  42.863 0.0000000000
57332  35.831  0.278  43.100 0.0000000000
57351  35.966  0.943  42.891 0.0000000000
56221  41.086  -1.176  49.235 0.0000000000
56237  41.328  -0.824  48.667 0.0000000000
119588  41.088  -0.413  48.241 0.0000000000
57269  41.247  -0.076  47.555 0.0000000000
58360  39.443  1.239  44.281 0.0000000000
116791  38.910  1.468  43.069 0.0000000000
58401  38.445  1.671  41.716 0.0000000000
59284  38.155  1.907  40.102 0.0000000000
59276  38.954  2.116  41.243 0.0000000000
59282  39.230  2.981  40.917 0.0000000000
66990  46.075  10.424  16.838 0.0000000000
67916  45.886  11.018  16.089 0.0000000000
68844  47.254  12.106  14.890 0.0000000000
68843  48.149  11.730  15.132 0.0000000000
67913  49.058  11.066  16.045 0.0000000000
115829  49.662  10.922  16.296 0.0000000000
66950  51.373  10.358  19.997 0.0000000000
66959  51.194  10.435  19.018 0.0000000000
66949  52.363  10.636  20.212 0.0000000000
110885  53.769  12.824  11.797 0.0000000000
68831  54.657  13.269  15.887 0.0000000000
69773  55.595  13.492  17.296 0.0000000000
110863  27.497  -3.715  56.104 0.0000000000
53123  28.175  -3.779  56.746 0.0000000000
53095  28.615  -3.826  58.065 0.0000000000
53087  28.157  -3.885  59.500 0.0000000000
46827  11.825  -9.551  59.448 0.0000000000
47853  11.918  -8.954  59.830 0.0000000000
46804  11.448  -9.275  61.022 0.0000000000
47809  11.201  -9.224  61.696 0.0000000000
46791  10.836  -9.867  61.991 0.0000000000
129556  10.895  -9.193  62.475 0.0000000000
113602  10.701  -9.255  63.191 0.0000000000
47780  10.300  -9.143  64.425 0.0000000000
114388  9.956  -8.972  65.257 0.0000000000
63962  45.371  7.438  23.362 0.0000000000
119384  45.667  7.442  24.996 0.0000000000
63936  45.628  7.479  25.759 0.0000000000
115157  38.331  9.505  34.444 0.0000000000
65828  38.923  9.878  35.016 0.0000000000
66767  39.503  10.180  36.274 0.0000000000
119428  39.967  10.361  36.892 0.0000000000
111252  6.145  -15.799  60.152 0.0000000000
40055  5.925  -16.402  61.525 0.0000000000
123720  5.572  -16.831  63.562 0.0000000000
63831  33.835  7.306  31.918 0.0000000000
63813  33.597  7.239  33.784 0.0000000000
116289  31.309  -5.866  48.118 0.0000000000
51046  30.458  -5.697  48.290 0.0000000000
51045  32.073  -5.771  48.731 0.0000000000
51016  33.316  -5.576  50.262 0.0000000000
50964  22.562  -5.151  55.962 0.0000000000
126559  22.040  -5.580  56.108 0.0000000000
115864  21.511  -5.862  55.756 0.0000000000
50966  20.875  -6.178  55.064 0.0000000000
49947  20.082  -6.835  55.420 0.0000000000
49960  19.385  -6.984  54.820 0.0000000000
112467  18.925  -7.132  54.185 0.0000000000
46909  14.252  -9.294  52.083 0.0000000000
46910  13.672  -9.773  52.511 0.0000000000
116634  13.780  -9.708  53.269 0.0000000000
46896  13.575  -9.738  53.974 0.0000000000
46911  13.133  -10.190  53.174 0.0000000000
117240  22.895  -3.377  48.580 0.0000000000
53250  23.202  -3.410  49.283 0.0000000000
53238  23.481  -3.453  49.963 0.0000000000
117403  23.774  -3.549  50.575 0.0000000000
53207  23.276  -4.018  52.148 0.0000000000
52078  22.452  -4.236  51.210 0.0000000000
52057  22.586  -4.404  52.087 0.0000000000
133097  22.936  -4.313  52.652 0.0000000000
131755  23.110  -4.619  54.654 0.0000000000
130281  52.408  11.787  22.144 0.0000000000
68790  52.449  12.896  23.352 0.0000000000
69747  52.272  14.072  24.448 0.0000000000
69735  52.553  14.883  24.863 0.0000000000
132591  53.215  15.592  25.669 0.0000000000
66863  51.428  10.618  27.098 0.0000000000
67766  52.345  11.222  28.317 0.0000000000
67765  52.829  11.952  28.952 0.0000000000
62911  41.692  6.774  27.382 0.0000000000
63871  43.450  7.581  29.677 0.0000000000
132609  45.199  8.103  31.207 0.0000000000
119011  44.806  9.307  36.300 0.0000000000
65807  44.910  9.084  35.546 0.0000000000
60124  32.445  3.750  35.194 0.0000000000
120222  34.006  3.816  36.733 0.0000000000
59309  35.030  2.827  36.948 0.0000000000
60903  35.146  4.222  37.875 0.0000000000
60897  35.763  4.581  38.483 0.0000000000
53299  35.889  -4.107  45.917 0.0000000000
111737  36.423  -3.597  45.905 0.0000000000
53298  36.615  -2.968  45.238 0.0000000000
53285  37.272  -3.184  46.827 0.0000000000
54253  36.980  -2.999  46.072 0.0000000000
54269  37.049  -2.209  45.662 0.0000000000
129867  37.447  -0.726  45.519 0.0000000000
66980  43.763  10.802  17.426 0.0000000000
66979  44.558  10.592  17.468 0.0000000000
66978  45.385  10.431  17.586 0.0000000000
124251  46.200  10.274  17.775 0.0000000000
66975  48.684  10.293  17.463 0.0000000000
130576  48.937  10.114  18.097 0.0000000000
129257  49.337  10.058  18.734 0.0000000000
120442  49.831  10.158  19.275 0.0000000000
66939  51.550  10.733  20.852 0.0000000000
132432  51.507  12.919  12.244 0.0000000000
69821  50.198  13.266  12.066 0.0000000000
68875  53.166  12.917  12.853 0.0000000000
68874  53.783  13.145  13.349 0.0000000000
68857  53.858  13.171  14.044 0.0000000000
68841  53.041  12.472  15.326 0.0000000000
53233  29.108  -4.153  50.981 0.0000000000
53219  29.643  -4.085  52.135 0.0000000000
53201  30.065  -4.097  52.795 0.0000000000
53173  30.648  -4.045  53.474 0.0000000000
53122  29.026  -3.752  56.509 0.0000000000
53121  29.964  -3.680  56.305 0.0000000000
111583  30.449  -3.674  57.124 0.0000000000
53120  30.930  -3.670  56.493 0.0000000000
125227  19.750  -6.619  49.461 0.0000000000
49886  15.404  -6.502  60.313 0.0000000000
50925  15.784  -6.207  61.139 0.0000000000
50926  15.001  -6.359  61.170 0.0000000000
50901  14.888  -5.994  62.495 0.0000000000
49888  13.747  -6.933  60.847 0.0000000000
50915  14.113  -6.358  62.378 0.0000000000
112153  14.387  -5.930  63.232 0.0000000000
50885  13.897  -5.833  64.104 0.0000000000
48818  11.909  -8.323  60.956 0.0000000000
48797  12.235  -7.259  62.441 0.0000000000
49858  11.814  -7.246  63.077 0.0000000000
67847  48.253  12.077  21.506 0.0000000000
66921  48.645  11.516  22.272 0.0000000000
66899  49.831  10.476  24.432 0.0000000000
66885  50.032  10.192  25.538 0.0000000000
64989  46.592  8.491  22.566 0.0000000000
128738  47.621  8.642  24.467 0.0000000000
66864  50.497  10.083  27.293 0.0000000000
65908  50.345  9.835  28.188 0.0000000000
66848  50.947  9.954  29.805 0.0000000000
66838  50.903  9.791  30.656 0.0000000000
64886  39.782  8.291  30.798 0.0000000000
64857  40.350  8.500  31.530 0.0000000000
65853  41.128  9.027  32.837 0.0000000000
65854  40.255  9.182  32.744 0.0000000000
65837  42.329  9.089  33.680 0.0000000000
122784  43.285  9.219  34.896 0.0000000000
66798  40.347  10.017  34.635 0.0000000000
66797  40.964  10.045  35.024 0.0000000000
66785  41.655  9.975  35.547 0.0000000000
65809  42.517  9.577  35.382 0.0000000000
65808  43.421  9.414  35.679 0.0000000000
65791  44.178  9.362  35.979 0.0000000000
58424  34.742  1.122  39.340 0.0000000000
120681  39.952  -2.894  50.847 0.0000000000
54204  40.002  -2.489  50.040 0.0000000000
55215  40.720  -2.200  50.002 0.0000000000
123724  43.269  11.094  18.143 0.0000000000
133050  44.416  11.497  18.793 0.0000000000
67883  45.431  12.371  19.848 0.0000000000
67871  45.026  12.343  19.964 0.0000000000
67869  46.594  12.463  20.060 0.0000000000
70723  48.130  13.978  12.082 0.0000000000
117155  9.864  -13.378  59.602 0.0000000000
43923  10.079  -12.817  60.936 0.0000000000
42965  9.728  -13.453  60.289 0.0000000000
42960  9.483  -13.576  61.096 0.0000000000
42953  9.386  -13.297  62.562 0.0000000000
125793  8.930  -14.067  61.127 0.0000000000
132486  8.922  -13.812  62.621 0.0000000000
127426  9.034  -13.485  63.236 0.0000000000
42944  8.703  -13.429  64.457 0.0000000000
41094  7.422  -15.415  62.363 0.0000000000
42049  7.703  -14.592  64.652 0.0000000000
42940  8.116  -14.075  64.798 0.0000000000
63894  39.656  7.436  28.646 0.0000000000
132666  38.945  8.114  29.882 0.0000000000
63853  38.955  8.315  30.357 0.0000000000
65865  38.739  9.027  31.814 0.0000000000
65842  37.669  9.164  33.202 0.0000000000
64842  36.641  8.653  32.325 0.0000000000
111022  37.794  9.284  33.936 0.0000000000
119131  37.337  9.227  35.657 0.0000000000
65810  36.829  9.016  35.192 0.0000000000
52176  33.849  -5.128  44.859 0.0000000000
52175  34.582  -4.794  45.215 0.0000000000
51080  33.361  -5.743  46.230 0.0000000000
52159  34.763  -5.005  46.069 0.0000000000
52158  35.511  -4.645  46.372 0.0000000000
52141  36.473  -4.545  47.498 0.0000000000
51042  36.025  -5.388  48.610 0.0000000000
52124  36.622  -4.882  48.233 0.0000000000
53246  37.772  -4.517  49.140 0.0000000000
53245  38.429  -3.914  49.308 0.0000000000
52097  29.648  -4.612  50.500 0.0000000000
52096  30.490  -4.786  50.650 0.0000000000
52095  31.362  -4.951  50.756 0.0000000000
52075  31.670  -4.883  51.576 0.0000000000
52094  32.188  -5.106  50.937 0.0000000000
52093  33.047  -5.310  51.086 0.0000000000
124884  33.797  -5.505  50.831 0.0000000000
53170  34.072  -4.757  54.188 0.0000000000
53169  34.846  -4.775  54.140 0.0000000000
53197  34.333  -4.945  53.453 0.0000000000
52051  34.794  -5.054  52.678 0.0000000000
52072  34.492  -5.268  51.939 0.0000000000
52092  34.642  -5.537  51.074 0.0000000000
52091  35.684  -5.579  50.907 0.0000000000
127253  36.189  -5.373  51.442 0.0000000000
52049  37.273  -4.764  52.152 0.0000000000
52069  37.859  -4.846  51.383 0.0000000000
52088  38.296  -4.683  50.677 0.0000000000
131856  38.786  -4.290  50.741 0.0000000000
50910  24.231  -5.593  61.209 0.0000000000
50922  24.445  -5.426  60.480 0.0000000000
50911  23.408  -5.936  61.294 0.0000000000
49865  22.584  -6.392  61.234 0.0000000000
120408  21.798  -6.710  61.103 0.0000000000
129026  22.331  -6.011  58.477 0.0000000000
50934  21.954  -6.441  58.864 0.0000000000
49894  22.065  -6.500  59.641 0.0000000000
112783  21.069  -6.885  61.059 0.0000000000
116753  19.811  -7.031  60.894 0.0000000000
49882  19.105  -6.897  60.731 0.0000000000
49895  19.187  -7.247  59.288 0.0000000000
111586  18.720  -7.003  60.026 0.0000000000
49883  18.286  -6.752  60.721 0.0000000000
49884  17.734  -6.829  60.025 0.0000000000
49885  16.187  -6.554  59.845 0.0000000000
49998  19.552  -6.831  50.354 0.0000000000
49989  19.622  -6.700  51.369 0.0000000000
49990  19.043  -7.146  51.747 0.0000000000
48977  18.513  -7.566  51.188 0.0000000000
49981  18.939  -7.137  52.594 0.0000000000
49972  18.724  -7.221  53.431 0.0000000000
49973  18.198  -7.387  54.088 0.0000000000
47954  16.357  -8.468  51.235 0.0000000000
118350  16.879  -8.122  51.586 0.0000000000
47938  15.845  -8.383  52.622 0.0000000000
48925  17.005  -7.755  53.168 0.0000000000
48906  17.376  -7.523  53.989 0.0000000000
49962  17.719  -7.441  54.602 0.0000000000
49950  17.553  -7.418  55.257 0.0000000000
128679  17.106  -7.197  56.547 0.0000000000
49952  15.975  -7.353  55.809 0.0000000000
113299  16.571  -7.002  56.908 0.0000000000
49925  16.731  -6.950  57.536 0.0000000000
49912  16.505  -6.866  58.209 0.0000000000
49898  16.300  -6.709  59.024 0.0000000000
49899  15.497  -6.672  59.331 0.0000000000
48856  13.843  -7.813  57.823 0.0000000000
48843  13.686  -7.672  58.656 0.0000000000
48857  13.236  -8.211  58.227 0.0000000000
47865  12.683  -8.652  58.648 0.0000000000
46835  12.310  -9.272  58.276 0.0000000000
46884  13.326  -9.654  54.754 0.0000000000
46873  13.102  -9.603  55.383 0.0000000000
46874  12.700  -9.929  55.769 0.0000000000
45825  12.314  -10.661  55.304 0.0000000000
46860  12.619  -9.694  56.608 0.0000000000
46836  11.896  -9.744  58.745 0.0000000000
118687  11.680  -10.523  58.478 0.0000000000
45793  11.271  -11.076  59.062 0.0000000000
43935  10.191  -13.047  59.183 0.0000000000
43946  9.973  -13.245  57.400 0.0000000000
43941  10.086  -13.212  58.382 0.0000000000
42969  9.687  -13.599  58.943 0.0000000000
42087  8.182  -14.562  58.699 0.0000000000
51086  27.833  -5.539  46.149 0.0000000000
51067  28.047  -5.412  47.012 0.0000000000
52127  28.457  -4.939  48.695 0.0000000000
52114  27.976  -4.540  49.208 0.0000000000
52146  26.040  -4.170  47.003 0.0000000000
118460  25.339  -3.445  48.179 0.0000000000
53260  26.164  -3.997  47.949 0.0000000000
53247  27.934  -4.205  49.966 0.0000000000
53222  27.283  -3.450  52.074 0.0000000000
110379  27.139  -3.511  54.975 0.0000000000
54195  24.269  -3.476  50.926 0.0000000000
54168  25.297  -3.565  52.834 0.0000000000
53177  24.743  -3.696  53.439 0.0000000000
54152  26.127  -3.456  53.707 0.0000000000
53156  26.509  -3.536  54.931 0.0000000000
131141  27.290  -3.613  55.505 0.0000000000
53110  26.757  -4.020  57.551 0.0000000000
53097  26.593  -4.369  58.486 0.0000000000
53098  26.086  -4.318  57.850 0.0000000000
51990  26.779  -4.438  59.133 0.0000000000
53088  27.033  -4.350  59.786 0.0000000000
116329  16.156  -5.955  61.883 0.0000000000
50899  16.520  -5.793  62.730 0.0000000000
44810  10.199  -12.359  61.809 0.0000000000
129101  10.185  -11.970  62.450 0.0000000000
44804  10.296  -11.331  62.811 0.0000000000
125417  9.735  -11.855  63.960 0.0000000000
120713  9.952  -11.247  63.637 0.0000000000
46764  9.960  -9.727  64.662 0.0000000000
67820  50.623  12.258  24.115 0.0000000000
68764  51.544  13.455  24.231 0.0000000000
70664  52.651  15.326  25.435 0.0000000000
71525  53.601  15.721  25.972 0.0000000000
69712  53.340  14.299  27.611 0.0000000000
70646  53.336  15.058  26.856 0.0000000000
70651  53.824  15.530  26.429 0.0000000000
70650  54.425  15.274  26.465 0.0000000000
62943  43.773  6.490  24.876 0.0000000000
132282  43.285  6.887  27.244 0.0000000000
115223  44.463  7.500  28.753 0.0000000000
112211  44.325  7.316  27.778 0.0000000000
63908  45.232  7.521  27.419 0.0000000000
63921  46.074  7.776  27.125 0.0000000000
65891  48.547  8.752  29.361 0.0000000000
120513  49.066  8.963  30.018 0.0000000000
65877  49.617  9.146  30.559 0.0000000000
65876  50.228  9.372  31.019 0.0000000000
128488  50.815  9.692  31.474 0.0000000000
64854  42.985  8.273  31.636 0.0000000000
64853  43.876  8.239  31.678 0.0000000000
120505  44.753  8.222  31.773 0.0000000000
64852  45.612  8.206  31.837 0.0000000000
65821  45.390  8.792  34.847 0.0000000000
64805  45.890  8.594  34.218 0.0000000000
117935  46.993  8.808  35.155 0.0000000000
64804  46.726  8.610  34.334 0.0000000000
116504  47.019  8.281  32.310 0.0000000000
111604  47.919  8.418  32.101 0.0000000000
65851  48.584  8.660  32.452 0.0000000000
65833  49.541  9.148  33.343 0.0000000000
65850  49.354  9.025  32.399 0.0000000000
131168  50.756  9.666  32.180 0.0000000000
66827  51.367  10.152  32.021 0.0000000000
60912  32.355  4.579  35.142 0.0000000000
61863  32.730  5.109  35.520 0.0000000000
61875  32.888  5.898  35.240 0.0000000000
62834  33.135  6.607  34.966 0.0000000000
63805  33.560  7.159  34.669 0.0000000000
63795  34.920  8.057  35.535 0.0000000000
53320  35.274  -3.346  43.480 0.0000000000
54299  35.436  -2.652  43.197 0.0000000000
56339  34.373  0.073  40.700 0.0000000000
57353  35.086  0.323  41.811 0.0000000000
57367  34.932  0.556  41.181 0.0000000000
57379  34.624  0.675  40.472 0.0000000000
58423  35.732  1.230  39.477 0.0000000000
55238  39.275  -1.308  48.416 0.0000000000
56238  40.578  -0.763  48.643 0.0000000000
56240  39.492  -0.644  48.103 0.0000000000
55263  38.356  -0.897  47.042 0.0000000000
132469  38.131  -0.697  46.615 0.0000000000
56274  37.714  -0.004  45.402 0.0000000000
111415  40.665  0.205  47.064 0.0000000000
57298  40.834  0.676  45.598 0.0000000000
127825  40.067  0.537  46.476 0.0000000000
57301  37.968  0.662  45.221 0.0000000000
56284  37.465  0.365  44.886 0.0000000000
58381  36.675  1.170  43.350 0.0000000000
58379  37.982  1.363  43.413 0.0000000000
58394  37.348  1.383  42.932 0.0000000000
58395  36.598  1.283  42.542 0.0000000000
119050  36.560  1.542  38.889 0.0000000000
121884  37.698  2.570  39.200 0.0000000000
60102  37.253  2.829  38.739 0.0000000000
60093  36.961  3.669  38.825 0.0000000000
60891  36.505  4.433  38.923 0.0000000000
60065  40.368  3.311  42.682 0.0000000000
60074  39.110  3.897  40.877 0.0000000000
60874  39.334  4.558  41.518 0.0000000000
60883  37.826  4.299  39.751 0.0000000000
61827  37.207  4.995  39.729 0.0000000000
61829  36.019  5.958  39.027 0.0000000000
62756  36.183  6.622  39.070 0.0000000000
63737  36.542  7.349  39.254 0.0000000000
63717  37.135  7.206  40.016 0.0000000000
69809  47.531  13.320  13.573 0.0000000000
130156  49.857  11.865  14.579 0.0000000000
67946  49.783  11.519  15.097 0.0000000000
67910  52.221  11.656  16.452 0.0000000000
66986  49.956  10.748  16.929 0.0000000000
67904  50.765  10.947  17.071 0.0000000000
67902  52.762  11.868  17.056 0.0000000000
68820  54.465  12.522  18.336 0.0000000000
48829  12.830  -7.887  59.831 0.0000000000
49844  11.877  -6.780  63.957 0.0000000000
50898  17.285  -5.864  62.693 0.0000000000
50965  22.100  -5.440  55.570 0.0000000000
52021  23.445  -4.505  55.072 0.0000000000
52039  22.885  -4.474  53.258 0.0000000000
53064  28.398  -3.888  60.961 0.0000000000
53155  29.231  -3.725  54.211 0.0000000000
53157  25.875  -3.549  54.512 0.0000000000
53175  28.088  -3.584  53.511 0.0000000000
53220  29.249  -4.015  51.608 0.0000000000
53232  39.334  -3.679  50.697 0.0000000000
54217  38.886  -2.921  49.169 0.0000000000
54221  23.402  -3.266  48.712 0.0000000000
56222  40.847  -1.138  49.147 0.0000000000
56239  40.128  -0.500  48.301 0.0000000000
56262  38.582  -0.125  46.621 0.0000000000
57255  40.387  -0.476  48.217 0.0000000000
57256  40.079  -0.153  47.735 0.0000000000
57285  38.957  0.426  46.339 0.0000000000
58359  40.256  1.314  44.137 0.0000000000
58380  36.974  1.057  44.045 0.0000000000
59291  37.750  1.938  39.540 0.0000000000
68775  54.752  13.654  23.614 0.0000000000
69748  51.684  13.575  24.383 0.0000000000
70652  53.060  15.574  26.021 0.0000000000
70663  53.831  15.616  25.679 0.0000000000
70670  53.263  15.401  25.239 0.0000000000
71515  54.121  15.674  26.068 0.0000000000
113275  17.312  -7.355  55.973 0.0000000000
116890  21.875  -6.240  58.237 0.0000000000
117273  38.258  -4.011  52.780 0.0000000000
119546  16.987  -5.717  63.105 0.0000000000
123204  36.702  4.917  39.320 0.0000000000
124566  14.735  -6.306  61.857 0.0000000000
125538  39.186  0.976  45.552 0.0000000000
129356  36.406  6.169  39.304 0.0000000000
131591  27.347  -3.946  57.588 0.0000000000
