#!ascii label  , from subject sub-v1s10x0050959_ses-1 vox2ras=TkReg
896
25268  38.780  -56.117  -41.236 0.3000000119
33765  37.111  -46.826  -40.523 0.6000000238
36186  35.854  -43.043  -40.009 0.6999999881
36181  35.649  -43.304  -39.587 0.6999999881
25286  38.529  -55.811  -41.734 0.4000000060
30312  37.118  -50.878  -43.605 0.4000000060
25295  39.537  -55.476  -42.478 0.5000000000
25294  40.263  -55.415  -42.127 0.5000000000
33766  36.495  -46.344  -40.132 0.6999999881
109135  36.963  -45.874  -40.411 0.5000000000
35297  36.549  -44.107  -40.401 0.6000000238
36185  36.334  -43.265  -40.283 0.6000000238
36979  36.131  -42.329  -40.146 0.6999999881
36974  35.673  -42.399  -39.600 0.6999999881
26271  38.682  -54.710  -42.917 0.5000000000
119617  37.609  -51.337  -43.839 0.4000000060
25296  38.977  -55.421  -42.446 0.6000000238
31280  36.922  -49.648  -42.549 0.4000000060
31269  37.290  -49.029  -41.890 0.5000000000
26280  39.715  -54.611  -44.266 0.6000000238
31270  36.441  -49.224  -41.949 0.6000000238
110331  37.175  -48.171  -41.036 0.6000000238
99767  40.201  -55.108  -43.949 0.6000000238
116331  37.797  -46.911  -40.926 0.6000000238
34536  36.793  -44.975  -40.414 0.6000000238
36184  37.201  -43.481  -40.530 0.6000000238
119527  37.514  -40.782  -40.314 0.6999999881
102425  36.851  -41.984  -40.329 0.6999999881
103425  37.210  -41.377  -40.327 0.6999999881
37777  36.360  -41.431  -40.114 0.6999999881
100559  35.654  -40.722  -39.298 0.6999999881
110396  37.352  -40.132  -40.152 0.6999999881
38608  36.539  -39.988  -39.776 0.6999999881
39440  36.427  -39.232  -39.487 0.6999999881
40299  37.556  -38.685  -39.987 0.6999999881
26272  38.033  -54.102  -42.369 0.5000000000
27244  37.863  -53.122  -43.638 0.5000000000
28222  37.148  -52.792  -43.066 0.5000000000
30302  37.445  -50.096  -43.096 0.4000000060
119699  39.104  -53.964  -44.309 0.5000000000
31279  37.837  -49.414  -42.478 0.5000000000
32152  37.830  -48.020  -41.370 0.6000000238
26284  40.198  -54.242  -44.468 0.6000000238
27247  39.757  -53.558  -44.542 0.5000000000
29267  39.706  -51.932  -44.255 0.5000000000
33772  37.719  -46.257  -40.744 0.6999999881
35296  37.587  -44.414  -40.659 0.6000000238
34535  37.627  -45.426  -40.664 0.6999999881
101138  37.731  -42.879  -40.577 0.6000000238
37776  38.051  -41.231  -40.478 0.6000000238
104187  37.729  -42.083  -40.501 0.6000000238
38607  38.148  -40.434  -40.436 0.6000000238
39445  38.079  -39.496  -40.321 0.6999999881
114099  35.941  -39.854  -39.314 0.6999999881
40298  38.455  -38.589  -40.347 0.6000000238
40300  36.884  -38.752  -39.644 0.6999999881
40293  36.468  -38.516  -39.307 0.6999999881
30311  37.948  -50.648  -43.479 0.4000000060
27243  38.522  -53.589  -44.029 0.5000000000
29264  37.844  -51.929  -44.078 0.4000000060
31278  38.884  -49.129  -42.621 0.5000000000
100443  38.584  -47.935  -41.633 0.6000000238
28234  38.319  -52.689  -44.155 0.4000000060
32965  38.179  -47.367  -41.252 0.6000000238
28239  39.173  -52.678  -44.434 0.4000000060
103930  38.379  -51.271  -43.843 0.4000000060
30310  39.387  -51.158  -43.833 0.4000000060
103748  40.197  -50.092  -43.554 0.4000000060
34542  38.277  -45.855  -40.913 0.6999999881
113797  38.522  -44.335  -40.890 0.6000000238
36183  38.233  -43.524  -40.745 0.6000000238
37775  38.890  -40.901  -40.663 0.6000000238
36977  38.482  -42.622  -40.714 0.6000000238
107621  38.944  -40.045  -40.633 0.6000000238
40287  36.159  -38.312  -38.891 0.6999999881
40292  37.102  -38.038  -39.626 0.6999999881
41227  37.932  -37.936  -40.068 0.6000000238
116715  37.595  -37.431  -39.748 0.6000000238
103799  38.894  -50.466  -43.485 0.4000000060
30301  38.335  -49.885  -43.080 0.4000000060
32964  38.981  -47.265  -41.471 0.6999999881
30300  39.201  -49.757  -43.190 0.4000000060
34541  39.117  -45.826  -41.246 0.8000000119
29263  40.519  -51.154  -43.910 0.5000000000
34534  38.400  -45.099  -40.917 0.6999999881
36192  39.008  -43.115  -40.914 0.6000000238
37780  39.606  -41.420  -40.906 0.5000000000
36983  39.449  -42.363  -40.977 0.6000000238
40288  35.839  -38.728  -38.620 0.6999999881
41224  41.126  -37.489  -40.980 0.6000000238
40297  39.423  -38.429  -40.616 0.6000000238
41221  36.566  -37.793  -39.157 0.8000000119
41215  36.293  -37.644  -38.658 0.8000000119
41225  39.870  -37.631  -40.660 0.6000000238
41226  38.821  -37.784  -40.370 0.6000000238
32158  39.503  -47.839  -41.926 0.5000000000
32151  38.997  -48.425  -42.082 0.6000000238
111179  40.013  -48.550  -42.587 0.5000000000
32967  42.172  -47.761  -42.519 0.6999999881
31276  40.911  -49.129  -43.250 0.4000000060
35304  39.330  -44.819  -41.193 0.6999999881
36191  39.802  -43.240  -41.223 0.6999999881
112869  40.623  -41.122  -41.236 0.6000000238
119111  40.230  -41.849  -41.170 0.6000000238
39443  40.601  -39.644  -41.082 0.6000000238
41211  36.126  -37.306  -38.010 0.6000000238
102427  40.034  -39.037  -40.848 0.6000000238
41220  37.096  -37.238  -39.389 0.6999999881
42104  36.682  -37.003  -38.863 0.6999999881
110578  40.335  -36.885  -40.677 0.6999999881
103213  39.216  -36.984  -40.380 0.6999999881
42102  37.757  -36.745  -39.635 0.6999999881
32968  40.716  -47.718  -42.352 0.5000000000
105367  39.979  -47.136  -41.730 0.6000000238
33768  43.066  -46.427  -41.620 0.6999999881
34540  39.953  -45.481  -41.405 0.6999999881
32962  42.917  -47.186  -42.055 0.6999999881
32156  42.671  -48.431  -42.766 0.6999999881
35303  40.101  -44.155  -41.328 0.6999999881
36982  40.528  -42.545  -41.317 0.6000000238
41200  35.441  -37.649  -36.719 0.5000000000
40303  41.225  -38.860  -41.172 0.6000000238
38611  41.259  -40.271  -41.292 0.6000000238
42095  36.275  -36.454  -37.360 0.5000000000
42982  37.875  -35.231  -39.120 0.6000000238
42973  37.079  -35.317  -38.096 0.5000000000
43846  37.434  -34.525  -37.912 0.5000000000
42106  41.587  -36.732  -41.021 0.6999999881
107620  40.344  -35.616  -40.512 0.6999999881
42108  38.642  -36.273  -39.935 0.6999999881
43849  38.352  -34.596  -39.208 0.5000000000
108147  41.106  -35.121  -40.654 0.6999999881
43858  40.033  -34.691  -40.208 0.6000000238
33770  40.315  -46.295  -41.568 0.6000000238
33769  41.885  -46.341  -41.731 0.6999999881
34539  41.009  -45.529  -41.561 0.6000000238
34537  43.625  -46.002  -41.347 0.6999999881
107622  40.297  -44.917  -41.410 0.6999999881
37779  41.256  -41.775  -41.393 0.6999999881
36190  40.951  -43.471  -41.422 0.6999999881
106407  41.969  -40.903  -41.425 0.6000000238
42084  35.817  -36.186  -36.279 0.4000000060
38610  42.701  -40.006  -41.447 0.5000000000
99009  36.875  -34.988  -37.326 0.4000000060
42105  42.758  -36.433  -41.054 0.6000000238
40295  41.876  -38.105  -41.220 0.6000000238
110444  37.442  -35.241  -38.618 0.5000000000
43853  39.094  -34.623  -39.631 0.5000000000
44740  38.746  -33.887  -39.223 0.4000000060
42985  42.356  -35.449  -40.919 0.6000000238
43856  41.760  -34.595  -40.666 0.6999999881
43857  40.815  -34.409  -40.446 0.6000000238
44745  40.344  -33.942  -40.165 0.5000000000
34538  42.587  -45.564  -41.582 0.6000000238
35301  43.008  -44.623  -41.500 0.6999999881
35302  41.413  -44.567  -41.517 0.6999999881
35290  44.017  -44.275  -40.797 0.6999999881
36187  44.049  -43.909  -41.046 0.6999999881
36189  42.323  -43.676  -41.501 0.6000000238
36981  41.951  -42.599  -41.475 0.6000000238
40301  43.159  -38.659  -41.186 0.6000000238
109479  43.391  -39.823  -41.259 0.5000000000
40302  42.501  -38.692  -41.309 0.6000000238
41223  42.477  -37.385  -41.195 0.6000000238
41228  42.999  -38.090  -41.205 0.6000000238
115297  38.250  -34.033  -38.841 0.4000000060
44735  37.955  -33.818  -38.231 0.5000000000
44731  37.517  -33.576  -37.407 0.4000000060
42984  43.295  -35.371  -40.617 0.6000000238
44734  38.429  -33.364  -38.650 0.4000000060
43855  42.818  -34.872  -40.771 0.6000000238
44744  41.173  -33.674  -40.427 0.5000000000
36188  43.539  -43.842  -41.317 0.6999999881
105658  43.176  -42.954  -41.392 0.6000000238
105866  43.580  -42.825  -40.428 0.6999999881
36980  43.686  -42.285  -41.104 0.6000000238
116877  43.085  -42.155  -41.404 0.6000000238
98916  42.725  -42.920  -39.718 0.6999999881
37778  43.513  -41.451  -41.247 0.5000000000
40289  43.160  -38.009  -41.067 0.6000000238
39442  43.257  -39.191  -41.140 0.6000000238
42100  43.143  -36.268  -40.785 0.5000000000
111150  43.615  -34.535  -40.587 0.6000000238
44743  42.534  -33.901  -40.611 0.5000000000
37770  42.946  -41.295  -39.971 0.6999999881
38600  43.506  -40.705  -40.692 0.6999999881
100367  43.313  -39.678  -40.722 0.6000000238
100032  43.234  -38.606  -40.915 0.5000000000
42101  42.791  -36.469  -39.934 0.6000000238
117055  43.023  -37.931  -40.737 0.6000000238
42977  43.255  -35.721  -39.808 0.6000000238
42979  44.526  -34.599  -39.835 0.6000000238
44742  43.728  -33.533  -40.553 0.5000000000
111758  42.309  -51.886  -43.957 0.5000000000
31284  42.368  -49.850  -43.406 0.5000000000
30299  42.680  -50.297  -43.227 0.5000000000
31283  42.645  -50.109  -43.280 0.5000000000
32956  42.819  -47.743  -41.481 0.6999999881
109995  42.905  -48.836  -42.903 0.5000000000
31266  42.873  -48.988  -42.659 0.5000000000
33767  43.320  -46.669  -41.429 0.6999999881
32961  43.104  -47.582  -41.994 0.6999999881
33763  43.739  -46.087  -41.183 0.6999999881
25267  39.496  -55.761  -40.557 0.3000000119
37772  35.818  -41.498  -39.732 0.6999999881
38603  36.059  -40.689  -39.762 0.6999999881
39437  35.745  -39.377  -38.810 0.6999999881
39444  39.671  -39.701  -40.793 0.6000000238
119250  36.396  -37.180  -38.470 0.6000000238
42981  38.515  -35.359  -39.547 0.6999999881
42978  36.975  -36.022  -38.608 0.6000000238
42986  39.352  -35.465  -40.036 0.6999999881
42974  36.676  -35.814  -37.788 0.5000000000
42964  36.419  -35.529  -36.799 0.5000000000
44738  40.357  -33.182  -39.986 0.5000000000
106182  42.569  -41.588  -41.448 0.5000000000
36975  43.743  -42.090  -40.857 0.6999999881
42980  43.707  -35.136  -40.309 0.6000000238
42983  44.129  -34.647  -40.290 0.6000000238
37774  43.774  -41.115  -40.981 0.6000000238
41217  43.132  -37.314  -40.865 0.6000000238
33759  42.025  -46.606  -39.926 0.6000000238
115692  38.718  -46.340  -38.100 0.6000000238
35275  37.977  -44.774  -36.950 0.4000000060
33750  40.349  -45.904  -38.910 0.5000000000
32957  42.644  -47.118  -40.652 0.6000000238
32154  36.096  -49.010  -41.200 0.5000000000
119631  37.859  -45.541  -37.035 0.4000000060
32960  36.136  -48.014  -40.175 0.5000000000
106445  39.990  -47.579  -39.332 0.5000000000
35264  37.105  -44.202  -35.832 0.4000000060
104712  36.500  -48.444  -40.746 0.5000000000
32952  35.746  -47.510  -39.651 0.5000000000
33751  39.472  -46.485  -38.623 0.6000000238
32959  36.368  -47.148  -40.109 0.5000000000
33760  41.157  -46.300  -39.445 0.5000000000
33758  42.926  -46.329  -40.368 0.6000000238
34499  36.700  -44.815  -35.208 0.4000000060
35255  36.313  -44.517  -34.464 0.4000000060
34510  38.404  -45.195  -37.388 0.4000000060
32132  34.478  -48.250  -38.362 0.5000000000
34519  39.514  -45.522  -38.326 0.5000000000
112836  35.427  -47.116  -39.154 0.5000000000
32947  34.987  -47.309  -38.479 0.5000000000
34529  41.251  -45.522  -39.262 0.6000000238
34528  42.264  -45.284  -39.607 0.6000000238
34533  43.743  -45.810  -40.786 0.6000000238
35293  36.166  -44.625  -40.160 0.5000000000
34520  35.378  -45.391  -38.835 0.5000000000
33744  34.874  -46.712  -38.022 0.4000000060
35282  40.661  -44.278  -38.716 0.5000000000
34518  40.513  -45.074  -38.719 0.5000000000
35292  41.411  -44.746  -39.169 0.6000000238
36171  41.479  -43.958  -39.160 0.6000000238
34527  43.338  -45.196  -40.165 0.6000000238
36180  42.316  -43.641  -39.519 0.6000000238
112908  43.584  -44.565  -40.302 0.6000000238
35270  37.547  -44.482  -36.420 0.4000000060
35265  36.650  -43.915  -35.196 0.4000000060
35284  35.390  -44.531  -38.788 0.5000000000
35285  35.101  -45.098  -37.962 0.5000000000
34513  33.876  -46.100  -36.857 0.4000000060
105689  35.607  -44.028  -39.438 0.6000000238
110671  34.428  -46.460  -37.392 0.4000000060
36162  39.397  -43.858  -37.896 0.6000000238
36172  39.965  -43.195  -38.345 0.6000000238
36967  40.659  -42.596  -38.807 0.6000000238
36170  41.564  -43.135  -39.234 0.6000000238
36133  35.912  -43.966  -33.892 0.4000000060
102611  35.101  -44.260  -37.885 0.5000000000
35276  34.474  -44.787  -37.269 0.4000000060
34506  32.990  -45.702  -36.548 0.4000000060
36156  37.934  -43.253  -36.903 0.6000000238
35269  38.022  -43.945  -36.927 0.4000000060
36959  38.780  -42.299  -37.740 0.6000000238
34509  39.126  -44.815  -37.807 0.6000000238
113703  40.114  -43.869  -38.381 0.5000000000
37767  39.181  -41.681  -38.171 0.6000000238
36973  41.916  -42.140  -39.465 0.6000000238
35245  35.625  -44.268  -33.128 0.4000000060
36153  36.602  -43.059  -35.204 0.4000000060
36174  35.319  -42.770  -38.140 0.6000000238
36165  34.445  -43.959  -37.263 0.5000000000
35271  32.853  -44.814  -36.596 0.5000000000
34507  32.167  -45.529  -36.705 0.5000000000
36952  37.508  -42.774  -36.473 0.4000000060
103409  36.939  -42.528  -35.814 0.4000000060
113808  37.670  -42.115  -36.845 0.5000000000
104998  37.897  -40.915  -37.406 0.5000000000
38587  38.448  -40.363  -37.929 0.5000000000
37766  39.888  -41.458  -38.591 0.6000000238
38596  40.627  -40.880  -39.127 0.6000000238
37771  41.720  -41.150  -39.468 0.6000000238
36943  35.897  -42.350  -34.041 0.4000000060
36146  35.924  -43.141  -34.014 0.4000000060
114638  35.670  -42.768  -33.500 0.4000000060
101578  35.352  -42.807  -32.654 0.4000000060
38599  35.566  -40.055  -38.827 0.6000000238
37736  35.790  -41.448  -34.012 0.4000000060
105470  36.247  -42.722  -34.609 0.4000000060
36960  34.890  -42.169  -37.419 0.6000000238
118916  33.612  -43.036  -36.667 0.5000000000
36158  32.423  -44.031  -36.690 0.4000000060
36948  36.757  -41.761  -35.728 0.4000000060
37756  38.055  -41.789  -37.337 0.5000000000
104906  39.116  -40.940  -38.285 0.5000000000
38597  39.767  -40.500  -38.685 0.6000000238
38602  41.532  -40.339  -39.499 0.6000000238
36929  35.181  -41.757  -32.467 0.4000000060
114736  35.395  -40.883  -38.476 0.6000000238
37757  35.167  -41.428  -37.629 0.6000000238
36961  34.018  -42.395  -36.675 0.5000000000
36159  31.698  -43.889  -36.979 0.5000000000
37735  36.179  -41.198  -34.771 0.4000000060
37746  36.928  -41.060  -36.257 0.4000000060
38581  36.952  -40.243  -36.369 0.5000000000
38588  37.789  -39.967  -37.337 0.5000000000
39435  39.493  -39.466  -38.586 0.5000000000
102332  34.820  -41.701  -31.684 0.4000000060
105301  35.133  -40.761  -37.413 0.6000000238
37747  34.481  -41.494  -36.757 0.5000000000
99982  33.457  -41.818  -36.170 0.5000000000
38580  37.347  -40.548  -36.852 0.5000000000
40280  37.831  -38.987  -37.183 0.4000000060
40286  38.776  -38.873  -38.127 0.4000000060
39434  40.327  -38.844  -39.053 0.4000000060
118925  41.447  -39.793  -39.510 0.6000000238
102206  42.734  -39.069  -40.302 0.4000000060
37723  34.917  -41.002  -31.948 0.4000000060
37722  35.242  -40.787  -32.715 0.4000000060
39427  35.577  -39.065  -38.267 0.6000000238
38565  35.557  -40.546  -33.565 0.4000000060
109815  35.641  -38.477  -38.017 0.5000000000
38590  35.127  -40.097  -37.260 0.5000000000
37748  33.797  -41.167  -36.012 0.5000000000
37749  32.415  -41.886  -36.071 0.4000000060
38582  34.503  -40.550  -36.481 0.4000000060
39417  37.302  -39.513  -36.625 0.5000000000
40270  37.645  -38.459  -36.481 0.5000000000
40279  38.193  -38.182  -37.056 0.6000000238
40285  39.489  -38.378  -38.434 0.4000000060
40284  40.206  -37.988  -38.807 0.4000000060
40291  41.196  -38.122  -39.402 0.4000000060
41210  39.376  -37.269  -37.430 0.5000000000
114445  35.418  -38.322  -37.218 0.5000000000
118329  35.061  -38.922  -36.747 0.6000000238
41201  35.031  -38.159  -36.303 0.4000000060
42099  40.449  -36.941  -38.382 0.5000000000
41218  42.297  -37.376  -39.844 0.5000000000
41198  39.378  -37.245  -36.514 0.5000000000
115834  38.710  -37.534  -36.875 0.5000000000
42083  39.832  -36.924  -37.234 0.5000000000
42094  40.004  -36.855  -37.900 0.5000000000
38562  35.330  -40.059  -32.912 0.4000000060
42976  44.054  -35.106  -39.491 0.5000000000
42098  41.361  -36.631  -38.961 0.5000000000
104107  40.207  -37.007  -36.672 0.5000000000
101383  35.008  -37.394  -35.815 0.4000000060
42972  43.073  -35.506  -38.999 0.4000000060
42097  42.031  -36.078  -38.843 0.5000000000
104302  41.422  -36.315  -38.070 0.5000000000
42082  40.592  -36.658  -37.503 0.5000000000
42081  41.807  -36.635  -37.405 0.5000000000
42080  43.678  -37.215  -37.353 0.4000000060
35294  35.727  -44.795  -39.623 0.5000000000
102296  35.503  -42.867  -39.055 0.6000000238
33762  35.886  -46.487  -39.638 0.6000000238
99235  35.512  -41.574  -39.160 0.6000000238
32153  36.847  -48.743  -41.340 0.5000000000
41212  35.717  -37.834  -37.626 0.5000000000
39438  42.333  -39.729  -39.871 0.6000000238
110384  41.571  -39.096  -39.572 0.4000000060
33753  35.324  -46.361  -38.832 0.5000000000
34531  35.691  -45.679  -39.432 0.5000000000
34512  34.487  -45.629  -37.304 0.4000000060
118996  33.452  -45.868  -36.667 0.4000000060
36163  38.601  -43.321  -37.405 0.6000000238
116299  35.063  -43.541  -37.779 0.6000000238
35277  33.716  -44.436  -36.820 0.4000000060
36949  36.526  -42.286  -35.190 0.4000000060
37768  35.374  -41.840  -38.288 0.6000000238
36166  33.705  -43.660  -36.797 0.5000000000
35272  31.970  -44.637  -36.798 0.5000000000
33746  31.256  -46.750  -37.267 0.5000000000
111130  32.097  -43.426  -36.682 0.5000000000
36953  33.088  -42.578  -36.327 0.5000000000
109292  38.335  -38.655  -37.577 0.5000000000
36954  32.224  -42.746  -36.499 0.5000000000
39418  36.842  -39.667  -36.072 0.5000000000
39428  35.320  -39.459  -37.628 0.6000000238
41213  40.747  -37.330  -38.927 0.3000000119
42092  42.819  -36.059  -38.288 0.4000000060
17677  35.737  -63.653  -40.584 0.3000000119
17697  37.053  -64.008  -41.538 0.3000000119
17676  36.476  -63.703  -40.831 0.3000000119
17695  38.648  -63.602  -41.642 0.3000000119
113951  37.770  -63.717  -41.354 0.3000000119
17675  38.055  -63.363  -40.736 0.3000000119
18688  39.415  -63.229  -42.405 0.3000000119
18673  39.504  -63.206  -41.596 0.3000000119
18627  40.309  -62.063  -38.609 0.3000000119
102911  39.254  -62.652  -39.903 0.3000000119
18658  40.078  -62.813  -40.956 0.3000000119
18672  40.217  -62.723  -42.132 0.3000000119
114221  39.505  -62.331  -39.094 0.3000000119
19620  41.427  -61.863  -38.715 0.3000000119
18642  41.110  -62.132  -39.695 0.4000000060
18657  40.992  -62.400  -40.727 0.4000000060
120054  41.908  -61.181  -41.655 0.4000000060
115746  41.564  -61.078  -42.177 0.3000000119
19608  43.530  -61.185  -38.367 0.3000000119
19609  43.004  -61.373  -38.909 0.4000000060
101048  42.730  -61.315  -39.768 0.4000000060
19631  42.061  -61.516  -41.034 0.4000000060
113876  43.154  -61.582  -37.978 0.3000000119
19630  42.204  -60.880  -41.449 0.4000000060
20527  44.693  -60.568  -37.160 0.4000000060
20528  44.089  -61.008  -37.847 0.4000000060
20576  41.793  -60.405  -41.899 0.4000000060
21461  42.070  -59.522  -41.140 0.3000000119
20537  43.850  -60.570  -38.702 0.4000000060
20538  43.340  -60.863  -39.227 0.3000000119
20546  43.076  -60.580  -40.083 0.4000000060
20536  44.353  -60.345  -38.094 0.4000000060
21447  43.107  -59.586  -40.202 0.5000000000
104881  40.910  -54.984  -43.744 0.5000000000
21430  45.815  -59.330  -36.488 0.4000000060
21460  42.770  -59.958  -40.902 0.4000000060
26249  40.844  -54.948  -40.330 0.4000000060
22350  41.396  -58.158  -38.803 0.3000000119
31271  35.539  -49.356  -41.960 0.4000000060
30309  41.486  -50.398  -43.696 0.4000000060
29262  41.727  -51.337  -43.932 0.4000000060
29266  40.694  -52.030  -44.281 0.4000000060
21431  44.961  -59.669  -37.503 0.4000000060
21438  44.210  -59.668  -38.787 0.3000000119
20545  43.550  -60.094  -39.505 0.5000000000
28237  41.561  -52.343  -44.218 0.4000000060
27242  41.391  -54.111  -44.226 0.4000000060
25284  40.219  -55.427  -41.068 0.4000000060
22359  42.999  -58.794  -39.883 0.4000000060
119805  41.797  -54.778  -42.514 0.5000000000
22360  42.283  -58.598  -39.639 0.5000000000
26248  41.835  -54.593  -40.742 0.4000000060
25256  39.784  -55.797  -39.364 0.4000000060
25255  40.722  -55.248  -39.330 0.4000000060
31263  35.297  -49.282  -41.030 0.4000000060
31285  41.505  -49.654  -43.504 0.4000000060
22347  44.808  -58.888  -38.228 0.4000000060
28232  42.390  -52.705  -44.058 0.4000000060
26278  41.620  -54.454  -43.924 0.5000000000
22346  45.467  -58.151  -37.865 0.4000000060
103265  44.171  -58.741  -39.028 0.4000000060
26267  42.603  -54.162  -43.539 0.5000000000
23271  46.277  -57.272  -37.788 0.4000000060
113569  44.674  -58.262  -38.566 0.4000000060
23273  44.140  -57.909  -38.829 0.5000000000
23274  43.105  -57.611  -38.724 0.5000000000
28231  43.209  -53.005  -43.765 0.4000000060
26259  42.714  -54.458  -43.007 0.5000000000
24267  47.005  -56.560  -37.491 0.4000000060
24281  42.666  -56.691  -38.494 0.5000000000
109078  42.347  -54.542  -41.966 0.4000000060
23275  42.079  -57.469  -38.590 0.4000000060
25247  42.112  -55.001  -38.799 0.4000000060
25254  41.478  -54.994  -39.036 0.4000000060
26237  41.482  -54.711  -39.681 0.4000000060
108542  42.862  -52.098  -43.677 0.4000000060
29255  42.799  -51.370  -43.333 0.3000000119
24279  45.621  -56.873  -38.408 0.4000000060
117592  44.662  -57.197  -38.572 0.4000000060
27239  43.819  -53.303  -43.319 0.4000000060
33741  31.909  -46.309  -36.800 0.4000000060
25243  47.327  -55.236  -37.735 0.4000000060
24278  46.645  -56.392  -38.075 0.4000000060
24280  43.736  -56.924  -38.561 0.5000000000
109789  43.356  -55.865  -38.485 0.5000000000
28220  44.292  -53.063  -42.955 0.5000000000
27218  43.544  -54.085  -42.578 0.4000000060
25244  47.009  -55.432  -38.202 0.4000000060
24282  42.274  -55.701  -38.570 0.4000000060
26247  43.040  -54.169  -41.281 0.4000000060
26230  42.030  -54.640  -39.229 0.4000000060
27209  43.804  -53.887  -40.558 0.4000000060
30292  42.777  -49.955  -42.836 0.4000000060
28221  43.546  -52.562  -43.279 0.3000000119
110048  46.044  -56.115  -38.371 0.4000000060
109754  44.701  -56.163  -38.471 0.4000000060
26226  46.870  -54.456  -38.457 0.4000000060
26227  45.544  -54.408  -38.744 0.4000000060
25246  44.254  -55.070  -38.540 0.4000000060
107191  43.079  -54.997  -38.644 0.5000000000
27184  47.216  -54.192  -38.239 0.4000000060
108279  47.101  -54.005  -38.439 0.4000000060
27198  44.652  -53.745  -39.758 0.4000000060
26229  43.064  -54.342  -39.186 0.4000000060
106636  44.373  -53.618  -41.977 0.4000000060
27190  45.563  -53.805  -39.304 0.4000000060
19670  37.793  -60.626  -44.484 0.3000000119
18613  41.054  -62.095  -37.708 0.3000000119
19600  42.569  -61.735  -38.084 0.3000000119
19598  44.424  -61.377  -36.883 0.4000000060
22325  46.225  -58.576  -36.287 0.4000000060
23264  46.441  -57.964  -37.133 0.4000000060
22324  46.585  -57.667  -36.716 0.4000000060
24253  47.155  -56.349  -36.956 0.4000000060
103133  42.793  -50.963  -42.829 0.3000000119
26219  47.438  -54.643  -37.940 0.4000000060
31267  42.199  -49.860  -41.970 0.4000000060
29249  42.595  -51.454  -41.783 0.4000000060
28209  44.147  -52.600  -42.625 0.4000000060
28171  46.381  -52.769  -38.546 0.4000000060
27189  46.675  -53.473  -39.099 0.4000000060
27197  46.080  -53.085  -40.179 0.4000000060
27217  45.190  -53.120  -42.022 0.3000000119
28208  44.904  -52.948  -42.381 0.4000000060
28181  46.483  -52.394  -39.207 0.4000000060
99062  41.010  -55.048  -42.721 0.4000000060
32146  42.143  -48.631  -41.337 0.4000000060
17717  37.308  -64.397  -42.275 0.3000000119
110679  37.168  -63.523  -40.713 0.3000000119
17716  38.571  -63.753  -42.488 0.3000000119
19679  37.910  -60.538  -45.554 0.3000000119
20601  38.600  -60.541  -44.255 0.3000000119
18659  39.000  -63.164  -40.814 0.3000000119
18643  40.174  -62.407  -39.793 0.4000000060
101652  41.025  -62.088  -41.945 0.4000000060
19610  42.305  -61.655  -38.921 0.3000000119
19619  42.050  -61.758  -39.965 0.4000000060
19618  42.605  -60.952  -40.805 0.4000000060
19599  43.693  -61.719  -37.405 0.3000000119
21421  45.959  -59.511  -35.498 0.4000000060
22348  43.495  -58.449  -39.262 0.4000000060
22349  42.583  -58.155  -39.042 0.5000000000
24283  41.634  -56.475  -38.508 0.3000000119
23263  46.908  -57.216  -37.118 0.4000000060
27208  45.206  -53.346  -41.186 0.4000000060
31253  39.780  -49.416  -39.380 0.4000000060
32139  39.755  -48.435  -39.377 0.4000000060
32131  38.614  -48.363  -38.146 0.4000000060
33743  38.160  -46.994  -37.771 0.3000000119
114926  39.486  -47.203  -38.873 0.5000000000
99776  40.515  -48.023  -39.762 0.4000000060
108841  41.165  -47.212  -39.779 0.4000000060
29191  40.686  -51.503  -34.956 0.3000000119
29176  41.042  -50.789  -34.606 0.3000000119
32903  38.088  -47.690  -33.702 0.3000000119
32924  37.679  -47.426  -35.480 0.3000000119
111426  36.508  -45.275  -34.633 0.3000000119
113904  37.105  -45.122  -35.867 0.3000000119
30216  40.299  -49.886  -33.829 0.3000000119
32085  39.694  -48.860  -33.636 0.3000000119
32086  38.911  -48.361  -33.475 0.3000000119
29192  39.720  -51.702  -34.997 0.3000000119
29178  39.420  -51.182  -34.455 0.3000000119
33720  36.954  -46.619  -34.520 0.3000000119
34488  36.277  -45.303  -34.010 0.3000000119
31198  39.681  -49.473  -33.354 0.3000000119
32905  37.076  -47.193  -32.902 0.3000000119
33708  36.821  -46.678  -33.654 0.3000000119
31186  38.509  -49.026  -32.368 0.3000000119
32076  38.135  -48.494  -32.364 0.3000000119
33698  36.278  -46.544  -32.216 0.3000000119
32884  37.045  -47.784  -31.509 0.3000000119
32885  36.298  -47.033  -31.399 0.3000000119
101724  38.482  -49.921  -32.878 0.3000000119
34476  35.964  -45.854  -32.735 0.3000000119
35236  35.390  -44.543  -32.290 0.3000000119
114446  35.111  -43.280  -31.867 0.3000000119
32065  37.493  -48.508  -31.757 0.3000000119
33709  36.527  -46.570  -32.905 0.3000000119
35220  34.791  -44.238  -30.982 0.3000000119
32873  36.010  -47.348  -30.567 0.3000000119
34446  35.165  -45.808  -30.558 0.3000000119
34457  35.309  -45.611  -31.220 0.3000000119
34447  34.893  -45.076  -30.578 0.3000000119
36930  34.925  -42.503  -31.727 0.3000000119
36109  35.131  -44.023  -31.712 0.3000000119
100883  34.527  -42.860  -30.937 0.3000000119
37714  34.579  -41.155  -31.192 0.3000000119
38555  35.054  -40.046  -32.110 0.3000000119
117461  34.452  -40.102  -29.947 0.3000000119
39376  34.648  -39.673  -30.224 0.3000000119
39387  35.081  -38.918  -31.115 0.3000000119
32936  38.125  -47.802  -37.630 0.3000000119
33752  38.722  -47.322  -38.339 0.4000000060
33730  36.768  -45.801  -35.180 0.3000000119
32130  39.167  -48.913  -38.713 0.5000000000
30229  40.039  -50.508  -33.973 0.3000000119
114826  37.222  -47.179  -33.374 0.3000000119
32916  37.538  -47.256  -34.591 0.3000000119
101046  37.175  -46.691  -35.372 0.3000000119
33738  37.407  -46.929  -36.235 0.3000000119
32087  38.443  -48.159  -32.960 0.3000000119
30218  39.206  -50.008  -33.121 0.3000000119
106310  36.017  -45.382  -33.411 0.3000000119
32894  37.498  -47.792  -32.170 0.3000000119
33676  35.216  -46.255  -30.073 0.3000000119
33677  34.934  -45.645  -30.039 0.3000000119
34467  35.496  -45.342  -32.074 0.3000000119
108816  36.597  -47.833  -30.879 0.3000000119
35206  34.418  -44.307  -30.137 0.3000000119
29247  44.880  -52.357  -41.872 0.3000000119
28207  45.451  -52.626  -41.529 0.4000000060
108540  44.820  -51.331  -39.247 0.4000000060
29227  43.977  -51.394  -39.657 0.4000000060
99491  43.575  -51.944  -41.863 0.3000000119
110163  42.790  -51.397  -39.180 0.4000000060
30258  42.675  -50.869  -38.012 0.3000000119
29239  42.679  -51.554  -40.820 0.4000000060
29218  41.688  -51.329  -38.955 0.4000000060
30267  41.336  -50.842  -38.166 0.3000000119
29240  41.656  -51.133  -40.726 0.3000000119
29228  42.014  -51.448  -39.860 0.4000000060
30268  40.454  -50.676  -38.525 0.4000000060
30286  40.814  -50.585  -40.191 0.3000000119
30275  40.503  -50.711  -39.354 0.4000000060
31242  39.506  -49.744  -38.434 0.4000000060
31262  40.754  -49.872  -40.483 0.3000000119
106494  41.023  -49.076  -40.590 0.3000000119
30285  41.382  -50.315  -41.016 0.3000000119
29219  40.922  -51.133  -38.912 0.4000000060
108296  42.962  -51.553  -40.065 0.4000000060
19586  44.826  -61.614  -35.832 0.3000000119
28195  45.953  -52.274  -40.687 0.3000000119
16639  43.602  -64.068  -35.200 0.3000000119
17603  44.075  -63.234  -35.218 0.3000000119
18591  44.506  -62.388  -35.468 0.3000000119
20519  45.153  -60.881  -36.098 0.3000000119
29237  45.531  -51.997  -41.001 0.3000000119
114077  46.572  -52.852  -39.712 0.3000000119
17581  44.326  -63.017  -33.785 0.3000000119
19571  45.123  -61.613  -34.900 0.3000000119
17598  44.580  -62.498  -34.405 0.3000000119
20505  45.830  -60.351  -34.939 0.3000000119
22308  46.138  -59.018  -35.652 0.3000000119
29236  46.012  -51.844  -40.319 0.3000000119
18569  42.334  -62.355  -34.139 0.3000000119
18567  44.436  -62.243  -34.041 0.3000000119
18568  43.702  -62.483  -33.790 0.3000000119
20487  45.501  -60.685  -34.779 0.3000000119
20488  44.714  -61.192  -34.438 0.3000000119
110788  45.913  -59.712  -35.340 0.3000000119
20489  43.452  -61.061  -34.595 0.3000000119
20507  44.079  -60.404  -34.841 0.3000000119
21409  45.803  -60.081  -34.933 0.3000000119
20506  45.149  -60.438  -34.678 0.3000000119
23251  45.789  -57.993  -35.894 0.3000000119
24254  46.377  -56.365  -36.573 0.3000000119
26203  46.295  -54.726  -36.959 0.3000000119
19549  42.878  -61.711  -34.377 0.3000000119
23238  45.980  -58.639  -35.715 0.3000000119
22310  44.275  -58.964  -35.574 0.3000000119
103915  45.977  -57.243  -36.290 0.3000000119
29215  45.865  -51.723  -39.408 0.3000000119
20508  42.746  -60.280  -35.166 0.3000000119
20490  42.207  -60.930  -34.798 0.3000000119
21411  43.419  -59.606  -35.418 0.3000000119
23252  44.622  -57.396  -36.187 0.3000000119
25223  45.628  -55.542  -36.556 0.3000000119
27185  46.826  -53.613  -38.182 0.3000000119
28182  45.912  -52.105  -38.691 0.3000000119
29216  44.532  -51.364  -38.504 0.3000000119
27207  45.677  -52.754  -41.031 0.3000000119
22311  42.970  -58.756  -35.922 0.3000000119
22326  45.152  -58.373  -35.670 0.3000000119
27171  45.874  -53.860  -37.299 0.3000000119
19585  45.450  -61.075  -35.228 0.3000000119
17610  43.408  -63.647  -36.008 0.3000000119
18641  41.590  -62.024  -40.574 0.4000000060
19548  45.046  -61.430  -34.571 0.3000000119
19570  45.582  -60.846  -34.857 0.3000000119
19643  41.580  -61.813  -41.391 0.4000000060
20509  41.600  -60.189  -35.254 0.3000000119
20518  45.786  -60.366  -35.193 0.3000000119
20526  45.502  -60.083  -36.303 0.4000000060
20559  42.275  -60.249  -41.412 0.4000000060
20560  41.815  -59.767  -41.661 0.4000000060
20610  38.291  -60.560  -44.982 0.3000000119
21408  45.971  -60.016  -35.032 0.3000000119
21410  44.815  -59.770  -34.992 0.3000000119
21446  43.593  -59.205  -39.555 0.5000000000
21448  42.404  -59.111  -40.412 0.3000000119
22309  45.644  -59.273  -35.354 0.3000000119
22338  45.693  -58.792  -37.238 0.4000000060
23237  46.348  -58.005  -36.282 0.3000000119
23250  46.883  -57.141  -36.749 0.4000000060
23272  45.105  -57.645  -38.408 0.4000000060
23276  41.060  -57.209  -38.483 0.3000000119
25221  47.278  -55.650  -37.315 0.4000000060
25222  46.910  -55.599  -36.914 0.4000000060
25245  45.725  -55.243  -38.477 0.4000000060
25248  40.414  -55.797  -38.850 0.4000000060
25266  40.148  -55.335  -39.988 0.4000000060
25285  39.506  -55.729  -41.656 0.5000000000
26202  47.277  -55.031  -37.512 0.3000000119
26220  47.135  -54.325  -37.753 0.4000000060
26225  47.370  -54.558  -38.104 0.4000000060
26228  44.203  -54.408  -38.866 0.4000000060
26236  42.431  -54.290  -39.998 0.4000000060
26260  41.170  -55.000  -41.614 0.5000000000
26268  41.785  -54.659  -43.340 0.4000000060
26269  40.203  -55.250  -43.097 0.5000000000
26270  39.428  -55.098  -43.394 0.6000000238
26279  40.676  -54.633  -44.231 0.4000000060
26281  38.893  -54.432  -43.862 0.5000000000
27186  45.899  -53.123  -37.802 0.3000000119
27196  46.245  -52.484  -40.221 0.3000000119
27229  44.373  -53.424  -42.768 0.4000000060
27230  43.535  -53.904  -43.248 0.5000000000
27231  38.316  -53.877  -43.241 0.5000000000
27240  43.228  -53.641  -43.602 0.4000000060
27241  42.354  -53.696  -43.943 0.4000000060
27245  41.520  -53.308  -44.287 0.4000000060
27246  40.699  -53.863  -44.456 0.6000000238
27248  38.939  -53.299  -44.348 0.4000000060
28190  46.478  -52.423  -39.697 0.3000000119
28194  46.311  -52.066  -40.149 0.3000000119
28233  38.732  -51.965  -44.229 0.4000000060
28235  37.415  -52.409  -43.861 0.5000000000
28238  40.677  -52.943  -44.479 0.4000000060
29177  40.340  -51.023  -34.450 0.3000000119
29217  43.812  -51.202  -38.651 0.4000000060
29226  45.248  -51.516  -40.101 0.3000000119
29229  41.158  -51.198  -39.640 0.4000000060
29238  44.101  -51.729  -40.854 0.4000000060
29248  43.325  -51.904  -42.778 0.3000000119
29261  42.528  -51.256  -43.633 0.5000000000
29265  36.946  -51.741  -43.855 0.4000000060
30217  39.805  -50.070  -33.482 0.3000000119
30228  40.716  -50.330  -34.274 0.3000000119
30230  39.205  -50.629  -33.818 0.3000000119
30261  39.927  -50.240  -38.983 0.5000000000
30293  42.146  -50.700  -41.875 0.3000000119
30307  42.596  -50.613  -43.350 0.5000000000
30308  42.360  -50.553  -43.528 0.5000000000
31187  37.886  -49.019  -32.027 0.3000000119
31199  39.014  -49.313  -32.737 0.3000000119
31252  40.360  -49.458  -40.049 0.4000000060
31261  41.559  -49.541  -41.189 0.3000000119
31268  38.142  -48.670  -41.851 0.6000000238
31274  42.762  -49.515  -43.101 0.5000000000
31275  42.327  -49.059  -43.237 0.4000000060
31277  39.815  -49.313  -43.074 0.4000000060
32075  38.851  -48.775  -32.689 0.3000000119
32138  40.399  -48.758  -39.960 0.4000000060
32145  42.983  -48.339  -42.128 0.6999999881
32147  41.509  -48.100  -40.502 0.4000000060
32148  35.766  -48.744  -40.472 0.5000000000
32150  42.517  -49.074  -41.889 0.4000000060
32155  42.958  -48.378  -42.478 0.5000000000
32157  41.513  -48.389  -42.882 0.6999999881
32895  36.791  -47.163  -32.195 0.3000000119
32904  37.751  -47.631  -32.999 0.3000000119
32915  38.300  -47.779  -34.532 0.3000000119
32937  37.698  -47.204  -37.096 0.3000000119
32938  34.342  -47.386  -37.621 0.4000000060
32946  39.208  -47.971  -38.843 0.5000000000
32958  37.492  -47.504  -40.938 0.6000000238
32963  41.336  -47.028  -42.001 0.6999999881
32966  42.969  -47.961  -42.384 0.6999999881
33689  35.555  -46.465  -30.828 0.3000000119
33699  35.743  -46.151  -31.768 0.3000000119
33721  36.546  -45.945  -34.286 0.3000000119
33739  33.282  -46.337  -36.651 0.4000000060
33740  32.559  -46.340  -36.620 0.4000000060
33745  33.777  -46.869  -36.928 0.4000000060
33761  40.243  -46.740  -39.173 0.5000000000
33764  43.531  -46.524  -41.051 0.6000000238
33771  38.470  -46.590  -41.144 0.6000000238
34430  34.582  -45.081  -29.555 0.3000000119
34477  35.681  -45.039  -32.932 0.3000000119
34498  37.180  -46.047  -36.010 0.3000000119
34505  33.697  -45.330  -36.772 0.4000000060
34511  38.096  -46.168  -37.453 0.3000000119
34521  35.025  -45.944  -38.022 0.4000000060
34530  36.213  -45.506  -39.993 0.6000000238
34532  43.969  -45.410  -41.094 0.6999999881
35228  35.161  -44.806  -31.474 0.3000000119
35244  35.937  -44.760  -33.672 0.3000000119
35274  38.593  -44.309  -37.383 0.4000000060
35283  39.868  -44.556  -38.304 0.5000000000
35291  42.561  -44.453  -39.635 0.6000000238
35295  44.023  -45.040  -40.800 0.6000000238
35298  35.898  -43.883  -40.046 0.6000000238
35299  44.151  -44.718  -41.041 0.6999999881
35300  43.983  -44.694  -41.189 0.6999999881
36110  34.824  -43.520  -31.273 0.3000000119
36121  35.363  -43.740  -32.476 0.3000000119
36134  35.631  -43.460  -33.303 0.4000000060
36145  36.271  -43.554  -34.573 0.4000000060
36152  37.062  -43.343  -35.833 0.4000000060
36157  33.116  -44.065  -36.634 0.5000000000
36164  38.081  -42.598  -37.148 0.6000000238
36173  35.402  -43.617  -38.691 0.6000000238
36179  43.385  -43.725  -40.123 0.6999999881
36182  43.920  -43.406  -40.800 0.6999999881
36919  34.504  -41.975  -31.014 0.3000000119
36938  35.549  -42.074  -33.347 0.4000000060
36942  36.197  -41.947  -34.630 0.4000000060
36958  39.305  -43.003  -37.923 0.6000000238
36968  39.694  -42.334  -38.321 0.6000000238
36969  35.462  -42.275  -38.926 0.6000000238
36972  43.258  -42.081  -40.096 0.6999999881
36976  38.708  -41.774  -40.683 0.6000000238
36978  36.979  -42.676  -40.410 0.6000000238
37701  34.230  -41.288  -30.327 0.3000000119
37729  35.452  -41.318  -33.240 0.4000000060
37745  37.224  -41.950  -36.335 0.4000000060
37755  38.554  -41.339  -37.835 0.5000000000
37765  40.763  -41.737  -39.062 0.6000000238
37769  43.536  -41.430  -40.587 0.6999999881
37773  43.759  -41.438  -41.031 0.6000000238
38541  34.480  -40.398  -30.577 0.3000000119
38556  34.751  -40.441  -31.414 0.4000000060
38589  35.387  -40.116  -38.063 0.6000000238
38598  39.079  -40.201  -38.357 0.6000000238
38601  42.723  -40.459  -39.994 0.6000000238
38604  43.728  -40.956  -41.071 0.5000000000
38605  43.581  -40.325  -41.135 0.6000000238
38606  39.898  -40.458  -40.922 0.5000000000
38609  43.344  -40.649  -41.318 0.5000000000
39388  34.825  -39.649  -31.138 0.3000000119
39406  37.049  -38.763  -35.862 0.5000000000
39419  34.827  -39.714  -36.654 0.6000000238
39426  38.279  -39.417  -37.750 0.4000000060
39436  38.764  -39.638  -38.196 0.5000000000
39439  40.587  -39.883  -39.194 0.4000000060
39441  36.050  -39.003  -39.083 0.6999999881
39446  37.106  -39.367  -39.876 0.6999999881
39447  43.078  -39.233  -41.299 0.6000000238
39448  41.931  -39.439  -41.355 0.6000000238
40278  38.872  -37.990  -37.727 0.4000000060
40290  42.510  -38.340  -40.171 0.4000000060
40294  43.178  -38.464  -41.091 0.6000000238
40296  40.541  -38.266  -40.910 0.6000000238
41214  39.774  -37.434  -38.239 0.4000000060
41216  35.937  -38.072  -38.363 0.6000000238
41219  38.286  -37.184  -40.051 0.6999999881
41222  43.106  -37.382  -41.027 0.5000000000
42093  40.838  -36.588  -38.260 0.5000000000
42096  35.842  -37.099  -37.049 0.5000000000
42103  37.249  -36.436  -39.190 0.6999999881
42107  39.716  -36.237  -40.398 0.6999999881
43850  37.870  -34.561  -38.698 0.5000000000
45586  38.625  -32.557  -38.521 0.4000000060
98749  37.885  -35.962  -39.413 0.6999999881
100330  36.786  -40.731  -40.093 0.6999999881
101757  37.367  -47.179  -33.830 0.3000000119
102117  46.770  -53.270  -39.005 0.4000000060
102124  43.244  -47.007  -41.446 0.6999999881
102923  37.435  -35.763  -39.031 0.6000000238
103406  39.142  -43.859  -41.029 0.6999999881
103550  42.100  -45.982  -39.703 0.6000000238
104812  40.244  -50.072  -39.786 0.3000000119
104865  32.887  -43.380  -36.529 0.5000000000
105014  36.332  -45.960  -33.531 0.3000000119
105235  46.806  -57.035  -36.666 0.3000000119
106064  43.934  -42.967  -41.017 0.6999999881
106336  37.542  -43.648  -36.402 0.4000000060
106714  35.541  -39.590  -38.405 0.6000000238
106756  36.505  -36.631  -38.232 0.6000000238
107086  35.466  -36.980  -36.268 0.4000000060
107394  34.476  -43.077  -37.213 0.6000000238
108151  47.246  -56.029  -37.358 0.4000000060
108236  37.486  -41.413  -36.873 0.5000000000
109784  39.403  -48.936  -32.978 0.3000000119
110456  43.665  -45.328  -41.340 0.6000000238
110577  39.077  -39.227  -40.588 0.6000000238
111075  41.273  -55.586  -38.738 0.4000000060
111308  41.524  -35.944  -40.914 0.6000000238
111464  38.752  -45.590  -37.826 0.4000000060
111803  36.812  -47.699  -40.572 0.5000000000
112659  39.330  -46.636  -41.420 0.6000000238
113118  37.520  -45.364  -36.507 0.4000000060
113207  38.169  -37.757  -36.303 0.6000000238
113509  43.851  -43.197  -41.131 0.6999999881
113925  40.667  -36.277  -40.717 0.6999999881
114045  40.710  -43.507  -38.747 0.6000000238
114179  42.956  -45.756  -40.080 0.6000000238
114431  37.458  -48.518  -41.478 0.6000000238
115380  35.902  -40.690  -34.317 0.4000000060
115640  47.160  -56.682  -37.017 0.4000000060
116317  43.865  -42.809  -40.831 0.6999999881
116918  44.002  -61.781  -34.118 0.3000000119
117692  47.155  -55.905  -37.785 0.4000000060
117929  35.419  -38.838  -37.637 0.6000000238
118235  39.929  -50.265  -38.244 0.4000000060
118898  40.239  -42.043  -38.647 0.6000000238
118910  39.038  -55.788  -41.960 0.4000000060
119076  44.215  -62.790  -33.723 0.3000000119
119436  36.442  -41.652  -35.181 0.4000000060
119529  43.051  -61.090  -39.558 0.3000000119
119675  39.962  -52.610  -44.504 0.5000000000
119709  47.047  -56.802  -36.849 0.4000000060
120015  34.871  -43.051  -31.459 0.3000000119
