#!ascii label  , from subject sub-v1s10x0050981_ses-1 vox2ras=TkReg
1528
2464  28.107  -83.729  -21.563 0.6999999881
2877  28.832  -82.870  -19.904 0.8000000119
3331  28.309  -82.353  -19.601 0.8000000119
121099  27.993  -82.726  -19.103 0.6999999881
119327  28.764  -85.114  -21.057 0.6000000238
2463  28.725  -83.977  -20.887 0.6000000238
2864  28.753  -83.184  -19.295 0.6000000238
2060  28.665  -86.464  -21.328 0.6000000238
3349  28.326  -82.000  -20.214 0.8000000119
3769  27.827  -81.588  -19.785 0.6999999881
3770  27.166  -81.271  -19.485 0.6999999881
3333  26.653  -81.879  -19.212 0.6999999881
120771  27.999  -84.685  -21.735 0.6000000238
2891  28.526  -82.936  -20.775 0.6999999881
3332  27.606  -82.018  -19.343 0.6999999881
1720  28.743  -87.503  -21.729 0.6000000238
1414  28.962  -87.901  -21.972 0.6000000238
1404  29.293  -87.702  -21.477 0.6000000238
1400  32.135  -87.129  -21.004 0.6000000238
1148  30.660  -87.916  -20.762 0.6000000238
4222  27.818  -80.822  -20.938 0.8000000119
4710  27.436  -80.027  -20.619 0.8000000119
4197  26.753  -80.531  -19.638 0.6999999881
4696  25.538  -79.603  -19.703 0.6999999881
4199  24.874  -80.138  -19.471 0.6999999881
134287  28.007  -81.513  -20.840 0.8000000119
4196  27.473  -80.741  -19.996 0.6999999881
4198  25.826  -80.356  -19.507 0.6999999881
3365  28.033  -82.210  -21.360 0.6999999881
3780  27.871  -81.299  -20.266 0.8000000119
129907  26.178  -81.133  -19.328 0.6999999881
2900  27.709  -83.129  -21.905 0.6999999881
2061  27.894  -85.945  -21.877 0.6999999881
1415  28.453  -87.705  -22.412 0.6000000238
1721  27.986  -86.966  -22.088 0.6000000238
1426  30.881  -87.400  -21.872 0.6000000238
1412  30.364  -87.774  -21.441 0.6000000238
1718  32.472  -86.279  -21.491 0.6000000238
2021  33.876  -85.029  -18.956 0.6999999881
1386  33.170  -86.352  -19.084 0.6000000238
2009  34.082  -84.932  -17.485 0.5000000000
1683  33.879  -85.088  -18.185 0.6000000238
2000  34.662  -84.839  -16.279 0.5000000000
4722  27.471  -79.323  -21.261 0.8999999762
4711  26.951  -79.285  -20.459 0.8000000119
4712  26.099  -79.055  -20.100 0.6999999881
119333  27.775  -80.968  -22.003 0.6999999881
121533  27.746  -80.146  -21.480 0.8999999762
135911  24.746  -79.485  -19.674 0.6999999881
3371  27.387  -82.500  -22.475 0.8000000119
3793  27.787  -81.620  -21.781 0.8000000119
2901  26.928  -83.496  -22.783 0.8000000119
1736  26.621  -86.357  -23.181 0.6999999881
2474  27.390  -84.138  -22.314 0.6999999881
1735  27.271  -86.657  -22.656 0.8000000119
1430  27.747  -87.421  -22.926 0.8000000119
1428  28.913  -87.513  -22.907 0.6999999881
1427  29.948  -87.463  -22.474 0.6999999881
1719  31.696  -86.980  -21.752 0.6000000238
1695  33.344  -85.466  -20.327 0.6999999881
2020  33.920  -84.937  -18.142 0.6999999881
4236  27.909  -80.272  -22.361 0.8999999762
4723  27.061  -78.503  -21.172 0.8000000119
5209  25.749  -78.371  -20.436 0.6999999881
3806  27.514  -81.692  -22.654 0.8000000119
117937  27.705  -81.005  -22.736 0.8000000119
3377  27.112  -82.245  -23.305 0.6999999881
2486  25.911  -85.034  -23.688 0.6999999881
2911  26.281  -83.880  -23.604 0.6000000238
2475  26.495  -84.570  -23.029 0.8000000119
1748  26.982  -86.911  -23.348 0.8000000119
1745  30.658  -86.643  -22.805 0.6999999881
2073  32.018  -85.524  -22.255 0.8000000119
1734  31.164  -86.825  -22.382 0.6999999881
2461  32.405  -84.780  -21.713 0.8000000119
2435  33.626  -84.660  -18.919 0.6999999881
2444  33.230  -84.823  -20.349 0.6999999881
2059  32.561  -85.545  -21.690 0.6999999881
2423  33.519  -84.157  -17.949 0.6999999881
2035  33.873  -84.935  -18.844 0.6999999881
6787  20.942  -75.773  -30.842 0.6000000238
131417  21.510  -75.531  -31.482 0.6000000238
6293  22.565  -76.808  -33.993 0.6000000238
6814  22.716  -75.984  -34.203 0.6999999881
4733  27.650  -78.655  -22.111 0.8999999762
5224  26.376  -77.934  -21.008 0.6999999881
3378  26.603  -82.831  -23.988 0.6000000238
2499  25.871  -84.713  -24.239 0.6000000238
2918  26.217  -83.785  -24.536 0.6000000238
1749  26.298  -86.385  -23.790 0.6999999881
136831  28.006  -86.418  -23.940 0.6999999881
1451  27.433  -86.798  -23.577 0.6999999881
5724  24.761  -76.644  -23.565 0.6999999881
6191  24.027  -76.441  -23.021 0.6999999881
1442  28.513  -87.066  -23.231 0.8000000119
1757  27.876  -86.865  -23.482 0.8000000119
5735  24.612  -76.663  -24.510 0.6000000238
6196  23.986  -76.219  -23.897 0.6000000238
6197  23.292  -76.149  -23.638 0.6999999881
1441  29.281  -87.208  -23.033 0.6999999881
6209  23.278  -75.865  -24.338 0.5000000000
6713  21.930  -75.630  -24.349 0.6999999881
2462  31.899  -84.830  -22.286 0.8000000119
2082  30.914  -85.997  -22.921 0.8000000119
6208  23.860  -76.180  -24.599 0.5000000000
6222  23.426  -75.815  -25.179 0.5000000000
2875  32.626  -83.737  -19.767 0.6999999881
6233  23.402  -76.069  -26.109 0.5000000000
130559  23.306  -76.216  -26.758 0.6000000238
6234  23.007  -75.579  -26.742 0.5000000000
6739  21.879  -74.961  -26.575 0.6000000238
6740  21.056  -75.271  -26.819 0.6999999881
6266  20.621  -75.890  -29.004 0.6999999881
6757  22.424  -75.140  -28.231 0.5000000000
6758  21.646  -74.969  -27.559 0.6000000238
130332  21.152  -75.131  -28.108 0.6000000238
6786  21.383  -75.342  -30.545 0.6000000238
6252  22.970  -75.657  -27.795 0.6000000238
6767  21.613  -75.055  -28.571 0.6000000238
6777  21.466  -75.208  -29.559 0.6000000238
6766  23.347  -75.880  -28.862 0.5000000000
7406  22.214  -75.252  -31.642 0.6000000238
6802  23.236  -76.065  -33.967 0.6000000238
6801  23.220  -75.192  -33.985 0.6999999881
8031  21.586  -73.810  -33.430 0.6000000238
8019  20.642  -73.667  -33.001 0.6999999881
6776  22.500  -75.265  -29.513 0.6000000238
7398  22.179  -75.165  -30.612 0.6000000238
7418  23.353  -75.527  -33.166 0.6000000238
7428  23.363  -75.382  -33.713 0.6999999881
8018  22.091  -73.184  -33.103 0.5000000000
3381  27.174  -81.945  -24.018 0.6000000238
3815  27.514  -81.447  -23.375 0.6999999881
5241  27.017  -77.764  -21.876 0.8000000119
5210  24.834  -78.322  -20.376 0.6999999881
5703  25.957  -77.435  -21.608 0.6999999881
5722  26.333  -77.349  -22.489 0.8000000119
2099  26.297  -85.840  -24.741 0.6999999881
5723  25.637  -77.089  -23.230 0.8000000119
125451  24.832  -76.812  -22.834 0.6000000238
5734  25.380  -77.531  -24.869 0.6999999881
5749  24.461  -77.319  -25.399 0.6000000238
2472  31.364  -85.284  -22.746 0.8000000119
128404  30.361  -85.362  -23.229 0.8000000119
127252  31.380  -84.195  -22.547 0.8000000119
135987  31.863  -83.934  -21.936 0.8000000119
138196  23.666  -76.335  -25.618 0.5000000000
5772  23.485  -77.624  -27.224 0.5000000000
5762  23.419  -77.003  -26.725 0.6000000238
6251  23.334  -76.510  -27.325 0.6000000238
120577  23.567  -76.476  -28.147 0.6000000238
7998  20.793  -72.847  -31.268 0.5000000000
8010  21.278  -72.659  -32.331 0.5000000000
118789  20.865  -73.100  -32.715 0.6000000238
6785  23.459  -75.373  -30.863 0.6000000238
7405  23.174  -75.221  -31.829 0.6999999881
7417  23.537  -75.015  -32.852 0.6999999881
8017  23.014  -73.959  -33.404 0.6999999881
6775  23.978  -75.769  -29.929 0.6000000238
8009  23.335  -73.419  -32.825 0.6000000238
6783  24.531  -75.216  -30.256 0.6999999881
7404  24.147  -75.067  -31.804 0.6000000238
8008  24.013  -73.588  -32.320 0.5000000000
4253  28.068  -80.503  -23.315 0.6999999881
4749  28.157  -79.464  -22.749 0.6999999881
5252  28.120  -78.522  -23.289 0.6999999881
140379  27.560  -77.994  -22.651 0.8000000119
5253  27.519  -77.839  -23.383 0.6999999881
5264  26.258  -77.853  -24.721 0.6999999881
133167  26.652  -77.467  -23.330 0.6999999881
8583  20.148  -72.341  -28.121 0.5000000000
5787  24.095  -77.528  -28.013 0.5000000000
5788  23.662  -77.237  -27.687 0.6000000238
8606  20.423  -73.036  -29.995 0.5000000000
5786  25.209  -77.517  -28.090 0.5000000000
119205  24.034  -76.973  -28.246 0.6000000238
8614  23.319  -72.806  -32.435 0.5000000000
6250  26.136  -76.784  -27.827 0.5000000000
6264  25.081  -77.049  -28.212 0.6000000238
6774  24.684  -75.742  -29.509 0.6000000238
6265  25.121  -76.373  -28.867 0.6000000238
4252  28.414  -80.302  -24.313 0.6999999881
4748  28.402  -79.463  -23.739 0.6999999881
7396  25.378  -74.221  -29.515 0.5000000000
5771  26.458  -77.212  -27.832 0.5000000000
123854  24.662  -73.587  -30.567 0.5000000000
6756  26.096  -76.228  -28.058 0.5000000000
6765  25.920  -75.517  -28.677 0.5000000000
127421  25.084  -74.992  -29.809 0.5000000000
7403  24.516  -74.586  -31.071 0.5000000000
7980  25.463  -73.439  -28.962 0.5000000000
132985  25.478  -72.995  -28.407 0.5000000000
6737  27.070  -75.510  -27.024 0.5000000000
7385  25.901  -73.675  -28.160 0.5000000000
7987  24.968  -73.319  -29.742 0.5000000000
6755  26.712  -76.016  -27.469 0.5000000000
6764  26.477  -74.904  -27.822 0.5000000000
7391  25.777  -74.461  -28.734 0.5000000000
6249  26.903  -76.643  -27.522 0.5000000000
7372  27.163  -74.633  -26.625 0.5000000000
9828  19.934  -70.856  -27.336 0.6000000238
9222  19.037  -71.513  -28.779 0.6000000238
9827  20.569  -70.490  -26.922 0.5000000000
10497  21.218  -69.320  -28.868 0.6999999881
9833  19.456  -70.683  -28.122 0.6000000238
8585  18.045  -71.894  -29.803 0.6000000238
9840  17.984  -70.252  -29.703 0.6999999881
11219  22.187  -68.958  -29.224 0.6000000238
10498  20.586  -69.370  -29.630 0.6999999881
9834  18.792  -70.749  -28.958 0.6999999881
9223  17.992  -71.141  -29.609 0.6999999881
10507  19.056  -69.474  -29.683 0.8000000119
11218  23.223  -68.657  -29.218 0.5000000000
11208  22.547  -68.909  -28.156 0.5000000000
10506  20.162  -69.230  -30.062 0.8000000119
10505  20.920  -69.082  -30.307 0.6000000238
11972  19.103  -68.032  -29.424 0.6999999881
11217  24.699  -68.206  -28.632 0.5000000000
120735  24.059  -68.527  -28.414 0.5000000000
11232  19.487  -68.655  -29.887 0.6999999881
11233  18.546  -68.748  -29.573 0.6999999881
10518  20.673  -68.900  -30.380 0.6999999881
11230  22.554  -68.744  -30.167 0.6999999881
11955  18.461  -67.786  -28.802 0.6999999881
11970  20.447  -67.650  -30.106 0.6999999881
137894  24.445  -68.034  -30.174 0.6000000238
126983  22.029  -68.688  -30.470 0.8000000119
14253  24.130  -64.489  -25.122 0.6999999881
13449  23.574  -65.330  -25.576 0.8000000119
13462  26.901  -65.764  -27.935 0.4000000060
11943  19.010  -67.209  -28.108 0.6999999881
12712  25.924  -66.551  -29.329 0.5000000000
11954  19.323  -67.371  -28.952 0.6999999881
11951  25.339  -67.316  -29.641 0.6000000238
11967  24.642  -67.591  -30.544 0.6000000238
11986  20.959  -68.362  -30.571 0.6999999881
11968  24.072  -68.018  -30.659 0.8000000119
11984  22.619  -67.882  -30.846 0.8000000119
120677  17.361  -62.167  -22.042 0.5000000000
15784  17.386  -62.856  -22.815 0.5000000000
14999  16.333  -63.697  -23.358 0.5000000000
15827  22.235  -62.538  -26.236 0.5000000000
15826  23.964  -62.273  -26.026 0.6000000238
132880  23.076  -62.333  -26.499 0.6000000238
15828  21.326  -62.791  -25.887 0.6000000238
14246  17.597  -64.580  -24.997 0.6000000238
15814  23.650  -62.774  -24.456 0.6999999881
120913  23.251  -62.444  -25.226 0.6999999881
14243  23.996  -63.904  -24.286 0.6999999881
14994  23.431  -63.665  -23.666 0.6999999881
12705  21.155  -66.489  -27.860 0.6999999881
13465  22.750  -66.032  -27.714 0.6999999881
13456  23.139  -65.812  -27.041 0.8000000119
13471  26.516  -65.695  -29.220 0.5000000000
12716  20.523  -66.625  -28.588 0.6999999881
12727  25.530  -66.686  -30.297 0.6000000238
12731  20.766  -66.815  -29.602 0.8000000119
11983  24.135  -67.296  -31.178 0.6999999881
12729  22.278  -66.532  -30.286 0.8000000119
12742  22.043  -67.324  -30.652 0.8000000119
16629  17.990  -61.408  -21.693 0.5000000000
122294  18.403  -62.116  -22.454 0.6000000238
17453  19.801  -60.752  -22.284 0.5000000000
16647  18.566  -62.181  -23.558 0.6000000238
15783  17.919  -62.762  -23.365 0.6000000238
15802  17.079  -63.437  -23.885 0.6000000238
15817  17.477  -62.807  -24.640 0.6000000238
15018  16.932  -63.726  -25.216 0.5000000000
15839  22.178  -62.400  -27.611 0.5000000000
15840  21.233  -62.722  -27.335 0.5000000000
15838  23.391  -62.023  -27.547 0.6000000238
15829  20.301  -62.944  -26.763 0.6000000238
15027  20.441  -63.290  -25.445 0.6999999881
15017  17.186  -64.013  -25.605 0.6000000238
15837  24.500  -62.263  -26.815 0.6000000238
15026  24.651  -62.983  -25.501 0.6999999881
15815  22.871  -62.690  -24.255 0.6999999881
15816  22.240  -62.577  -24.955 0.6999999881
15014  21.168  -63.246  -24.253 0.8000000119
15016  19.244  -63.902  -25.519 0.6999999881
15025  24.914  -62.676  -26.337 0.6999999881
125508  24.681  -63.499  -25.724 0.6999999881
14259  24.689  -64.040  -26.515 0.6999999881
14260  24.133  -64.880  -26.185 0.8000000119
13463  24.094  -65.150  -28.265 0.8000000119
135682  23.529  -65.512  -26.407 0.8000000119
13485  25.925  -65.939  -30.457 0.5000000000
14291  25.418  -64.431  -32.293 0.6000000238
13474  22.712  -65.978  -28.638 0.8000000119
13464  23.384  -65.687  -27.955 0.8000000119
11966  24.647  -66.925  -31.147 0.6000000238
13494  25.635  -65.276  -31.821 0.6999999881
13488  22.703  -66.057  -29.852 0.8000000119
12739  24.391  -66.264  -31.649 0.6999999881
12728  22.916  -66.468  -30.681 0.6999999881
12741  22.804  -67.159  -30.910 0.8000000119
17443  18.412  -60.559  -21.520 0.4000000060
17454  19.037  -61.189  -21.927 0.5000000000
17459  19.592  -60.607  -23.521 0.4000000060
15818  17.265  -62.867  -25.727 0.5000000000
15853  22.116  -61.836  -28.500 0.5000000000
15855  20.220  -62.470  -28.031 0.6000000238
15841  19.347  -62.726  -27.056 0.6000000238
15029  17.243  -63.408  -25.948 0.6000000238
16675  24.117  -61.827  -27.909 0.6000000238
15036  19.349  -63.397  -26.326 0.6999999881
14254  18.027  -64.176  -25.645 0.6999999881
15836  25.003  -62.455  -27.076 0.6000000238
13455  24.309  -64.831  -27.144 0.8000000119
14285  24.474  -64.503  -32.062 0.6999999881
13486  24.012  -65.183  -31.457 0.6999999881
13473  23.329  -65.568  -29.240 0.8000000119
13495  24.448  -65.304  -32.011 0.6999999881
18239  19.421  -60.338  -21.700 0.4000000060
18227  18.629  -59.650  -21.385 0.4000000060
19012  17.500  -58.790  -21.416 0.4000000060
17452  20.234  -60.273  -22.636 0.5000000000
18238  20.187  -60.063  -21.941 0.4000000060
16659  17.910  -61.004  -25.170 0.5000000000
17500  17.987  -60.741  -26.158 0.5000000000
15830  17.741  -62.507  -26.370 0.5000000000
17486  18.329  -60.115  -26.073 0.5000000000
15037  18.413  -63.248  -26.547 0.6999999881
124015  25.258  -62.905  -27.955 0.6000000238
14275  24.391  -64.385  -29.272 0.8000000119
15076  25.376  -63.524  -32.049 0.6000000238
15071  24.691  -63.689  -31.933 0.6000000238
15070  24.983  -62.756  -31.576 0.6999999881
124546  24.931  -63.496  -28.611 0.6999999881
129148  24.226  -64.339  -31.048 0.6999999881
19814  16.794  -58.002  -21.608 0.3000000119
18237  20.442  -59.785  -22.474 0.4000000060
19022  20.530  -59.356  -21.917 0.3000000119
19010  20.100  -58.678  -21.543 0.4000000060
19011  18.878  -58.728  -21.330 0.4000000060
19813  17.793  -57.746  -21.403 0.5000000000
18242  20.034  -59.765  -23.429 0.4000000060
124048  18.508  -57.005  -21.349 0.3000000119
17460  18.884  -61.381  -24.019 0.4000000060
17499  18.789  -61.131  -26.795 0.5000000000
17473  18.359  -60.241  -24.849 0.4000000060
118371  19.463  -61.061  -27.514 0.6000000238
18260  18.768  -59.521  -24.688 0.4000000060
17485  19.004  -59.990  -26.210 0.4000000060
17487  17.972  -60.345  -25.671 0.5000000000
15059  24.592  -63.436  -30.567 0.6999999881
19013  16.341  -58.509  -21.692 0.4000000060
118495  18.078  -56.152  -21.574 0.3000000119
19029  20.556  -59.139  -22.918 0.3000000119
19041  18.590  -59.169  -25.163 0.4000000060
18273  19.386  -59.264  -25.657 0.4000000060
18274  18.575  -59.479  -25.464 0.4000000060
19811  20.365  -57.835  -21.574 0.3000000119
19812  19.267  -57.876  -21.337 0.4000000060
20635  19.895  -56.276  -21.370 0.3000000119
138201  19.006  -56.478  -21.375 0.3000000119
130766  20.900  -58.434  -21.993 0.3000000119
19040  19.195  -58.700  -24.594 0.3000000119
19054  19.042  -58.587  -25.104 0.3000000119
19843  19.271  -57.726  -24.935 0.3000000119
19053  19.524  -58.189  -25.458 0.3000000119
20634  20.729  -56.358  -21.554 0.3000000119
116736  20.306  -54.841  -21.503 0.3000000119
19810  21.147  -56.740  -21.806 0.3000000119
21475  20.567  -55.671  -21.492 0.3000000119
19842  19.903  -57.218  -24.395 0.3000000119
125862  19.589  -56.956  -25.286 0.3000000119
131035  19.905  -56.572  -25.746 0.3000000119
20637  17.320  -56.653  -21.630 0.3000000119
20646  21.505  -56.400  -21.981 0.3000000119
21493  21.794  -55.634  -21.983 0.3000000119
21524  20.224  -55.715  -25.024 0.3000000119
6712  22.565  -75.448  -24.886 0.6000000238
123650  21.279  -75.277  -25.893 0.6999999881
6725  20.580  -75.900  -26.210 0.6999999881
6253  20.536  -76.028  -27.286 0.6999999881
16667  17.690  -61.172  -25.882 0.4000000060
16676  18.840  -61.872  -27.210 0.6000000238
21476  19.615  -55.348  -21.495 0.3000000119
2876  29.221  -83.604  -19.671 0.6999999881
3334  25.361  -81.907  -19.437 0.6999999881
2074  27.073  -85.425  -22.576 0.8000000119
1696  33.101  -86.345  -19.910 0.6000000238
1707  33.036  -85.533  -21.056 0.6999999881
3372  26.731  -82.963  -23.214 0.6000000238
5225  25.414  -77.729  -20.884 0.6999999881
2083  30.108  -86.256  -23.195 0.8000000119
2460  33.005  -85.097  -21.097 0.6999999881
2445  32.619  -84.214  -20.801 0.8000000119
7440  22.336  -74.837  -34.054 0.6999999881
134424  22.498  -75.192  -26.401 0.5000000000
6778  20.904  -75.490  -29.740 0.6000000238
8020  19.858  -73.291  -32.474 0.6000000238
6784  24.192  -75.288  -30.859 0.6999999881
5711  25.372  -77.095  -22.287 0.8000000119
5280  24.070  -77.961  -26.049 0.5000000000
5750  23.752  -77.089  -26.007 0.6000000238
6272  24.151  -76.395  -29.001 0.6000000238
12714  22.069  -66.243  -29.228 0.8000000119
3191  39.219  -82.553  -10.465 0.4000000060
3175  39.449  -82.147  -9.592 0.4000000060
123166  37.825  -83.255  -12.140 0.3000000119
2744  38.330  -83.023  -10.508 0.4000000060
121824  38.284  -82.814  -9.651 0.4000000060
116606  38.829  -82.688  -9.842 0.4000000060
118672  39.019  -81.758  -14.730 0.4000000060
3241  39.048  -81.758  -13.784 0.5000000000
3731  40.097  -81.612  -12.532 0.5000000000
3242  38.231  -81.987  -14.033 0.3000000119
3218  39.185  -81.991  -12.845 0.4000000060
127472  39.721  -82.187  -11.148 0.4000000060
3232  37.661  -82.717  -13.518 0.3000000119
127622  38.540  -82.743  -12.265 0.3000000119
3203  38.908  -82.732  -11.325 0.3000000119
2784  37.184  -83.506  -13.112 0.3000000119
3254  38.193  -81.878  -14.924 0.4000000060
3255  37.361  -82.062  -14.997 0.3000000119
3243  37.505  -82.370  -14.270 0.3000000119
2797  36.410  -83.870  -14.355 0.4000000060
3244  36.812  -82.758  -14.539 0.3000000119
131555  35.160  -84.514  -15.802 0.4000000060
2382  35.469  -84.746  -15.174 0.4000000060
1984  34.874  -85.211  -15.394 0.4000000060
3274  38.156  -82.054  -15.795 0.4000000060
126445  36.759  -82.249  -16.602 0.4000000060
3297  35.858  -82.250  -17.084 0.4000000060
3316  36.032  -82.360  -18.215 0.5000000000
3276  36.283  -82.369  -15.636 0.4000000060
3298  35.098  -82.517  -16.775 0.4000000060
2809  35.839  -83.999  -15.314 0.4000000060
119530  35.177  -83.670  -16.119 0.5000000000
2825  34.651  -82.963  -16.664 0.4000000060
2399  34.768  -84.440  -16.332 0.4000000060
1672  33.463  -85.757  -17.960 0.6000000238
128949  34.268  -85.065  -16.831 0.4000000060
138085  35.497  -82.269  -19.674 0.6000000238
138140  33.937  -81.878  -19.759 0.6000000238
3317  33.847  -82.380  -18.245 0.6000000238
3329  33.430  -82.241  -19.015 0.6000000238
3318  33.142  -82.701  -18.354 0.6000000238
3330  32.823  -82.557  -19.045 0.6999999881
2835  33.879  -83.281  -17.347 0.5000000000
2849  33.171  -83.171  -18.024 0.6000000238
3790  32.533  -81.233  -21.271 0.6999999881
3791  31.915  -81.498  -21.249 0.6999999881
3347  33.009  -81.898  -19.825 0.6000000238
3779  32.373  -81.786  -20.555 0.6999999881
2890  31.268  -82.917  -22.139 0.6999999881
2473  30.578  -84.375  -23.104 0.6999999881
2084  29.328  -85.543  -23.655 0.6999999881
3348  32.484  -82.378  -19.897 0.6999999881
2889  31.709  -82.787  -21.187 0.6999999881
131600  32.138  -83.003  -20.263 0.6999999881
3805  30.796  -81.261  -22.802 0.5000000000
128448  30.329  -81.846  -23.331 0.6000000238
3364  31.494  -81.944  -21.477 0.6999999881
2899  30.670  -83.347  -22.858 0.6000000238
2909  29.905  -83.486  -23.476 0.6999999881
2910  29.259  -83.482  -24.131 0.6999999881
3363  31.936  -82.140  -20.678 0.6999999881
2485  29.482  -84.441  -23.687 0.6999999881
2097  28.477  -85.675  -24.103 0.6000000238
131221  29.630  -82.826  -23.879 0.6000000238
120496  29.445  -82.782  -24.576 0.6000000238
2498  28.434  -84.947  -24.844 0.6000000238
2917  28.724  -84.117  -25.080 0.6000000238
117911  25.998  -84.713  -25.189 0.5000000000
125439  26.053  -82.679  -19.334 0.6000000238
2098  27.924  -85.650  -24.707 0.6000000238
1769  27.389  -85.828  -25.001 0.6000000238
2111  26.517  -85.808  -25.698 0.5000000000
133646  26.116  -85.460  -25.267 0.5000000000
3772  24.067  -81.449  -19.433 0.6000000238
3771  25.079  -80.948  -19.354 0.6000000238
3335  24.365  -82.364  -19.705 0.6000000238
1777  27.545  -86.103  -26.249 0.5000000000
125564  26.687  -85.987  -24.866 0.5000000000
4211  22.366  -80.396  -20.068 0.6000000238
4210  23.016  -80.037  -19.748 0.6000000238
4200  23.414  -80.630  -19.470 0.6000000238
3773  22.899  -81.365  -19.500 0.6000000238
4713  24.325  -79.024  -19.942 0.6000000238
4697  23.936  -79.828  -19.528 0.6000000238
3820  27.862  -81.167  -24.109 0.6000000238
2110  28.308  -85.651  -25.916 0.6000000238
4715  22.796  -79.668  -20.430 0.6000000238
5242  23.164  -77.608  -21.944 0.6000000238
5211  23.960  -78.528  -20.517 0.6000000238
5705  24.055  -77.318  -21.668 0.6000000238
5227  23.573  -78.093  -21.240 0.6000000238
5713  23.628  -76.866  -22.371 0.5000000000
5226  24.464  -77.787  -20.960 0.6000000238
5712  24.477  -76.931  -22.270 0.5000000000
116725  21.858  -80.839  -20.589 0.6999999881
4223  22.333  -80.109  -21.035 0.6000000238
4724  23.231  -78.960  -20.883 0.6000000238
5714  22.779  -77.096  -22.547 0.6000000238
6192  23.138  -76.485  -22.994 0.6000000238
4751  20.392  -79.499  -23.946 0.6000000238
4725  22.711  -79.401  -21.211 0.6000000238
5228  22.742  -78.677  -21.742 0.6000000238
5715  22.124  -77.410  -22.809 0.5000000000
4735  21.830  -79.030  -22.578 0.6000000238
5727  20.737  -77.925  -23.846 0.6000000238
5255  20.607  -78.756  -23.738 0.6000000238
5265  20.111  -78.579  -24.524 0.6000000238
4734  22.421  -79.645  -21.889 0.6000000238
6198  21.812  -76.260  -23.724 0.6000000238
5244  21.765  -78.034  -22.857 0.6000000238
5726  21.516  -77.362  -23.329 0.5000000000
6212  20.542  -76.713  -24.764 0.6000000238
5737  20.462  -77.552  -24.441 0.5000000000
5293  19.840  -77.791  -26.123 0.5000000000
6724  21.592  -75.342  -25.025 0.6000000238
6223  20.780  -75.841  -25.254 0.6000000238
5751  20.278  -76.752  -25.649 0.6000000238
5763  20.182  -76.872  -26.629 0.6000000238
5773  20.203  -77.179  -27.608 0.6999999881
5302  19.930  -78.312  -27.975 0.6999999881
5797  20.380  -78.153  -29.641 0.6999999881
140331  20.538  -78.615  -30.524 0.6999999881
127995  20.446  -76.543  -28.269 0.6999999881
6273  20.622  -76.343  -30.050 0.6999999881
5789  20.245  -77.656  -28.615 0.6999999881
124205  20.527  -77.561  -30.338 0.6999999881
5802  20.737  -78.518  -31.428 0.6000000238
118045  26.299  -84.523  -26.189 0.5000000000
3382  26.687  -82.979  -24.911 0.5000000000
134163  27.355  -83.053  -26.396 0.5000000000
2923  27.097  -83.032  -25.774 0.5000000000
3390  27.419  -82.345  -25.350 0.6000000238
3418  27.411  -82.553  -28.716 0.6000000238
3410  27.951  -82.454  -27.651 0.6000000238
3402  27.848  -82.437  -26.452 0.6000000238
3832  28.265  -81.542  -25.804 0.6000000238
3831  28.380  -80.958  -24.969 0.6000000238
3863  27.673  -81.594  -28.305 0.5000000000
3851  28.104  -81.320  -27.756 0.6000000238
4278  28.526  -80.188  -25.129 0.6000000238
4310  26.745  -81.353  -28.389 0.6000000238
124573  27.459  -80.298  -27.254 0.5000000000
4287  28.215  -80.160  -26.600 0.6000000238
5262  28.308  -78.887  -24.854 0.6000000238
4299  26.374  -80.735  -27.733 0.5000000000
4775  27.639  -78.882  -25.708 0.6000000238
5278  25.817  -78.326  -25.407 0.5000000000
4777  25.282  -78.943  -26.105 0.5000000000
120535  26.986  -77.773  -24.146 0.6000000238
2412  34.045  -84.498  -17.285 0.6000000238
136258  32.690  -83.489  -18.974 0.6999999881
136166  27.032  -82.369  -24.568 0.5000000000
6211  21.180  -75.973  -24.432 0.6000000238
123538  20.427  -77.002  -29.258 0.6999999881
117211  27.636  -81.721  -24.775 0.6000000238
5276  27.984  -78.583  -25.110 0.6000000238
2753  38.058  -83.203  -11.465 0.3000000119
3202  39.403  -82.220  -11.967 0.4000000060
2796  37.007  -83.260  -13.843 0.3000000119
132199  36.702  -82.379  -15.110 0.4000000060
3256  36.259  -82.962  -15.045 0.4000000060
127783  35.714  -82.419  -16.246 0.3000000119
124344  35.190  -82.298  -17.480 0.5000000000
127964  34.460  -82.112  -19.257 0.6000000238
3277  35.671  -82.858  -15.703 0.5000000000
2836  33.552  -82.811  -17.804 0.5000000000
2411  34.541  -83.965  -16.714 0.5000000000
3369  31.089  -81.858  -22.185 0.6999999881
5243  22.359  -77.985  -22.379 0.6000000238
5340  20.498  -79.406  -32.345 0.6000000238
3409  28.086  -81.806  -27.985 0.6000000238
3864  25.570  -81.953  -28.824 0.5000000000
3842  28.287  -81.730  -26.770 0.6000000238
3841  28.435  -80.946  -26.486 0.6000000238
4297  28.211  -80.835  -27.256 0.6000000238
3852  25.102  -81.359  -28.068 0.5000000000
128831  27.226  -79.520  -26.520 0.5000000000
4789  25.702  -79.503  -26.551 0.5000000000
1290  22.567  -87.447  -11.244 0.4000000060
1607  22.716  -86.454  -11.385 0.4000000060
1621  21.953  -86.574  -12.611 0.5000000000
776  20.753  -88.822  -9.931 0.5000000000
140374  20.563  -89.254  -9.440 0.5000000000
539  19.971  -90.590  -9.099 0.5000000000
1034  21.169  -88.506  -10.649 0.5000000000
1033  22.333  -88.248  -10.717 0.5000000000
1943  22.765  -85.502  -11.383 0.4000000060
2336  22.417  -85.010  -12.017 0.4000000060
1957  22.370  -85.400  -12.590 0.5000000000
3133  38.405  -81.611  -6.493 0.3000000119
3134  37.921  -82.009  -5.995 0.3000000119
3149  37.873  -82.346  -7.122 0.3000000119
3163  38.357  -82.139  -7.949 0.3000000119
1024  21.600  -88.661  -9.993 0.4000000060
775  21.077  -89.002  -9.334 0.5000000000
534  20.219  -90.095  -8.363 0.5000000000
138614  23.082  -88.291  -10.463 0.4000000060
1606  23.399  -86.011  -10.585 0.3000000119
1594  23.962  -86.762  -10.117 0.3000000119
2348  24.068  -84.286  -13.202 0.4000000060
2325  22.819  -84.667  -11.365 0.3000000119
2763  22.606  -84.194  -12.025 0.4000000060
2350  22.645  -84.737  -12.627 0.5000000000
2335  22.953  -83.859  -11.298 0.3000000119
3647  38.262  -81.313  -5.985 0.3000000119
2688  36.380  -82.487  -5.482 0.3000000119
3148  38.552  -81.870  -7.074 0.3000000119
3162  39.194  -81.594  -7.808 0.3000000119
3176  38.839  -82.288  -8.918 0.3000000119
1023  22.903  -88.705  -10.061 0.3000000119
774  22.139  -89.103  -9.392 0.4000000060
1032  23.632  -88.222  -10.239 0.3000000119
2324  23.247  -84.471  -10.566 0.3000000119
2777  23.409  -83.035  -12.404 0.4000000060
2776  23.993  -83.328  -12.923 0.4000000060
2762  22.909  -83.369  -11.962 0.4000000060
127058  23.289  -83.757  -10.460 0.3000000119
4555  37.781  -79.876  -6.762 0.4000000060
4065  37.682  -80.642  -5.912 0.4000000060
4066  36.820  -80.903  -5.582 0.4000000060
4067  35.933  -80.645  -6.194 0.4000000060
3651  34.710  -81.547  -6.116 0.4000000060
128320  34.053  -81.631  -6.455 0.5000000000
4078  39.146  -80.661  -6.944 0.3000000119
135820  38.730  -81.152  -6.486 0.3000000119
3661  39.519  -81.045  -7.424 0.3000000119
3689  39.564  -81.676  -8.728 0.3000000119
1022  23.900  -88.726  -9.687 0.3000000119
3210  23.264  -82.424  -11.823 0.3000000119
3209  25.839  -82.885  -11.795 0.4000000060
2760  26.313  -83.657  -11.485 0.4000000060
2728  23.936  -83.560  -8.973 0.3000000119
2749  23.154  -82.963  -11.028 0.3000000119
2738  23.483  -83.270  -9.863 0.3000000119
3168  29.839  -82.593  -7.783 0.5000000000
3169  28.870  -82.727  -7.912 0.5000000000
4576  37.274  -78.788  -9.292 0.3000000119
129861  37.003  -78.893  -8.461 0.3000000119
4575  38.384  -78.935  -9.023 0.3000000119
4566  37.349  -79.290  -7.747 0.3000000119
4080  36.816  -80.162  -6.381 0.4000000060
4083  33.864  -80.904  -7.852 0.5000000000
3664  32.628  -81.703  -7.548 0.5000000000
125974  38.338  -79.546  -7.493 0.3000000119
4081  35.988  -79.873  -7.080 0.4000000060
118685  35.235  -80.424  -7.178 0.4000000060
4082  34.443  -81.065  -7.122 0.5000000000
3663  33.495  -81.472  -7.187 0.5000000000
4077  39.769  -80.369  -7.662 0.3000000119
3675  40.012  -80.932  -8.149 0.3000000119
3688  40.218  -81.262  -9.211 0.3000000119
3705  40.003  -81.830  -10.271 0.3000000119
3719  40.620  -81.440  -11.034 0.4000000060
3224  23.951  -82.342  -12.583 0.3000000119
3208  26.262  -82.257  -11.205 0.4000000060
130185  24.350  -83.022  -8.452 0.3000000119
3186  23.438  -82.409  -10.134 0.3000000119
3197  23.274  -81.980  -11.030 0.3000000119
131255  26.426  -82.966  -11.011 0.4000000060
3172  23.854  -82.723  -9.230 0.3000000119
2736  27.329  -83.214  -9.064 0.4000000060
3170  28.127  -82.628  -8.245 0.5000000000
125754  28.924  -81.724  -8.970 0.4000000060
3681  28.509  -82.144  -8.505 0.5000000000
4592  37.073  -78.783  -10.492 0.3000000119
3678  31.258  -81.797  -8.493 0.5000000000
3680  29.328  -82.097  -8.420 0.5000000000
4577  36.268  -78.640  -8.919 0.3000000119
3677  32.284  -81.441  -8.576 0.4000000060
3691  31.655  -81.393  -9.407 0.5000000000
128370  38.766  -78.849  -9.617 0.3000000119
4567  36.481  -78.984  -8.069 0.4000000060
4568  35.750  -78.986  -8.341 0.4000000060
4097  32.975  -80.753  -8.944 0.5000000000
119803  38.927  -79.318  -8.125 0.3000000119
4557  36.040  -79.319  -7.728 0.4000000060
4094  35.406  -79.664  -7.839 0.5000000000
4095  34.532  -80.256  -8.032 0.5000000000
4093  40.493  -80.046  -8.213 0.3000000119
4103  41.089  -79.834  -8.888 0.4000000060
129992  41.387  -80.163  -9.604 0.3000000119
136910  40.960  -80.563  -9.169 0.4000000060
3704  40.838  -81.025  -9.947 0.4000000060
1373  30.631  -87.501  -18.051 0.5000000000
3720  40.066  -81.787  -11.715 0.3000000119
3155  24.847  -82.475  -7.943 0.3000000119
3185  23.873  -81.855  -9.477 0.3000000119
3723  26.043  -81.426  -11.518 0.3000000119
3712  26.737  -81.615  -10.572 0.3000000119
3694  28.257  -81.619  -9.099 0.5000000000
131602  29.720  -81.280  -10.165 0.4000000060
3709  28.910  -81.284  -9.713 0.3000000119
4608  36.642  -78.592  -11.410 0.3000000119
3707  31.240  -81.279  -10.162 0.5000000000
129338  36.452  -78.535  -9.747 0.3000000119
3690  32.364  -80.941  -9.501 0.4000000060
3706  31.891  -81.025  -10.051 0.4000000060
4569  34.978  -79.413  -8.591 0.4000000060
4104  34.211  -79.824  -8.901 0.4000000060
4105  33.519  -80.175  -9.282 0.4000000060
4574  39.629  -78.926  -8.789 0.3000000119
5057  40.563  -78.709  -9.306 0.3000000119
4096  33.706  -80.514  -8.546 0.5000000000
4572  41.742  -78.990  -9.956 0.3000000119
4589  42.229  -79.026  -10.655 0.4000000060
4115  41.402  -80.498  -10.532 0.4000000060
1389  30.705  -87.251  -18.847 0.5000000000
4131  41.413  -80.687  -11.646 0.5000000000
126891  31.300  -87.651  -18.660 0.5000000000
3171  24.381  -82.206  -8.684 0.3000000119
138255  23.168  -83.036  -19.844 0.5000000000
4120  30.099  -81.020  -10.817 0.3000000119
4121  29.277  -80.846  -10.520 0.3000000119
3350  24.006  -83.157  -20.105 0.5000000000
2880  21.887  -83.721  -20.204 0.6000000238
5100  36.829  -78.624  -12.262 0.3000000119
5084  35.648  -78.024  -11.278 0.3000000119
5083  37.466  -78.872  -11.780 0.3000000119
5070  36.097  -78.309  -10.472 0.3000000119
130606  35.107  -78.144  -10.399 0.3000000119
4117  32.494  -80.463  -10.277 0.4000000060
2865  27.257  -83.363  -18.989 0.5000000000
2904  20.471  -83.518  -21.875 0.5000000000
5059  35.059  -78.548  -9.682 0.3000000119
4579  34.651  -79.093  -9.300 0.3000000119
4580  33.932  -79.457  -9.611 0.3000000119
4595  32.982  -79.732  -10.722 0.3000000119
127976  28.175  -83.463  -18.869 0.5000000000
129054  40.414  -78.401  -10.165 0.3000000119
5056  41.298  -78.566  -9.907 0.3000000119
2436  29.653  -84.534  -18.948 0.5000000000
5066  41.891  -78.549  -10.571 0.3000000119
2037  30.042  -85.148  -18.898 0.5000000000
4588  42.342  -78.557  -11.295 0.4000000060
1390  30.399  -87.009  -19.408 0.6000000238
4623  42.507  -79.322  -12.617 0.4000000060
4149  41.837  -80.321  -12.589 0.5000000000
1402  30.544  -87.638  -19.880 0.5000000000
136771  41.740  -80.457  -14.039 0.4000000060
3730  41.005  -81.078  -12.552 0.3000000119
119940  40.629  -81.369  -11.898 0.4000000060
1126  31.308  -87.810  -19.621 0.6000000238
3753  40.467  -81.296  -17.293 0.3000000119
3754  39.804  -81.826  -16.692 0.4000000060
3743  39.920  -81.570  -14.451 0.4000000060
3739  39.953  -81.557  -13.493 0.3000000119
1388  31.909  -87.652  -19.672 0.6000000238
1125  31.822  -87.694  -18.832 0.5000000000
3758  39.989  -81.638  -17.986 0.3000000119
3294  39.528  -81.996  -17.363 0.5000000000
3273  38.998  -82.159  -16.564 0.4000000060
3253  38.988  -81.914  -15.642 0.4000000060
1372  32.518  -87.137  -18.384 0.6000000238
3326  38.813  -82.238  -19.068 0.3000000119
3314  39.220  -82.134  -18.154 0.5000000000
3295  38.688  -82.360  -17.464 0.4000000060
128924  38.002  -82.331  -16.671 0.4000000060
3327  38.143  -82.388  -19.650 0.4000000060
117936  37.839  -82.554  -18.822 0.5000000000
3296  37.831  -82.484  -17.660 0.4000000060
125284  36.968  -82.582  -19.071 0.5000000000
3337  22.359  -81.938  -19.646 0.6000000238
3352  21.300  -82.840  -20.217 0.6000000238
119393  36.670  -77.853  -13.887 0.3000000119
128657  36.097  -78.168  -12.149 0.3000000119
5101  35.246  -77.598  -11.990 0.3000000119
124680  21.667  -82.063  -19.968 0.6000000238
3353  20.761  -82.963  -20.662 0.6000000238
124644  37.456  -78.619  -12.774 0.3000000119
5085  34.719  -77.792  -11.278 0.3000000119
5071  34.139  -78.362  -10.728 0.3000000119
3374  21.057  -82.283  -21.539 0.6000000238
5118  37.985  -78.303  -13.623 0.3000000119
4593  34.397  -78.691  -9.969 0.3000000119
4594  33.669  -79.186  -10.347 0.3000000119
2902  22.031  -82.904  -23.008 0.6000000238
5067  41.204  -78.185  -10.689 0.3000000119
3821  21.939  -82.244  -23.553 0.6000000238
121490  22.036  -82.675  -23.287 0.6000000238
3383  22.151  -82.932  -24.087 0.6000000238
3384  21.689  -82.410  -24.411 0.5000000000
4173  41.669  -80.437  -14.835 0.4000000060
3742  40.761  -81.246  -15.141 0.4000000060
3344  37.214  -82.265  -20.527 0.4000000060
134197  37.523  -82.476  -19.787 0.5000000000
5139  36.619  -77.827  -14.593 0.3000000119
5639  35.919  -77.421  -14.242 0.3000000119
133508  36.043  -77.712  -13.459 0.3000000119
5120  35.711  -77.717  -12.793 0.3000000119
5102  34.338  -77.471  -12.006 0.3000000119
5086  33.775  -78.123  -11.491 0.3000000119
4625  32.929  -78.890  -11.850 0.3000000119
3781  22.100  -81.238  -19.837 0.5000000000
140309  37.226  -78.213  -13.548 0.3000000119
118355  22.115  -80.785  -21.829 0.5000000000
3782  21.037  -82.263  -20.653 0.6000000238
5138  37.523  -78.142  -14.466 0.3000000119
4609  33.384  -78.996  -11.098 0.3000000119
3794  21.534  -81.533  -21.430 0.6000000238
5154  37.599  -78.576  -15.433 0.3000000119
3807  21.946  -81.701  -22.696 0.6000000238
4653  42.371  -78.807  -14.542 0.3000000119
5113  42.525  -78.599  -13.091 0.3000000119
3822  21.482  -81.720  -23.932 0.6000000238
3393  20.210  -82.015  -25.273 0.6000000238
4237  22.061  -80.906  -22.457 0.5000000000
4254  21.636  -80.634  -22.946 0.6000000238
3816  21.863  -81.444  -23.153 0.6000000238
3823  20.791  -81.259  -24.239 0.6000000238
3833  20.903  -81.878  -24.638 0.6000000238
4280  19.359  -80.468  -25.855 0.6000000238
3834  20.198  -81.254  -24.803 0.6000000238
4291  19.164  -80.331  -26.748 0.5000000000
129932  22.267  -80.368  -21.952 0.5000000000
124766  21.392  -79.863  -22.872 0.5000000000
4269  21.143  -80.965  -23.622 0.5000000000
4779  19.524  -79.935  -25.336 0.6000000238
4824  19.958  -81.037  -30.576 0.5000000000
4830  20.161  -80.212  -31.842 0.6000000238
4823  20.418  -80.407  -30.913 0.6000000238
4831  19.777  -80.986  -31.388 0.5000000000
4839  19.745  -80.353  -32.001 0.6000000238
4840  19.207  -80.626  -31.715 0.6000000238
4750  20.959  -79.311  -23.277 0.5000000000
5282  19.612  -78.857  -26.164 0.5000000000
4801  19.475  -79.558  -27.104 0.5000000000
4780  19.421  -79.702  -26.067 0.6000000238
5315  20.130  -78.787  -29.165 0.6000000238
4811  19.853  -79.411  -28.713 0.5000000000
123657  19.817  -80.603  -29.367 0.5000000000
5326  20.509  -79.382  -30.226 0.6000000238
6276  20.945  -77.141  -31.520 0.6000000238
5333  20.512  -79.549  -31.225 0.6000000238
5342  19.109  -79.199  -32.334 0.5000000000
11191  15.466  -68.516  -26.481 0.5000000000
5254  21.203  -78.423  -23.277 0.5000000000
5281  19.618  -79.190  -25.312 0.5000000000
5294  19.677  -78.521  -27.023 0.6000000238
11179  16.688  -68.973  -25.174 0.5000000000
10463  17.214  -69.455  -24.275 0.6000000238
11189  17.313  -68.405  -25.664 0.6000000238
11198  16.912  -67.983  -26.468 0.6000000238
10477  15.524  -69.058  -25.644 0.5000000000
11199  15.906  -68.062  -26.862 0.5000000000
9823  15.466  -69.668  -27.296 0.5000000000
6277  18.073  -77.267  -31.565 0.5000000000
5810  18.764  -78.063  -32.329 0.5000000000
13450  22.983  -65.979  -26.162 0.6000000238
12681  22.468  -66.237  -24.783 0.6999999881
12692  21.149  -66.868  -26.036 0.6000000238
11924  21.201  -67.078  -25.043 0.6999999881
11911  20.119  -68.075  -23.834 0.6000000238
11163  18.933  -68.888  -23.615 0.6000000238
11925  20.431  -67.304  -25.720 0.6000000238
11919  20.488  -67.590  -24.607 0.6000000238
118365  21.891  -66.507  -26.363 0.6000000238
11933  20.381  -67.010  -26.706 0.6000000238
11926  19.732  -67.740  -25.384 0.6000000238
11177  18.674  -68.733  -24.456 0.5000000000
10449  17.622  -69.658  -23.416 0.6000000238
12698  21.108  -66.668  -26.961 0.6000000238
11934  19.506  -67.397  -26.447 0.6000000238
11188  18.315  -68.354  -25.331 0.5000000000
10462  18.176  -69.251  -23.957 0.6000000238
11927  18.858  -67.829  -25.841 0.6000000238
126398  18.954  -67.312  -27.282 0.6000000238
11935  18.478  -67.541  -26.712 0.6000000238
11936  17.518  -67.622  -26.941 0.6000000238
11209  15.842  -68.416  -27.488 0.5000000000
9822  15.763  -70.353  -27.277 0.5000000000
9830  15.965  -70.308  -27.990 0.5000000000
8574  16.339  -71.784  -28.308 0.5000000000
8586  16.362  -72.703  -28.930 0.5000000000
11918  21.252  -67.145  -24.025 0.6000000238
11910  20.769  -67.552  -23.531 0.6999999881
12706  20.415  -66.750  -27.635 0.5000000000
11944  18.140  -67.492  -27.676 0.6000000238
11957  16.704  -68.153  -28.009 0.6000000238
11223  15.759  -69.104  -27.847 0.5000000000
10501  16.351  -69.729  -28.640 0.6000000238
9224  16.193  -71.115  -28.728 0.5000000000
9231  16.345  -71.227  -29.478 0.6000000238
8587  16.051  -71.879  -29.520 0.6000000238
15870  24.882  -61.932  -29.392 0.4000000060
128045  22.985  -64.878  -23.074 0.6999999881
14196  21.315  -65.062  -21.840 0.5000000000
13399  21.211  -65.742  -21.553 0.5000000000
15877  25.153  -61.802  -31.025 0.6000000238
15058  24.940  -62.571  -29.587 0.5000000000
12656  21.781  -66.044  -22.090 0.6000000238
12657  21.170  -66.664  -21.750 0.5000000000
15885  25.866  -61.553  -31.486 0.5000000000
14222  23.377  -64.507  -23.662 0.6000000238
119375  22.115  -66.075  -22.781 0.8000000119
140422  22.944  -65.712  -24.334 0.6999999881
12672  21.777  -66.630  -23.411 0.8000000119
11161  20.376  -67.938  -22.895 0.6999999881
11220  17.877  -68.369  -29.019 0.6000000238
10510  16.809  -69.964  -29.327 0.6000000238
14197  20.665  -65.121  -21.670 0.5000000000
15850  25.097  -62.364  -28.057 0.5000000000
14223  22.916  -64.182  -23.127 0.6999999881
12647  20.024  -66.046  -20.644 0.5000000000
16721  26.989  -60.846  -31.551 0.4000000060
129345  25.462  -61.152  -31.108 0.4000000060
15883  27.133  -61.667  -31.221 0.4000000060
15075  26.111  -63.073  -31.948 0.5000000000
14290  26.113  -63.918  -31.968 0.4000000060
14205  20.885  -64.581  -22.165 0.5000000000
13401  19.616  -65.468  -20.988 0.5000000000
16715  24.837  -60.268  -30.155 0.3000000119
16688  24.654  -61.713  -28.881 0.3000000119
14977  22.037  -63.909  -22.822 0.6000000238
127302  27.652  -61.716  -30.087 0.4000000060
15875  27.285  -62.571  -30.454 0.4000000060
14284  26.371  -64.882  -30.741 0.4000000060
14997  20.984  -63.711  -23.369 0.6000000238
14996  21.790  -63.311  -23.543 0.6000000238
14283  27.028  -64.368  -29.782 0.4000000060
14224  20.423  -64.309  -22.937 0.5000000000
14206  19.853  -64.839  -22.419 0.5000000000
18312  25.014  -58.401  -29.537 0.3000000119
16704  24.258  -60.638  -29.473 0.3000000119
16689  24.119  -61.388  -28.740 0.3000000119
15852  23.163  -61.423  -28.671 0.4000000060
15057  27.865  -63.376  -28.400 0.3000000119
14274  26.794  -65.030  -29.554 0.4000000060
13470  27.072  -65.053  -28.684 0.4000000060
16705  23.250  -60.644  -29.045 0.4000000060
15015  20.159  -63.782  -24.497 0.6000000238
14207  18.622  -65.148  -23.338 0.4000000060
16706  22.121  -61.020  -28.889 0.4000000060
19070  25.613  -58.089  -28.074 0.3000000119
19071  24.724  -58.312  -28.763 0.3000000119
14225  19.408  -64.655  -23.563 0.5000000000
16690  21.184  -61.596  -28.693 0.4000000060
127633  20.570  -61.966  -28.620 0.4000000060
16692  19.409  -61.525  -27.851 0.5000000000
16707  21.159  -60.963  -28.747 0.4000000060
16691  19.895  -61.765  -28.502 0.4000000060
19039  21.940  -59.098  -24.665 0.3000000119
19052  20.696  -59.101  -25.319 0.3000000119
18272  21.054  -59.930  -25.460 0.3000000119
17484  20.061  -60.157  -26.124 0.3000000119
118163  20.235  -58.004  -25.683 0.3000000119
18228  17.522  -59.767  -21.424 0.4000000060
19854  21.757  -57.493  -25.402 0.3000000119
120407  32.419  -79.650  -11.785 0.3000000119
126347  42.145  -79.899  -13.467 0.4000000060
139018  20.530  -60.875  -28.448 0.3000000119
10508  18.028  -69.615  -29.688 0.6000000238
117963  15.937  -59.082  -21.712 0.4000000060
118330  25.849  -62.426  -31.610 0.5000000000
3749  39.818  -81.697  -15.403 0.4000000060
4270  20.401  -80.467  -24.256 0.5000000000
120836  23.374  -87.028  -10.747 0.4000000060
1291  21.606  -87.979  -11.404 0.5000000000
124169  19.946  -90.382  -8.560 0.5000000000
1967  23.974  -85.107  -13.349 0.5000000000
3648  37.466  -81.491  -5.650 0.4000000060
1289  23.241  -87.830  -10.690 0.4000000060
2778  22.899  -83.940  -12.461 0.4000000060
2347  24.964  -83.972  -12.736 0.4000000060
4079  38.480  -80.607  -6.387 0.4000000060
3649  36.177  -81.309  -5.488 0.4000000060
3641  35.124  -82.176  -5.437 0.4000000060
532  22.252  -90.209  -8.057 0.3000000119
2312  23.634  -84.246  -9.604 0.3000000119
2761  25.607  -83.492  -12.233 0.4000000060
4554  39.220  -79.854  -7.406 0.3000000119
4565  39.879  -79.570  -8.050 0.4000000060
3223  24.826  -82.814  -12.504 0.4000000060
2737  27.009  -83.129  -9.656 0.4000000060
3676  33.178  -81.171  -8.163 0.5000000000
1697  30.183  -86.015  -18.713 0.5000000000
3674  40.633  -80.467  -8.636 0.4000000060
128389  23.473  -81.684  -10.289 0.3000000119
3184  26.778  -82.508  -10.201 0.4000000060
3182  27.848  -82.153  -8.701 0.5000000000
3692  30.789  -81.612  -9.369 0.5000000000
5058  35.730  -78.420  -9.710 0.3000000119
5068  39.554  -78.661  -9.763 0.3000000119
127231  40.581  -79.310  -8.670 0.3000000119
1127  31.026  -87.579  -19.026 0.6000000238
3710  28.003  -80.985  -9.663 0.3000000119
3695  27.692  -81.620  -9.380 0.4000000060
4116  33.272  -79.941  -9.990 0.3000000119
2046  29.945  -85.092  -19.404 0.5000000000
120485  42.138  -79.832  -11.862 0.4000000060
4135  29.655  -80.540  -11.315 0.3000000119
4132  32.250  -80.160  -11.217 0.3000000119
3748  40.505  -81.384  -16.192 0.4000000060
3738  40.943  -81.208  -14.094 0.4000000060
3762  39.848  -81.666  -18.762 0.3000000119
5616  34.875  -77.150  -12.638 0.3000000119
4177  41.570  -80.318  -15.876 0.3000000119
5617  33.901  -77.191  -12.702 0.3000000119
5121  33.003  -77.723  -12.989 0.3000000119
129306  38.317  -78.457  -15.061 0.3000000119
124011  19.629  -80.038  -28.248 0.5000000000
4810  20.327  -80.063  -29.883 0.6000000238
12682  21.862  -66.672  -24.377 0.6999999881
11898  21.553  -66.613  -22.569 0.6999999881
12671  22.483  -66.074  -23.696 0.6999999881
14203  22.427  -64.851  -22.575 0.6000000238
125900  24.854  -58.954  -29.874 0.3000000119
127379  24.178  -58.915  -29.249 0.3000000119
1710  29.323  -87.061  -20.902 0.5000000000
2047  29.474  -85.667  -20.396 0.5000000000
4221  32.043  -80.742  -21.791 0.6000000238
122897  19.765  -78.389  -25.409 0.4000000060
128569  19.888  -77.708  -27.050 0.5000000000
5351  20.242  -79.263  -33.237 0.5000000000
6285  21.742  -77.473  -33.288 0.5000000000
5819  21.403  -78.053  -33.649 0.5000000000
5350  20.775  -79.075  -33.190 0.5000000000
5352  19.582  -78.946  -33.089 0.5000000000
5831  20.198  -78.275  -33.477 0.5000000000
6795  21.558  -76.270  -32.190 0.5000000000
6286  18.403  -76.918  -32.281 0.4000000060
5818  21.868  -77.357  -34.072 0.5000000000
5830  21.081  -77.873  -33.947 0.5000000000
6295  19.695  -77.095  -33.283 0.5000000000
6287  17.924  -76.368  -31.849 0.5000000000
6815  21.502  -76.105  -34.149 0.6000000238
130976  20.285  -76.722  -33.629 0.5000000000
6804  18.551  -75.455  -32.584 0.5000000000
7982  16.373  -73.240  -29.700 0.5000000000
7442  20.448  -75.246  -33.592 0.6000000238
7408  17.229  -74.468  -30.636 0.5000000000
118009  16.694  -73.796  -30.117 0.5000000000
6803  19.546  -75.969  -33.245 0.6000000238
7419  17.857  -75.013  -32.198 0.6000000238
6788  17.483  -75.457  -30.831 0.5000000000
127981  21.658  -75.304  -34.039 0.6000000238
124892  19.235  -74.849  -32.840 0.6000000238
139696  18.394  -74.616  -32.389 0.6000000238
8002  17.047  -73.568  -30.753 0.6000000238
7430  18.883  -73.852  -32.360 0.6000000238
7991  16.426  -73.037  -30.273 0.5000000000
117857  16.033  -71.890  -30.043 0.5000000000
136731  17.942  -74.173  -32.051 0.6000000238
7420  17.519  -74.695  -31.607 0.6000000238
10448  18.411  -69.292  -23.141 0.5000000000
127101  19.127  -68.698  -22.058 0.5000000000
11162  19.648  -68.461  -23.254 0.5000000000
9230  16.556  -71.340  -29.944 0.6000000238
8013  18.248  -73.567  -31.790 0.6000000238
122829  16.654  -71.839  -30.248 0.6000000238
8001  17.758  -73.445  -31.063 0.6000000238
7990  17.031  -72.927  -30.663 0.6000000238
7989  17.989  -72.889  -30.730 0.6000000238
120713  21.909  -60.602  -28.678 0.3000000119
16630  16.885  -61.423  -21.621 0.3000000119
3328  36.197  -82.414  -19.363 0.4000000060
133124  34.092  -81.652  -20.564 0.5000000000
1371  33.158  -86.279  -18.391 0.5000000000
1387  32.514  -87.172  -19.352 0.5000000000
3778  33.212  -81.465  -20.816 0.4000000060
123464  32.415  -87.145  -20.175 0.4000000060
4235  31.751  -80.296  -22.433 0.4000000060
1709  29.965  -86.430  -19.846 0.4000000060
1139  30.225  -87.835  -20.787 0.4000000060
1403  29.785  -87.510  -20.682 0.4000000060
1138  30.752  -87.840  -20.140 0.4000000060
1401  31.656  -87.653  -20.335 0.4000000060
3818  30.869  -81.040  -24.943 0.4000000060
3819  30.356  -81.447  -24.567 0.4000000060
3376  29.868  -82.034  -24.072 0.4000000060
2447  29.446  -84.365  -20.151 0.4000000060
4250  31.228  -79.871  -23.852 0.4000000060
3814  30.418  -81.221  -23.716 0.4000000060
3389  29.544  -83.013  -25.314 0.4000000060
2922  29.181  -83.816  -25.551 0.5000000000
8000  18.749  -73.243  -31.330 0.5000000000
7999  19.778  -73.241  -30.832 0.5000000000
8597  18.637  -72.500  -29.833 0.5000000000
7988  19.225  -73.041  -30.241 0.5000000000
8572  19.726  -71.761  -27.853 0.5000000000
11890  20.118  -67.588  -21.290 0.4000000060
11881  20.192  -66.810  -20.740 0.4000000060
8584  19.314  -72.117  -28.810 0.5000000000
8598  17.299  -72.376  -30.451 0.5000000000
3792  31.495  -81.101  -22.038 0.5000000000
130116  31.460  -79.981  -23.063 0.4000000060
3380  29.914  -82.213  -24.991 0.4000000060
118923  20.240  -90.082  -9.863 0.4000000060
386  25.168  -90.922  -12.088 0.4000000060
1035  20.626  -88.876  -10.645 0.4000000060
565  20.557  -89.506  -10.666 0.4000000060
560  25.481  -90.610  -11.596 0.4000000060
564  20.903  -89.797  -11.588 0.4000000060
799  25.826  -89.357  -11.278 0.4000000060
800  25.378  -89.857  -11.572 0.4000000060
562  23.823  -90.933  -12.255 0.4000000060
1044  21.226  -87.926  -12.060 0.5000000000
802  20.660  -88.991  -11.473 0.5000000000
1053  20.874  -88.531  -12.085 0.4000000060
801  20.800  -89.093  -12.124 0.4000000060
574  24.396  -90.553  -12.188 0.4000000060
1301  21.930  -87.064  -12.014 0.5000000000
1631  21.971  -86.737  -13.123 0.5000000000
1315  21.730  -87.479  -13.186 0.5000000000
827  21.960  -88.674  -13.308 0.4000000060
577  21.387  -89.620  -12.452 0.4000000060
1313  22.897  -87.122  -13.440 0.4000000060
1060  22.479  -87.948  -13.447 0.4000000060
1305  25.816  -87.198  -12.274 0.4000000060
1043  25.936  -88.224  -11.721 0.4000000060
813  25.102  -88.943  -12.174 0.4000000060
130119  23.865  -89.936  -12.692 0.4000000060
576  22.279  -90.185  -12.643 0.4000000060
814  24.717  -89.890  -12.135 0.4000000060
1306  24.456  -87.328  -13.119 0.5000000000
1058  23.577  -87.662  -13.391 0.4000000060
1059  23.508  -88.586  -13.310 0.4000000060
815  22.946  -89.812  -13.064 0.4000000060
134643  25.124  -87.019  -12.748 0.5000000000
1049  25.158  -87.810  -12.504 0.4000000060
1050  24.373  -88.249  -12.963 0.4000000060
135676  23.469  -89.348  -13.133 0.4000000060
1605  27.674  -86.408  -11.150 0.3000000119
1604  28.363  -86.266  -10.597 0.3000000119
1941  27.861  -85.475  -10.985 0.4000000060
1613  27.048  -86.436  -11.612 0.3000000119
127150  27.477  -84.644  -10.704 0.4000000060
1951  26.796  -85.801  -11.891 0.4000000060
1916  29.954  -85.079  -8.783 0.3000000119
2310  29.082  -84.652  -9.046 0.4000000060
1930  28.806  -85.020  -9.892 0.4000000060
2322  28.072  -84.767  -10.242 0.4000000060
2300  29.413  -84.223  -8.179 0.4000000060
134109  28.104  -84.383  -9.200 0.4000000060
136229  26.804  -86.853  -11.680 0.3000000119
2323  26.914  -84.202  -10.917 0.3000000119
118035  26.510  -85.206  -12.052 0.4000000060
2287  29.872  -83.659  -7.560 0.4000000060
2311  27.360  -83.944  -9.778 0.3000000119
2301  28.451  -83.931  -8.347 0.4000000060
2725  28.157  -83.206  -8.043 0.4000000060
2735  27.748  -83.612  -8.682 0.4000000060
1618  25.496  -86.315  -12.653 0.4000000060
1954  26.128  -85.705  -12.349 0.4000000060
2299  30.378  -84.587  -8.044 0.4000000060
2748  26.782  -83.429  -10.452 0.3000000119
2715  30.936  -83.310  -6.924 0.4000000060
2286  30.809  -84.080  -7.311 0.4000000060
3152  31.343  -82.689  -6.937 0.4000000060
3153  30.408  -82.872  -7.204 0.4000000060
2724  28.989  -83.401  -7.799 0.4000000060
1619  24.564  -86.505  -13.156 0.4000000060
1956  24.706  -85.712  -13.120 0.4000000060
2346  25.792  -84.862  -12.442 0.3000000119
1955  25.428  -85.514  -12.709 0.4000000060
2334  25.894  -84.104  -12.209 0.3000000119
3139  32.067  -82.912  -6.447 0.4000000060
3138  32.823  -82.771  -6.078 0.4000000060
136421  32.870  -81.965  -6.729 0.4000000060
3167  30.779  -82.345  -7.662 0.4000000060
2717  29.635  -83.040  -7.411 0.4000000060
1629  22.676  -86.245  -13.312 0.4000000060
119908  24.830  -84.907  -12.998 0.3000000119
1620  22.191  -86.012  -12.950 0.4000000060
1628  23.652  -86.781  -13.415 0.4000000060
1968  23.155  -85.345  -13.300 0.4000000060
119145  23.752  -85.918  -13.399 0.4000000060
2507  29.158  -85.185  -26.566 0.4000000060
2716  30.291  -83.263  -7.215 0.4000000060
550  20.778  -90.565  -10.622 0.4000000060
761  20.664  -89.506  -8.849 0.5000000000
762  20.149  -89.796  -9.156 0.5000000000
816  22.031  -89.415  -13.093 0.4000000060
817  21.250  -88.777  -12.813 0.4000000060
826  22.728  -89.006  -13.354 0.4000000060
1045  20.902  -88.469  -11.391 0.5000000000
1051  24.195  -89.185  -12.804 0.4000000060
1052  21.219  -87.948  -12.697 0.4000000060
1061  21.618  -88.130  -13.225 0.4000000060
1137  31.173  -87.885  -20.341 0.4000000060
1307  21.607  -87.274  -12.640 0.5000000000
1314  22.256  -87.068  -13.315 0.5000000000
1411  31.207  -87.655  -21.110 0.6000000238
1413  29.581  -87.831  -21.641 0.6000000238
1429  28.368  -87.562  -22.890 0.6000000238
1443  28.083  -87.288  -23.149 0.8000000119
1444  27.560  -87.053  -23.270 0.8000000119
1445  26.911  -86.678  -23.760 0.6999999881
1614  22.281  -85.934  -12.168 0.4000000060
1630  22.580  -85.415  -13.071 0.5000000000
1671  33.807  -85.319  -17.372 0.4000000060
1684  33.647  -85.533  -18.763 0.6000000238
1685  30.286  -86.864  -18.407 0.5000000000
1698  30.347  -85.904  -19.004 0.6000000238
1708  32.869  -86.334  -20.729 0.6000000238
1733  31.965  -86.217  -22.146 0.6000000238
1746  29.889  -86.932  -23.048 0.6999999881
1747  29.075  -86.573  -23.444 0.8000000119
1750  25.968  -85.990  -24.171 0.6999999881
1758  26.933  -86.326  -24.431 0.5000000000
1759  26.431  -86.288  -24.222 0.6999999881
1770  27.047  -86.050  -25.366 0.5000000000
1771  26.913  -86.051  -25.588 0.5000000000
1779  26.760  -86.110  -26.410 0.5000000000
1940  28.459  -85.488  -10.443 0.4000000060
1950  27.322  -85.844  -11.472 0.4000000060
2036  33.650  -85.060  -19.698 0.6999999881
2045  33.285  -85.174  -20.537 0.6999999881
2075  26.229  -85.644  -23.366 0.6999999881
2085  25.856  -85.795  -23.866 0.6999999881
2332  27.094  -85.093  -11.462 0.4000000060
2333  26.477  -84.515  -11.812 0.3000000119
2349  22.963  -84.410  -12.927 0.5000000000
2363  23.398  -84.662  -13.201 0.5000000000
2364  22.871  -84.887  -13.096 0.5000000000
2400  34.382  -84.718  -16.821 0.5000000000
2446  29.568  -84.275  -19.458 0.5000000000
2487  25.743  -85.462  -24.068 0.6999999881
2497  28.818  -84.907  -24.118 0.6000000238
2500  25.900  -85.397  -24.587 0.6999999881
2508  26.158  -85.345  -26.047 0.5000000000
2726  27.677  -82.859  -8.515 0.5000000000
2769  37.824  -83.032  -12.782 0.3000000119
2790  23.414  -83.940  -12.918 0.4000000060
2850  32.762  -83.034  -18.570 0.6999999881
2851  29.254  -83.907  -19.074 0.5000000000
2862  32.968  -83.753  -18.476 0.6999999881
2863  32.488  -82.941  -19.269 0.6999999881
2892  20.645  -82.846  -21.238 0.6000000238
2903  21.115  -82.907  -22.234 0.6000000238
2916  28.984  -83.470  -24.898 0.6000000238
2924  26.423  -83.753  -25.459 0.5000000000
2933  27.450  -83.240  -27.066 0.5000000000
3123  37.165  -82.287  -5.699 0.3000000119
3151  32.226  -82.318  -6.879 0.4000000060
3183  27.323  -82.423  -9.234 0.5000000000
3231  38.397  -82.365  -13.188 0.4000000060
3275  37.164  -82.114  -15.738 0.3000000119
3299  34.357  -82.543  -17.433 0.4000000060
3315  38.478  -82.427  -18.257 0.4000000060
3336  23.263  -82.317  -19.610 0.5000000000
3343  37.885  -82.198  -20.360 0.4000000060
3351  22.306  -82.793  -19.800 0.6000000238
3370  30.666  -82.291  -22.730 0.6999999881
3373  21.805  -82.267  -22.508 0.6000000238
3375  30.139  -82.610  -23.367 0.6000000238
3391  22.051  -83.068  -24.982 0.5000000000
3639  36.644  -81.715  -5.417 0.4000000060
3640  35.914  -81.964  -5.258 0.4000000060
3650  35.480  -81.418  -5.731 0.4000000060
3652  33.495  -82.091  -6.186 0.4000000060
3662  38.979  -81.346  -6.973 0.3000000119
3665  31.741  -82.021  -7.642 0.4000000060
3679  30.260  -81.980  -8.430 0.5000000000
3693  29.763  -81.630  -9.326 0.4000000060
3696  27.174  -81.788  -9.812 0.4000000060
3708  30.440  -81.358  -10.182 0.5000000000
3711  27.407  -81.016  -10.105 0.3000000119
3850  28.243  -81.475  -27.336 0.6000000238
4068  35.139  -81.005  -6.502 0.4000000060
4102  41.483  -79.468  -9.528 0.3000000119
4114  41.823  -79.565  -10.116 0.4000000060
4119  30.892  -81.021  -10.863 0.4000000060
4130  42.030  -79.743  -10.986 0.4000000060
4164  42.225  -79.566  -14.358 0.4000000060
4165  41.411  -80.784  -13.344 0.3000000119
4201  22.673  -80.697  -19.678 0.6000000238
4209  27.063  -80.048  -20.049 0.8000000119
4238  22.000  -80.146  -22.382 0.5000000000
4251  30.931  -80.509  -23.365 0.4000000060
4255  20.869  -80.129  -23.421 0.5000000000
4267  31.433  -80.249  -24.782 0.4000000060
4268  30.758  -80.617  -24.219 0.4000000060
4279  19.723  -80.538  -25.029 0.6000000238
4286  28.430  -80.163  -25.857 0.6000000238
4298  27.633  -80.952  -27.864 0.6000000238
4332  19.498  -80.919  -31.594 0.5000000000
4556  36.728  -79.570  -7.322 0.4000000060
4573  41.245  -79.060  -9.273 0.3000000119
4578  35.410  -78.776  -9.088 0.3000000119
4605  42.500  -79.125  -11.514 0.4000000060
4610  32.794  -79.508  -11.344 0.3000000119
4639  42.574  -79.061  -13.694 0.3000000119
4695  26.432  -79.783  -19.847 0.6999999881
4714  23.499  -79.309  -20.088 0.6000000238
4765  28.474  -79.479  -24.614 0.6000000238
4766  19.856  -79.710  -24.681 0.5000000000
4774  28.402  -79.494  -25.316 0.6000000238
4776  26.458  -78.856  -25.945 0.5000000000
4838  20.117  -79.822  -32.803 0.6000000238
5103  33.389  -77.915  -12.237 0.3000000119
5119  36.556  -78.229  -12.996 0.3000000119
5153  38.445  -78.812  -15.760 0.3000000119
5208  26.504  -78.589  -20.603 0.6999999881
5251  28.357  -78.849  -24.178 0.6999999881
5263  27.940  -78.279  -24.304 0.6000000238
5277  27.046  -78.284  -25.070 0.6000000238
5303  19.683  -79.116  -27.795 0.5000000000
5341  19.858  -79.822  -32.829 0.5000000000
5359  20.775  -78.560  -33.487 0.5000000000
5654  36.202  -77.558  -15.151 0.3000000119
5704  24.961  -77.316  -21.549 0.6000000238
5725  22.312  -76.743  -23.092 0.5000000000
5733  26.060  -77.426  -24.072 0.6999999881
5736  20.936  -76.886  -23.998 0.6000000238
5809  21.190  -78.479  -32.723 0.5000000000
5820  19.184  -77.655  -32.878 0.5000000000
6210  22.599  -75.808  -24.019 0.6999999881
6221  24.001  -76.510  -25.217 0.5000000000
6284  22.567  -76.785  -33.813 0.6000000238
6294  22.137  -77.344  -33.987 0.5000000000
6296  18.802  -76.478  -32.731 0.5000000000
6304  22.049  -76.702  -34.206 0.6999999881
6305  21.231  -77.014  -34.147 0.6000000238
6306  20.566  -77.477  -33.753 0.5000000000
6722  22.863  -75.427  -25.810 0.5000000000
6723  22.144  -75.149  -25.738 0.6000000238
6738  22.449  -75.133  -27.194 0.5000000000
6754  27.313  -76.118  -27.132 0.5000000000
6759  20.946  -75.285  -27.563 0.6000000238
6768  20.991  -75.226  -28.820 0.6000000238
6773  25.411  -75.288  -29.273 0.5000000000
6794  22.848  -76.132  -32.963 0.6000000238
6796  18.074  -75.930  -32.268 0.5000000000
6797  17.662  -75.589  -31.755 0.5000000000
6816  20.579  -76.192  -33.810 0.6000000238
7397  24.898  -74.303  -30.188 0.5000000000
7407  17.584  -73.916  -31.391 0.6000000238
7415  24.340  -74.341  -31.873 0.6000000238
7416  24.059  -74.627  -32.360 0.6999999881
7426  23.527  -74.227  -32.854 0.6000000238
7427  23.389  -74.851  -33.571 0.6999999881
7429  19.986  -74.149  -32.947 0.6999999881
7441  21.085  -74.444  -33.573 0.6000000238
7983  15.981  -72.466  -29.981 0.5000000000
7997  24.379  -73.362  -31.361 0.5000000000
8011  19.929  -72.796  -32.086 0.5000000000
8012  19.091  -73.217  -32.046 0.6000000238
8030  22.533  -74.191  -33.707 0.6999999881
8571  20.398  -71.924  -27.268 0.5000000000
8595  20.590  -72.689  -28.957 0.5000000000
8596  19.698  -72.640  -29.204 0.5000000000
8599  16.417  -72.413  -30.274 0.6000000238
8615  22.384  -72.661  -32.423 0.5000000000
8618  22.844  -73.076  -32.908 0.5000000000
9219  16.142  -70.998  -27.665 0.5000000000
9229  17.187  -71.351  -30.075 0.6999999881
9829  19.495  -71.168  -27.881 0.6000000238
9835  16.242  -70.483  -28.657 0.5000000000
9836  15.797  -69.742  -27.988 0.5000000000
9841  17.264  -70.783  -29.812 0.6000000238
9842  16.900  -70.551  -29.647 0.6000000238
9843  16.530  -70.447  -29.198 0.6000000238
10485  15.184  -68.919  -27.009 0.5000000000
10492  20.184  -70.026  -28.126 0.6999999881
10493  15.453  -69.199  -27.480 0.5000000000
10499  19.547  -69.872  -29.226 0.6999999881
10500  16.963  -69.301  -29.075 0.6000000238
10509  17.334  -69.778  -29.566 0.6000000238
10519  20.018  -69.012  -30.165 0.6999999881
11144  19.424  -68.198  -21.387 0.4000000060
11151  19.790  -68.226  -22.246 0.5000000000
11152  19.092  -68.829  -22.792 0.5000000000
11176  19.431  -68.479  -24.122 0.5000000000
11178  17.763  -68.882  -24.806 0.5000000000
11187  19.174  -68.240  -24.975 0.6000000238
11190  16.215  -68.410  -26.046 0.5000000000
11200  15.258  -68.458  -26.946 0.5000000000
11210  15.375  -68.762  -27.304 0.5000000000
11221  17.187  -68.553  -28.734 0.6000000238
11222  16.424  -68.833  -28.325 0.6000000238
11228  24.162  -68.339  -29.666 0.6000000238
11229  23.401  -68.409  -30.394 0.6999999881
11231  21.593  -69.056  -30.093 0.6000000238
11234  17.669  -69.040  -29.395 0.6999999881
11242  23.386  -67.797  -30.958 0.6999999881
11243  22.672  -68.344  -30.651 0.8000000119
11244  21.367  -68.796  -30.499 0.8000000119
11245  20.246  -68.499  -30.255 0.6999999881
11899  20.587  -67.507  -21.953 0.5000000000
11909  21.279  -67.059  -23.212 0.6999999881
11920  19.810  -68.052  -24.600 0.6000000238
11928  17.913  -67.937  -26.179 0.6000000238
11937  16.724  -67.774  -27.052 0.6000000238
11945  17.140  -67.743  -27.587 0.6000000238
11946  16.416  -67.974  -27.402 0.5000000000
11952  24.795  -67.946  -29.570 0.6000000238
11953  20.021  -67.060  -29.274 0.6999999881
11956  17.555  -67.945  -28.345 0.6999999881
11969  21.231  -67.481  -30.430 0.8000000119
11971  19.735  -67.819  -29.718 0.6999999881
11985  21.866  -68.230  -30.703 0.6999999881
12646  20.687  -66.289  -21.052 0.5000000000
12655  22.614  -65.494  -22.957 0.8000000119
12690  22.471  -66.291  -25.703 0.6000000238
12691  21.850  -66.630  -25.395 0.6000000238
12697  22.417  -66.204  -26.963 0.6000000238
12704  22.011  -66.265  -28.038 0.6999999881
12707  19.664  -67.058  -27.420 0.5000000000
12715  21.294  -66.390  -28.854 0.8000000119
12717  19.783  -66.919  -28.350 0.6999999881
12730  21.542  -66.620  -29.934 0.8000000119
12738  25.161  -66.289  -31.322 0.6000000238
12740  23.628  -66.738  -31.166 0.8000000119
12751  24.941  -65.494  -32.159 0.6999999881
13400  20.429  -65.633  -21.141 0.5000000000
13408  21.807  -65.346  -22.088 0.5000000000
13409  19.934  -65.175  -21.558 0.5000000000
13429  23.506  -65.032  -24.497 0.6999999881
13430  23.039  -65.298  -23.617 0.6999999881
13472  23.909  -65.141  -29.983 0.6999999881
13487  23.403  -65.879  -30.766 0.6999999881
13496  23.977  -65.853  -31.561 0.6999999881
14204  21.657  -64.631  -22.280 0.5000000000
14244  20.027  -64.188  -23.814 0.6000000238
14245  18.985  -64.444  -24.697 0.5000000000
14252  24.408  -63.605  -25.065 0.6999999881
14265  24.671  -64.310  -27.776 0.8000000119
14292  24.871  -64.769  -32.323 0.6000000238
14304  25.220  -65.005  -32.315 0.6000000238
14978  21.216  -64.151  -22.619 0.5000000000
14995  22.653  -63.272  -23.556 0.6999999881
15011  24.206  -63.160  -24.687 0.6999999881
15012  23.783  -63.245  -24.133 0.6999999881
15013  22.039  -62.820  -24.118 0.6999999881
15028  17.674  -63.651  -26.115 0.6000000238
15035  25.032  -63.135  -26.291 0.6999999881
15038  17.674  -63.076  -26.349 0.6000000238
15043  25.194  -62.792  -27.050 0.6000000238
15044  25.114  -63.417  -27.267 0.6999999881
15069  26.746  -63.418  -30.964 0.4000000060
15077  24.890  -64.156  -32.270 0.6999999881
15801  23.295  -62.971  -23.922 0.6999999881
15813  24.171  -62.663  -25.165 0.6999999881
15825  24.499  -62.586  -25.873 0.6999999881
15842  18.459  -62.474  -26.846 0.6000000238
15851  24.704  -62.067  -27.798 0.6000000238
15854  21.221  -62.302  -28.338 0.4000000060
15856  19.300  -62.162  -27.805 0.5000000000
15876  26.565  -62.435  -31.500 0.5000000000
15884  26.497  -61.611  -31.552 0.4000000060
16638  19.340  -61.532  -22.855 0.5000000000
16660  17.596  -61.944  -25.461 0.5000000000
16668  17.523  -62.155  -26.060 0.5000000000
16677  18.039  -61.693  -26.487 0.5000000000
16703  24.868  -61.125  -30.125 0.3000000119
16708  20.465  -61.316  -28.768 0.4000000060
16722  26.156  -60.810  -31.554 0.4000000060
17444  17.289  -60.604  -21.474 0.3000000119
17511  19.896  -61.125  -28.307 0.4000000060
17519  24.471  -59.609  -29.739 0.3000000119
17521  22.647  -60.268  -28.925 0.4000000060
17530  25.344  -59.594  -30.562 0.3000000119
18261  18.332  -59.680  -25.386 0.4000000060
19023  19.754  -59.530  -21.570 0.4000000060
19822  20.940  -57.471  -21.852 0.3000000119
19841  21.235  -58.324  -25.268 0.3000000119
20636  19.657  -57.111  -21.342 0.4000000060
20672  19.938  -56.453  -24.768 0.3000000119
21477  18.831  -55.750  -21.526 0.3000000119
22305  19.418  -54.610  -21.711 0.3000000119
116189  32.143  -83.726  -21.226 0.8000000119
116420  19.395  -57.649  -25.217 0.3000000119
119020  20.075  -77.606  -25.113 0.5000000000
119177  20.749  -75.591  -28.145 0.6999999881
119362  23.813  -65.374  -27.141 0.8000000119
119998  40.669  -81.287  -13.218 0.3000000119
120521  15.165  -68.915  -26.374 0.5000000000
120695  21.007  -67.273  -22.621 0.6999999881
120951  28.782  -84.670  -25.713 0.5000000000
121718  23.020  -65.812  -25.182 0.8000000119
122811  27.325  -86.393  -24.152 0.6999999881
123373  16.744  -59.183  -21.539 0.5000000000
124459  33.589  -85.440  -19.539 0.6000000238
124486  24.468  -64.113  -25.652 0.6999999881
124726  21.555  -81.563  -20.339 0.6999999881
124730  17.509  -70.167  -29.728 0.6000000238
125192  25.357  -77.007  -24.070 0.6999999881
125287  36.924  -82.511  -17.921 0.4000000060
125571  37.868  -79.102  -8.354 0.3000000119
125971  27.093  -82.587  -19.094 0.6999999881
127814  20.011  -60.690  -27.260 0.6000000238
127842  28.819  -84.167  -24.444 0.6000000238
128663  28.980  -87.794  -22.443 0.6000000238
128724  31.456  -86.125  -22.613 0.8000000119
128839  26.853  -83.631  -26.314 0.5000000000
129585  21.537  -89.487  -8.725 0.4000000060
129780  25.204  -78.924  -19.949 0.6999999881
129834  28.183  -79.482  -25.936 0.6000000238
130027  33.170  -84.406  -19.395 0.6999999881
130032  19.380  -80.015  -32.149 0.5000000000
130115  29.162  -83.526  -20.134 0.8000000119
131993  17.413  -62.855  -26.138 0.6000000238
132099  35.029  -82.212  -18.458 0.6000000238
132216  20.395  -89.318  -9.919 0.5000000000
133038  27.800  -79.564  -21.984 0.8999999762
133699  22.634  -76.243  -23.478 0.6000000238
133953  26.455  -83.293  -19.253 0.6000000238
134030  38.042  -82.066  -6.558 0.3000000119
134273  19.180  -60.630  -26.678 0.5000000000
134318  28.480  -80.760  -25.648 0.6000000238
134612  18.482  -63.747  -26.110 0.6999999881
134945  25.085  -67.030  -30.656 0.6000000238
135169  21.707  -66.429  -27.220 0.6999999881
135179  32.922  -80.446  -9.601 0.4000000060
135257  20.542  -57.008  -21.538 0.3000000119
135568  20.645  -66.993  -21.242 0.4000000060
135703  35.235  -82.777  -16.274 0.5000000000
135959  29.411  -83.882  -19.882 0.6999999881
136010  38.690  -80.033  -6.878 0.3000000119
136332  30.430  -86.540  -18.801 0.6000000238
136447  22.185  -65.583  -22.453 0.6000000238
136548  24.233  -80.581  -19.365 0.6000000238
136907  26.406  -86.520  -12.067 0.3000000119
136973  28.199  -79.012  -25.405 0.6000000238
137093  26.597  -64.147  -30.908 0.4000000060
138033  18.113  -61.909  -24.546 0.5000000000
138041  21.325  -57.003  -21.997 0.3000000119
138396  29.866  -84.720  -19.104 0.5000000000
138642  25.969  -64.616  -31.937 0.6000000238
138776  36.915  -82.491  -19.925 0.5000000000
138853  16.829  -73.952  -29.397 0.5000000000
138933  31.269  -80.570  -22.695 0.4000000060
139339  39.614  -81.857  -16.114 0.4000000060
139693  27.106  -77.617  -22.707 0.8000000119
139833  21.806  -69.189  -28.213 0.5000000000
140226  21.463  -62.865  -24.850 0.6999999881
140457  27.966  -87.373  -23.089 0.8000000119
140492  21.577  -55.388  -21.781 0.3000000119
140495  22.458  -66.280  -26.290 0.6000000238
