#!ascii label  , from subject sub-v1s10x0050980_ses-1 vox2ras=TkReg
830
62628  -29.006  -8.626  -36.255 0.5555555820
62629  -29.828  -8.800  -36.553 0.6666666865
63597  -30.708  -7.579  -37.371 0.7777777910
126763  -30.791  -5.982  -37.937 0.8888888955
64529  -33.524  -6.459  -38.093 0.8888888955
61606  -28.763  -9.208  -35.925 0.5555555820
63589  -29.397  -7.936  -36.683 0.6666666865
64507  -28.894  -6.992  -36.812 0.8888888955
63598  -31.498  -7.264  -37.649 0.8888888955
64517  -31.350  -6.252  -37.949 0.8888888955
65449  -32.438  -5.280  -38.170 1.0000000000
65450  -33.556  -5.711  -37.903 0.8888888955
65438  -33.766  -5.267  -37.728 1.0000000000
64499  -28.013  -7.002  -36.047 0.7777777910
120219  -28.900  -6.098  -37.261 1.0000000000
120850  -28.755  -4.652  -37.601 1.0000000000
126302  -29.862  -5.038  -38.089 1.0000000000
65447  -31.161  -4.248  -38.613 1.0000000000
66416  -31.229  -3.682  -38.735 1.0000000000
121860  -30.839  -3.223  -38.891 1.0000000000
66415  -31.019  -3.459  -38.836 1.0000000000
66417  -31.725  -3.866  -38.615 1.0000000000
66406  -32.601  -4.537  -38.031 1.0000000000
132411  -31.335  -3.258  -38.854 1.0000000000
66405  -32.107  -3.965  -38.454 1.0000000000
67373  -34.241  -3.972  -37.244 1.0000000000
120292  -33.125  -3.167  -37.288 1.0000000000
67370  -27.817  -3.091  -37.512 0.8888888955
66404  -29.583  -4.494  -38.171 1.0000000000
128733  -29.677  -3.181  -38.581 1.0000000000
67383  -30.863  -2.905  -39.006 1.0000000000
68348  -31.353  -2.726  -39.378 1.0000000000
116185  -32.099  -3.307  -38.378 1.0000000000
114766  -32.041  -2.483  -38.255 1.0000000000
126842  -33.962  -2.381  -36.904 1.0000000000
132595  -33.942  -1.686  -36.831 1.0000000000
68326  -35.089  -1.991  -36.943 0.7777777910
69422  -35.876  -1.126  -37.142 0.7777777910
121461  -27.960  -2.181  -38.019 0.5555555820
110397  -29.785  -1.408  -39.241 0.7777777910
113490  -29.318  -1.579  -38.869 0.8888888955
68357  -31.248  -2.426  -39.183 1.0000000000
67392  -31.237  -2.633  -39.089 1.0000000000
68356  -30.789  -2.196  -39.300 0.8888888955
112190  -31.253  -2.048  -39.293 1.0000000000
69449  -31.352  -2.397  -39.508 1.0000000000
128384  -32.126  -1.541  -37.723 1.0000000000
110392  -33.210  -1.042  -36.867 1.0000000000
125937  -35.416  -0.200  -36.732 0.7777777910
120689  -36.454  0.465  -37.230 0.6666666865
110741  -27.506  1.230  -38.677 0.4444444478
126043  -28.579  -0.278  -38.863 0.7777777910
110395  -28.318  1.002  -39.147 0.6666666865
110942  -30.419  -0.925  -39.458 0.7777777910
111000  -31.039  -1.536  -39.428 0.8888888955
110906  -31.466  -1.805  -39.069 1.0000000000
110385  -31.661  -0.962  -38.258 1.0000000000
110388  -32.226  -0.548  -37.349 1.0000000000
110393  -33.164  -0.024  -36.810 0.8888888955
125857  -34.319  0.470  -36.570 0.7777777910
112022  -35.202  1.170  -36.483 0.7777777910
110653  -36.141  1.275  -36.917 0.6666666865
110684  -28.868  1.949  -39.520 0.6666666865
110389  -29.933  0.404  -39.268 0.7777777910
117358  -30.673  -0.608  -39.301 0.8888888955
110386  -31.187  -0.810  -39.062 0.8888888955
110941  -30.644  0.399  -38.896 1.0000000000
115636  -31.493  -0.088  -38.120 1.0000000000
110630  -32.228  0.431  -37.307 1.0000000000
126194  -33.136  0.860  -36.764 0.8888888955
110396  -34.009  1.206  -36.503 0.8888888955
125927  -33.163  1.710  -36.687 0.8888888955
110400  -34.419  1.750  -36.369 0.7777777910
126220  -35.618  1.777  -36.698 0.7777777910
126094  -27.995  2.262  -39.406 0.5555555820
115135  -29.737  1.413  -39.247 0.7777777910
110387  -31.279  0.931  -38.123 1.0000000000
110398  -32.122  1.338  -37.380 1.0000000000
125908  -33.869  2.231  -36.330 0.7777777910
126197  -34.190  2.913  -36.174 0.7777777910
125863  -35.465  2.532  -36.655 0.6666666865
126139  -36.494  2.065  -37.865 0.5555555820
126055  -36.453  1.725  -37.409 0.5555555820
110796  -28.939  2.591  -39.473 0.6666666865
110833  -30.956  1.850  -38.247 1.0000000000
110394  -32.975  2.458  -36.580 0.8888888955
130289  -33.046  3.095  -36.341 0.8888888955
119757  -34.752  4.357  -36.024 0.7777777910
73811  -34.988  3.581  -36.226 0.7777777910
73819  -35.774  2.973  -36.901 0.5555555820
73810  -33.836  3.852  -35.871 0.7777777910
73812  -35.373  3.982  -36.532 0.5555555820
73820  -35.956  3.161  -37.582 0.5555555820
110454  -28.803  2.866  -39.583 0.4444444478
110817  -29.494  2.470  -39.283 0.7777777910
126076  -30.661  2.596  -38.411 1.0000000000
126180  -32.020  2.815  -37.216 0.8888888955
74614  -35.643  4.172  -37.373 0.5555555820
131305  -29.017  3.369  -39.611 0.6666666865
110751  -29.388  2.999  -39.261 0.6666666865
126075  -29.754  3.119  -39.116 0.7777777910
125870  -31.198  3.212  -37.817 0.8888888955
126181  -30.445  3.863  -38.329 0.7777777910
73818  -31.910  3.829  -36.986 0.7777777910
110939  -31.555  4.710  -36.858 0.7777777910
73809  -32.431  3.511  -36.578 0.8888888955
110440  -32.164  5.060  -36.166 0.7777777910
74605  -32.894  4.420  -35.910 0.7777777910
126070  -32.342  5.828  -35.733 0.6666666865
75398  -33.373  5.515  -35.625 0.6666666865
74606  -34.148  4.855  -35.748 0.5555555820
76299  -33.324  6.504  -35.627 0.6666666865
75406  -34.940  5.971  -36.605 0.5555555820
74613  -35.123  4.969  -36.284 0.4444444478
76309  -34.371  6.758  -36.221 0.5555555820
110418  -27.564  4.171  -39.967 0.3333333433
125932  -27.748  4.240  -40.078 0.3333333433
126188  -28.310  4.518  -39.887 0.5555555820
110416  -28.888  3.975  -39.500 0.6666666865
125926  -29.752  4.663  -38.588 0.7777777910
126195  -30.856  4.762  -37.558 0.7777777910
110661  -30.407  5.680  -37.488 0.6666666865
126100  -31.333  5.595  -36.469 0.6666666865
110746  -31.883  6.516  -35.816 0.6666666865
110738  -32.755  7.130  -35.575 0.6666666865
77293  -34.501  7.520  -36.594 0.5555555820
77292  -33.722  7.348  -35.837 0.6666666865
110673  -27.831  5.172  -39.964 0.4444444478
110666  -28.013  5.209  -40.070 0.4444444478
126186  -28.011  6.236  -39.551 0.5555555820
125925  -29.000  5.411  -38.893 0.5555555820
126229  -29.469  5.402  -38.514 0.6666666865
126187  -29.870  6.255  -37.737 0.6666666865
110800  -30.983  6.275  -36.552 0.6666666865
126016  -31.141  6.896  -36.338 0.6666666865
125986  -31.775  7.471  -35.773 0.6666666865
78276  -32.880  8.602  -35.717 0.6666666865
78277  -33.893  8.256  -36.047 0.5555555820
125934  -27.586  6.459  -39.503 0.4444444478
125933  -29.224  6.326  -38.351 0.6666666865
125910  -29.748  7.195  -37.532 0.6666666865
125928  -30.467  6.654  -37.011 0.6666666865
129171  -32.108  8.222  -35.636 0.6666666865
120018  -30.699  -6.797  -37.629 0.8888888955
64515  -29.639  -5.788  -37.669 1.0000000000
65437  -30.493  -5.273  -38.177 1.0000000000
66418  -32.461  -4.800  -38.188 1.0000000000
110765  -28.139  2.842  -39.546 0.5555555820
110390  -30.196  1.619  -38.958 0.7777777910
126204  -31.966  2.123  -37.426 1.0000000000
126120  -28.626  2.993  -37.261 0.2222222239
125843  -30.999  4.068  -37.838 0.7777777910
110654  -28.691  7.313  -38.462 0.6666666865
111038  -27.692  2.178  -39.139 0.4444444478
78278  -34.526  8.283  -36.963 0.5555555820
77305  -34.666  7.508  -37.747 0.5555555820
110849  -27.884  5.453  -39.858 0.2222222239
128399  -27.885  5.970  -39.760 0.3333333433
61595  -29.008  -9.946  -35.856 0.5555555820
60549  -29.880  -10.165  -36.206 0.5555555820
62630  -30.746  -9.124  -36.775 0.5555555820
61620  -31.709  -9.353  -37.160 0.5555555820
63600  -33.033  -7.948  -38.051 0.7777777910
63610  -33.811  -7.468  -38.313 0.8888888955
61594  -28.158  -9.592  -35.548 0.5555555820
62637  -31.342  -8.326  -37.302 0.6666666865
126272  -32.160  -7.924  -37.622 0.6666666865
63599  -32.393  -7.176  -37.854 0.8888888955
125100  -34.493  -6.400  -38.267 0.7777777910
61593  -27.397  -9.532  -35.127 0.4444444478
63581  -27.725  -7.767  -35.700 0.5555555820
66407  -33.987  -4.731  -37.479 1.0000000000
64498  -27.334  -6.222  -35.749 0.2222222239
64506  -28.194  -6.190  -36.522 0.6666666865
68338  -34.741  -3.023  -37.055 0.6666666865
68327  -36.329  -1.871  -37.711 0.6666666865
66394  -27.978  -4.638  -36.988 0.5555555820
69423  -37.185  -1.269  -38.475 0.6666666865
68325  -27.224  -2.216  -37.427 0.4444444478
110399  -36.791  -0.278  -37.711 0.5555555820
132075  -37.044  1.030  -37.978 0.5555555820
111116  -26.609  0.474  -37.786 0.2222222239
126067  -36.884  1.192  -37.945 0.5555555820
125978  -27.220  2.967  -37.618 0.3333333433
129620  -37.922  1.399  -38.619 0.5555555820
73060  -36.521  2.152  -38.057 0.4444444478
73828  -36.287  3.349  -38.627 0.5555555820
75407  -35.400  5.087  -37.639 0.4444444478
110426  -27.330  3.221  -37.933 0.3333333433
110408  -27.750  3.855  -40.136 0.3333333433
110724  -28.289  3.491  -40.052 0.4444444478
127373  -34.888  6.772  -37.320 0.4444444478
113160  -34.488  8.203  -38.071 0.2222222239
110815  -27.436  6.224  -39.672 0.3333333433
125911  -27.867  7.053  -39.197 0.6666666865
126260  -30.684  7.473  -36.552 0.6666666865
77304  -31.218  8.262  -36.130 0.6666666865
110441  -30.942  9.153  -36.283 0.6666666865
110897  -31.929  8.922  -35.728 0.6666666865
112459  -33.596  9.030  -36.050 0.6666666865
116679  -34.203  9.063  -36.569 0.4444444478
62621  -28.185  -8.634  -35.753 0.5555555820
61607  -29.428  -9.378  -36.220 0.6666666865
63590  -30.304  -8.158  -36.977 0.7777777910
63596  -29.891  -7.212  -37.257 0.8888888955
64527  -31.271  -5.302  -38.313 1.0000000000
64516  -30.130  -6.289  -37.649 1.0000000000
64528  -32.585  -6.296  -38.035 0.8888888955
63609  -33.088  -7.066  -38.083 0.8888888955
62620  -27.617  -9.016  -35.386 0.4444444478
122972  -27.344  -8.355  -35.360 0.5555555820
63588  -28.539  -7.830  -36.227 0.6666666865
132175  -29.445  -6.506  -37.347 0.8888888955
64518  -31.956  -6.559  -37.938 0.8888888955
124060  -31.915  -5.672  -38.231 1.0000000000
65448  -31.704  -4.564  -38.510 1.0000000000
65430  -28.412  -5.402  -37.048 0.8888888955
65436  -29.164  -5.307  -37.650 0.8888888955
66403  -28.331  -3.895  -37.548 1.0000000000
65446  -30.501  -4.152  -38.561 1.0000000000
118825  -31.829  -4.297  -38.540 1.0000000000
66414  -30.135  -3.614  -38.634 1.0000000000
67372  -32.817  -4.136  -37.738 1.0000000000
67385  -31.408  -3.171  -38.878 1.0000000000
67384  -31.079  -3.026  -39.017 1.0000000000
67371  -28.758  -3.010  -38.195 1.0000000000
66402  -27.521  -3.900  -37.021 0.6666666865
66413  -29.194  -3.860  -38.166 1.0000000000
67362  -27.115  -3.059  -36.884 0.5555555820
67382  -30.527  -2.818  -38.932 1.0000000000
67381  -29.675  -2.452  -38.772 0.8888888955
68347  -30.884  -2.586  -39.136 1.0000000000
68349  -31.525  -2.732  -38.936 1.0000000000
69420  -32.936  -2.092  -37.147 1.0000000000
69421  -34.586  -1.059  -36.769 0.8888888955
68337  -27.279  -1.270  -37.822 0.5555555820
68345  -28.054  -1.117  -38.432 0.6666666865
131570  -28.748  -2.101  -38.498 0.7777777910
111032  -29.275  -0.374  -39.196 0.6666666865
69456  -30.178  -1.230  -39.429 0.8888888955
69457  -30.930  -1.938  -39.435 0.8888888955
68346  -30.263  -2.214  -39.114 1.0000000000
125861  -34.113  -0.362  -36.667 0.8888888955
110780  -35.539  0.585  -36.648 0.6666666865
110404  -36.228  0.921  -36.952 0.6666666865
110407  -26.657  1.354  -38.017 0.3333333433
125979  -27.401  0.268  -38.346 0.3333333433
125968  -29.333  0.431  -39.286 0.6666666865
132758  -34.790  2.303  -36.313 0.7777777910
110944  -28.948  3.168  -39.690 0.5555555820
110427  -31.400  4.990  -36.594 0.6666666865
76308  -34.174  6.133  -35.878 0.5555555820
75405  -34.425  5.563  -35.919 0.5555555820
126154  -27.937  3.558  -40.205 0.4444444478
110954  -32.889  7.829  -35.605 0.6666666865
126234  -28.612  6.512  -38.857 0.6666666865
110391  -29.008  3.009  -39.376 0.3333333433
110402  -27.962  2.761  -39.487 0.4444444478
77312  -34.583  7.462  -38.722 0.3333333433
78293  -34.462  9.021  -37.378 0.3333333433
60533  -27.742  -10.153  -35.197 0.4444444478
60534  -28.448  -10.620  -35.409 0.5555555820
119188  -35.774  -4.622  -38.099 0.7777777910
63580  -27.061  -7.712  -35.273 0.4444444478
119665  -36.254  -2.702  -37.824 0.6666666865
69448  -27.201  -0.373  -38.003 0.3333333433
69435  -26.624  -0.322  -37.539 0.3333333433
69434  -26.061  -0.281  -36.951 0.1111111119
110411  -26.248  0.661  -37.479 0.1111111119
110901  -27.854  3.118  -39.203 0.3333333433
110737  -28.335  3.399  -40.055 0.3333333433
79272  -32.793  9.409  -35.921 0.6666666865
79274  -34.387  9.812  -37.006 0.4444444478
59428  -33.583  -11.264  -36.453 0.4444444478
59417  -35.194  -11.139  -35.279 0.2222222239
60536  -30.054  -10.907  -36.056 0.4444444478
59425  -31.301  -11.265  -36.512 0.4444444478
61608  -30.644  -9.957  -36.540 0.4444444478
60551  -31.289  -10.478  -36.690 0.4444444478
60552  -32.677  -10.551  -37.245 0.4444444478
60564  -34.041  -10.216  -37.594 0.4444444478
60537  -35.126  -10.165  -36.401 0.2222222239
61621  -32.562  -9.793  -37.474 0.4444444478
123118  -33.830  -9.825  -38.012 0.4444444478
61613  -35.992  -9.111  -36.279 0.1111111119
111487  -33.990  -9.231  -38.200 0.4444444478
61624  -35.229  -9.214  -37.756 0.3333333433
62638  -32.489  -8.804  -37.608 0.4444444478
61622  -33.278  -9.499  -37.937 0.4444444478
61623  -34.467  -9.601  -37.959 0.3333333433
62641  -35.798  -8.422  -38.094 0.3333333433
62631  -35.872  -8.797  -37.368 0.2222222239
62640  -34.896  -8.758  -38.259 0.3333333433
123252  -33.362  -8.795  -38.091 0.4444444478
123043  -36.548  -7.546  -38.402 0.2222222239
131923  -37.119  -7.142  -38.638 0.1111111119
64509  -37.543  -6.046  -37.440 0.1111111119
63601  -35.673  -7.892  -38.419 0.3333333433
63612  -36.283  -7.178  -38.754 0.3333333433
64530  -35.447  -6.764  -38.632 0.4444444478
65451  -35.226  -6.043  -38.412 0.5555555820
65452  -36.871  -5.915  -39.310 0.6666666865
65441  -38.008  -5.737  -39.546 0.4444444478
65439  -35.506  -5.409  -38.285 0.6666666865
67376  -38.848  -3.258  -39.471 0.3333333433
67374  -37.489  -4.171  -39.246 0.5555555820
68339  -37.617  -3.222  -39.267 0.5555555820
68340  -38.601  -2.863  -39.613 0.5555555820
67375  -38.507  -3.724  -39.590 0.4444444478
124459  -38.693  -2.272  -39.593 0.3333333433
119748  -36.039  -3.693  -37.947 0.5555555820
110697  -38.503  -0.601  -39.341 0.4444444478
69437  -38.293  -1.640  -39.459 0.4444444478
110409  -37.910  0.846  -38.835 0.4444444478
128010  -29.222  7.984  -37.757 0.5555555820
111484  -30.099  8.340  -36.963 0.5555555820
112023  -31.852  9.765  -36.008 0.5555555820
80193  -32.750  10.268  -36.317 0.5555555820
59427  -32.804  -11.239  -36.823 0.4444444478
121368  -34.877  -10.696  -35.874 0.2222222239
128370  -30.098  -9.491  -36.459 0.4444444478
63602  -36.321  -8.151  -37.852 0.2222222239
112675  -36.863  -7.596  -37.985 0.1111111119
64532  -37.495  -6.295  -39.423 0.4444444478
64519  -37.889  -6.401  -39.377 0.3333333433
64531  -36.594  -6.525  -39.102 0.4444444478
65440  -37.225  -5.123  -39.284 0.6666666865
66408  -38.341  -4.713  -39.522 0.4444444478
79271  -29.944  9.536  -36.874 0.5555555820
110429  -28.918  9.734  -37.476 0.5555555820
66409  -38.461  -5.250  -39.442 0.2222222239
129479  -31.100  -12.716  -35.835 0.4444444478
58417  -32.544  -12.473  -35.928 0.4444444478
59402  -34.836  -11.735  -34.918 0.2222222239
59403  -35.558  -11.489  -34.626 0.1111111119
59412  -29.796  -11.511  -35.750 0.4444444478
58428  -31.227  -12.065  -36.207 0.4444444478
60538  -35.555  -10.417  -35.534 0.1111111119
61597  -36.042  -9.801  -35.402 0.1111111119
130500  -35.723  -10.937  -34.914 0.1111111119
112271  -36.335  -9.126  -35.204 0.1111111119
63591  -36.647  -7.684  -36.646 0.1111111119
64500  -36.884  -7.020  -35.855 0.1111111119
65431  -38.275  -5.723  -38.746 0.1111111119
66395  -38.458  -4.890  -38.681 0.2222222239
114652  -38.669  -4.308  -39.472 0.2222222239
69438  -39.216  -1.704  -39.522 0.2222222239
110883  -39.880  -0.639  -39.798 0.2222222239
110845  -38.066  0.974  -39.075 0.4444444478
125907  -37.696  1.977  -37.125 0.3333333433
125975  -36.902  1.470  -37.895 0.4444444478
110631  -37.957  1.617  -38.035 0.3333333433
73821  -36.728  2.404  -38.767 0.4444444478
75416  -35.082  5.855  -38.240 0.3333333433
79273  -33.710  9.821  -36.472 0.5555555820
126115  -28.427  8.277  -38.304 0.5555555820
110428  -29.152  8.833  -37.580 0.5555555820
131453  -31.083  10.781  -36.662 0.5555555820
118940  -31.851  10.611  -36.448 0.5555555820
79293  -28.068  9.180  -38.175 0.5555555820
60550  -30.614  -10.706  -36.383 0.4444444478
62639  -33.963  -8.387  -38.331 0.5555555820
118100  -34.557  -7.051  -38.445 0.6666666865
61609  -31.257  -9.811  -36.809 0.4444444478
63611  -34.711  -7.842  -38.444 0.3333333433
60554  -34.298  -10.619  -36.679 0.4444444478
60553  -33.465  -10.724  -37.159 0.4444444478
59416  -34.333  -11.313  -35.739 0.3333333433
59413  -30.560  -11.464  -36.156 0.4444444478
58429  -32.104  -11.835  -36.482 0.4444444478
61610  -31.910  -10.183  -37.065 0.4444444478
59426  -32.016  -10.973  -36.882 0.4444444478
60563  -33.319  -10.169  -37.686 0.4444444478
61611  -34.774  -9.921  -37.293 0.4444444478
61596  -35.659  -9.792  -36.093 0.1111111119
61612  -35.483  -9.529  -36.889 0.2222222239
62622  -36.380  -8.414  -35.912 0.1111111119
62632  -36.327  -8.310  -37.072 0.2222222239
63613  -37.238  -6.895  -39.068 0.2222222239
125012  -37.451  -6.925  -38.782 0.1111111119
64508  -37.153  -6.835  -37.374 0.1111111119
64520  -37.986  -6.433  -38.827 0.1111111119
122155  -35.357  -7.356  -38.561 0.3333333433
65442  -38.277  -5.948  -39.408 0.3333333433
69436  -37.632  -2.242  -39.182 0.5555555820
132274  -38.586  0.935  -39.347 0.4444444478
80192  -30.976  10.069  -36.477 0.5555555820
59414  -33.000  -11.838  -36.241 0.4444444478
58416  -31.791  -12.646  -36.033 0.4444444478
58418  -33.301  -12.278  -35.570 0.4444444478
58419  -34.037  -12.004  -35.221 0.2222222239
59415  -33.628  -11.728  -35.825 0.4444444478
59411  -29.013  -11.461  -35.394 0.4444444478
60519  -36.121  -10.461  -34.825 0.1111111119
53304  -32.859  -17.461  -31.471 0.1111111119
54274  -29.732  -16.472  -33.804 0.3333333433
54261  -31.861  -16.637  -32.711 0.2222222239
53332  -32.377  -17.125  -32.133 0.2222222239
54238  -33.253  -16.978  -32.003 0.1111111119
56231  -28.078  -14.502  -34.138 0.3333333433
55215  -28.104  -15.336  -33.910 0.3333333433
54273  -28.904  -16.406  -33.779 0.3333333433
55218  -31.044  -15.840  -34.116 0.3333333433
54276  -31.445  -16.218  -33.449 0.2222222239
115595  -31.900  -15.487  -33.806 0.2222222239
54262  -32.763  -16.516  -32.485 0.2222222239
126485  -33.448  -16.428  -32.313 0.1111111119
55198  -32.342  -15.970  -33.038 0.2222222239
58389  -27.024  -13.140  -33.932 0.2222222239
57305  -27.697  -13.365  -34.237 0.2222222239
57295  -27.303  -13.941  -34.069 0.2222222239
55227  -28.905  -15.055  -34.299 0.3333333433
55217  -30.223  -15.895  -34.204 0.3333333433
55219  -32.822  -15.246  -33.242 0.1111111119
59400  -27.489  -11.873  -34.466 0.2222222239
58399  -27.660  -12.769  -34.321 0.3333333433
58400  -28.260  -12.434  -34.669 0.3333333433
57306  -28.367  -13.257  -34.501 0.3333333433
58401  -28.951  -12.799  -34.889 0.3333333433
56241  -28.691  -14.086  -34.439 0.3333333433
57308  -30.042  -13.826  -35.013 0.3333333433
56244  -31.281  -14.643  -34.693 0.3333333433
119572  -30.890  -13.964  -35.140 0.3333333433
56245  -32.160  -14.393  -34.600 0.3333333433
57309  -31.741  -13.915  -35.138 0.3333333433
56246  -32.955  -14.089  -34.251 0.3333333433
56233  -33.298  -14.502  -33.501 0.1111111119
60518  -27.661  -10.873  -34.866 0.2222222239
59401  -28.281  -11.586  -34.964 0.3333333433
58414  -29.418  -12.224  -35.341 0.3333333433
57318  -29.745  -13.019  -35.189 0.3333333433
57320  -31.391  -13.317  -35.543 0.3333333433
57321  -32.178  -13.197  -35.579 0.3333333433
57297  -33.708  -13.751  -33.836 0.1111111119
60517  -27.144  -10.127  -34.715 0.3333333433
60535  -29.377  -10.752  -35.763 0.3333333433
58415  -30.355  -12.309  -35.736 0.3333333433
58402  -33.693  -12.643  -34.870 0.3333333433
126152  -39.117  0.442  -39.580 0.2222222239
123299  -39.214  1.016  -39.302 0.2222222239
110401  -37.462  1.886  -39.112 0.3333333433
54275  -30.583  -16.408  -33.706 0.3333333433
55199  -33.160  -15.851  -32.693 0.1111111119
57296  -28.051  -13.803  -34.265 0.3333333433
56243  -30.372  -14.571  -34.757 0.3333333433
55230  -31.348  -15.270  -34.314 0.3333333433
56232  -32.524  -14.781  -33.941 0.3333333433
57322  -32.947  -12.955  -35.286 0.3333333433
125204  -31.945  -17.596  -31.545 0.1111111119
53277  -32.330  -17.881  -30.891 0.1111111119
119957  -27.538  -16.344  -33.414 0.3333333433
53347  -29.213  -17.111  -33.454 0.3333333433
54259  -30.108  -17.030  -33.331 0.3333333433
53330  -30.487  -17.372  -32.762 0.3333333433
53331  -31.293  -17.349  -32.292 0.3333333433
53278  -33.262  -17.896  -30.696 0.1111111119
53305  -33.762  -17.353  -31.388 0.1111111119
56230  -27.315  -14.843  -33.827 0.3333333433
54239  -34.046  -16.656  -31.863 0.1111111119
54263  -33.888  -15.939  -32.390 0.1111111119
133951  -27.062  -12.443  -34.064 0.2222222239
56217  -33.690  -15.062  -32.787 0.1111111119
56234  -34.074  -14.175  -33.136 0.1111111119
57298  -34.513  -13.440  -33.538 0.1111111119
57311  -33.341  -13.358  -34.568 0.1111111119
60516  -26.441  -9.998  -34.040 0.1111111119
126222  -39.033  1.893  -37.613 0.2222222239
113108  -37.515  2.168  -39.307 0.2222222239
110920  -38.736  1.707  -38.723 0.2222222239
62613  -27.018  -8.862  -35.011 0.2222222239
65429  -27.549  -5.299  -36.261 0.5555555820
125898  -37.991  2.026  -37.127 0.2222222239
55216  -29.394  -15.841  -34.134 0.3333333433
129486  -28.703  -15.771  -33.968 0.3333333433
54260  -30.958  -16.858  -33.078 0.3333333433
54272  -28.151  -16.089  -33.674 0.3333333433
55228  -29.853  -15.217  -34.481 0.3333333433
55229  -30.690  -15.273  -34.462 0.3333333433
59386  -26.642  -11.767  -33.942 0.2222222239
58413  -28.782  -12.118  -35.029 0.3333333433
57307  -29.214  -13.566  -34.757 0.3333333433
56242  -29.513  -14.393  -34.634 0.3333333433
55231  -31.843  -14.952  -34.311 0.3333333433
57319  -30.576  -13.230  -35.431 0.3333333433
57310  -32.574  -13.662  -34.935 0.3333333433
59399  -26.856  -10.913  -34.360 0.2222222239
126614  -31.605  -17.978  -30.984 0.1111111119
54258  -28.202  -16.921  -33.403 0.3333333433
53328  -28.654  -17.723  -33.048 0.3333333433
53329  -29.662  -17.700  -32.800 0.3333333433
55213  -26.628  -15.198  -33.346 0.2222222239
126136  -39.349  1.668  -38.463 0.1111111119
110690  -39.865  2.122  -36.382 0.1111111119
125976  -39.676  1.915  -37.388 0.1111111119
125906  -39.448  1.911  -37.267 0.1111111119
125862  -39.710  2.101  -36.675 0.1111111119
126056  -39.417  2.265  -37.051 0.1111111119
110405  -38.602  1.716  -37.859 0.1111111119
126111  -39.334  2.635  -37.056 0.1111111119
74624  -36.569  3.675  -39.544 0.2222222239
111042  -39.222  2.051  -37.945 0.1111111119
75417  -35.515  5.017  -39.406 0.1111111119
76317  -35.011  5.736  -39.533 0.1111111119
74630  -36.101  4.322  -39.790 0.1111111119
76327  -35.235  5.535  -40.384 0.1111111119
76316  -34.794  6.610  -38.806 0.1111111119
110856  -26.614  8.104  -38.769 0.4444444478
127556  -27.530  8.493  -38.570 0.4444444478
125163  -34.361  6.850  -39.679 0.1111111119
80205  -34.389  10.477  -37.556 0.3333333433
79285  -34.489  9.789  -37.813 0.2222222239
122629  -34.337  8.888  -38.426 0.1111111119
78307  -34.352  7.954  -39.111 0.1111111119
78323  -33.829  7.358  -40.192 0.1111111119
126259  -29.481  10.278  -37.044 0.4444444478
80203  -28.708  10.667  -37.529 0.4444444478
80204  -29.657  11.047  -37.030 0.4444444478
80191  -30.283  10.496  -36.776 0.4444444478
81132  -30.607  11.262  -36.859 0.4444444478
81133  -31.643  11.422  -36.794 0.4444444478
123448  -32.406  11.744  -37.032 0.4444444478
81149  -33.154  11.519  -37.123 0.4444444478
81150  -33.959  11.142  -37.405 0.2222222239
82066  -34.217  11.686  -38.005 0.2222222239
81151  -34.463  11.124  -37.908 0.2222222239
129168  -34.504  11.042  -39.032 0.2222222239
80238  -34.228  10.197  -39.356 0.2222222239
83841  -33.582  14.559  -41.324 0.1111111119
117623  -34.413  13.385  -41.343 0.1111111119
80256  -34.029  10.279  -40.880 0.1111111119
110430  -26.204  9.481  -38.293 0.4444444478
111001  -26.713  10.448  -37.970 0.4444444478
112666  -27.161  9.811  -38.265 0.4444444478
80202  -27.662  10.611  -38.035 0.3333333433
127908  -30.063  11.882  -37.192 0.4444444478
82064  -30.849  12.509  -37.354 0.4444444478
122776  -30.995  11.895  -37.028 0.4444444478
81148  -31.814  12.279  -37.266 0.4444444478
82065  -32.786  12.229  -37.446 0.4444444478
82928  -30.584  13.165  -37.709 0.3333333433
82074  -33.265  12.732  -38.048 0.3333333433
82943  -33.817  12.871  -38.633 0.1111111119
82076  -34.351  12.308  -38.832 0.1111111119
82080  -34.443  12.411  -39.730 0.1111111119
81163  -34.443  11.524  -38.507 0.2222222239
81172  -34.527  11.701  -39.317 0.1111111119
82082  -34.536  12.272  -40.587 0.1111111119
81147  -28.124  11.284  -37.852 0.3333333433
122963  -29.003  11.689  -37.466 0.3333333433
125026  -29.927  12.589  -37.515 0.3333333433
82929  -31.503  13.041  -37.648 0.4444444478
82940  -31.219  13.672  -38.045 0.2222222239
124592  -31.984  13.480  -37.996 0.2222222239
131405  -33.353  13.171  -38.470 0.2222222239
82942  -33.481  13.544  -38.940 0.1111111119
83817  -31.958  14.069  -38.522 0.1111111119
83825  -32.397  14.547  -39.223 0.1111111119
82949  -34.417  13.111  -40.396 0.1111111119
83831  -33.459  14.491  -40.282 0.1111111119
82945  -33.817  13.750  -39.814 0.1111111119
81146  -27.342  11.315  -37.863 0.3333333433
82062  -26.992  12.206  -37.570 0.3333333433
82063  -28.015  12.108  -37.873 0.3333333433
125254  -28.979  12.586  -37.692 0.3333333433
82939  -30.187  13.723  -38.220 0.2222222239
83816  -30.878  14.240  -38.629 0.2222222239
84677  -32.029  15.237  -39.715 0.1111111119
84691  -33.056  15.133  -40.864 0.1111111119
84700  -32.546  15.656  -42.396 0.1111111119
82040  -24.998  13.210  -35.037 0.1111111119
82924  -26.380  13.318  -36.505 0.1111111119
131520  -26.663  12.986  -37.127 0.2222222239
82926  -27.721  13.613  -37.782 0.2222222239
114523  -28.138  12.886  -37.945 0.3333333433
82927  -29.581  13.197  -37.877 0.3333333433
119064  -28.597  13.309  -38.086 0.3333333433
82937  -28.258  13.969  -38.435 0.2222222239
83814  -28.710  14.410  -38.946 0.1111111119
83822  -29.391  14.926  -39.316 0.1111111119
83823  -30.464  14.834  -39.240 0.1111111119
83824  -31.493  14.707  -39.150 0.1111111119
84689  -31.595  15.788  -40.389 0.1111111119
84690  -32.363  15.509  -40.545 0.1111111119
83853  -33.646  14.466  -42.484 0.1111111119
82912  -26.410  13.433  -36.248 0.1111111119
82900  -27.095  14.064  -36.159 0.1111111119
83800  -27.363  14.491  -36.349 0.1111111119
83812  -27.656  14.988  -37.791 0.1111111119
83813  -27.974  14.628  -38.669 0.1111111119
111063  -28.008  15.825  -39.347 0.1111111119
128403  -29.030  15.451  -39.657 0.1111111119
133969  -29.102  15.919  -40.054 0.1111111119
84688  -30.713  16.064  -40.409 0.1111111119
134068  -27.732  15.035  -36.159 0.1111111119
83788  -27.746  14.689  -35.927 0.1111111119
84647  -28.001  15.534  -36.311 0.1111111119
124929  -27.718  15.582  -37.071 0.1111111119
84661  -27.819  15.815  -37.744 0.1111111119
117400  -27.872  16.105  -38.564 0.1111111119
84648  -28.761  15.772  -35.887 0.1111111119
84657  -28.297  16.171  -36.693 0.1111111119
110820  -40.016  1.435  -37.460 0.1111111119
126196  -39.471  1.910  -37.226 0.1111111119
126221  -39.876  2.253  -36.382 0.1111111119
73830  -38.440  2.153  -39.159 0.1111111119
110995  -38.779  2.288  -38.711 0.1111111119
73066  -37.919  2.428  -39.325 0.1111111119
81135  -33.438  10.725  -36.781 0.4444444478
80221  -34.514  10.605  -38.339 0.2222222239
79294  -34.273  9.619  -38.806 0.1111111119
126701  -33.977  9.354  -39.641 0.1111111119
119294  -34.238  10.811  -39.977 0.2222222239
82946  -34.137  13.042  -39.338 0.1111111119
81182  -34.372  11.545  -41.160 0.1111111119
133578  -29.487  12.182  -37.435 0.3333333433
128260  -27.751  14.279  -38.031 0.2222222239
84656  -27.516  15.061  -36.757 0.1111111119
85391  -28.501  15.887  -39.748 0.1111111119
85371  -28.207  16.577  -37.538 0.1111111119
85364  -29.072  16.517  -36.149 0.1111111119
126108  -39.811  2.271  -35.071 0.1111111119
73829  -37.107  2.753  -39.388 0.2222222239
112524  -35.860  4.224  -38.869 0.2222222239
76326  -34.578  5.993  -40.200 0.1111111119
82930  -32.366  12.898  -37.760 0.2222222239
83781  -27.959  14.524  -35.756 0.1111111119
129880  -39.980  1.681  -35.428 0.1111111119
110908  -40.033  1.008  -38.477 0.1111111119
126024  -39.958  1.861  -36.595 0.1111111119
110434  -39.438  2.807  -34.131 0.1111111119
125947  -39.441  3.265  -34.577 0.1111111119
126132  -39.500  3.270  -35.950 0.1111111119
126050  -39.197  3.258  -36.816 0.1111111119
74626  -37.851  3.480  -39.223 0.1111111119
74616  -38.705  3.201  -38.139 0.1111111119
110410  -38.954  3.036  -37.686 0.1111111119
75423  -36.528  4.774  -40.161 0.1111111119
75430  -35.795  5.285  -40.508 0.1111111119
110791  -27.661  7.785  -38.826 0.4444444478
76335  -34.601  5.922  -40.879 0.1111111119
79299  -33.712  8.468  -40.289 0.1111111119
77332  -33.623  6.559  -41.328 0.1111111119
112804  -26.017  8.647  -38.645 0.4444444478
110431  -26.790  9.012  -38.609 0.4444444478
79323  -32.719  8.090  -42.130 0.1111111119
80274  -33.802  10.576  -41.645 0.1111111119
80201  -26.343  10.228  -37.870 0.2222222239
81145  -26.596  11.367  -37.625 0.2222222239
81192  -34.102  11.888  -42.972 0.1111111119
130187  -24.925  11.483  -36.141 0.1111111119
120885  -34.171  13.813  -42.537 0.1111111119
83854  -34.072  13.986  -43.343 0.1111111119
82031  -24.409  12.262  -34.449 0.1111111119
82032  -25.038  12.701  -34.231 0.1111111119
82894  -27.160  13.291  -35.221 0.1111111119
84710  -33.034  15.156  -43.026 0.1111111119
83789  -28.646  14.776  -35.631 0.1111111119
117773  -28.814  16.595  -40.372 0.1111111119
85401  -30.431  16.770  -41.327 0.1111111119
85410  -31.334  16.543  -41.941 0.1111111119
85416  -31.008  16.795  -43.267 0.1111111119
83790  -29.283  15.170  -35.586 0.1111111119
114109  -28.199  16.979  -38.277 0.1111111119
86052  -28.155  17.224  -39.818 0.1111111119
85363  -28.735  17.010  -36.772 0.1111111119
81134  -32.570  11.085  -36.706 0.4444444478
110879  -28.110  10.038  -38.063 0.4444444478
125921  -38.780  2.040  -37.379 0.1111111119
110736  -39.689  2.850  -35.773 0.1111111119
132172  -39.368  3.316  -36.335 0.1111111119
75422  -35.976  4.767  -40.209 0.1111111119
74631  -36.630  4.150  -40.012 0.1111111119
77319  -34.108  6.243  -40.758 0.1111111119
119208  -34.047  8.665  -39.403 0.1111111119
131870  -33.323  7.305  -41.013 0.1111111119
114220  -33.601  11.965  -37.677 0.2222222239
133674  -34.298  11.969  -38.389 0.1111111119
112373  -33.888  9.587  -40.404 0.1111111119
83842  -34.080  13.948  -41.761 0.1111111119
84701  -33.132  15.148  -41.896 0.1111111119
82086  -34.622  12.446  -41.699 0.1111111119
83832  -33.995  13.910  -40.801 0.1111111119
82952  -34.503  13.289  -42.209 0.1111111119
80273  -32.896  9.451  -42.390 0.1111111119
79324  -33.498  9.440  -41.398 0.1111111119
115364  -34.227  10.976  -40.769 0.2222222239
81178  -34.420  11.664  -40.218 0.2222222239
83818  -32.778  13.995  -38.850 0.2222222239
83826  -33.173  14.255  -39.443 0.1111111119
83830  -32.797  14.921  -39.934 0.1111111119
119342  -26.266  12.725  -37.017 0.1111111119
127256  -27.386  12.889  -37.603 0.3333333433
84676  -31.102  15.384  -39.723 0.1111111119
117571  -32.553  15.609  -41.442 0.1111111119
85403  -31.924  16.040  -41.160 0.1111111119
85417  -31.888  16.252  -42.795 0.1111111119
81116  -24.523  12.063  -33.941 0.1111111119
82039  -24.820  12.362  -35.753 0.1111111119
82925  -26.899  13.615  -37.028 0.1111111119
82938  -29.122  13.780  -38.459 0.2222222239
83815  -29.760  14.276  -38.862 0.1111111119
83821  -28.388  15.174  -39.242 0.1111111119
84675  -29.954  15.544  -39.816 0.1111111119
85402  -31.271  16.338  -40.982 0.1111111119
82913  -26.808  13.838  -36.428 0.1111111119
83808  -27.336  14.332  -37.110 0.1111111119
84667  -27.832  15.351  -38.685 0.1111111119
85390  -28.211  16.454  -39.875 0.1111111119
84687  -29.719  16.339  -40.487 0.1111111119
129646  -28.300  15.177  -35.841 0.1111111119
85382  -28.004  16.583  -39.247 0.1111111119
126054  -39.748  2.632  -35.432 0.1111111119
74625  -37.247  3.429  -39.594 0.1111111119
126508  -34.142  11.410  -42.086 0.1111111119
85399  -28.464  17.200  -40.403 0.1111111119
126710  -28.539  17.298  -37.437 0.1111111119
74632  -37.172  4.239  -39.824 0.1111111119
78342  -33.290  8.298  -41.146 0.1111111119
80291  -33.189  10.741  -42.918 0.1111111119
122778  -24.559  10.689  -34.681 0.1111111119
82094  -34.486  12.739  -42.941 0.1111111119
82893  -25.833  13.202  -35.043 0.1111111119
85400  -29.529  17.009  -41.072 0.1111111119
86048  -28.257  17.578  -38.966 0.1111111119
67361  -26.461  -2.946  -36.177 0.2222222239
113292  -26.564  -2.149  -36.747 0.2222222239
116343  -27.164  -7.049  -35.449 0.3333333433
127635  -27.389  -4.470  -36.462 0.3333333433
110421  -27.042  7.431  -39.147 0.3333333433
77311  -26.360  7.366  -38.952 0.2222222239
110488  -25.995  9.088  -37.263 0.1111111119
79284  -26.327  9.662  -38.213 0.1111111119
111221  -26.200  8.764  -38.585 0.2222222239
110728  -28.167  3.398  -37.087 0.1111111119
126072  -29.146  4.889  -37.981 0.1111111119
110750  -29.345  6.032  -37.889 0.1111111119
76307  -26.602  6.773  -37.877 0.1111111119
110878  -26.366  8.201  -37.464 0.1111111119
76325  -27.148  6.802  -39.402 0.2222222239
126145  -28.830  6.531  -38.428 0.1111111119
63579  -26.536  -7.241  -34.862 0.2222222239
65423  -26.737  -5.423  -35.305 0.2222222239
110691  -27.284  1.630  -38.521 0.2222222239
75415  -26.979  6.715  -39.507 0.1111111119
126096  -26.348  1.316  -38.224 0.1111111119
78322  -26.298  7.554  -38.808 0.3333333433
78306  -26.210  8.083  -38.659 0.3333333433
110487  -26.210  8.154  -38.634 0.1111111119
66387  -26.904  -4.551  -35.726 0.2222222239
76296  -27.543  6.668  -37.704 0.1111111119
122761  -26.127  6.912  -38.239 0.1111111119
110425  -28.802  5.543  -37.170 0.1111111119
77303  -26.092  7.277  -37.976 0.1111111119
76297  -27.968  6.872  -37.473 0.1111111119
110875  -27.277  7.554  -37.427 0.1111111119
114418  -28.320  6.430  -37.575 0.1111111119
52341  -28.972  -18.234  -32.495 0.1111111119
53302  -29.691  -18.223  -31.962 0.1111111119
110335  -27.208  -18.153  -32.479 0.1111111119
53326  -26.785  -17.411  -32.726 0.1111111119
54257  -27.219  -16.877  -33.141 0.1111111119
55214  -27.411  -15.665  -33.563 0.1111111119
63566  -26.139  -7.423  -34.062 0.1111111119
121595  -25.966  -2.104  -36.140 0.1111111119
114174  -26.968  -3.797  -36.274 0.1111111119
133585  -28.502  3.049  -36.938 0.2222222239
125930  -29.913  1.993  -36.481 0.2222222239
68324  -25.732  -1.036  -36.475 0.1111111119
68336  -26.611  -1.242  -37.215 0.1111111119
110830  -26.730  -18.650  -31.971 0.1111111119
133998  -28.615  -18.560  -32.296 0.1111111119
52324  -29.046  -18.641  -31.921 0.1111111119
53303  -30.412  -17.808  -32.094 0.1111111119
110970  -26.267  -17.920  -32.242 0.1111111119
128523  -26.440  -16.763  -32.898 0.1111111119
55196  -26.010  -15.499  -32.754 0.1111111119
56216  -26.029  -14.680  -32.813 0.1111111119
56229  -26.549  -14.262  -33.510 0.1111111119
132309  -26.753  -13.666  -33.770 0.1111111119
58388  -26.425  -12.513  -33.605 0.1111111119
122782  -26.172  -6.759  -34.236 0.1111111119
66386  -26.317  -4.650  -34.965 0.1111111119
67360  -25.816  -2.535  -35.644 0.1111111119
126211  -29.549  1.406  -36.500 0.2222222239
110449  -29.236  3.022  -36.748 0.1111111119
52326  -31.059  -17.886  -31.494 0.1111111119
52323  -28.301  -19.002  -32.070 0.1111111119
64497  -26.468  -6.326  -34.891 0.1111111119
110793  -27.889  2.995  -37.097 0.2222222239
57294  -26.211  -13.347  -33.360 0.1111111119
119574  -25.920  -11.760  -33.326 0.1111111119
117876  -26.177  -10.906  -33.689 0.1111111119
131090  -26.571  -8.748  -34.512 0.1111111119
62612  -26.624  -8.109  -34.805 0.1111111119
55197  -26.696  -16.104  -33.179 0.1111111119
53327  -27.710  -17.619  -32.965 0.1111111119
66385  -26.291  -3.635  -35.478 0.1111111119
52340  -28.146  -18.362  -32.596 0.1111111119
110337  -27.557  -18.857  -32.187 0.1111111119
53325  -25.893  -17.123  -32.528 0.1111111119
54256  -25.887  -16.324  -32.683 0.1111111119
62611  -26.141  -8.247  -33.838 0.1111111119
63565  -25.666  -7.434  -33.181 0.1111111119
110646  -30.624  2.185  -36.219 0.1111111119
110835  -27.866  3.550  -37.456 0.1111111119
73059  -31.418  4.829  -37.042 0.7777777910
73817  -31.553  4.768  -36.938 0.7777777910
73827  -31.695  4.967  -37.071 0.7777777910
73837  -31.924  5.222  -37.142 0.7777777910
74611  -31.607  4.814  -36.744 0.7777777910
74612  -32.036  4.856  -36.392 0.7777777910
74622  -32.091  5.295  -37.123 0.7777777910
74623  -31.398  4.619  -36.724 0.7777777910
75404  -31.139  4.799  -37.235 0.7777777910
76315  -26.227  6.884  -38.383 0.2222222239
76324  -26.829  6.957  -39.262 0.2222222239
77318  -26.745  7.187  -39.204 0.2222222239
80194  -34.091  10.396  -36.989 0.5555555820
81128  -24.249  11.356  -34.961 0.1111111119
82050  -26.169  13.161  -36.370 0.1111111119
82075  -33.974  12.274  -38.257 0.1111111119
82941  -32.757  13.445  -38.331 0.2222222239
110406  -38.203  2.106  -39.264 0.2222222239
110420  -27.685  6.473  -38.288 0.1111111119
111223  -27.476  7.161  -39.224 0.4444444478
114936  -38.456  2.595  -38.991 0.1111111119
123567  -26.206  7.730  -38.664 0.3333333433
125919  -27.265  6.458  -39.671 0.3333333433
126235  -27.822  5.951  -39.840 0.3333333433
129159  -32.118  16.081  -41.905 0.1111111119
