#!ascii label  , from subject sub-v1s10x0050980_ses-1 vox2ras=TkReg
441
18319  -41.424  -53.476  -33.499 0.6999999881
18336  -40.233  -53.310  -34.734 0.6000000238
18337  -41.019  -53.734  -35.268 0.6000000238
18351  -41.062  -54.048  -36.589 0.4000000060
20074  -38.879  -51.891  -28.113 0.6999999881
21003  -39.889  -50.552  -28.191 0.6999999881
20075  -39.468  -51.338  -28.508 0.6999999881
21019  -40.159  -50.875  -28.950 0.6000000238
20092  -39.077  -52.184  -29.052 0.6999999881
19184  -39.095  -52.387  -30.016 0.6000000238
20094  -40.219  -51.112  -29.734 0.6000000238
113999  -38.892  -52.773  -31.395 0.6000000238
20105  -39.951  -51.310  -30.581 0.6000000238
21051  -40.621  -50.795  -31.115 0.5000000000
20111  -38.975  -52.437  -31.787 0.5000000000
21061  -40.467  -50.986  -32.076 0.5000000000
118962  -39.363  -51.944  -33.249 0.6000000238
18317  -39.357  -53.032  -33.350 0.6000000238
20124  -39.296  -52.326  -34.014 0.6000000238
19219  -39.233  -52.779  -33.600 0.6000000238
19236  -39.245  -52.635  -34.632 0.6000000238
132772  -39.615  -50.213  -27.607 0.6000000238
21984  -40.132  -49.785  -27.959 0.6000000238
21004  -40.484  -50.081  -28.687 0.6000000238
21020  -40.671  -50.378  -29.471 0.6000000238
21999  -41.354  -49.395  -30.259 0.6000000238
21038  -40.721  -50.617  -30.233 0.6000000238
21052  -41.306  -50.154  -31.686 0.6000000238
21062  -41.103  -50.429  -32.552 0.6000000238
20120  -39.296  -51.903  -32.436 0.6000000238
21071  -40.297  -51.140  -33.154 0.6000000238
20125  -39.741  -51.661  -33.882 0.6000000238
18349  -39.537  -53.034  -35.247 0.5000000000
18350  -40.232  -53.570  -35.914 0.5000000000
21970  -39.065  -50.192  -27.086 0.6000000238
21972  -40.153  -48.962  -27.798 0.6000000238
22900  -40.499  -48.321  -28.247 0.6000000238
22909  -40.949  -48.495  -28.982 0.6000000238
21998  -40.995  -49.466  -29.352 0.6000000238
22910  -41.357  -48.597  -29.820 0.6000000238
22916  -41.529  -48.659  -30.704 0.6000000238
22922  -41.607  -48.734  -31.527 0.6000000238
22012  -41.484  -49.418  -31.107 0.6000000238
22026  -41.556  -49.379  -31.791 0.6000000238
22041  -41.472  -49.630  -32.507 0.6999999881
20145  -39.591  -51.575  -34.776 0.6000000238
20144  -39.138  -52.271  -35.198 0.6000000238
18356  -40.203  -53.613  -37.059 0.4000000060
21959  -39.321  -48.791  -27.042 0.6000000238
119934  -39.729  -48.704  -27.394 0.6000000238
118808  -41.155  -47.756  -29.488 0.6000000238
116818  -41.144  -47.090  -30.026 0.5000000000
23818  -41.289  -47.194  -30.857 0.6000000238
23836  -41.553  -48.148  -32.164 0.6999999881
22056  -41.362  -49.396  -33.387 0.6000000238
21072  -41.140  -50.228  -33.351 0.6000000238
21088  -40.497  -50.787  -34.187 0.6000000238
127475  -40.159  -50.495  -35.256 0.6000000238
20156  -39.221  -51.570  -35.823 0.6000000238
20155  -39.071  -52.287  -36.252 0.6000000238
19249  -39.376  -52.970  -36.939 0.4000000060
22879  -38.128  -48.538  -26.567 0.5000000000
23798  -39.778  -47.450  -27.405 0.6000000238
22891  -40.043  -48.166  -27.648 0.6000000238
23799  -40.371  -47.416  -28.048 0.6000000238
130901  -40.747  -47.664  -28.728 0.5000000000
124114  -40.803  -46.930  -29.179 0.5000000000
128204  -40.827  -46.432  -29.839 0.5000000000
24761  -40.924  -46.533  -31.312 0.6000000238
23826  -41.270  -47.282  -31.729 0.6999999881
23835  -41.091  -47.362  -32.628 0.6999999881
115465  -41.613  -48.918  -32.151 0.6999999881
23841  -40.662  -47.485  -33.545 0.6000000238
130020  -41.308  -48.703  -33.441 0.6999999881
22939  -40.892  -48.264  -33.900 0.6000000238
22948  -40.348  -48.659  -34.720 0.6000000238
22068  -40.984  -49.931  -34.221 0.6000000238
22067  -40.455  -49.543  -34.941 0.6000000238
22079  -39.819  -49.907  -35.831 0.6000000238
114724  -39.069  -51.560  -36.783 0.5000000000
20159  -39.198  -51.555  -37.506 0.4000000060
23786  -39.114  -47.518  -26.886 0.6000000238
24738  -39.420  -46.760  -27.100 0.6000000238
24745  -40.470  -46.518  -28.405 0.6000000238
24750  -40.625  -46.023  -29.256 0.5000000000
24757  -40.640  -45.710  -30.181 0.5000000000
125440  -40.917  -46.480  -30.532 0.6000000238
25671  -40.468  -45.146  -31.005 0.5000000000
118906  -40.688  -45.937  -30.937 0.5000000000
25683  -40.312  -45.656  -32.392 0.5000000000
24770  -40.739  -46.500  -32.217 0.6000000238
26691  -39.316  -44.807  -33.220 0.5000000000
24779  -40.306  -46.107  -32.875 0.5000000000
115548  -40.496  -46.724  -33.143 0.6000000238
25691  -39.652  -45.582  -33.196 0.4000000060
24778  -38.998  -46.086  -34.043 0.4000000060
23840  -39.640  -46.902  -34.077 0.5000000000
23848  -40.042  -47.810  -34.450 0.6000000238
23847  -38.774  -47.472  -35.149 0.5000000000
22947  -39.233  -48.292  -35.427 0.6000000238
22958  -39.611  -49.148  -35.670 0.6000000238
22078  -38.763  -49.583  -36.674 0.6000000238
21106  -38.971  -50.770  -37.300 0.6000000238
24731  -38.588  -46.783  -26.646 0.5000000000
24739  -40.076  -46.694  -27.662 0.5000000000
25666  -40.530  -45.170  -29.423 0.5000000000
26682  -40.278  -45.047  -31.920 0.5000000000
26681  -39.833  -44.336  -32.431 0.5000000000
130176  -37.519  -44.180  -34.427 0.4000000060
26690  -38.405  -44.532  -33.815 0.4000000060
25690  -38.571  -45.333  -33.913 0.4000000060
24783  -37.712  -45.938  -34.862 0.5000000000
24784  -38.322  -46.700  -34.885 0.5000000000
23846  -37.526  -47.177  -36.019 0.5000000000
22974  -38.105  -48.712  -37.269 0.5000000000
21105  -38.884  -50.105  -37.472 0.5000000000
22957  -38.392  -48.699  -36.513 0.6000000238
22090  -38.683  -49.844  -37.248 0.5000000000
26675  -40.272  -44.379  -31.524 0.4000000060
27626  -39.651  -43.452  -32.620 0.5000000000
119700  -39.203  -44.025  -33.212 0.5000000000
115034  -37.537  -45.067  -34.561 0.4000000060
129961  -37.380  -46.560  -35.644 0.5000000000
23869  -37.792  -48.287  -37.175 0.5000000000
22975  -38.546  -49.066  -37.560 0.3000000119
25694  -36.798  -45.483  -35.515 0.5000000000
23855  -37.902  -47.921  -36.336 0.5000000000
22956  -37.605  -48.143  -37.135 0.5000000000
27635  -39.154  -43.308  -33.227 0.4000000060
27634  -38.427  -43.675  -33.714 0.4000000060
28600  -38.668  -42.830  -33.523 0.4000000060
28609  -36.549  -42.871  -35.125 0.4000000060
27643  -37.650  -43.130  -34.290 0.4000000060
26695  -36.671  -44.728  -35.318 0.4000000060
27642  -36.628  -43.836  -35.183 0.4000000060
26701  -36.208  -44.318  -35.914 0.5000000000
23862  -37.866  -47.541  -37.327 0.4000000060
23870  -38.046  -48.283  -37.403 0.4000000060
24789  -36.890  -46.710  -36.598 0.5000000000
23861  -37.432  -47.849  -37.109 0.5000000000
25698  -36.643  -45.700  -36.209 0.5000000000
23853  -36.775  -46.732  -36.987 0.5000000000
23854  -37.084  -47.375  -37.035 0.5000000000
28608  -35.662  -42.440  -35.829 0.4000000060
24797  -37.815  -46.779  -37.141 0.4000000060
115449  -37.056  -47.208  -37.123 0.5000000000
26702  -36.351  -45.066  -35.965 0.5000000000
118005  -36.780  -45.939  -36.582 0.5000000000
27641  -36.002  -43.421  -35.894 0.4000000060
25700  -38.155  -45.952  -36.646 0.4000000060
27651  -36.128  -43.772  -36.129 0.5000000000
121504  -36.671  -45.091  -36.365 0.5000000000
25707  -37.010  -46.433  -37.082 0.5000000000
29519  -35.284  -41.895  -35.958 0.4000000060
25699  -37.414  -45.418  -36.572 0.3000000119
120784  -38.816  -45.207  -36.007 0.3000000119
28618  -35.770  -42.713  -36.114 0.4000000060
26703  -37.244  -44.558  -36.448 0.5000000000
121229  -36.055  -43.325  -36.226 0.4000000060
27662  -36.279  -43.929  -36.274 0.5000000000
27663  -36.911  -43.897  -36.493 0.5000000000
29518  -35.121  -41.422  -36.080 0.4000000060
26704  -38.502  -44.588  -35.956 0.3000000119
27653  -39.530  -43.804  -35.478 0.3000000119
28617  -35.410  -41.969  -36.157 0.4000000060
28631  -37.595  -43.149  -36.299 0.4000000060
28629  -35.916  -42.479  -36.365 0.4000000060
28630  -36.478  -43.264  -36.420 0.4000000060
30431  -34.948  -40.782  -36.041 0.5000000000
27652  -38.123  -43.838  -36.066 0.3000000119
113605  -39.046  -43.041  -35.622 0.4000000060
119322  -39.717  -42.349  -35.470 0.4000000060
28621  -39.923  -43.027  -35.364 0.4000000060
29529  -35.557  -41.603  -36.372 0.4000000060
28619  -37.005  -42.445  -36.486 0.5000000000
28620  -38.544  -42.300  -35.776 0.4000000060
131859  -36.004  -40.964  -36.574 0.5000000000
29530  -36.396  -41.677  -36.493 0.5000000000
30433  -36.884  -40.820  -36.290 0.5000000000
29520  -37.879  -41.468  -35.973 0.4000000060
125304  -39.038  -40.924  -35.614 0.4000000060
29521  -39.344  -41.571  -35.577 0.4000000060
29522  -40.252  -41.653  -35.617 0.3000000119
129371  -35.271  -40.933  -36.332 0.5000000000
30443  -35.833  -40.276  -36.439 0.5000000000
31338  -38.695  -39.690  -35.708 0.4000000060
31339  -39.691  -39.665  -35.878 0.3000000119
33454  -34.964  -38.039  -36.176 0.5000000000
32385  -37.923  -38.912  -35.790 0.4000000060
30434  -38.223  -40.494  -35.731 0.4000000060
30435  -39.371  -40.318  -35.670 0.4000000060
123490  -39.940  -40.921  -35.581 0.4000000060
30436  -40.169  -40.284  -35.882 0.3000000119
30442  -35.010  -40.192  -36.170 0.5000000000
31337  -37.331  -39.873  -35.894 0.5000000000
31346  -35.273  -39.592  -36.304 0.5000000000
32395  -38.885  -38.312  -36.039 0.4000000060
32386  -39.193  -39.024  -35.897 0.4000000060
124588  -34.841  -37.526  -36.021 0.5000000000
31348  -40.049  -39.080  -36.288 0.3000000119
32394  -35.282  -38.737  -36.290 0.5000000000
31347  -36.201  -39.295  -36.295 0.5000000000
112985  -36.708  -38.350  -36.159 0.5000000000
33457  -38.625  -37.558  -36.266 0.4000000060
34471  -34.899  -36.586  -36.016 0.5000000000
130789  -36.430  -37.047  -36.385 0.5000000000
33458  -39.643  -37.771  -36.615 0.3000000119
32396  -39.654  -38.534  -36.310 0.3000000119
112719  -35.365  -37.273  -36.286 0.5000000000
34472  -36.143  -36.307  -36.376 0.5000000000
33455  -35.842  -37.815  -36.367 0.5000000000
18335  -39.451  -52.979  -34.160 0.6000000238
20112  -39.523  -51.583  -31.509 0.6000000238
23819  -41.543  -47.966  -31.225 0.6999999881
21098  -39.171  -50.616  -36.537 0.6000000238
23842  -41.306  -48.100  -33.071 0.6999999881
25682  -39.882  -45.075  -32.596 0.5000000000
125089  -39.855  -46.273  -33.410 0.4000000060
22965  -38.120  -48.891  -37.211 0.5000000000
14699  -42.928  -57.728  -31.338 0.5000000000
14711  -43.618  -57.650  -32.354 0.5000000000
13760  -43.205  -57.919  -31.950 0.5000000000
14724  -45.123  -57.265  -33.898 0.5000000000
13778  -44.427  -58.052  -34.050 0.5000000000
14722  -43.795  -57.974  -33.007 0.4000000060
14685  -43.220  -57.020  -30.958 0.5000000000
15665  -44.020  -56.912  -32.036 0.6000000238
14700  -43.451  -57.321  -31.691 0.6000000238
15679  -44.831  -56.800  -33.151 0.5000000000
14712  -44.194  -57.293  -32.729 0.5000000000
15695  -46.976  -55.645  -34.504 0.4000000060
15580  -41.457  -56.102  -27.928 0.6999999881
15612  -42.093  -56.154  -28.449 0.6999999881
15631  -43.313  -55.689  -29.532 0.6999999881
15656  -43.809  -56.504  -31.325 0.5000000000
15647  -43.599  -56.139  -30.515 0.6999999881
15680  -45.796  -56.217  -33.452 0.5000000000
15667  -45.524  -55.796  -32.776 0.5000000000
15657  -44.497  -55.912  -31.668 0.5000000000
16542  -46.671  -55.027  -33.914 0.5000000000
15681  -46.525  -55.609  -33.805 0.5000000000
15577  -37.836  -56.584  -27.595 0.5000000000
15609  -39.351  -56.845  -27.792 0.6999999881
16466  -39.671  -55.574  -27.511 0.6999999881
15579  -40.690  -56.205  -27.717 0.6999999881
16468  -41.084  -55.533  -27.705 0.6999999881
15630  -42.574  -56.396  -29.210 0.6000000238
16509  -44.555  -54.567  -30.664 0.6999999881
16508  -44.094  -55.119  -30.063 0.6000000238
16527  -45.908  -54.896  -32.633 0.5000000000
16526  -45.265  -55.360  -32.069 0.6000000238
16518  -44.947  -54.927  -31.353 0.6000000238
16541  -46.286  -55.243  -33.256 0.5000000000
17413  -46.627  -54.908  -35.398 0.5000000000
16465  -38.187  -55.780  -27.443 0.5000000000
113961  -38.909  -56.232  -27.507 0.6999999881
16487  -42.027  -55.208  -28.165 0.6999999881
17354  -41.205  -54.725  -27.863 0.6999999881
17353  -40.351  -54.410  -27.903 0.6999999881
16499  -43.239  -55.010  -28.934 0.8000000119
17363  -43.202  -54.336  -29.001 0.6999999881
17379  -44.939  -54.203  -31.348 0.6000000238
18279  -44.458  -53.902  -30.683 0.6999999881
17388  -45.788  -54.297  -32.706 0.6999999881
17380  -45.330  -54.012  -32.082 0.6000000238
17403  -46.435  -54.704  -34.149 0.6000000238
17402  -45.924  -54.240  -33.498 0.6000000238
17412  -45.820  -54.448  -34.788 0.6000000238
15575  -35.891  -56.178  -27.652 0.5000000000
17335  -37.105  -54.752  -27.550 0.6000000238
16464  -37.380  -55.666  -27.477 0.5000000000
111530  -37.939  -54.986  -27.517 0.6000000238
115532  -38.815  -55.286  -27.491 0.6000000238
17337  -39.556  -54.797  -27.640 0.6999999881
18249  -41.158  -54.085  -28.327 0.6999999881
18248  -40.091  -53.775  -28.636 0.6000000238
17355  -42.487  -54.364  -28.602 0.6999999881
133615  -41.097  -53.676  -28.859 0.6999999881
125516  -43.683  -54.111  -29.567 0.6999999881
18307  -44.848  -53.635  -32.443 0.6999999881
18339  -44.859  -54.158  -34.577 0.6999999881
18322  -44.900  -53.670  -33.451 0.6999999881
17334  -36.453  -54.470  -27.501 0.5000000000
18230  -37.604  -54.158  -27.729 0.6000000238
17336  -38.508  -54.366  -27.783 0.6000000238
17352  -39.321  -54.104  -28.089 0.6000000238
18266  -42.482  -53.588  -29.479 0.8000000119
18276  -40.711  -53.440  -30.392 0.5000000000
18264  -39.438  -53.353  -29.646 0.6000000238
18278  -43.817  -53.753  -30.118 0.6999999881
18291  -42.440  -53.338  -31.253 0.6999999881
18321  -44.051  -53.487  -33.096 0.6999999881
112063  -43.181  -53.408  -32.783 0.6999999881
17411  -44.286  -54.979  -36.353 0.5000000000
18338  -43.457  -54.873  -35.743 0.5000000000
115383  -35.816  -54.611  -27.455 0.5000000000
18228  -36.030  -53.761  -27.267 0.5000000000
19159  -37.523  -52.810  -27.519 0.6000000238
111462  -36.863  -53.915  -27.569 0.6000000238
18245  -38.155  -53.119  -28.143 0.6000000238
126819  -38.121  -53.551  -28.018 0.6000000238
19172  -38.646  -52.705  -28.689 0.6000000238
17351  -38.619  -53.606  -28.307 0.6000000238
19183  -38.899  -52.768  -29.443 0.6000000238
18290  -41.097  -53.433  -31.204 0.6000000238
18289  -39.871  -53.441  -31.278 0.5000000000
18262  -39.000  -52.923  -29.973 0.5000000000
118187  -41.371  -53.444  -31.950 0.6000000238
18320  -42.358  -53.575  -33.537 0.6000000238
18305  -42.148  -53.422  -32.504 0.6000000238
111745  -41.879  -54.392  -35.764 0.5000000000
111240  -36.700  -53.060  -27.205 0.6000000238
19160  -38.258  -52.422  -27.815 0.6000000238
18275  -39.646  -53.359  -30.488 0.5000000000
19194  -38.977  -52.804  -30.744 0.5000000000
123865  -40.260  -53.489  -32.009 0.4000000060
18302  -39.252  -53.244  -32.005 0.5000000000
18288  -39.126  -53.097  -31.266 0.5000000000
129660  -40.985  -53.454  -34.275 0.6000000238
18227  -35.211  -53.432  -27.016 0.5000000000
19158  -35.792  -52.886  -26.786 0.6000000238
19138  -37.113  -52.331  -26.938 0.6000000238
19213  -39.106  -52.934  -32.643 0.5000000000
120562  -38.950  -52.660  -32.324 0.4000000060
18205  -34.482  -53.115  -27.009 0.5000000000
19136  -35.063  -52.762  -26.747 0.5000000000
20034  -37.134  -51.546  -26.672 0.6000000238
20056  -38.450  -51.577  -27.369 0.6000000238
19157  -33.841  -52.700  -27.304 0.5000000000
20032  -35.398  -52.050  -26.590 0.5000000000
20033  -36.136  -51.404  -26.519 0.6000000238
20976  -38.506  -50.861  -26.963 0.6000000238
20054  -33.935  -51.725  -27.303 0.5000000000
20031  -34.665  -51.471  -26.760 0.5000000000
125482  -35.346  -51.224  -26.568 0.5000000000
21957  -37.361  -50.047  -26.551 0.6000000238
20975  -37.702  -50.791  -26.665 0.6000000238
113918  -34.264  -50.958  -27.136 0.5000000000
125364  -34.880  -50.570  -26.738 0.5000000000
20073  -33.835  -50.903  -27.787 0.5000000000
115254  -38.265  -50.117  -26.711 0.5000000000
21954  -34.902  -49.677  -26.915 0.5000000000
120571  -36.365  -49.865  -26.532 0.5000000000
21002  -33.925  -50.309  -28.465 0.5000000000
21968  -34.517  -49.247  -27.565 0.5000000000
112332  -35.478  -50.004  -26.648 0.5000000000
126448  -37.853  -49.367  -26.561 0.4000000060
128441  -34.305  -48.817  -28.226 0.5000000000
21955  -35.651  -49.318  -26.690 0.5000000000
21956  -36.462  -48.992  -26.559 0.4000000060
22878  -37.279  -48.718  -26.491 0.4000000060
21969  -35.062  -48.876  -27.028 0.4000000060
22877  -35.783  -48.501  -26.688 0.4000000060
121300  -37.438  -47.817  -26.464 0.4000000060
18304  -40.844  -53.452  -32.734 0.6000000238
111658  -41.707  -53.695  -34.403 0.5000000000
17421  -42.653  -54.949  -36.460 0.4000000060
18274  -39.135  -53.061  -30.377 0.6000000238
16488  -42.799  -54.870  -28.633 0.6999999881
18277  -43.045  -53.468  -30.221 0.6999999881
18306  -44.069  -53.407  -32.032 0.6999999881
18292  -43.819  -53.466  -31.005 0.6999999881
115410  -40.359  -53.528  -29.567 0.6000000238
18247  -39.082  -53.438  -28.888 0.6000000238
122548  -43.875  -54.032  -34.253 0.6999999881
114351  -41.946  -53.361  -30.293 0.6999999881
131356  -43.186  -53.343  -31.868 0.6999999881
111125  -43.128  -53.711  -33.839 0.6000000238
17410  -42.806  -54.466  -35.161 0.6000000238
14723  -44.349  -57.629  -33.416 0.4000000060
15576  -36.787  -56.402  -27.601 0.5000000000
15578  -39.871  -56.253  -27.608 0.6999999881
15610  -40.181  -56.788  -27.943 0.6999999881
15611  -41.524  -56.637  -28.378 0.6999999881
15646  -42.962  -56.716  -30.103 0.6999999881
15666  -44.651  -56.384  -32.425 0.5000000000
15694  -46.221  -56.469  -34.123 0.5000000000
16463  -36.427  -55.357  -27.526 0.5000000000
16467  -40.369  -55.752  -27.583 0.6999999881
16498  -42.723  -55.536  -28.738 0.6999999881
16517  -44.340  -55.506  -30.860 0.6999999881
16519  -45.408  -54.521  -32.022 0.6000000238
16528  -46.228  -54.670  -33.326 0.5000000000
17338  -40.412  -55.095  -27.608 0.6999999881
17371  -44.138  -54.284  -30.032 0.6999999881
18229  -37.454  -53.438  -27.681 0.6000000238
18246  -38.769  -53.100  -28.953 0.6000000238
18250  -41.982  -53.815  -28.774 0.6999999881
18263  -39.033  -53.097  -29.654 0.5000000000
18265  -41.485  -53.492  -29.495 0.5000000000
18267  -43.234  -53.781  -29.495 0.6999999881
18293  -44.683  -53.752  -31.509 0.6999999881
18303  -39.663  -53.286  -32.735 0.4000000060
18308  -45.539  -53.841  -32.912 0.6999999881
18318  -40.222  -53.302  -33.647 0.6000000238
18323  -45.504  -53.948  -33.713 0.6999999881
18355  -39.595  -53.244  -36.266 0.5000000000
19135  -34.526  -52.308  -26.846 0.5000000000
19137  -36.382  -52.218  -26.659 0.6000000238
19156  -33.391  -52.273  -27.927 0.5000000000
19203  -38.835  -52.978  -31.935 0.4000000060
19242  -39.201  -52.719  -35.768 0.6000000238
20035  -37.956  -51.361  -26.874 0.6000000238
20055  -37.763  -52.018  -27.126 0.6000000238
20057  -39.192  -50.966  -27.615 0.6000000238
20093  -39.532  -51.593  -29.382 0.6999999881
20104  -39.089  -52.187  -30.938 0.6000000238
20119  -39.195  -52.501  -32.988 0.5000000000
20973  -35.803  -50.623  -26.528 0.5000000000
20974  -36.760  -50.714  -26.530 0.6000000238
20990  -34.271  -50.145  -27.496 0.5000000000
21021  -41.096  -50.032  -29.982 0.6000000238
21039  -41.196  -50.096  -30.712 0.6000000238
21958  -38.791  -49.286  -26.786 0.5000000000
21971  -39.583  -49.445  -27.348 0.6000000238
21985  -40.571  -49.202  -28.477 0.6000000238
22099  -38.529  -49.350  -37.387 0.5000000000
22880  -38.891  -48.327  -26.787 0.5000000000
22890  -39.489  -48.153  -27.177 0.6000000238
22933  -41.511  -48.801  -32.766 0.6999999881
22940  -41.070  -49.069  -34.140 0.6000000238
23785  -38.291  -47.613  -26.582 0.6000000238
23812  -41.436  -47.864  -30.339 0.6000000238
24788  -36.813  -46.176  -35.946 0.5000000000
24796  -36.792  -46.272  -36.586 0.5000000000
25678  -40.567  -45.807  -31.625 0.5000000000
25697  -36.561  -45.295  -36.216 0.5000000000
26713  -36.335  -44.586  -36.124 0.5000000000
111456  -43.986  -58.210  -33.589 0.4000000060
112978  -40.944  -56.733  -28.099 0.6999999881
114088  -43.673  -54.717  -29.461 0.8000000119
117269  -41.819  -54.392  -28.311 0.6999999881
119836  -39.462  -51.725  -30.151 0.6000000238
122600  -40.240  -45.992  -27.877 0.5000000000
123480  -36.596  -48.114  -26.508 0.4000000060
127879  -36.561  -44.433  -36.354 0.5000000000
128796  -42.753  -53.873  -28.981 0.6999999881
130785  -39.161  -52.217  -37.070 0.4000000060
130806  -42.385  -53.892  -34.469 0.6000000238
131627  -37.079  -49.400  -26.503 0.4000000060
133621  -40.593  -47.130  -28.575 0.6000000238
