#!ascii label  , from subject sub-v1s10x0051093_ses-1 vox2ras=TkReg
301
73192  -23.868  4.732  -33.944 0.0000000000
69855  -21.312  0.252  -32.934 0.0000000000
70716  -27.067  1.274  -32.714 0.0000000000
67264  -24.835  -2.505  -32.014 0.0000000000
83058  -23.859  16.231  -32.824 0.0000000000
125170  -26.637  12.927  -33.108 0.0000000000
128586  -21.737  8.156  -34.754 0.0000000000
63758  -24.016  -6.685  -30.769 0.0000000000
127273  -23.363  -1.254  -33.166 0.0000000000
66413  -21.571  -3.553  -31.903 0.0000000000
81495  -25.243  14.637  -32.716 0.0000000000
121126  -22.367  11.863  -33.405 0.0000000000
72388  -21.810  3.752  -34.384 0.0000000000
73203  -20.230  5.352  -34.440 0.0000000000
74818  -22.908  6.261  -34.370 0.0000000000
76510  -25.474  8.751  -32.723 0.0000000000
118583  -26.307  7.235  -33.143 0.0000000000
73984  -27.243  5.628  -33.399 0.0000000000
70712  -19.584  1.611  -32.324 0.0000000000
70730  -23.074  2.036  -34.248 0.0000000000
72381  -25.798  3.331  -32.926 0.0000000000
69866  -24.334  0.804  -33.525 0.0000000000
68953  -25.770  -0.530  -32.470 0.0000000000
67254  -27.144  -2.097  -31.361 0.0000000000
77344  -20.343  9.773  -34.990 0.0000000000
122330  -23.769  10.705  -32.669 0.0000000000
117418  -27.096  10.841  -33.033 0.0000000000
64673  -21.648  -5.109  -31.209 0.0000000000
65580  -24.429  -4.765  -31.373 0.0000000000
68102  -21.283  -2.148  -32.212 0.0000000000
113177  -20.673  -3.588  -31.391 0.0000000000
79814  -22.116  12.870  -33.421 0.0000000000
79003  -20.877  11.774  -34.261 0.0000000000
73206  -22.951  4.150  -34.521 0.0000000000
73992  -22.666  5.548  -34.579 0.0000000000
73981  -23.386  5.491  -34.127 0.0000000000
75664  -24.206  7.083  -33.480 0.0000000000
73983  -25.236  5.580  -33.371 0.0000000000
74803  -26.782  6.447  -33.276 0.0000000000
119118  -25.755  4.851  -33.255 0.0000000000
70714  -21.035  1.096  -33.018 0.0000000000
71572  -22.239  2.220  -34.019 0.0000000000
70723  -22.562  1.345  -33.837 0.0000000000
70724  -23.427  1.402  -34.032 0.0000000000
132692  -23.153  0.842  -33.830 0.0000000000
68116  -23.655  -1.753  -32.828 0.0000000000
68121  -24.056  -1.111  -33.069 0.0000000000
68117  -24.652  -1.698  -32.462 0.0000000000
68119  -26.476  -1.657  -32.096 0.0000000000
67265  -25.696  -2.110  -32.118 0.0000000000
82339  -21.888  15.349  -33.213 0.0000000000
83056  -21.866  17.202  -32.820 0.0000000000
127489  -23.236  16.842  -32.840 0.0000000000
84435  -24.229  18.319  -33.586 0.0000000000
83726  -26.071  17.097  -34.275 0.0000000000
80629  -25.613  13.944  -32.718 0.0000000000
74816  -21.276  6.792  -35.107 0.0000000000
118357  -19.812  7.525  -35.032 0.0000000000
119081  -21.383  8.993  -34.721 0.0000000000
78201  -21.894  10.349  -34.062 0.0000000000
77347  -22.728  9.007  -33.846 0.0000000000
77334  -26.625  9.250  -32.686 0.0000000000
77333  -25.724  9.741  -32.490 0.0000000000
78202  -27.279  10.149  -33.816 0.0000000000
71576  -26.495  2.600  -32.849 0.0000000000
72382  -26.893  3.333  -33.032 0.0000000000
125681  -22.439  -6.499  -30.638 0.0000000000
127296  -22.682  -5.786  -30.940 0.0000000000
64674  -22.732  -4.903  -31.408 0.0000000000
64676  -24.457  -5.544  -31.192 0.0000000000
68949  -20.859  -0.442  -32.393 0.0000000000
112581  -22.580  -0.391  -33.363 0.0000000000
68113  -21.377  -1.295  -32.534 0.0000000000
67262  -22.525  -2.489  -32.563 0.0000000000
66428  -23.239  -2.953  -32.256 0.0000000000
81492  -22.739  14.929  -32.882 0.0000000000
82328  -24.127  15.350  -32.673 0.0000000000
81503  -22.663  14.243  -32.959 0.0000000000
130359  -23.859  13.332  -32.607 0.0000000000
79816  -23.995  12.627  -32.584 0.0000000000
72377  -19.679  3.601  -33.381 0.0000000000
73204  -20.996  4.873  -34.579 0.0000000000
119087  -21.384  6.108  -34.978 0.0000000000
123242  -22.528  7.040  -34.477 0.0000000000
76508  -23.167  8.417  -33.667 0.0000000000
125657  -23.684  7.773  -33.532 0.0000000000
121878  -25.856  7.948  -32.960 0.0000000000
76528  -27.288  8.662  -32.998 0.0000000000
76511  -27.823  7.793  -33.597 0.0000000000
62851  -24.869  -7.211  -30.042 0.0000000000
63759  -24.691  -6.601  -30.543 0.0000000000
71570  -20.337  2.840  -33.408 0.0000000000
72389  -22.534  3.545  -34.450 0.0000000000
72390  -23.262  3.411  -34.411 0.0000000000
73193  -25.250  4.054  -33.217 0.0000000000
71574  -24.317  2.362  -33.833 0.0000000000
129727  -24.930  1.570  -33.072 0.0000000000
70715  -25.963  1.066  -32.654 0.0000000000
68960  -23.509  -0.578  -33.431 0.0000000000
130693  -24.489  0.231  -33.264 0.0000000000
69857  -26.919  0.594  -32.514 0.0000000000
68954  -26.789  -0.242  -32.330 0.0000000000
68939  -27.652  -0.592  -31.852 0.0000000000
128689  -26.118  16.221  -33.976 0.0000000000
78200  -21.090  10.770  -34.425 0.0000000000
78991  -23.054  11.280  -33.094 0.0000000000
78992  -24.149  11.674  -32.530 0.0000000000
77332  -24.490  9.336  -32.728 0.0000000000
78190  -25.933  10.733  -32.431 0.0000000000
79819  -26.956  12.267  -33.393 0.0000000000
73194  -26.287  4.092  -33.056 0.0000000000
119027  -27.750  4.800  -33.504 0.0000000000
66403  -20.166  -3.850  -30.866 0.0000000000
65577  -21.149  -4.276  -31.484 0.0000000000
66414  -22.922  -3.659  -31.899 0.0000000000
66415  -24.478  -3.825  -31.556 0.0000000000
64677  -25.068  -5.176  -31.253 0.0000000000
65581  -25.229  -4.459  -31.362 0.0000000000
66416  -25.478  -3.634  -31.468 0.0000000000
79002  -19.951  11.884  -34.603 0.0000000000
119892  -23.158  4.787  -34.426 0.0000000000
73982  -24.248  5.511  -33.617 0.0000000000
121224  -24.746  4.762  -33.486 0.0000000000
69854  -20.515  0.523  -32.469 0.0000000000
120638  -21.823  0.814  -33.391 0.0000000000
69864  -22.568  0.475  -33.578 0.0000000000
119349  -23.944  -2.362  -32.383 0.0000000000
123692  -22.915  16.228  -32.783 0.0000000000
83068  -22.223  16.252  -32.919 0.0000000000
83717  -24.482  17.550  -33.499 0.0000000000
83718  -25.278  17.323  -33.804 0.0000000000
83070  -24.780  16.706  -33.277 0.0000000000
119512  -25.859  13.141  -32.690 0.0000000000
80630  -26.552  13.784  -33.333 0.0000000000
80648  -27.133  13.007  -34.125 0.0000000000
75678  -21.836  7.257  -34.867 0.0000000000
74815  -20.474  7.152  -35.121 0.0000000000
75677  -21.106  7.596  -35.140 0.0000000000
119121  -20.326  7.906  -35.211 0.0000000000
116778  -22.097  8.944  -34.360 0.0000000000
77348  -27.357  9.417  -33.182 0.0000000000
71564  -27.303  1.916  -32.982 0.0000000000
71577  -27.588  2.583  -33.274 0.0000000000
63757  -23.204  -6.562  -30.703 0.0000000000
64658  -23.700  -5.942  -31.047 0.0000000000
127412  -23.209  -5.460  -31.168 0.0000000000
133132  -20.844  -1.050  -32.139 0.0000000000
129582  -20.779  -1.564  -31.898 0.0000000000
67250  -21.054  -2.916  -31.902 0.0000000000
66426  -21.761  -2.724  -32.299 0.0000000000
66427  -22.345  -3.205  -32.207 0.0000000000
119912  -21.468  14.209  -33.513 0.0000000000
80627  -22.031  13.856  -33.321 0.0000000000
128767  -22.631  13.528  -33.097 0.0000000000
118500  -23.089  12.941  -32.935 0.0000000000
79815  -23.176  12.122  -32.917 0.0000000000
72378  -20.472  3.634  -33.797 0.0000000000
72387  -21.048  4.055  -34.284 0.0000000000
73991  -21.806  5.421  -34.775 0.0000000000
74817  -22.088  6.360  -34.841 0.0000000000
75680  -22.859  7.702  -34.055 0.0000000000
123980  -23.252  7.003  -33.864 0.0000000000
119074  -25.255  7.177  -33.248 0.0000000000
123835  -26.502  8.564  -32.788 0.0000000000
120546  -26.941  7.956  -32.947 0.0000000000
75665  -27.312  7.205  -33.270 0.0000000000
74804  -27.665  6.347  -33.548 0.0000000000
118411  -28.142  5.456  -33.729 0.0000000000
62836  -24.992  -7.709  -29.478 0.0000000000
124148  -25.477  -7.058  -29.417 0.0000000000
71562  -19.892  2.148  -32.764 0.0000000000
71581  -21.985  3.002  -34.219 0.0000000000
71582  -22.777  2.792  -34.360 0.0000000000
71583  -23.546  2.631  -34.277 0.0000000000
71584  -24.001  3.272  -34.153 0.0000000000
70725  -24.085  1.463  -33.897 0.0000000000
68120  -22.875  -1.053  -33.252 0.0000000000
68952  -24.873  -0.834  -32.660 0.0000000000
68961  -24.301  -0.385  -33.234 0.0000000000
68962  -25.028  -0.073  -32.798 0.0000000000
69856  -25.889  0.267  -32.552 0.0000000000
68103  -26.980  -1.759  -31.841 0.0000000000
68955  -27.106  -1.013  -32.062 0.0000000000
68104  -27.407  -1.340  -31.600 0.0000000000
82329  -24.842  15.167  -32.718 0.0000000000
121335  -25.502  16.064  -33.372 0.0000000000
82342  -26.103  15.444  -33.600 0.0000000000
73980  -19.248  5.082  -33.722 0.0000000000
77343  -19.696  9.276  -35.103 0.0000000000
118453  -19.735  10.309  -34.958 0.0000000000
78199  -20.530  10.339  -34.762 0.0000000000
78187  -22.805  10.337  -33.367 0.0000000000
125591  -22.321  11.008  -33.541 0.0000000000
76509  -24.145  8.539  -33.159 0.0000000000
77331  -23.478  9.123  -33.299 0.0000000000
78994  -26.590  11.580  -32.761 0.0000000000
79004  -27.167  11.518  -33.798 0.0000000000
72380  -24.798  3.263  -33.383 0.0000000000
117969  -27.325  4.052  -33.293 0.0000000000
64672  -20.716  -4.781  -30.963 0.0000000000
65576  -20.547  -4.179  -31.100 0.0000000000
65579  -23.513  -4.295  -31.543 0.0000000000
117247  -22.650  -4.181  -31.691 0.0000000000
119684  -23.660  -3.538  -31.756 0.0000000000
64660  -25.171  -5.798  -30.834 0.0000000000
67249  -20.630  -2.287  -31.567 0.0000000000
80626  -21.322  13.542  -33.645 0.0000000000
79828  -21.096  12.725  -33.859 0.0000000000
78989  -21.604  12.087  -33.712 0.0000000000
131693  -22.337  4.166  -34.526 0.0000000000
73205  -21.756  4.513  -34.559 0.0000000000
119859  -22.500  4.806  -34.580 0.0000000000
74800  -23.748  6.257  -33.706 0.0000000000
74801  -24.727  6.327  -33.431 0.0000000000
74802  -25.758  6.407  -33.284 0.0000000000
118412  -26.260  5.642  -33.285 0.0000000000
69853  -19.675  0.886  -31.989 0.0000000000
70713  -20.235  1.372  -32.620 0.0000000000
70721  -20.727  1.932  -33.192 0.0000000000
70722  -21.608  1.648  -33.548 0.0000000000
71573  -23.716  1.965  -34.157 0.0000000000
112827  -23.765  0.803  -33.839 0.0000000000
68118  -25.661  -1.320  -32.344 0.0000000000
122491  -26.412  -0.989  -32.270 0.0000000000
67253  -26.492  -2.408  -31.716 0.0000000000
82338  -20.550  15.793  -33.684 0.0000000000
83057  -22.519  16.977  -32.793 0.0000000000
132480  -23.754  17.866  -33.244 0.0000000000
84449  -26.229  17.987  -34.785 0.0000000000
80611  -24.854  14.097  -32.574 0.0000000000
81504  -26.008  14.656  -33.117 0.0000000000
81505  -26.672  14.711  -33.931 0.0000000000
118222  -19.042  7.463  -34.577 0.0000000000
76525  -20.189  8.578  -35.218 0.0000000000
118356  -20.604  9.131  -35.029 0.0000000000
77345  -21.113  9.841  -34.641 0.0000000000
131779  -21.795  9.553  -34.384 0.0000000000
77346  -22.373  9.638  -33.956 0.0000000000
77330  -22.954  9.591  -33.463 0.0000000000
78191  -26.807  10.049  -32.643 0.0000000000
125424  -27.286  10.799  -34.404 0.0000000000
64657  -21.741  -6.068  -30.716 0.0000000000
64675  -23.681  -5.165  -31.287 0.0000000000
68950  -21.689  -0.529  -32.985 0.0000000000
69863  -21.966  0.103  -33.286 0.0000000000
68951  -22.180  -1.195  -33.020 0.0000000000
68114  -21.950  -1.961  -32.673 0.0000000000
68115  -22.790  -1.743  -32.963 0.0000000000
67263  -23.220  -2.279  -32.661 0.0000000000
81501  -20.634  14.356  -33.898 0.0000000000
82326  -22.449  15.516  -32.949 0.0000000000
82327  -23.259  15.495  -32.742 0.0000000000
82340  -24.785  15.827  -32.902 0.0000000000
81493  -23.521  14.640  -32.674 0.0000000000
81494  -24.462  14.644  -32.608 0.0000000000
124888  -23.290  13.774  -32.736 0.0000000000
80610  -24.128  13.967  -32.566 0.0000000000
80628  -24.768  13.348  -32.550 0.0000000000
79817  -25.067  12.448  -32.498 0.0000000000
73990  -21.014  5.610  -34.833 0.0000000000
75679  -22.291  7.687  -34.529 0.0000000000
76527  -22.486  8.319  -34.261 0.0000000000
122769  -24.751  7.886  -33.168 0.0000000000
76529  -27.765  8.685  -34.028 0.0000000000
112486  -27.696  0.817  -32.803 0.0000000000
62850  -24.251  -7.295  -30.382 0.0000000000
64659  -24.445  -6.151  -30.935 0.0000000000
72379  -21.175  3.297  -33.971 0.0000000000
71571  -21.348  2.494  -33.722 0.0000000000
73207  -23.597  4.042  -34.293 0.0000000000
73208  -24.346  3.996  -33.806 0.0000000000
71575  -25.325  2.517  -32.969 0.0000000000
71563  -26.148  1.847  -32.740 0.0000000000
69865  -23.294  0.204  -33.652 0.0000000000
116169  -23.980  0.146  -33.651 0.0000000000
69867  -25.025  0.681  -32.878 0.0000000000
69858  -27.605  0.297  -32.474 0.0000000000
132791  -27.478  -0.262  -32.146 0.0000000000
82357  -26.659  15.536  -34.408 0.0000000000
122123  -20.282  11.047  -34.704 0.0000000000
78990  -21.672  11.284  -33.874 0.0000000000
79818  -26.145  12.336  -32.677 0.0000000000
78188  -23.646  9.867  -32.966 0.0000000000
78189  -24.728  10.214  -32.474 0.0000000000
118164  -24.812  10.985  -32.388 0.0000000000
78993  -25.460  11.626  -32.463 0.0000000000
119110  -26.777  4.867  -33.258 0.0000000000
65578  -21.954  -4.299  -31.664 0.0000000000
132900  -22.261  -3.773  -31.898 0.0000000000
66429  -24.151  -3.002  -31.853 0.0000000000
65563  -25.676  -4.994  -31.032 0.0000000000
67251  -24.914  -3.159  -31.699 0.0000000000
67252  -25.664  -2.854  -31.736 0.0000000000
76526  -20.887  8.377  -35.074 0.0000000000
77342  -18.710  9.017  -34.668 0.0000000000
81502  -22.034  14.719  -33.242 0.0000000000
82341  -25.451  15.314  -32.993 0.0000000000
83069  -23.857  17.131  -33.079 0.0000000000
83071  -25.571  16.698  -33.715 0.0000000000
84447  -24.782  18.783  -34.050 0.0000000000
133382  -22.695  12.447  -33.203 0.0000000000
