#!ascii label  , from subject sub-v1s10x0051149_ses-1 vox2ras=TkReg
1058
114276  27.033  -69.534  -39.236 0.5000000000
12656  14.365  -59.675  -34.164 0.6000000238
110105  13.682  -59.491  -34.041 0.6000000238
12657  12.993  -59.235  -34.422 0.6000000238
13505  12.478  -58.820  -33.511 0.6999999881
13522  12.133  -58.813  -34.458 0.6000000238
13495  12.600  -58.285  -32.682 0.6999999881
13506  11.787  -58.538  -33.869 0.6000000238
111473  21.499  -60.578  -42.148 0.5000000000
11115  23.393  -60.999  -41.765 0.6000000238
11116  22.592  -61.030  -41.940 0.6000000238
11117  21.838  -60.972  -42.538 0.5000000000
114517  24.479  -61.832  -41.551 0.5000000000
112771  23.720  -61.837  -41.795 0.4000000060
117914  22.299  -60.878  -41.897 0.6000000238
12717  16.913  -59.085  -37.928 0.5000000000
108463  26.118  -66.129  -41.603 0.4000000060
12705  16.491  -59.300  -37.235 0.5000000000
13563  16.389  -58.532  -37.786 0.5000000000
12692  16.314  -59.743  -36.440 0.6000000238
12676  15.509  -60.091  -34.957 0.6000000238
11833  15.501  -60.264  -33.505 0.6000000238
117563  15.226  -59.998  -32.902 0.6999999881
12620  14.621  -59.500  -32.588 0.6999999881
12607  15.065  -59.120  -31.820 0.6000000238
13493  14.260  -58.819  -31.994 0.6999999881
13468  15.343  -57.944  -31.115 0.6000000238
13483  14.813  -58.369  -31.487 0.6000000238
13494  13.451  -58.382  -32.191 0.6999999881
14350  14.648  -57.419  -31.325 0.6999999881
13524  10.693  -58.215  -34.625 0.6000000238
11084  20.772  -61.327  -40.082 0.5000000000
11098  21.963  -60.962  -41.544 0.6000000238
100366  21.097  -61.085  -41.287 0.5000000000
11096  23.254  -60.684  -41.433 0.6999999881
10366  24.252  -62.789  -41.527 0.4000000060
11869  17.485  -60.813  -36.464 0.5000000000
12704  17.284  -59.710  -37.622 0.5000000000
6716  27.461  -68.188  -40.817 0.5000000000
11884  16.959  -60.133  -36.887 0.5000000000
11841  17.249  -61.124  -34.721 0.6999999881
11870  16.788  -60.447  -36.057 0.6000000238
114249  16.959  -60.961  -34.014 0.6999999881
11842  16.526  -60.747  -34.440 0.6000000238
11852  16.662  -60.705  -35.228 0.6000000238
11832  16.340  -60.663  -33.582 0.6999999881
11843  15.827  -60.418  -34.271 0.6000000238
11814  15.864  -60.325  -32.822 0.6999999881
12606  15.895  -59.327  -31.679 0.6000000238
12619  16.284  -59.996  -32.171 0.6000000238
13481  16.404  -58.734  -31.163 0.6000000238
11815  15.474  -59.745  -32.312 0.6000000238
14337  16.460  -57.497  -30.693 0.6000000238
14338  15.715  -57.275  -30.901 0.6999999881
15223  11.796  -56.713  -32.844 0.6999999881
14384  10.183  -57.846  -34.819 0.5000000000
14351  13.692  -57.592  -31.741 0.6999999881
14359  12.940  -57.630  -32.200 0.6999999881
14371  10.676  -57.537  -34.082 0.6000000238
11066  22.214  -61.602  -39.487 0.5000000000
11083  21.551  -61.436  -40.297 0.5000000000
11081  22.943  -61.126  -40.109 0.6999999881
11938  24.686  -60.361  -41.322 0.5000000000
11939  23.876  -60.480  -41.358 0.6999999881
11909  23.623  -60.375  -40.882 0.6999999881
11097  22.767  -60.769  -41.319 0.6000000238
11082  22.311  -61.228  -40.556 0.6000000238
10365  25.136  -62.487  -41.371 0.4000000060
11114  24.180  -61.002  -41.649 0.5000000000
11868  18.179  -61.143  -36.850 0.5000000000
11038  17.936  -61.403  -35.239 0.5000000000
11047  18.035  -61.362  -36.067 0.5000000000
11851  17.330  -61.062  -35.633 0.5000000000
104198  17.566  -61.168  -33.988 0.6000000238
99859  17.949  -61.076  -33.332 0.6999999881
11796  19.009  -60.319  -31.783 0.6000000238
11797  18.082  -60.296  -31.932 0.6999999881
11813  16.720  -60.504  -32.765 0.6999999881
12602  19.419  -59.705  -31.094 0.6000000238
12618  17.170  -60.160  -32.061 0.6999999881
13464  19.512  -58.292  -30.319 0.6999999881
12592  18.147  -59.075  -30.800 0.6000000238
12604  17.656  -59.632  -31.430 0.6000000238
15194  19.130  -56.825  -30.507 0.6000000238
14335  18.853  -57.612  -30.330 0.6999999881
112169  17.786  -58.483  -30.603 0.6999999881
113622  18.276  -55.699  -31.727 0.6000000238
15209  18.438  -56.160  -30.957 0.6000000238
15195  18.154  -56.944  -30.496 0.6999999881
16919  10.698  -55.162  -33.912 0.6000000238
15196  17.295  -56.378  -30.905 0.6999999881
15222  12.653  -56.751  -32.344 0.6999999881
15244  10.414  -56.626  -34.090 0.6000000238
103944  17.832  -55.475  -32.221 0.6999999881
16021  17.602  -55.817  -31.544 0.6000000238
15210  16.476  -56.272  -31.091 0.8000000119
15211  15.275  -56.543  -31.236 0.6999999881
15212  14.562  -56.512  -31.472 0.6999999881
15221  13.280  -57.045  -31.893 0.6999999881
11067  21.319  -61.718  -38.957 0.6000000238
11894  23.703  -60.720  -39.607 0.6999999881
11065  22.930  -61.409  -38.777 0.6999999881
11922  24.443  -60.030  -41.025 0.5000000000
11908  24.407  -60.161  -40.235 0.6999999881
107026  25.182  -61.249  -41.456 0.4000000060
11057  18.831  -61.326  -37.160 0.5000000000
11070  19.168  -61.219  -37.837 0.5000000000
11046  18.779  -61.500  -36.488 0.5000000000
11028  18.567  -61.526  -34.745 0.6000000238
11828  20.148  -60.975  -33.122 0.6000000238
11021  18.975  -61.411  -33.998 0.6999999881
11029  17.891  -61.359  -34.539 0.6999999881
11811  19.558  -60.716  -32.438 0.6999999881
11830  18.600  -61.199  -33.430 0.6999999881
108355  20.123  -59.641  -31.058 0.6000000238
11795  19.898  -60.195  -31.634 0.6000000238
11812  18.575  -60.830  -32.666 0.6999999881
14332  21.198  -57.166  -30.309 0.6999999881
114454  20.167  -57.835  -30.256 0.6999999881
12590  19.846  -59.110  -30.586 0.6999999881
17784  11.210  -53.635  -34.326 0.6000000238
16001  20.322  -56.106  -30.724 0.6000000238
112596  20.439  -57.255  -30.293 0.6999999881
12591  19.017  -59.090  -30.620 0.6999999881
117336  19.749  -55.733  -33.779 0.6000000238
16033  19.321  -55.493  -32.888 0.6000000238
101933  19.946  -55.439  -31.928 0.6000000238
16020  19.491  -56.183  -30.816 0.6000000238
14334  19.703  -57.415  -30.295 0.6999999881
16918  11.391  -54.984  -33.551 0.6000000238
16034  18.489  -55.455  -32.530 0.6000000238
101857  19.092  -55.664  -31.658 0.6000000238
16894  13.638  -55.442  -32.289 0.6999999881
16895  12.831  -55.234  -32.659 0.6000000238
16039  12.271  -55.925  -32.676 0.6999999881
16055  11.563  -55.858  -33.169 0.6000000238
16910  19.333  -55.494  -34.315 0.5000000000
16052  18.701  -55.277  -33.507 0.6000000238
16053  17.871  -55.192  -32.958 0.8000000119
115812  16.324  -55.353  -31.936 0.8000000119
105064  15.607  -55.226  -32.047 0.8000000119
16022  14.948  -55.776  -31.664 0.8000000119
16023  14.108  -56.029  -31.768 0.6999999881
104553  12.937  -55.922  -32.352 0.6999999881
105065  16.767  -55.800  -31.485 0.8000000119
106639  15.896  -55.862  -31.405 0.8000000119
99786  22.093  -61.757  -38.512 0.6999999881
101978  21.511  -61.803  -37.821 0.6999999881
11068  20.373  -61.430  -38.912 0.6000000238
11893  24.385  -60.237  -39.105 0.6999999881
106588  20.683  -61.764  -37.984 0.6000000238
110109  19.911  -61.578  -37.998 0.5000000000
11045  19.628  -61.632  -37.035 0.5000000000
112995  12.749  -47.217  -35.810 0.6000000238
102036  19.332  -61.667  -36.177 0.5000000000
22230  12.179  -46.819  -36.610 0.5000000000
11036  19.538  -61.653  -35.442 0.5000000000
112579  12.729  -48.337  -37.244 0.6000000238
117040  20.457  -61.353  -34.556 0.6999999881
11027  19.930  -61.553  -34.809 0.6000000238
113180  20.843  -60.682  -33.015 0.6999999881
11020  19.858  -61.340  -34.022 0.6999999881
110876  12.214  -51.182  -35.704 0.6000000238
12601  20.789  -59.836  -31.565 0.6999999881
11810  20.424  -60.500  -32.343 0.6000000238
14331  22.006  -57.134  -30.437 0.6999999881
14349  22.387  -57.778  -30.715 0.6999999881
12589  20.609  -59.138  -30.815 0.6999999881
17783  12.563  -53.058  -34.226 0.6000000238
19562  12.658  -52.323  -34.725 0.6000000238
16000  21.129  -55.962  -30.690 0.6000000238
13462  21.104  -58.455  -30.626 0.6999999881
17770  13.297  -53.185  -33.832 0.6000000238
101226  11.738  -52.814  -34.641 0.6000000238
116053  21.326  -54.737  -32.274 0.6000000238
103248  20.586  -55.552  -31.271 0.6000000238
17769  14.175  -53.270  -33.507 0.6999999881
16916  13.379  -53.903  -33.336 0.6000000238
17771  12.503  -53.809  -33.672 0.6000000238
16032  20.119  -55.456  -32.906 0.6000000238
16914  15.849  -54.060  -33.012 0.6000000238
113023  15.579  -53.427  -33.292 0.6000000238
16893  14.388  -54.704  -32.558 0.6999999881
114852  14.080  -54.041  -33.048 0.6000000238
109399  12.059  -54.505  -33.425 0.6000000238
16913  16.684  -54.273  -33.206 0.6000000238
16892  15.334  -54.594  -32.573 0.8000000119
16890  17.236  -54.868  -33.101 0.6000000238
16891  16.309  -54.812  -32.656 0.6999999881
16036  14.924  -55.120  -32.167 0.8000000119
11055  22.366  -61.551  -37.749 0.6999999881
120093  20.244  -61.717  -37.483 0.6000000238
112958  13.235  -49.267  -33.812 0.6000000238
20419  12.762  -49.974  -33.380 0.6000000238
21318  13.302  -48.242  -34.667 0.6000000238
21319  12.044  -48.050  -34.865 0.6000000238
11044  20.777  -61.636  -36.114 0.6000000238
22229  13.345  -46.858  -36.842 0.5000000000
11026  21.138  -61.179  -34.764 0.6999999881
102268  20.464  -61.550  -35.359 0.6999999881
21343  14.329  -47.760  -37.173 0.4000000060
23126  12.950  -46.906  -37.176 0.5000000000
11827  21.510  -60.525  -33.313 0.6999999881
11839  21.720  -60.737  -34.177 0.8000000119
21330  14.210  -48.712  -36.914 0.5000000000
11809  21.243  -60.267  -32.455 0.6000000238
11840  20.834  -61.015  -33.842 0.6999999881
20447  13.921  -49.883  -36.272 0.6000000238
13479  21.908  -58.441  -30.890 0.6999999881
12617  21.709  -59.638  -31.920 0.6999999881
19561  13.599  -51.846  -34.698 0.6999999881
19571  13.713  -50.896  -35.500 0.6000000238
15998  22.951  -55.748  -30.772 0.6999999881
14330  22.795  -57.158  -30.613 0.6999999881
18695  14.476  -51.899  -34.365 0.5000000000
18696  13.217  -52.609  -34.303 0.6000000238
16874  22.531  -54.466  -31.712 0.6000000238
16018  22.274  -55.125  -31.176 0.6000000238
15999  21.986  -55.834  -30.692 0.6999999881
18679  13.888  -52.546  -34.054 0.6999999881
16875  21.656  -54.679  -31.822 0.6000000238
16019  21.408  -55.305  -31.239 0.6000000238
103996  15.820  -52.764  -33.537 0.5000000000
18678  14.560  -52.528  -33.839 0.6000000238
16909  20.889  -55.085  -32.935 0.6000000238
17766  16.917  -53.719  -33.434 0.6000000238
17767  16.250  -53.511  -33.319 0.5000000000
17765  18.158  -53.963  -33.825 0.6000000238
11881  23.177  -61.013  -37.694 0.6999999881
99624  21.811  -61.597  -36.953 0.6000000238
11056  20.751  -61.767  -36.987 0.6000000238
20418  13.630  -49.768  -33.330 0.4000000060
20396  13.106  -50.587  -32.840 0.5000000000
115926  21.358  -61.557  -36.340 0.6000000238
21317  14.585  -47.797  -34.796 0.5000000000
20420  11.858  -49.963  -33.495 0.6000000238
11034  22.147  -61.143  -36.037 0.6999999881
11035  21.916  -60.862  -35.077 0.6999999881
22228  14.173  -46.995  -36.961 0.5000000000
11826  22.304  -60.272  -33.606 0.6999999881
21329  15.023  -48.411  -36.712 0.4000000060
13476  23.911  -57.882  -31.544 0.6999999881
13477  23.374  -58.408  -31.706 0.6999999881
12615  23.344  -59.057  -32.504 0.6999999881
112001  14.696  -49.356  -36.408 0.6000000238
15207  24.610  -56.077  -31.281 0.6999999881
14347  24.025  -57.061  -31.102 0.6999999881
13478  22.667  -58.374  -31.245 0.6999999881
12616  22.502  -59.401  -32.255 0.6999999881
20436  15.113  -50.451  -35.332 0.5000000000
19570  14.561  -50.232  -35.742 0.5000000000
101685  23.031  -54.981  -31.174 0.6000000238
119672  23.765  -56.132  -30.921 0.6999999881
119113  23.369  -57.170  -30.759 0.6999999881
18694  15.143  -51.162  -34.682 0.5000000000
17764  22.613  -54.027  -33.153 0.5000000000
16873  23.463  -54.511  -31.539 0.6000000238
11866  23.529  -60.559  -36.916 0.6999999881
11867  22.697  -61.137  -36.889 0.6999999881
20395  14.092  -50.421  -32.761 0.4000000060
103689  23.107  -60.596  -36.143 0.6999999881
19523  13.402  -51.212  -32.285 0.4000000060
20397  12.188  -50.615  -32.874 0.6000000238
11838  22.519  -60.415  -34.468 0.8000000119
11850  22.752  -60.519  -35.328 0.6999999881
12633  23.573  -59.420  -33.408 0.6000000238
11825  23.085  -59.946  -33.897 0.6000000238
18644  11.494  -51.850  -30.871 0.6000000238
13491  24.144  -58.413  -32.319 0.6999999881
13503  24.011  -58.936  -33.040 0.6999999881
12634  22.857  -59.762  -33.038 0.6000000238
14346  25.036  -56.933  -31.644 0.6000000238
16016  24.633  -55.254  -31.406 0.6000000238
17715  9.825  -53.507  -29.859 0.5000000000
17733  23.928  -54.047  -31.850 0.6000000238
99921  24.290  -54.643  -31.540 0.6999999881
17744  24.047  -53.556  -32.616 0.5000000000
11849  23.550  -60.042  -35.510 0.6999999881
19513  13.725  -51.755  -31.715 0.4000000060
11837  23.292  -60.014  -34.732 0.8000000119
19514  12.868  -51.750  -31.733 0.5000000000
12632  24.262  -59.120  -33.733 0.8000000119
18629  11.960  -52.167  -30.166 0.4000000060
18642  13.270  -52.224  -31.173 0.4000000060
12654  23.784  -59.554  -34.220 0.6999999881
18616  11.598  -52.657  -29.653 0.4000000060
19515  11.994  -51.588  -31.633 0.5000000000
15206  25.405  -56.294  -31.644 0.6000000238
14358  24.614  -57.674  -31.842 0.6000000238
106404  24.896  -58.106  -32.490 0.6999999881
17713  12.331  -53.319  -29.353 0.4000000060
16015  25.283  -55.576  -31.571 0.6000000238
16846  10.587  -53.841  -29.560 0.4000000060
18631  10.024  -52.233  -30.168 0.6000000238
16872  24.696  -54.086  -31.912 0.6000000238
102307  24.688  -53.104  -33.307 0.5000000000
18641  14.147  -52.221  -31.133 0.4000000060
11848  24.128  -59.536  -35.672 0.8000000119
18628  12.835  -52.432  -30.470 0.4000000060
12674  23.965  -59.554  -35.003 0.6999999881
18615  12.510  -52.703  -29.809 0.4000000060
13490  25.486  -58.210  -32.871 0.6000000238
99723  24.749  -58.640  -33.138 0.6999999881
15220  25.984  -56.906  -32.016 0.6000000238
14357  25.389  -57.586  -32.226 0.6000000238
16844  12.140  -54.189  -29.121 0.4000000060
17714  11.386  -53.501  -29.408 0.4000000060
16887  25.551  -54.280  -31.998 0.6000000238
105359  11.326  -54.439  -29.310 0.4000000060
17743  25.120  -53.554  -32.453 0.4000000060
18627  14.528  -52.525  -30.402 0.4000000060
12653  24.459  -59.187  -34.524 0.6999999881
119936  13.266  -52.740  -29.981 0.4000000060
114800  25.407  -58.564  -33.522 0.6999999881
12631  24.956  -58.865  -33.995 0.6000000238
17712  13.333  -53.239  -29.387 0.4000000060
116933  11.920  -55.024  -28.870 0.4000000060
16014  25.849  -55.098  -31.794 0.6000000238
15973  11.688  -55.840  -28.630 0.3000000119
17742  26.036  -53.757  -32.467 0.4000000060
17762  25.603  -53.068  -32.992 0.4000000060
17761  26.465  -53.260  -32.988 0.4000000060
17701  12.970  -53.913  -28.851 0.4000000060
16833  12.618  -54.668  -28.497 0.4000000060
16031  26.591  -55.461  -32.115 0.6000000238
16886  26.359  -54.575  -32.180 0.6000000238
101186  27.039  -54.940  -32.381 0.6000000238
17760  27.326  -53.352  -33.200 0.4000000060
18689  26.891  -52.521  -34.322 0.4000000060
15153  8.989  -56.262  -25.931 0.3000000119
18669  27.654  -52.745  -33.718 0.4000000060
17683  14.759  -53.210  -26.460 0.4000000060
15944  10.242  -55.590  -25.448 0.3000000119
15968  6.709  -55.153  -27.656 0.4000000060
18580  15.079  -52.466  -26.347 0.4000000060
17674  13.722  -53.434  -25.677 0.4000000060
17676  10.477  -54.052  -25.482 0.3000000119
100832  11.352  -53.939  -25.359 0.3000000119
15959  8.677  -55.331  -25.942 0.3000000119
15958  9.505  -55.500  -25.583 0.3000000119
15960  7.933  -54.991  -26.508 0.3000000119
19455  13.987  -51.986  -25.764 0.4000000060
18573  12.646  -52.748  -25.533 0.4000000060
17675  12.304  -53.899  -25.346 0.4000000060
17677  9.792  -54.199  -25.629 0.3000000119
16821  8.601  -54.430  -26.160 0.3000000119
18604  4.599  -52.051  -28.696 0.4000000060
20370  3.852  -50.189  -30.161 0.3000000119
21256  3.768  -49.481  -30.980 0.3000000119
17687  7.952  -54.060  -26.696 0.3000000119
16826  7.188  -54.625  -26.994 0.3000000119
19457  12.076  -52.037  -25.774 0.4000000060
18574  11.800  -53.046  -25.474 0.4000000060
18575  10.783  -53.217  -25.653 0.3000000119
17685  9.868  -53.398  -25.831 0.3000000119
116905  9.205  -53.239  -26.201 0.3000000119
105189  5.521  -52.899  -28.183 0.3000000119
101125  8.641  -53.579  -26.408 0.3000000119
20356  3.978  -50.869  -29.520 0.3000000119
17693  7.212  -53.585  -27.179 0.3000000119
20355  4.951  -49.800  -29.336 0.4000000060
21255  4.415  -49.539  -30.110 0.3000000119
21254  5.042  -48.965  -29.923 0.3000000119
111069  4.462  -48.793  -30.708 0.3000000119
18581  11.017  -52.182  -25.967 0.4000000060
18582  10.238  -52.650  -26.007 0.4000000060
18583  9.544  -52.609  -26.305 0.3000000119
18584  8.791  -52.745  -26.576 0.3000000119
18603  5.390  -52.195  -28.293 0.3000000119
19492  4.535  -51.162  -28.911 0.4000000060
19486  5.284  -51.326  -28.526 0.4000000060
22156  5.033  -48.190  -30.465 0.3000000119
109135  10.711  -51.206  -26.392 0.4000000060
19466  10.072  -51.884  -26.387 0.4000000060
19467  9.094  -51.768  -26.726 0.4000000060
19476  8.289  -51.306  -27.166 0.4000000060
18591  8.201  -52.235  -26.980 0.3000000119
19477  6.865  -51.305  -27.740 0.3000000119
19485  6.112  -51.470  -28.077 0.3000000119
20341  5.856  -50.615  -28.445 0.3000000119
113859  5.727  -49.192  -29.193 0.5000000000
21239  5.579  -49.967  -28.813 0.4000000060
23078  4.930  -47.253  -30.954 0.3000000119
20322  9.812  -50.853  -26.649 0.4000000060
20323  8.947  -50.872  -26.871 0.4000000060
20332  8.403  -50.428  -27.158 0.3000000119
20340  7.117  -49.888  -27.865 0.3000000119
21238  6.881  -49.166  -28.242 0.3000000119
109505  6.987  -47.885  -28.089 0.3000000119
105850  7.422  -51.837  -27.437 0.3000000119
20333  7.542  -50.741  -27.573 0.3000000119
115176  6.322  -49.780  -28.490 0.3000000119
115631  6.377  -49.036  -28.779 0.3000000119
106580  6.536  -47.681  -28.912 0.3000000119
20334  6.622  -50.621  -27.980 0.3000000119
22149  6.212  -48.481  -29.193 0.3000000119
22150  5.633  -48.413  -29.780 0.3000000119
23948  5.309  -46.349  -31.150 0.3000000119
21215  11.296  -49.289  -26.504 0.3000000119
117374  10.755  -49.773  -26.487 0.3000000119
110111  10.070  -49.899  -26.577 0.3000000119
21217  8.837  -49.135  -26.689 0.3000000119
22124  7.729  -48.326  -27.269 0.3000000119
23055  6.882  -47.084  -28.119 0.3000000119
103482  9.146  -50.019  -26.735 0.3000000119
21226  8.169  -49.103  -27.106 0.3000000119
21227  7.531  -49.156  -27.678 0.3000000119
120564  7.334  -48.058  -27.673 0.3000000119
23056  6.565  -46.717  -28.954 0.3000000119
108599  6.059  -47.899  -29.605 0.3000000119
23062  6.136  -47.102  -29.815 0.3000000119
23063  5.590  -47.658  -30.197 0.3000000119
23947  5.802  -46.245  -30.491 0.3000000119
116084  11.678  -48.544  -26.585 0.3000000119
22114  10.110  -48.424  -26.363 0.3000000119
22115  9.274  -48.388  -26.464 0.3000000119
22123  8.472  -48.356  -26.703 0.3000000119
23038  7.388  -47.469  -27.410 0.3000000119
23927  6.571  -45.947  -29.028 0.3000000119
23940  6.295  -46.179  -29.781 0.3000000119
24833  5.843  -45.508  -31.405 0.3000000119
102719  7.225  -46.639  -27.473 0.3000000119
23926  6.873  -46.107  -28.110 0.3000000119
24820  6.486  -45.324  -29.728 0.3000000119
110673  6.567  -44.564  -30.746 0.3000000119
100332  6.180  -45.412  -30.625 0.3000000119
24832  6.489  -44.663  -31.686 0.3000000119
24799  7.560  -45.015  -27.150 0.3000000119
24807  7.183  -45.201  -27.836 0.3000000119
24808  6.767  -45.262  -28.746 0.3000000119
24798  7.999  -45.229  -26.746 0.3000000119
25599  7.478  -44.409  -27.635 0.3000000119
25610  6.999  -44.471  -28.452 0.3000000119
26417  6.892  -43.818  -29.004 0.3000000119
25611  6.683  -44.401  -29.595 0.3000000119
25620  6.820  -43.830  -30.830 0.3000000119
25633  7.042  -43.847  -31.833 0.3000000119
6095  26.943  -69.129  -40.038 0.5000000000
6727  26.463  -67.684  -41.178 0.5000000000
7438  26.299  -66.934  -41.473 0.4000000060
12621  13.734  -59.117  -32.657 0.6999999881
14360  12.181  -57.536  -32.709 0.6999999881
106022  24.937  -63.589  -41.423 0.4000000060
6726  27.393  -67.511  -41.224 0.5000000000
13480  17.270  -58.936  -30.994 0.6000000238
11037  18.710  -61.612  -35.633 0.5000000000
13465  18.564  -58.414  -30.446 0.6000000238
111358  21.309  -61.362  -35.612 0.6999999881
11808  22.037  -60.019  -32.756 0.6000000238
16888  23.065  -53.945  -32.303 0.5000000000
14348  23.256  -57.722  -31.001 0.6999999881
18617  10.503  -52.870  -29.666 0.4000000060
100091  23.711  -53.501  -33.874 0.5000000000
15205  26.040  -55.970  -31.766 0.6000000238
14356  26.123  -57.744  -32.614 0.6000000238
15219  26.727  -56.411  -32.264 0.6000000238
15972  12.270  -55.393  -28.193 0.3000000119
16885  27.001  -54.069  -32.627 0.4000000060
17673  14.361  -52.766  -25.855 0.4000000060
22113  10.931  -48.473  -26.386 0.3000000119
13520  26.548  -58.744  -34.140 0.5000000000
12651  26.043  -58.944  -34.859 0.5000000000
12652  25.183  -58.930  -34.764 0.6999999881
12672  25.415  -58.976  -35.589 0.6999999881
11865  23.902  -59.958  -36.248 0.6000000238
13489  26.153  -58.363  -33.390 0.5000000000
13521  25.706  -58.743  -34.120 0.6000000238
12673  24.624  -59.184  -35.316 0.6000000238
111203  24.441  -60.212  -38.055 0.6000000238
105105  23.737  -60.702  -38.444 0.6000000238
105187  25.728  -59.139  -36.500 0.6999999881
102288  25.053  -59.311  -36.990 0.6000000238
11880  24.386  -59.908  -37.072 0.6000000238
106774  24.695  -59.270  -36.228 0.6999999881
113592  23.856  -60.512  -37.602 0.6000000238
13502  27.009  -58.367  -33.531 0.5000000000
106379  26.439  -59.393  -37.081 0.6999999881
12702  25.685  -59.347  -37.394 0.6999999881
108574  25.639  -59.518  -38.235 0.6000000238
104180  24.990  -59.790  -38.645 0.6000000238
12691  26.642  -59.327  -36.408 0.6000000238
12703  25.011  -59.604  -37.707 0.6000000238
104271  27.303  -59.488  -35.845 0.6000000238
14366  28.168  -57.349  -33.267 0.5000000000
14368  26.728  -57.945  -32.960 0.5000000000
12690  27.370  -59.730  -36.911 0.6999999881
12701  26.437  -59.427  -37.931 0.6000000238
12714  25.003  -59.823  -39.702 0.6000000238
14367  27.367  -57.720  -33.087 0.5000000000
109964  29.042  -55.689  -33.431 0.5000000000
15233  28.005  -56.487  -32.951 0.5000000000
16905  28.785  -54.016  -33.272 0.4000000060
114880  12.083  -58.461  -35.693 0.4000000060
12678  13.900  -59.357  -34.789 0.4000000060
13535  13.400  -58.925  -35.384 0.4000000060
13534  14.299  -58.963  -35.583 0.5000000000
12677  14.785  -59.565  -35.039 0.5000000000
107308  15.078  -59.059  -35.813 0.5000000000
14415  15.615  -57.141  -38.165 0.6000000238
16048  28.478  -54.852  -33.155 0.4000000060
12675  16.056  -60.093  -35.612 0.5000000000
13550  15.378  -58.769  -36.522 0.5000000000
14403  15.746  -57.940  -37.692 0.5000000000
13553  12.871  -58.377  -36.010 0.5000000000
13552  13.849  -58.440  -36.120 0.5000000000
113750  13.480  -57.970  -36.559 0.5000000000
14396  14.206  -57.959  -36.812 0.5000000000
14397  13.618  -57.419  -37.055 0.5000000000
13551  14.677  -58.514  -36.317 0.5000000000
14405  14.495  -57.275  -37.429 0.5000000000
14404  15.195  -57.468  -37.631 0.5000000000
16029  27.702  -54.896  -32.768 0.5000000000
13565  15.068  -58.082  -37.095 0.5000000000
17758  29.098  -53.306  -33.612 0.4000000060
16906  27.914  -54.056  -33.058 0.4000000060
15245  9.770  -56.630  -34.757 0.5000000000
14406  12.898  -56.945  -37.182 0.5000000000
16030  27.417  -55.839  -32.572 0.5000000000
16926  10.899  -54.442  -34.056 0.5000000000
17785  10.273  -53.949  -34.585 0.5000000000
17786  9.433  -53.908  -35.053 0.5000000000
16065  9.535  -55.774  -34.783 0.5000000000
17759  28.209  -53.338  -33.443 0.4000000060
18697  10.732  -53.009  -34.810 0.5000000000
17793  9.902  -53.194  -35.089 0.5000000000
18710  11.122  -52.205  -35.262 0.5000000000
18711  10.192  -52.348  -35.327 0.5000000000
102329  9.196  -52.590  -35.468 0.5000000000
17794  8.645  -53.641  -35.473 0.4000000060
19574  10.521  -51.359  -35.670 0.5000000000
105909  9.540  -51.444  -35.679 0.6000000238
18712  8.036  -52.572  -35.772 0.6000000238
18709  12.013  -51.943  -35.237 0.5000000000
20450  10.885  -50.354  -36.233 0.5000000000
112826  8.941  -50.442  -35.864 0.6000000238
107099  8.375  -51.257  -35.728 0.6000000238
17807  6.758  -53.170  -36.646 0.5000000000
18723  6.062  -51.744  -36.678 0.5000000000
18724  5.306  -51.160  -37.042 0.5000000000
20449  11.861  -50.426  -36.278 0.5000000000
20465  12.327  -49.369  -36.769 0.5000000000
21346  10.856  -48.087  -36.813 0.5000000000
20467  10.340  -49.102  -36.542 0.5000000000
21347  9.921  -48.084  -36.435 0.6000000238
20452  8.052  -49.730  -35.710 0.6000000238
109289  7.383  -51.389  -35.841 0.6000000238
18713  6.921  -52.313  -36.142 0.6000000238
18682  5.563  -51.972  -34.236 0.5000000000
18725  4.788  -50.826  -37.071 0.5000000000
20448  12.901  -50.441  -36.106 0.5000000000
21345  11.854  -48.140  -37.065 0.5000000000
23119  11.149  -47.229  -36.608 0.6000000238
22232  10.391  -47.287  -36.180 0.6000000238
22215  9.390  -47.764  -35.744 0.6000000238
21332  8.137  -48.893  -35.809 0.6000000238
22216  8.451  -48.214  -35.492 0.6000000238
20453  6.845  -49.148  -35.543 0.6000000238
21333  7.546  -48.593  -35.359 0.6000000238
19576  6.165  -50.468  -36.077 0.6000000238
19577  5.343  -49.699  -36.046 0.5000000000
20469  4.981  -49.819  -36.329 0.5000000000
20455  5.346  -49.620  -35.955 0.5000000000
19588  3.971  -50.609  -36.739 0.5000000000
19565  4.596  -51.075  -35.472 0.5000000000
22213  11.434  -46.994  -35.811 0.6000000238
21321  9.741  -47.913  -35.221 0.6000000238
21309  9.416  -48.975  -34.432 0.6000000238
20437  8.494  -48.903  -34.539 0.6000000238
21322  8.879  -48.245  -34.949 0.6000000238
21324  7.329  -48.627  -35.308 0.6000000238
20438  7.429  -48.740  -34.808 0.6000000238
21325  6.865  -48.963  -35.379 0.5000000000
20439  6.548  -48.949  -35.238 0.5000000000
20454  6.069  -49.375  -35.621 0.5000000000
20425  6.260  -50.106  -34.577 0.5000000000
19548  7.062  -51.012  -33.617 0.6000000238
19563  5.502  -49.965  -35.236 0.5000000000
19549  5.859  -51.074  -34.365 0.5000000000
18681  6.217  -52.074  -33.703 0.5000000000
16921  6.228  -53.900  -33.634 0.5000000000
114506  10.056  -49.688  -33.735 0.6000000238
20422  9.273  -49.821  -33.394 0.6000000238
20423  8.304  -49.940  -34.013 0.6000000238
20424  7.238  -49.913  -34.276 0.6000000238
19529  7.666  -51.758  -32.829 0.6000000238
17773  6.736  -53.037  -33.229 0.5000000000
112998  10.273  -50.092  -32.837 0.6000000238
19547  7.931  -50.776  -33.236 0.6000000238
18653  7.489  -52.663  -32.641 0.6000000238
17746  7.486  -53.547  -32.674 0.5000000000
103000  11.051  -51.439  -31.528 0.6000000238
19526  10.538  -50.795  -32.106 0.6000000238
109777  10.028  -51.410  -31.475 0.6000000238
19527  9.265  -51.238  -31.959 0.6000000238
19528  8.474  -51.490  -32.429 0.6000000238
17745  8.074  -53.229  -32.002 0.5000000000
19516  10.532  -51.793  -30.802 0.6000000238
117588  9.276  -51.757  -31.349 0.6000000238
114886  9.311  -52.366  -30.396 0.6000000238
19518  8.703  -52.010  -31.645 0.6000000238
17723  9.137  -53.399  -30.327 0.6000000238
16877  9.294  -54.677  -30.845 0.5000000000
16857  9.523  -54.115  -30.266 0.4000000060
14355  26.770  -57.284  -32.560 0.5000000000
15218  27.460  -56.897  -32.696 0.5000000000
15232  28.627  -56.513  -33.320 0.5000000000
16049  28.224  -55.713  -33.049 0.5000000000
15255  14.614  -56.232  -37.772 0.6000000238
21331  8.850  -49.293  -35.979 0.6000000238
22233  8.875  -48.110  -35.780 0.6000000238
104882  6.261  -49.337  -35.598 0.6000000238
116570  5.862  -49.361  -35.459 0.5000000000
20399  9.672  -50.506  -32.398 0.6000000238
20400  8.822  -50.507  -32.729 0.6000000238
18646  8.463  -52.660  -31.264 0.6000000238
17734  8.635  -53.443  -31.085 0.6000000238
5452  27.094  -69.615  -38.507 0.4000000060
6683  26.597  -68.221  -38.074 0.5000000000
6693  27.335  -67.807  -38.997 0.5000000000
6069  27.464  -68.870  -38.883 0.4000000060
6068  27.900  -68.367  -39.721 0.4000000060
6080  27.614  -68.967  -39.584 0.4000000060
7391  26.838  -66.502  -39.045 0.5000000000
6694  26.217  -66.878  -38.330 0.5000000000
7409  27.918  -67.460  -39.794 0.5000000000
6704  28.153  -67.813  -40.369 0.5000000000
6079  27.960  -68.387  -40.257 0.4000000060
8120  27.541  -66.209  -39.707 0.5000000000
7408  28.403  -67.017  -40.468 0.5000000000
7424  28.506  -67.097  -40.840 0.5000000000
6715  28.078  -67.801  -40.745 0.4000000060
6725  28.172  -67.315  -41.137 0.4000000060
8119  28.329  -65.923  -40.263 0.5000000000
8875  29.201  -65.693  -40.658 0.5000000000
8129  29.037  -66.442  -40.925 0.5000000000
7436  28.448  -66.793  -41.230 0.5000000000
7437  27.403  -66.694  -41.448 0.4000000060
12725  25.069  -59.753  -40.693 0.5000000000
12739  25.228  -59.855  -41.136 0.4000000060
11937  25.604  -60.342  -41.382 0.4000000060
11113  26.090  -61.028  -41.466 0.4000000060
10364  26.169  -62.162  -41.389 0.4000000060
106023  25.838  -63.305  -41.382 0.4000000060
7423  29.055  -66.323  -41.069 0.5000000000
113975  26.684  -63.234  -41.438 0.4000000060
100937  26.518  -64.148  -41.573 0.4000000060
116362  26.046  -65.138  -41.635 0.4000000060
8128  29.532  -65.710  -40.905 0.4000000060
101531  29.097  -65.732  -41.317 0.5000000000
8140  26.985  -65.807  -41.603 0.4000000060
8139  28.233  -66.011  -41.510 0.4000000060
12753  26.061  -59.859  -41.241 0.4000000060
11112  27.023  -61.319  -41.461 0.4000000060
115102  27.282  -62.613  -41.422 0.4000000060
8127  30.005  -65.024  -41.006 0.4000000060
9660  27.684  -63.933  -41.623 0.4000000060
8888  27.340  -65.039  -41.699 0.4000000060
100457  30.114  -64.415  -41.355 0.4000000060
8887  28.555  -65.084  -41.627 0.4000000060
12724  25.675  -59.599  -40.197 0.5000000000
12738  25.782  -59.620  -40.948 0.4000000060
114955  26.473  -59.623  -41.115 0.4000000060
106817  26.869  -59.816  -41.344 0.4000000060
11111  28.007  -61.033  -41.533 0.4000000060
10363  27.891  -62.000  -41.434 0.4000000060
100119  28.407  -63.050  -41.546 0.4000000060
100861  29.696  -63.424  -41.590 0.4000000060
12713  25.621  -59.626  -39.174 0.5000000000
12723  26.337  -59.516  -39.647 0.5000000000
12712  26.205  -59.514  -38.744 0.6000000238
12737  26.429  -59.509  -40.634 0.5000000000
102176  28.153  -60.166  -41.490 0.4000000060
114320  28.767  -60.802  -41.490 0.4000000060
11110  29.741  -61.189  -41.471 0.4000000060
11109  30.853  -61.700  -41.359 0.4000000060
117825  27.150  -59.524  -40.199 0.4000000060
12700  27.227  -59.608  -37.882 0.5000000000
12735  28.054  -59.470  -40.756 0.4000000060
12751  28.202  -59.654  -41.232 0.4000000060
103873  27.895  -59.660  -39.724 0.5000000000
11907  28.803  -59.598  -40.355 0.4000000060
11921  28.997  -59.511  -41.057 0.4000000060
11906  29.727  -59.453  -40.711 0.4000000060
11879  27.875  -59.893  -37.694 0.6000000238
118190  26.865  -59.506  -37.427 0.6000000238
11891  28.737  -60.065  -39.232 0.5000000000
108587  29.431  -59.734  -39.867 0.4000000060
21320  10.858  -47.916  -35.090 0.5000000000
20421  10.903  -49.823  -33.582 0.5000000000
19525  11.599  -51.004  -32.178 0.5000000000
21307  11.449  -49.103  -34.216 0.5000000000
20398  11.238  -50.403  -32.801 0.5000000000
21308  10.414  -49.006  -34.380 0.5000000000
11936  26.489  -60.363  -41.448 0.4000000060
11935  27.350  -60.339  -41.499 0.4000000060
9659  29.098  -64.253  -41.645 0.4000000060
12736  27.255  -59.521  -41.077 0.4000000060
105363  28.949  -62.011  -41.475 0.4000000060
12711  27.004  -59.547  -38.928 0.5000000000
11934  29.156  -60.031  -41.374 0.4000000060
11892  27.880  -59.854  -38.578 0.5000000000
11864  28.402  -60.173  -37.165 0.5000000000
113702  32.271  -55.351  -33.495 0.3000000119
15231  31.223  -56.401  -33.924 0.3000000119
112964  31.385  -55.542  -33.630 0.3000000119
113499  32.350  -54.352  -33.466 0.3000000119
16903  33.146  -54.130  -33.332 0.3000000119
17755  33.366  -53.348  -33.342 0.3000000119
113251  31.957  -56.865  -34.404 0.3000000119
14380  31.073  -57.180  -34.423 0.4000000060
14381  30.293  -57.517  -34.312 0.4000000060
15230  32.163  -56.222  -33.766 0.3000000119
15243  29.714  -57.038  -33.848 0.4000000060
15242  30.421  -56.698  -33.957 0.4000000060
13501  27.914  -58.368  -33.673 0.4000000060
16045  33.194  -55.068  -33.566 0.3000000119
16046  30.539  -55.834  -33.650 0.3000000119
119969  29.237  -56.542  -33.583 0.4000000060
16904  31.672  -53.677  -33.632 0.3000000119
110018  30.645  -54.860  -33.508 0.3000000119
12667  30.409  -59.061  -35.666 0.4000000060
12689  29.999  -59.691  -36.087 0.4000000060
111857  28.746  -59.822  -35.471 0.4000000060
12670  28.014  -59.599  -35.192 0.4000000060
14391  31.836  -57.552  -34.984 0.4000000060
13517  30.441  -58.567  -35.036 0.4000000060
111847  29.654  -58.808  -34.782 0.4000000060
12648  28.744  -59.340  -34.849 0.4000000060
12649  27.958  -59.113  -34.397 0.4000000060
108908  30.160  -58.192  -34.617 0.4000000060
13518  28.737  -58.636  -34.211 0.4000000060
12650  27.077  -59.149  -34.854 0.4000000060
15229  33.238  -56.005  -33.778 0.3000000119
14383  28.697  -58.002  -33.663 0.4000000060
13519  27.295  -58.802  -34.093 0.4000000060
14365  28.991  -57.258  -33.624 0.4000000060
12688  30.851  -59.331  -36.829 0.4000000060
11863  29.141  -60.348  -36.818 0.4000000060
11862  29.964  -60.086  -36.769 0.4000000060
12669  28.316  -60.044  -36.133 0.4000000060
113644  32.785  -57.214  -34.991 0.3000000119
13532  31.935  -58.141  -35.739 0.4000000060
15240  34.265  -56.467  -34.513 0.3000000119
15241  33.026  -56.683  -34.277 0.3000000119
15228  34.577  -55.756  -33.786 0.3000000119
119232  29.124  -60.367  -37.651 0.4000000060
11877  29.796  -60.219  -37.636 0.4000000060
115370  29.177  -54.761  -33.395 0.3000000119
109670  29.778  -54.117  -33.472 0.3000000119
16047  29.832  -55.241  -33.508 0.3000000119
12671  26.352  -59.118  -35.694 0.4000000060
11890  29.647  -60.079  -38.802 0.4000000060
111575  31.516  -54.584  -33.544 0.3000000119
113419  32.502  -53.422  -33.534 0.3000000119
13516  30.947  -57.993  -34.928 0.4000000060
14382  29.485  -57.961  -34.105 0.4000000060
113504  29.794  -56.181  -33.664 0.4000000060
13533  30.995  -58.507  -35.521 0.4000000060
11847  29.283  -60.137  -36.022 0.4000000060
12668  29.478  -59.537  -35.423 0.4000000060
12666  31.456  -58.673  -36.336 0.4000000060
119811  32.572  -57.590  -35.585 0.3000000119
6661  22.338  -67.677  -35.678 0.3000000119
6041  21.729  -68.301  -35.925 0.3000000119
103702  23.017  -66.995  -35.470 0.3000000119
6662  21.330  -67.542  -35.545 0.3000000119
6675  23.264  -67.860  -35.956 0.3000000119
6054  22.693  -68.494  -36.105 0.3000000119
7362  22.472  -66.165  -34.895 0.3000000119
100968  21.906  -66.844  -35.230 0.3000000119
7361  23.833  -66.780  -35.704 0.3000000119
6053  23.692  -68.701  -36.331 0.3000000119
6062  26.418  -69.217  -37.376 0.3000000119
8797  22.215  -64.773  -33.974 0.3000000119
8068  22.091  -65.511  -34.455 0.3000000119
8080  23.409  -66.103  -35.161 0.3000000119
7347  21.397  -65.989  -34.677 0.3000000119
6674  24.719  -67.745  -36.580 0.3000000119
6684  25.555  -67.100  -37.612 0.3000000119
6673  25.575  -68.027  -37.208 0.3000000119
7360  24.138  -65.953  -35.584 0.3000000119
114256  24.137  -67.312  -36.149 0.3000000119
7375  24.444  -66.695  -36.339 0.3000000119
102569  24.953  -67.162  -37.009 0.3000000119
7383  25.575  -66.280  -37.743 0.3000000119
8861  28.223  -64.855  -39.819 0.4000000060
8107  26.709  -65.576  -38.828 0.4000000060
113378  18.312  -67.869  -32.962 0.3000000119
6018  18.510  -68.661  -32.386 0.3000000119
7363  20.865  -66.756  -35.108 0.3000000119
6663  20.327  -67.493  -35.438 0.3000000119
8060  20.404  -64.898  -33.437 0.3000000119
102620  19.790  -65.357  -33.682 0.3000000119
7340  18.719  -66.252  -33.276 0.3000000119
99559  18.393  -67.081  -33.363 0.3000000119
6025  18.590  -68.620  -33.322 0.3000000119
8782  21.266  -64.651  -33.530 0.3000000119
8069  20.604  -65.371  -34.138 0.3000000119
7339  19.203  -65.965  -33.827 0.3000000119
112870  18.826  -67.948  -34.616 0.3000000119
6644  18.476  -67.896  -33.778 0.3000000119
7348  20.478  -66.127  -34.646 0.3000000119
6651  19.064  -67.071  -34.558 0.3000000119
7364  19.855  -66.728  -34.857 0.3000000119
6664  19.477  -67.627  -35.153 0.3000000119
102136  24.120  -68.004  -36.309 0.3000000119
6052  24.817  -68.965  -36.525 0.3000000119
115627  21.480  -65.217  -34.195 0.3000000119
7333  18.463  -66.473  -32.024 0.3000000119
6043  19.294  -68.487  -35.316 0.3000000119
8061  19.197  -65.545  -33.107 0.3000000119
8070  19.810  -65.923  -34.321 0.3000000119
113348  18.627  -67.310  -34.071 0.3000000119
5422  18.971  -68.716  -34.843 0.3000000119
8108  26.029  -65.920  -38.266 0.3000000119
10327  31.863  -62.124  -38.360 0.3000000119
10316  31.635  -63.259  -37.726 0.3000000119
10328  31.088  -62.377  -38.700 0.3000000119
10329  30.499  -62.612  -39.320 0.4000000060
9628  30.556  -63.672  -40.582 0.4000000060
9644  30.153  -64.675  -40.825 0.3000000119
8874  29.765  -65.505  -40.955 0.3000000119
10337  31.685  -61.884  -39.679 0.4000000060
10338  31.222  -62.721  -40.481 0.4000000060
10348  31.476  -62.861  -41.017 0.4000000060
9643  30.565  -64.273  -41.109 0.3000000119
10361  31.247  -62.920  -41.237 0.4000000060
10362  30.280  -62.556  -41.486 0.3000000119
11933  30.366  -60.439  -41.327 0.3000000119
9591  32.984  -63.780  -36.991 0.3000000119
9597  32.931  -63.669  -37.185 0.3000000119
9617  30.735  -63.446  -37.896 0.4000000060
9618  29.745  -63.036  -38.978 0.4000000060
9629  29.454  -63.802  -39.758 0.3000000119
10314  33.436  -62.846  -37.370 0.3000000119
10326  32.574  -61.752  -38.102 0.3000000119
11064  32.327  -61.170  -39.446 0.3000000119
10347  31.615  -62.073  -40.656 0.4000000060
11063  32.856  -60.409  -39.253 0.3000000119
11903  32.885  -59.348  -40.080 0.3000000119
11079  32.600  -60.249  -40.053 0.3000000119
11080  32.089  -60.955  -40.384 0.4000000060
10360  31.495  -62.075  -41.068 0.4000000060
11904  32.319  -59.590  -40.430 0.3000000119
12722  31.586  -59.358  -40.681 0.4000000060
11919  31.023  -59.842  -41.085 0.4000000060
11889  30.855  -59.203  -39.633 0.3000000119
12710  31.309  -59.042  -40.339 0.4000000060
11905  30.711  -59.409  -40.712 0.4000000060
11920  29.994  -59.672  -41.102 0.4000000060
12699  31.377  -58.934  -39.024 0.3000000119
104927  30.294  -59.377  -40.141 0.4000000060
112524  30.432  -59.777  -38.502 0.3000000119
9574  29.816  -63.714  -33.701 0.3000000119
8790  30.022  -64.548  -34.909 0.3000000119
8806  29.446  -65.645  -35.468 0.3000000119
119193  29.897  -65.771  -36.136 0.3000000119
9592  32.146  -63.967  -36.489 0.3000000119
8804  31.434  -64.938  -36.748 0.3000000119
116085  30.128  -65.613  -36.569 0.3000000119
11033  33.756  -62.388  -36.104 0.3000000119
10302  33.318  -63.284  -36.558 0.3000000119
8821  31.582  -64.837  -37.068 0.3000000119
8838  30.965  -64.852  -37.277 0.3000000119
9607  29.372  -64.459  -37.570 0.3000000119
9619  29.061  -63.655  -38.575 0.3000000119
8850  28.504  -64.031  -39.240 0.3000000119
8851  27.637  -64.376  -38.814 0.3000000119
8852  26.925  -64.859  -38.439 0.3000000119
120527  33.973  -62.788  -36.843 0.3000000119
12720  32.527  -58.841  -40.292 0.3000000119
12721  32.020  -58.889  -40.450 0.3000000119
12698  32.560  -58.154  -39.199 0.3000000119
12709  32.015  -58.647  -40.027 0.3000000119
107460  31.544  -59.018  -38.023 0.3000000119
11861  30.659  -59.710  -37.716 0.3000000119
9562  29.983  -63.559  -32.966 0.3000000119
9585  30.685  -63.283  -34.463 0.3000000119
10303  32.160  -63.028  -35.720 0.3000000119
9593  31.074  -64.441  -35.779 0.3000000119
8098  26.291  -65.212  -37.883 0.3000000119
9573  30.590  -63.137  -33.442 0.3000000119
9584  31.446  -63.355  -35.426 0.3000000119
10297  32.593  -62.357  -35.370 0.3000000119
9561  30.862  -63.270  -32.839 0.3000000119
10299  31.090  -62.646  -33.828 0.3000000119
10298  31.570  -62.538  -34.648 0.3000000119
8862  27.390  -65.198  -39.385 0.3000000119
8860  29.256  -64.708  -40.283 0.3000000119
9658  30.720  -63.691  -41.312 0.4000000060
12687  32.058  -58.501  -37.641 0.3000000119
10315  32.605  -63.155  -37.535 0.3000000119
9605  32.173  -64.084  -37.233 0.3000000119
9642  31.112  -63.500  -41.089 0.4000000060
11918  31.755  -60.263  -40.854 0.4000000060
10307  33.629  -63.251  -37.012 0.3000000119
9598  32.227  -64.303  -37.033 0.3000000119
9606  29.964  -64.020  -37.745 0.3000000119
8837  31.535  -64.344  -37.340 0.3000000119
11053  34.046  -62.263  -37.154 0.3000000119
11054  33.210  -61.189  -37.950 0.3000000119
8805  30.456  -65.427  -36.180 0.3000000119
8822  30.905  -65.404  -36.913 0.3000000119
8839  30.234  -65.227  -37.145 0.3000000119
13564  15.828  -58.629  -37.169 0.4000000060
6094  27.480  -68.683  -40.318 0.5000000000
6640  18.313  -67.191  -32.497 0.3000000119
6660  23.675  -67.383  -35.909 0.3000000119
7349  19.305  -66.432  -34.331 0.3000000119
7350  18.797  -66.648  -33.938 0.3000000119
7374  25.000  -66.344  -37.141 0.3000000119
8886  29.531  -65.137  -41.354 0.4000000060
11022  18.247  -61.315  -33.997 0.6000000238
11095  31.703  -61.298  -40.851 0.4000000060
11829  19.287  -61.148  -33.250 0.6999999881
11831  17.177  -60.887  -33.382 0.6999999881
11853  16.100  -60.460  -34.906 0.6000000238
11878  28.600  -60.205  -38.148 0.4000000060
11932  31.299  -60.890  -41.186 0.4000000060
12599  22.172  -58.973  -31.536 0.6999999881
12600  21.398  -59.109  -31.168 0.6999999881
12603  18.560  -59.716  -31.230 0.6000000238
12605  16.767  -59.485  -31.577 0.6000000238
12635  14.794  -59.841  -33.438 0.6000000238
12636  14.055  -59.529  -33.366 0.6999999881
12637  13.276  -59.266  -33.430 0.6000000238
12655  15.115  -59.982  -34.237 0.6000000238
12693  15.703  -59.373  -36.092 0.5000000000
12706  15.936  -59.152  -36.701 0.6000000238
12752  27.573  -59.832  -41.365 0.4000000060
13461  21.568  -57.786  -30.492 0.6999999881
13463  20.338  -58.429  -30.438 0.6999999881
13466  16.974  -58.116  -30.638 0.6999999881
13467  16.022  -58.051  -30.809 0.6000000238
13482  15.583  -58.579  -31.335 0.6000000238
13484  14.124  -58.154  -31.653 0.6000000238
13492  22.820  -58.854  -31.835 0.6999999881
13504  13.040  -58.846  -32.806 0.6999999881
13523  11.391  -58.508  -34.524 0.6000000238
13536  11.720  -58.615  -35.173 0.6000000238
13537  10.936  -58.499  -35.255 0.6000000238
14333  20.799  -57.811  -30.312 0.6999999881
14336  17.202  -57.222  -30.559 0.6999999881
14361  11.478  -57.485  -33.360 0.6000000238
14369  11.909  -58.174  -33.261 0.6000000238
14370  11.246  -58.150  -33.878 0.6000000238
15190  22.423  -56.486  -30.565 0.6999999881
15191  21.587  -56.535  -30.486 0.6999999881
15192  20.784  -56.622  -30.429 0.6000000238
15193  19.991  -56.728  -30.445 0.6999999881
15197  16.498  -56.826  -30.771 0.6999999881
15208  23.243  -56.622  -30.682 0.6999999881
15213  13.901  -56.826  -31.597 0.6999999881
15234  11.116  -56.674  -33.510 0.6000000238
15254  15.057  -56.846  -37.854 0.5000000000
16017  23.839  -55.296  -31.159 0.6999999881
16035  17.102  -55.327  -32.302 0.8000000119
16037  14.393  -55.409  -32.078 0.8000000119
16038  13.400  -56.336  -32.000 0.6999999881
16051  19.409  -55.618  -33.895 0.6000000238
16054  12.111  -55.148  -33.058 0.6000000238
16056  10.864  -55.820  -33.669 0.6000000238
16064  10.233  -55.820  -34.237 0.6000000238
16808  11.711  -54.656  -25.350 0.3000000119
16809  10.947  -54.588  -25.343 0.3000000119
16810  10.158  -54.864  -25.382 0.3000000119
16820  9.284  -54.708  -25.677 0.3000000119
16858  9.024  -53.971  -30.702 0.5000000000
16871  25.079  -54.799  -31.630 0.6000000238
16876  20.802  -55.013  -31.994 0.6000000238
16878  8.814  -54.281  -31.223 0.5000000000
16915  14.928  -53.836  -33.051 0.6999999881
16917  12.721  -54.527  -33.152 0.6000000238
16927  10.181  -54.959  -34.343 0.5000000000
17686  9.213  -53.917  -25.939 0.3000000119
17692  8.075  -53.145  -26.861 0.3000000119
17763  23.231  -53.692  -33.145 0.5000000000
17768  15.048  -52.959  -33.499 0.5000000000
17772  11.649  -54.125  -33.819 0.6000000238
17787  5.209  -52.741  -34.456 0.5000000000
18572  13.499  -52.711  -25.603 0.4000000060
18602  6.075  -52.390  -27.931 0.3000000119
18614  14.004  -52.877  -29.846 0.4000000060
18618  9.490  -52.814  -30.013 0.6000000238
18630  11.015  -52.145  -30.086 0.6000000238
18632  8.870  -52.779  -30.545 0.6000000238
18643  12.399  -52.059  -31.057 0.4000000060
18645  8.904  -52.218  -30.870 0.6000000238
18652  8.172  -52.363  -32.155 0.6000000238
18670  26.733  -52.791  -33.571 0.4000000060
18675  17.478  -53.361  -33.566 0.6000000238
18680  6.903  -51.994  -33.218 0.6000000238
18688  27.731  -52.478  -34.443 0.4000000060
19517  9.609  -51.913  -30.763 0.6000000238
19524  12.519  -51.183  -32.279 0.6000000238
19550  5.251  -50.994  -34.904 0.5000000000
19560  14.429  -51.126  -35.025 0.6999999881
19564  4.988  -50.092  -35.652 0.5000000000
19572  12.857  -51.487  -35.315 0.6000000238
19573  11.446  -51.302  -35.691 0.5000000000
19575  7.211  -50.071  -35.753 0.6000000238
19578  4.616  -50.128  -36.309 0.5000000000
19579  3.945  -50.915  -36.303 0.5000000000
19586  4.937  -50.095  -36.553 0.5000000000
19587  4.594  -50.261  -36.602 0.5000000000
20342  5.108  -50.537  -28.810 0.4000000060
20357  3.498  -50.904  -30.200 0.3000000119
20451  9.805  -50.169  -36.089 0.5000000000
20464  13.299  -49.186  -36.852 0.5000000000
20466  11.327  -49.263  -36.712 0.5000000000
20468  9.525  -48.849  -36.307 0.6000000238
21216  9.641  -49.169  -26.544 0.3000000119
21306  12.449  -49.193  -34.009 0.6000000238
21323  8.009  -48.418  -34.946 0.6000000238
21344  13.554  -47.955  -37.387 0.6000000238
21348  9.029  -48.320  -36.087 0.6000000238
22140  7.183  -48.523  -27.909 0.3000000119
22141  6.703  -48.470  -28.544 0.3000000119
22214  10.386  -47.180  -35.849 0.6000000238
22217  7.822  -48.450  -35.382 0.6000000238
22231  11.215  -46.946  -36.341 0.6000000238
22234  8.248  -48.406  -35.550 0.6000000238
22244  14.263  -47.315  -37.091 0.5000000000
22245  13.661  -47.241  -37.365 0.5000000000
22246  12.615  -47.394  -37.319 0.5000000000
22247  11.495  -47.454  -36.910 0.6000000238
22248  10.590  -47.579  -36.560 0.6000000238
22249  9.625  -47.794  -36.149 0.6000000238
23117  13.734  -46.965  -37.259 0.5000000000
23118  11.923  -47.016  -36.886 0.5000000000
23913  7.413  -45.836  -27.107 0.3000000119
100926  20.069  -61.723  -36.198 0.5000000000
104995  12.973  -53.389  -25.464 0.4000000060
105875  12.524  -58.796  -35.206 0.4000000060
107340  17.933  -57.792  -30.415 0.6999999881
108262  19.888  -55.754  -31.209 0.6000000238
109166  10.465  -49.164  -26.478 0.3000000119
110393  17.605  -60.668  -32.674 0.6999999881
110692  6.452  -51.300  -33.852 0.6000000238
110755  15.961  -56.539  -31.022 0.8000000119
111607  10.077  -57.269  -34.616 0.5000000000
113344  11.933  -53.490  -34.130 0.6000000238
114328  5.360  -50.400  -36.542 0.5000000000
114771  15.423  -59.626  -35.502 0.6000000238
114799  10.076  -54.220  -29.851 0.4000000060
115973  13.680  -52.547  -30.535 0.4000000060
116540  8.075  -54.476  -35.691 0.4000000060
116789  13.488  -54.611  -32.794 0.6000000238
117131  5.530  -46.936  -30.492 0.3000000119
117235  19.313  -61.554  -34.692 0.6000000238
117292  14.694  -52.026  -25.981 0.4000000060
118754  9.881  -50.925  -31.891 0.6000000238
119300  9.340  -53.334  -35.259 0.5000000000
119345  19.023  -61.634  -35.134 0.5000000000
119886  12.434  -53.286  -25.401 0.4000000060
120000  4.580  -50.485  -29.208 0.4000000060
120025  4.355  -50.151  -29.638 0.3000000119
120447  29.471  -66.016  -41.019 0.5000000000
