#!ascii label  , from subject sub-v1s10x0051121_ses-1 vox2ras=TkReg
323
64142  -23.305  -13.834  -42.438 0.0000000000
60929  -19.885  -17.337  -39.476 0.0000000000
60941  -25.477  -17.191  -40.529 0.0000000000
57784  -21.841  -21.768  -38.905 0.0000000000
72908  -20.803  -2.720  -41.269 0.0000000000
70616  -23.265  -5.166  -42.223 0.0000000000
106383  -19.701  -9.857  -42.520 0.0000000000
100037  -20.341  -24.958  -36.977 0.0000000000
59380  -20.947  -19.503  -39.506 0.0000000000
57774  -19.365  -20.846  -37.799 0.0000000000
72193  -21.981  -3.911  -42.001 0.0000000000
70630  -19.552  -5.621  -42.489 0.0000000000
64119  -20.166  -14.061  -40.957 0.0000000000
64948  -18.999  -12.047  -40.997 0.0000000000
65893  -21.462  -11.447  -42.630 0.0000000000
67559  -22.471  -9.837  -42.876 0.0000000000
65896  -24.123  -10.917  -41.981 0.0000000000
111595  -25.298  -13.268  -41.492 0.0000000000
61723  -18.728  -16.044  -38.918 0.0000000000
119210  -21.311  -15.547  -41.196 0.0000000000
109944  -24.380  -15.751  -41.916 0.0000000000
119254  -22.199  -17.888  -40.679 0.0000000000
59382  -23.761  -19.899  -40.220 0.0000000000
57792  -24.428  -21.557  -38.892 0.0000000000
111937  -17.510  -8.096  -41.376 0.0000000000
69081  -20.495  -7.795  -42.949 0.0000000000
69815  -24.601  -6.790  -41.607 0.0000000000
56968  -18.430  -22.519  -36.500 0.0000000000
100016  -21.114  -23.111  -38.029 0.0000000000
58569  -18.900  -20.041  -37.742 0.0000000000
57766  -18.060  -20.986  -36.607 0.0000000000
71407  -18.415  -4.641  -41.986 0.0000000000
70614  -17.332  -5.682  -41.395 0.0000000000
64131  -21.183  -13.678  -41.889 0.0000000000
64950  -20.361  -12.796  -41.764 0.0000000000
64959  -22.228  -12.620  -42.519 0.0000000000
65895  -22.932  -11.170  -42.619 0.0000000000
64960  -23.682  -12.675  -42.427 0.0000000000
65884  -24.655  -11.829  -41.741 0.0000000000
64143  -24.292  -13.261  -42.256 0.0000000000
61724  -19.371  -16.734  -39.228 0.0000000000
61730  -19.907  -15.729  -40.143 0.0000000000
61731  -21.053  -16.751  -40.557 0.0000000000
61732  -22.106  -17.076  -40.998 0.0000000000
60937  -21.423  -17.633  -40.430 0.0000000000
58584  -21.616  -20.826  -39.298 0.0000000000
59381  -21.823  -19.460  -39.958 0.0000000000
58586  -23.312  -20.662  -39.847 0.0000000000
58587  -24.229  -20.492  -39.798 0.0000000000
112317  -23.683  -21.841  -39.154 0.0000000000
72895  -18.780  -2.077  -40.956 0.0000000000
73654  -18.870  -1.408  -40.363 0.0000000000
73656  -20.906  -1.394  -40.689 0.0000000000
73657  -21.749  -1.150  -40.900 0.0000000000
72910  -22.476  -2.294  -41.659 0.0000000000
71423  -22.478  -4.643  -42.198 0.0000000000
66729  -19.375  -10.892  -41.934 0.0000000000
66727  -17.919  -10.015  -41.053 0.0000000000
68330  -18.615  -8.660  -42.135 0.0000000000
69080  -19.645  -7.808  -42.727 0.0000000000
68341  -20.177  -8.574  -42.893 0.0000000000
67561  -23.971  -9.382  -42.258 0.0000000000
112335  -23.582  -7.910  -42.404 0.0000000000
69063  -24.878  -7.565  -41.316 0.0000000000
61733  -25.029  -16.783  -41.197 0.0000000000
119345  -25.601  -15.069  -41.386 0.0000000000
100033  -19.562  -24.718  -36.632 0.0000000000
100034  -19.310  -23.960  -36.807 0.0000000000
102171  -19.583  -22.818  -37.318 0.0000000000
120909  -21.093  -24.050  -37.589 0.0000000000
60130  -19.012  -17.997  -38.545 0.0000000000
60139  -20.361  -18.675  -39.394 0.0000000000
59376  -20.108  -19.597  -38.871 0.0000000000
58577  -20.304  -20.461  -38.660 0.0000000000
58578  -20.861  -21.186  -38.720 0.0000000000
105743  -18.935  -2.810  -41.414 0.0000000000
72182  -21.403  -3.334  -41.651 0.0000000000
71409  -20.154  -4.161  -42.070 0.0000000000
71421  -20.825  -4.872  -42.320 0.0000000000
107080  -21.072  -5.740  -42.510 0.0000000000
63318  -18.736  -13.914  -39.971 0.0000000000
64938  -19.187  -12.830  -40.779 0.0000000000
65883  -20.239  -12.083  -42.027 0.0000000000
101505  -20.757  -10.838  -42.663 0.0000000000
67558  -21.076  -10.055  -42.936 0.0000000000
66743  -22.307  -10.581  -42.800 0.0000000000
66745  -23.724  -10.203  -42.318 0.0000000000
66731  -25.020  -9.808  -41.368 0.0000000000
65885  -24.879  -10.742  -41.490 0.0000000000
53620  -22.136  -26.392  -36.502 0.0000000000
54441  -22.559  -25.304  -37.041 0.0000000000
62525  -19.488  -15.060  -40.064 0.0000000000
62530  -20.851  -14.803  -41.176 0.0000000000
63326  -22.104  -14.717  -41.943 0.0000000000
62539  -23.508  -14.646  -42.345 0.0000000000
107984  -22.934  -15.760  -41.959 0.0000000000
60947  -23.002  -16.926  -41.431 0.0000000000
60939  -24.034  -17.742  -41.044 0.0000000000
60148  -21.780  -18.520  -40.305 0.0000000000
60149  -22.696  -18.465  -40.587 0.0000000000
60151  -24.473  -18.285  -40.502 0.0000000000
59383  -24.594  -19.728  -39.935 0.0000000000
101731  -25.544  -20.128  -38.643 0.0000000000
102018  -23.304  -2.921  -41.983 0.0000000000
113187  -18.319  -7.153  -42.108 0.0000000000
108211  -20.517  -6.893  -42.774 0.0000000000
69837  -21.961  -6.881  -42.590 0.0000000000
117718  -22.004  -8.564  -42.948 0.0000000000
69084  -22.895  -7.247  -42.503 0.0000000000
69839  -23.465  -6.482  -42.314 0.0000000000
63327  -24.809  -14.545  -42.006 0.0000000000
104137  -26.222  -13.866  -40.831 0.0000000000
56967  -17.847  -21.888  -36.165 0.0000000000
109619  -19.198  -21.599  -37.399 0.0000000000
57783  -20.374  -21.931  -38.132 0.0000000000
101042  -21.544  -22.547  -38.427 0.0000000000
99984  -22.436  -24.252  -37.635 0.0000000000
99747  -22.627  -23.634  -38.013 0.0000000000
100003  -23.286  -22.535  -38.669 0.0000000000
70613  -16.735  -5.871  -40.915 0.0000000000
63331  -21.898  -13.948  -42.141 0.0000000000
64140  -21.557  -13.085  -42.298 0.0000000000
64141  -22.460  -13.474  -42.405 0.0000000000
116703  -23.067  -13.013  -42.517 0.0000000000
121388  -23.748  -13.388  -42.436 0.0000000000
60928  -19.256  -17.393  -38.860 0.0000000000
61725  -20.126  -16.609  -39.917 0.0000000000
60936  -20.618  -17.383  -39.986 0.0000000000
58585  -22.255  -20.353  -39.748 0.0000000000
57790  -22.546  -21.182  -39.439 0.0000000000
116460  -23.318  -21.373  -39.453 0.0000000000
57785  -22.856  -21.923  -39.136 0.0000000000
72897  -20.335  -2.015  -40.915 0.0000000000
72896  -19.515  -1.872  -40.813 0.0000000000
73664  -21.757  -1.828  -41.178 0.0000000000
72909  -21.669  -2.590  -41.414 0.0000000000
71424  -23.288  -4.454  -42.083 0.0000000000
71411  -23.939  -4.828  -42.016 0.0000000000
66740  -19.190  -10.117  -42.155 0.0000000000
66728  -18.635  -10.435  -41.523 0.0000000000
67545  -18.448  -9.513  -41.727 0.0000000000
67555  -19.189  -9.341  -42.343 0.0000000000
68340  -19.390  -8.583  -42.557 0.0000000000
67556  -19.919  -9.279  -42.722 0.0000000000
67546  -24.576  -9.178  -41.772 0.0000000000
68331  -24.689  -8.352  -41.587 0.0000000000
61734  -25.700  -16.282  -40.867 0.0000000000
54426  -20.731  -25.615  -36.703 0.0000000000
100030  -19.944  -25.458  -36.391 0.0000000000
100024  -20.023  -24.219  -37.185 0.0000000000
115271  -20.800  -24.411  -37.370 0.0000000000
59374  -18.715  -18.594  -38.184 0.0000000000
60131  -19.500  -18.684  -38.724 0.0000000000
59375  -19.192  -19.367  -38.263 0.0000000000
58576  -19.624  -20.211  -38.297 0.0000000000
57782  -20.023  -21.042  -38.292 0.0000000000
72179  -18.510  -3.502  -41.647 0.0000000000
72180  -19.513  -3.478  -41.700 0.0000000000
71419  -19.147  -4.992  -42.331 0.0000000000
71420  -19.856  -4.914  -42.340 0.0000000000
70631  -20.305  -5.612  -42.519 0.0000000000
64118  -19.362  -13.606  -40.576 0.0000000000
64129  -19.869  -13.216  -41.226 0.0000000000
64957  -20.878  -12.507  -42.236 0.0000000000
101359  -20.807  -11.743  -42.450 0.0000000000
65892  -20.101  -11.318  -42.285 0.0000000000
66742  -21.582  -10.710  -42.805 0.0000000000
104149  -23.723  -11.736  -42.349 0.0000000000
120333  -23.491  -10.897  -42.404 0.0000000000
66730  -24.411  -10.029  -41.884 0.0000000000
64939  -25.335  -12.471  -41.362 0.0000000000
64120  -25.857  -13.056  -41.014 0.0000000000
117171  -22.764  -26.411  -36.400 0.0000000000
62519  -18.355  -15.109  -39.034 0.0000000000
63307  -18.881  -14.697  -39.698 0.0000000000
62520  -19.151  -15.467  -39.560 0.0000000000
62527  -20.638  -15.547  -40.697 0.0000000000
62531  -21.561  -15.002  -41.549 0.0000000000
62532  -22.146  -15.538  -41.671 0.0000000000
62538  -22.824  -15.104  -42.167 0.0000000000
60948  -23.754  -17.075  -41.434 0.0000000000
60938  -23.040  -17.699  -41.041 0.0000000000
60140  -21.149  -18.863  -39.861 0.0000000000
108875  -22.814  -19.805  -40.185 0.0000000000
59389  -22.452  -19.076  -40.315 0.0000000000
59390  -23.244  -19.144  -40.423 0.0000000000
60150  -23.602  -18.433  -40.672 0.0000000000
59391  -24.123  -19.107  -40.353 0.0000000000
60141  -24.944  -18.868  -40.023 0.0000000000
119537  -24.536  -20.887  -39.308 0.0000000000
58588  -24.942  -20.261  -39.324 0.0000000000
58579  -25.014  -20.838  -38.720 0.0000000000
99989  -25.549  -20.778  -37.972 0.0000000000
72183  -22.326  -3.146  -41.793 0.0000000000
64937  -18.360  -12.486  -40.254 0.0000000000
69041  -16.906  -7.813  -40.900 0.0000000000
69060  -17.523  -7.289  -41.481 0.0000000000
108791  -19.831  -7.032  -42.778 0.0000000000
69836  -21.182  -6.530  -42.635 0.0000000000
69082  -21.223  -7.348  -42.818 0.0000000000
67567  -21.929  -9.292  -43.063 0.0000000000
67566  -21.287  -9.372  -43.084 0.0000000000
106432  -22.633  -9.062  -42.807 0.0000000000
69062  -24.279  -7.549  -42.008 0.0000000000
69085  -23.713  -7.150  -42.284 0.0000000000
69840  -24.086  -6.626  -42.097 0.0000000000
70617  -24.933  -6.110  -41.411 0.0000000000
62534  -24.311  -14.960  -42.174 0.0000000000
63329  -25.892  -14.580  -41.126 0.0000000000
100772  -18.350  -23.213  -36.164 0.0000000000
57767  -18.536  -21.698  -36.840 0.0000000000
56969  -19.079  -22.359  -37.101 0.0000000000
100015  -20.305  -22.823  -37.724 0.0000000000
56985  -20.872  -22.514  -38.193 0.0000000000
99998  -22.115  -24.924  -37.328 0.0000000000
100002  -22.724  -23.078  -38.392 0.0000000000
59364  -18.490  -19.206  -37.724 0.0000000000
58568  -18.246  -20.031  -37.187 0.0000000000
57773  -18.660  -20.824  -37.281 0.0000000000
71406  -17.471  -4.771  -41.510 0.0000000000
70615  -18.095  -5.563  -41.928 0.0000000000
63324  -20.815  -14.090  -41.492 0.0000000000
64130  -20.546  -13.487  -41.568 0.0000000000
64139  -20.894  -13.108  -41.996 0.0000000000
64958  -21.477  -12.211  -42.483 0.0000000000
115985  -22.023  -11.921  -42.602 0.0000000000
102804  -22.837  -12.061  -42.563 0.0000000000
64961  -24.237  -12.508  -42.188 0.0000000000
64951  -24.780  -12.898  -41.804 0.0000000000
64132  -24.942  -13.821  -41.917 0.0000000000
61715  -18.698  -16.867  -38.616 0.0000000000
121698  -19.469  -16.127  -39.561 0.0000000000
116576  -20.541  -16.157  -40.435 0.0000000000
119674  -21.046  -16.066  -40.806 0.0000000000
61737  -21.681  -16.237  -41.156 0.0000000000
110922  -21.497  -20.094  -39.549 0.0000000000
57791  -23.980  -21.203  -39.543 0.0000000000
73663  -17.931  -1.882  -40.650 0.0000000000
73655  -19.839  -1.298  -40.485 0.0000000000
73672  -23.195  -1.935  -42.114 0.0000000000
71422  -21.618  -4.520  -42.198 0.0000000000
72194  -22.877  -3.813  -42.004 0.0000000000
66713  -17.403  -10.384  -40.431 0.0000000000
67544  -17.717  -9.313  -41.191 0.0000000000
68329  -17.926  -8.703  -41.549 0.0000000000
69079  -18.824  -7.869  -42.397 0.0000000000
67560  -23.227  -9.614  -42.591 0.0000000000
68345  -23.421  -8.787  -42.505 0.0000000000
68346  -24.156  -8.517  -42.166 0.0000000000
61741  -25.074  -16.032  -41.535 0.0000000000
62535  -25.055  -15.217  -41.766 0.0000000000
120181  -25.518  -15.579  -41.320 0.0000000000
100032  -18.744  -23.736  -36.404 0.0000000000
100035  -19.021  -23.178  -36.835 0.0000000000
100025  -19.790  -23.457  -37.277 0.0000000000
103423  -20.639  -23.674  -37.567 0.0000000000
100017  -21.406  -23.708  -37.800 0.0000000000
60138  -19.694  -18.000  -39.124 0.0000000000
102820  -20.304  -17.904  -39.579 0.0000000000
58583  -20.861  -20.282  -39.150 0.0000000000
72905  -17.193  -2.253  -40.626 0.0000000000
72906  -18.167  -2.531  -41.177 0.0000000000
72907  -19.766  -2.636  -41.236 0.0000000000
72181  -20.462  -3.426  -41.616 0.0000000000
71410  -21.078  -4.039  -42.011 0.0000000000
71408  -19.242  -4.271  -42.113 0.0000000000
110380  -21.727  -5.210  -42.350 0.0000000000
70633  -22.543  -5.529  -42.342 0.0000000000
64949  -19.694  -12.451  -41.453 0.0000000000
65882  -19.550  -11.681  -41.691 0.0000000000
66741  -19.901  -10.523  -42.454 0.0000000000
103356  -20.363  -9.987  -42.740 0.0000000000
66753  -21.761  -9.997  -43.023 0.0000000000
65894  -22.177  -11.315  -42.680 0.0000000000
66744  -23.024  -10.396  -42.656 0.0000000000
67547  -25.093  -9.003  -41.209 0.0000000000
66715  -25.536  -10.387  -41.018 0.0000000000
60152  -25.230  -18.004  -40.226 0.0000000000
53619  -21.293  -26.239  -36.529 0.0000000000
119701  -21.284  -25.648  -36.847 0.0000000000
54440  -21.235  -25.108  -37.167 0.0000000000
63319  -19.436  -14.394  -40.319 0.0000000000
62526  -20.098  -14.931  -40.534 0.0000000000
63325  -21.407  -14.372  -41.701 0.0000000000
63332  -22.687  -14.308  -42.294 0.0000000000
62533  -23.597  -15.439  -42.147 0.0000000000
61738  -22.564  -16.327  -41.542 0.0000000000
61739  -23.532  -16.276  -41.796 0.0000000000
61740  -24.402  -16.523  -41.594 0.0000000000
60949  -24.424  -17.137  -41.277 0.0000000000
60940  -24.787  -17.512  -40.784 0.0000000000
60147  -20.919  -18.164  -39.965 0.0000000000
60142  -25.652  -18.491  -39.657 0.0000000000
69812  -17.123  -6.481  -41.219 0.0000000000
69813  -17.847  -6.414  -41.758 0.0000000000
69814  -18.576  -6.339  -42.261 0.0000000000
113083  -19.076  -7.079  -42.520 0.0000000000
69835  -19.992  -6.302  -42.685 0.0000000000
113973  -20.594  -6.230  -42.633 0.0000000000
70632  -21.851  -6.036  -42.457 0.0000000000
70634  -23.211  -5.843  -42.314 0.0000000000
67557  -20.636  -9.332  -42.952 0.0000000000
68342  -20.885  -8.679  -43.094 0.0000000000
68343  -21.314  -8.173  -43.030 0.0000000000
68344  -22.760  -8.226  -42.674 0.0000000000
69083  -22.010  -7.752  -42.761 0.0000000000
69838  -22.664  -6.333  -42.427 0.0000000000
70635  -23.903  -5.758  -42.156 0.0000000000
63333  -24.197  -14.083  -42.347 0.0000000000
63328  -25.337  -14.544  -41.632 0.0000000000
64133  -25.594  -13.895  -41.378 0.0000000000
57775  -19.725  -22.201  -37.584 0.0000000000
104948  -19.744  -21.554  -37.844 0.0000000000
110504  -21.093  -22.010  -38.486 0.0000000000
99999  -21.589  -24.335  -37.559 0.0000000000
100000  -22.003  -23.848  -37.872 0.0000000000
100001  -21.963  -23.262  -38.256 0.0000000000
102154  -22.380  -22.536  -38.651 0.0000000000
68350  -21.465  -8.824  -43.097 0.0000000000
69061  -18.111  -7.957  -41.883 0.0000000000
69834  -19.304  -6.328  -42.538 0.0000000000
70629  -18.829  -5.570  -42.328 0.0000000000
117317  -21.103  -2.131  -41.067 0.0000000000
