#!ascii label  , from subject sub-v1s10x0051121_ses-1 vox2ras=TkReg
2045
11765  36.489  -71.585  -28.406 0.2000000030
11770  36.446  -71.613  -29.388 0.2000000030
10918  35.628  -72.310  -27.649 0.2000000030
11783  36.046  -71.126  -31.027 0.1000000015
117419  36.692  -70.719  -27.070 0.3000000119
11769  36.982  -70.731  -28.938 0.2000000030
121230  35.901  -72.423  -29.360 0.2000000030
11776  36.657  -70.695  -29.583 0.1000000015
11782  36.290  -70.855  -30.269 0.1000000015
12598  36.039  -70.724  -30.722 0.1000000015
12591  35.462  -70.454  -30.124 0.1000000015
12608  35.804  -70.890  -31.325 0.1000000015
12600  33.503  -70.607  -30.626 0.1000000015
12599  35.054  -70.626  -30.945 0.1000000015
108676  34.217  -70.671  -31.538 0.1000000015
12601  32.305  -70.634  -30.525 0.2000000030
105916  33.003  -70.644  -31.162 0.1000000015
13462  36.417  -69.601  -28.765 0.1000000015
13463  34.944  -69.745  -28.544 0.1000000015
12581  37.038  -70.207  -29.042 0.2000000030
12582  36.736  -70.137  -29.253 0.1000000015
12590  36.295  -70.554  -29.899 0.1000000015
12592  34.022  -70.501  -29.962 0.1000000015
104930  31.784  -70.580  -29.901 0.1000000015
13485  30.294  -69.496  -30.244 0.2000000030
12603  30.513  -70.100  -30.289 0.2000000030
15220  30.658  -68.406  -30.698 0.1000000015
116182  30.617  -70.228  -30.766 0.2000000030
15219  31.396  -67.582  -30.375 0.2000000030
15218  31.973  -67.289  -31.110 0.1000000015
16164  32.640  -66.775  -31.423 0.1000000015
12584  34.439  -70.264  -29.217 0.1000000015
16150  32.349  -66.694  -30.497 0.2000000030
17074  32.887  -65.901  -30.191 0.2000000030
16149  33.104  -66.125  -30.951 0.2000000030
17073  33.543  -65.515  -30.553 0.1000000015
17087  33.783  -65.706  -31.301 0.2000000030
13464  33.319  -70.024  -28.291 0.1000000015
100291  33.015  -70.473  -29.133 0.1000000015
103944  31.328  -70.303  -28.852 0.2000000030
14360  30.410  -68.762  -28.666 0.2000000030
14369  30.351  -68.870  -29.562 0.3000000119
18041  33.955  -64.934  -30.212 0.3000000119
18040  34.618  -64.660  -30.521 0.2000000030
18039  35.357  -64.480  -30.932 0.2000000030
17102  34.868  -65.513  -32.375 0.2000000030
15203  31.011  -67.456  -29.413 0.3000000119
12595  30.476  -69.875  -29.629 0.2000000030
18024  33.659  -64.598  -29.639 0.3000000119
18997  34.776  -63.688  -29.604 0.3000000119
19975  35.899  -62.656  -29.461 0.3000000119
18996  35.648  -63.438  -29.938 0.3000000119
19008  35.728  -63.944  -30.530 0.2000000030
109861  35.830  -64.529  -31.521 0.2000000030
18079  35.979  -64.759  -32.094 0.2000000030
19962  34.700  -62.552  -28.585 0.4000000060
121219  33.321  -64.192  -29.155 0.3000000119
18998  33.982  -63.916  -29.366 0.3000000119
16151  31.726  -66.930  -29.835 0.2000000030
17063  32.590  -65.541  -29.564 0.2000000030
114596  36.290  -62.987  -30.021 0.3000000119
18038  36.126  -64.115  -31.092 0.2000000030
19987  36.887  -62.842  -30.345 0.2000000030
19024  36.842  -63.836  -31.384 0.2000000030
19941  35.450  -61.582  -27.968 0.3000000119
18987  35.136  -62.941  -29.247 0.3000000119
21012  36.956  -61.780  -29.317 0.2000000030
21032  37.989  -61.865  -30.249 0.2000000030
19973  37.263  -62.184  -29.983 0.2000000030
19985  38.350  -62.347  -30.948 0.1000000015
19007  37.232  -63.276  -30.997 0.2000000030
20002  38.701  -62.749  -31.697 0.2000000030
20003  37.961  -63.033  -31.362 0.2000000030
19023  37.600  -63.622  -31.740 0.2000000030
20977  36.880  -60.877  -28.068 0.3000000119
20996  36.714  -61.483  -28.709 0.3000000119
20997  36.139  -61.522  -28.344 0.3000000119
21997  37.856  -60.560  -28.217 0.2000000030
20995  37.364  -61.185  -28.788 0.3000000119
21996  38.757  -60.460  -28.336 0.2000000030
19960  36.280  -61.984  -29.061 0.3000000119
21011  37.690  -61.493  -29.505 0.1000000015
21010  38.534  -61.128  -29.679 0.1000000015
112619  39.586  -61.133  -30.716 0.1000000015
21031  38.821  -61.484  -30.462 0.1000000015
22009  39.858  -60.550  -29.155 0.1000000015
21050  39.134  -61.938  -31.239 0.1000000015
21984  36.656  -60.367  -27.237 0.3000000119
21983  37.587  -60.224  -27.451 0.2000000030
102569  39.135  -60.280  -26.986 0.2000000030
21962  39.957  -60.700  -27.081 0.2000000030
20956  41.306  -62.120  -26.786 0.1000000015
21981  39.348  -60.432  -27.729 0.1000000015
20976  40.756  -61.392  -27.379 0.1000000015
21995  39.595  -60.528  -28.491 0.1000000015
22010  39.113  -60.607  -29.047 0.1000000015
22032  40.626  -60.657  -29.819 0.1000000015
21030  40.419  -60.712  -30.565 0.1000000015
21963  38.349  -59.931  -26.851 0.2000000030
20975  41.819  -62.252  -27.902 0.1000000015
20993  41.015  -61.267  -28.386 0.1000000015
21994  40.343  -60.687  -28.848 0.1000000015
21993  41.323  -61.058  -29.435 0.1000000015
19940  43.081  -63.211  -28.135 0.1000000015
21008  42.839  -61.739  -30.085 0.1000000015
22008  42.054  -60.993  -30.542 0.1000000015
19927  42.300  -62.928  -27.090 0.1000000015
12583  35.894  -70.055  -29.439 0.1000000015
14383  30.312  -68.782  -31.563 0.1000000015
105855  33.325  -66.890  -12.083 0.5000000000
14188  31.966  -68.574  -12.003 0.5000000000
15008  31.476  -67.160  -11.665 0.5000000000
15938  32.521  -66.483  -11.727 0.5000000000
102003  32.566  -65.469  -11.708 0.5000000000
106229  30.905  -70.726  -10.631 0.2000000030
12410  31.066  -70.245  -11.240 0.2000000030
13296  31.397  -69.675  -11.610 0.3000000119
106107  31.350  -68.981  -11.789 0.5000000000
112383  30.832  -67.880  -11.637 0.5000000000
15009  30.496  -67.373  -11.470 0.5000000000
15940  30.836  -66.470  -11.409 0.5000000000
15939  31.809  -66.033  -11.473 0.5000000000
16841  32.854  -65.345  -11.918 0.5000000000
17790  32.371  -64.719  -11.862 0.5000000000
16859  33.846  -65.454  -12.735 0.5000000000
121336  34.904  -66.418  -13.843 0.5000000000
12400  30.270  -70.136  -10.655 0.3000000119
13298  29.742  -69.258  -10.884 0.3000000119
14190  30.171  -68.126  -11.436 0.5000000000
16823  30.830  -64.797  -11.047 0.5000000000
16842  31.581  -64.689  -11.421 0.5000000000
17807  32.651  -64.831  -12.362 0.5000000000
17823  32.988  -65.117  -12.957 0.5000000000
13336  36.723  -69.758  -16.250 0.4000000060
13329  36.262  -69.168  -15.651 0.5000000000
14220  35.922  -68.463  -15.135 0.5000000000
15034  35.045  -67.250  -14.400 0.5000000000
15964  34.242  -66.113  -13.726 0.5000000000
12463  37.320  -70.362  -16.783 0.4000000060
11542  30.482  -70.816  -9.972 0.3000000119
14177  28.982  -68.905  -10.278 0.4000000060
14178  28.661  -67.924  -10.547 0.4000000060
114880  29.803  -67.661  -11.305 0.5000000000
15922  29.259  -66.511  -10.908 0.5000000000
15010  29.944  -66.884  -11.261 0.5000000000
15921  30.201  -65.789  -11.081 0.5000000000
102131  29.338  -65.661  -10.704 0.5000000000
16824  29.978  -64.844  -10.688 0.5000000000
17777  30.561  -64.156  -10.907 0.5000000000
17808  31.965  -64.259  -12.093 0.5000000000
120258  33.263  -65.255  -13.141 0.6000000238
14221  34.794  -68.295  -15.207 0.5000000000
102040  34.290  -66.927  -14.286 0.5000000000
103202  33.338  -66.237  -13.922 0.5000000000
11644  37.531  -71.181  -18.056 0.4000000060
12471  38.081  -70.980  -17.286 0.4000000060
13337  35.667  -69.690  -16.335 0.5000000000
11490  29.667  -71.684  -5.575 0.1000000015
12353  29.098  -71.014  -5.557 0.1000000015
12354  28.680  -70.256  -5.531 0.1000000015
11500  29.444  -71.321  -6.445 0.1000000015
12371  28.878  -70.580  -6.284 0.1000000015
12372  28.490  -69.714  -6.306 0.1000000015
110004  29.140  -70.819  -6.986 0.1000000015
114415  28.519  -69.612  -7.052 0.1000000015
14145  28.094  -68.946  -6.000 0.1000000015
110094  29.482  -70.136  -9.394 0.2000000030
12385  29.374  -70.394  -8.612 0.1000000015
13284  29.567  -69.745  -10.132 0.3000000119
14999  28.619  -67.089  -10.638 0.5000000000
13273  28.651  -69.024  -9.321 0.4000000060
14170  28.335  -68.205  -9.720 0.4000000060
15923  28.395  -66.208  -10.419 0.4000000060
16825  28.840  -64.982  -10.306 0.5000000000
17764  28.804  -63.990  -9.980 0.5000000000
17778  29.747  -63.962  -10.475 0.5000000000
17824  32.267  -64.603  -12.645 0.5000000000
15041  33.898  -67.753  -14.893 0.5000000000
13330  35.208  -69.070  -15.793 0.5000000000
12472  36.802  -70.661  -17.524 0.4000000060
107463  38.647  -71.979  -18.805 0.5000000000
11451  31.713  -71.962  -2.409 0.1000000015
10603  31.100  -72.202  -3.451 0.1000000015
11474  30.189  -71.862  -4.076 0.1000000015
11475  29.466  -71.334  -4.699 0.1000000015
107625  28.923  -70.671  -4.932 0.1000000015
12341  28.584  -69.952  -4.717 0.1000000015
11464  29.820  -71.173  -3.725 0.1000000015
12340  29.128  -70.611  -4.210 0.1000000015
14136  28.031  -68.942  -5.322 0.1000000015
16768  27.090  -66.010  -6.367 0.2000000030
17710  27.010  -64.944  -6.049 0.2000000030
11518  29.792  -71.070  -8.276 0.1000000015
121489  28.721  -69.913  -7.494 0.1000000015
14160  28.223  -68.933  -6.924 0.1000000015
14146  27.841  -68.256  -6.435 0.1000000015
15868  27.249  -66.750  -7.075 0.2000000030
13261  28.830  -69.860  -8.130 0.2000000030
113843  28.196  -68.640  -7.850 0.1000000015
14168  27.826  -67.903  -8.202 0.2000000030
15906  27.258  -66.564  -7.980 0.2000000030
17699  27.142  -63.974  -5.858 0.2000000030
13267  28.534  -69.171  -8.423 0.2000000030
14167  28.208  -68.438  -8.765 0.2000000030
14986  27.836  -67.662  -9.138 0.3000000119
16806  27.164  -65.478  -8.751 0.3000000119
16816  27.483  -64.901  -9.307 0.4000000060
16815  27.873  -65.488  -9.930 0.5000000000
16873  32.746  -65.810  -13.712 0.5000000000
17765  27.932  -64.033  -9.497 0.4000000060
101109  31.219  -66.925  -15.427 0.5000000000
15966  31.192  -66.275  -14.764 0.5000000000
16874  31.777  -65.665  -13.828 0.5000000000
14223  32.263  -68.046  -15.886 0.5000000000
15042  32.555  -67.463  -15.135 0.5000000000
106562  32.006  -66.301  -14.319 0.5000000000
18739  30.304  -63.720  -10.945 0.5000000000
14233  34.256  -68.957  -15.950 0.5000000000
14234  33.408  -68.775  -16.081 0.5000000000
108945  33.194  -67.658  -14.997 0.5000000000
16867  31.498  -64.789  -13.280 0.5000000000
12473  35.709  -70.502  -17.609 0.5000000000
13338  34.701  -69.546  -16.483 0.5000000000
15035  33.411  -67.027  -14.493 0.5000000000
16866  32.520  -65.051  -13.202 0.6000000238
104300  33.847  -68.424  -15.528 0.5000000000
11656  37.271  -71.258  -18.819 0.4000000060
11452  31.413  -71.360  -2.118 0.1000000015
11463  30.769  -71.559  -3.135 0.1000000015
12325  30.386  -70.931  -2.819 0.1000000015
12316  30.000  -70.244  -2.486 0.1000000015
14087  30.259  -68.483  -1.380 0.1000000015
12326  29.506  -70.450  -3.353 0.1000000015
13216  28.326  -69.259  -4.210 0.1000000015
14109  28.156  -68.517  -3.811 0.1000000015
14124  27.943  -68.604  -4.696 0.1000000015
15850  27.450  -66.515  -4.796 0.1000000015
108062  27.590  -67.688  -6.071 0.1000000015
16761  27.274  -65.653  -5.226 0.2000000030
109289  27.362  -66.985  -6.212 0.1000000015
15859  27.319  -66.506  -5.587 0.2000000030
117024  27.100  -65.891  -8.224 0.3000000119
17721  26.777  -64.546  -7.441 0.3000000119
18682  26.960  -63.337  -6.579 0.2000000030
106371  27.095  -64.788  -8.592 0.3000000119
18689  26.787  -63.701  -7.375 0.2000000030
17743  27.263  -63.989  -8.767 0.4000000060
18704  26.930  -63.571  -8.085 0.3000000119
18723  27.833  -63.228  -9.216 0.4000000060
18703  27.328  -62.894  -8.448 0.4000000060
16876  29.906  -65.306  -14.457 0.5000000000
115530  29.662  -64.739  -14.051 0.5000000000
16868  30.408  -64.898  -13.687 0.5000000000
18722  28.466  -63.427  -9.724 0.5000000000
19748  28.321  -62.672  -14.325 0.5000000000
120063  28.447  -62.742  -13.672 0.5000000000
17829  29.953  -64.346  -13.374 0.5000000000
17825  30.780  -64.396  -13.047 0.6000000238
18741  29.110  -63.277  -10.255 0.5000000000
20757  28.173  -62.205  -13.484 0.5000000000
19738  28.660  -62.825  -13.045 0.5000000000
18791  29.498  -63.753  -13.126 0.6000000238
17809  31.476  -64.170  -12.411 0.5000000000
18755  30.918  -63.866  -11.463 0.5000000000
18790  30.488  -63.878  -12.541 0.5000000000
18772  31.197  -63.788  -11.977 0.5000000000
10818  39.297  -72.627  -20.156 0.4000000060
120933  39.169  -72.288  -19.447 0.4000000060
11655  38.279  -71.701  -18.367 0.4000000060
15792  32.023  -66.876  -0.765 0.1000000015
14904  30.697  -67.829  -1.129 0.1000000015
15806  30.766  -66.782  -1.738 0.1000000015
13201  29.184  -69.719  -2.935 0.1000000015
13182  29.551  -68.740  -1.918 0.1000000015
14097  29.040  -68.190  -2.313 0.1000000015
14918  29.437  -67.473  -2.214 0.1000000015
13191  28.972  -68.949  -2.531 0.1000000015
14919  28.656  -67.526  -2.741 0.1000000015
15827  29.008  -66.753  -2.651 0.1000000015
14941  27.822  -67.889  -4.188 0.1000000015
15828  28.250  -66.798  -3.282 0.1000000015
16732  28.113  -65.937  -3.617 0.1000000015
16748  28.110  -65.113  -3.921 0.2000000030
17683  27.870  -64.375  -4.468 0.2000000030
18659  27.931  -63.583  -4.755 0.2000000030
104540  27.484  -63.994  -5.093 0.2000000030
18672  27.192  -63.214  -5.954 0.2000000030
113055  31.700  -55.702  -11.321 0.2000000030
19622  27.057  -62.552  -6.705 0.2000000030
26541  30.823  -55.371  -11.520 0.2000000030
25609  29.998  -55.847  -11.195 0.2000000030
25599  28.655  -56.580  -10.763 0.2000000030
24652  28.348  -57.182  -10.235 0.2000000030
105384  26.891  -62.972  -7.101 0.2000000030
26554  29.422  -55.445  -12.402 0.2000000030
25611  28.386  -56.381  -11.528 0.2000000030
24666  27.982  -56.920  -11.022 0.2000000030
24653  27.702  -57.649  -10.539 0.2000000030
23678  27.690  -58.248  -9.834 0.3000000119
23694  27.468  -58.493  -10.547 0.2000000030
22744  27.488  -59.939  -9.930 0.4000000060
25625  27.915  -56.874  -12.719 0.2000000030
23706  27.391  -58.177  -11.861 0.3000000119
22755  27.377  -58.807  -11.326 0.4000000060
102615  27.428  -59.388  -10.656 0.4000000060
102447  27.606  -60.822  -9.931 0.5000000000
20688  27.647  -61.325  -9.181 0.4000000060
19666  27.825  -62.263  -9.262 0.5000000000
21774  27.707  -60.069  -14.211 0.5000000000
22790  27.627  -59.369  -13.732 0.4000000060
116132  27.488  -59.049  -13.138 0.4000000060
113210  27.492  -58.306  -12.747 0.4000000060
21759  27.460  -60.251  -12.308 0.4000000060
116638  27.535  -60.571  -11.621 0.5000000000
20724  27.757  -61.207  -11.269 0.5000000000
108543  27.748  -61.205  -10.544 0.5000000000
19665  28.425  -62.816  -9.746 0.5000000000
118340  27.606  -60.673  -13.676 0.5000000000
20758  27.911  -61.635  -12.742 0.5000000000
101292  28.481  -62.339  -12.453 0.5000000000
19715  29.154  -62.987  -12.137 0.5000000000
109082  30.482  -63.539  -11.834 0.5000000000
18756  30.192  -63.482  -11.265 0.5000000000
18740  29.780  -63.330  -10.777 0.5000000000
115097  33.986  -66.703  -1.159 0.1000000015
15791  33.032  -66.580  -0.882 0.1000000015
15804  32.404  -66.314  -1.615 0.1000000015
15823  32.671  -65.973  -2.562 0.1000000015
15825  31.049  -66.264  -2.201 0.1000000015
15824  31.823  -66.102  -2.283 0.1000000015
16716  30.548  -65.901  -2.674 0.1000000015
16715  31.316  -65.828  -2.778 0.1000000015
16731  29.255  -65.439  -3.227 0.1000000015
119021  30.089  -65.426  -3.120 0.1000000015
15838  28.751  -66.034  -3.072 0.1000000015
17670  28.876  -64.866  -3.605 0.2000000030
17680  30.260  -64.282  -3.918 0.2000000030
17681  29.281  -64.140  -3.912 0.2000000030
19603  27.907  -62.956  -5.067 0.2000000030
19614  27.158  -62.764  -6.241 0.2000000030
109312  31.882  -56.619  -10.989 0.1000000015
25608  30.985  -56.177  -11.018 0.2000000030
25598  29.445  -56.426  -10.650 0.2000000030
24651  29.056  -56.903  -10.022 0.2000000030
20651  27.185  -61.774  -6.765 0.2000000030
24665  32.789  -57.110  -10.986 0.1000000015
25596  31.228  -56.923  -10.547 0.1000000015
24650  30.579  -57.144  -10.011 0.1000000015
24633  29.763  -57.292  -9.345 0.1000000015
24635  28.062  -57.697  -9.797 0.1000000015
22729  27.495  -59.037  -9.873 0.2000000030
19642  27.202  -62.294  -7.867 0.3000000119
19629  27.048  -62.337  -7.249 0.2000000030
23677  28.087  -58.120  -9.173 0.1000000015
104845  27.702  -58.770  -9.184 0.1000000015
109086  27.545  -59.573  -9.161 0.3000000119
111361  27.463  -61.861  -8.456 0.2000000030
20723  28.216  -61.857  -10.683 0.5000000000
20707  27.913  -61.590  -9.918 0.5000000000
19685  28.744  -62.558  -10.351 0.5000000000
105650  28.221  -61.862  -11.708 0.5000000000
19697  29.520  -62.949  -11.245 0.5000000000
19698  28.878  -62.429  -11.028 0.5000000000
112537  28.850  -62.532  -11.666 0.5000000000
15802  34.832  -67.000  -1.531 0.1000000015
15821  35.079  -66.816  -2.776 0.1000000015
15836  34.462  -66.852  -3.879 0.1000000015
15822  34.186  -66.263  -2.904 0.1000000015
113128  33.422  -65.985  -2.975 0.1000000015
15837  33.519  -66.339  -4.072 0.1000000015
16714  32.031  -65.768  -3.081 0.1000000015
16730  31.376  -65.158  -3.782 0.1000000015
16729  32.135  -65.509  -3.979 0.1000000015
17668  30.581  -64.924  -3.583 0.1000000015
18656  29.957  -63.674  -4.149 0.2000000030
18657  29.279  -63.312  -4.295 0.2000000030
19602  28.524  -63.026  -4.645 0.2000000030
19601  29.274  -62.355  -4.581 0.2000000030
19612  28.223  -62.209  -5.097 0.2000000030
19613  27.482  -62.632  -5.669 0.2000000030
102261  27.614  -61.882  -5.708 0.2000000030
19621  27.281  -62.129  -6.218 0.2000000030
24648  32.825  -57.715  -10.523 0.1000000015
25595  32.084  -57.311  -10.534 0.1000000015
24632  30.855  -57.519  -9.270 0.1000000015
24634  28.690  -57.530  -9.310 0.1000000015
104714  27.381  -61.017  -6.826 0.1000000015
24620  29.340  -57.700  -8.460 0.1000000015
23657  28.572  -58.171  -8.411 0.1000000015
22709  27.744  -59.221  -8.503 0.1000000015
21687  27.541  -60.118  -8.331 0.2000000030
119656  27.465  -60.726  -7.931 0.2000000030
20660  27.307  -61.414  -7.603 0.2000000030
14927  35.188  -68.414  -4.774 0.1000000015
15835  35.077  -67.485  -3.921 0.1000000015
14135  35.304  -68.501  -5.453 0.1000000015
15848  33.879  -67.407  -5.022 0.1000000015
14940  34.408  -67.965  -5.409 0.1000000015
15857  34.047  -67.422  -5.509 0.1000000015
16746  32.499  -65.553  -4.795 0.1000000015
16728  32.758  -66.069  -4.664 0.1000000015
16747  31.860  -65.019  -4.426 0.1000000015
17679  31.738  -64.320  -4.661 0.1000000015
18655  30.879  -63.724  -4.398 0.1000000015
18670  31.821  -63.460  -4.956 0.1000000015
19599  31.015  -62.788  -4.671 0.1000000015
100837  30.121  -62.982  -4.399 0.2000000030
20632  29.695  -61.561  -4.685 0.2000000030
20633  28.878  -61.446  -4.879 0.2000000030
20641  28.683  -60.686  -5.231 0.2000000030
21662  28.511  -60.045  -5.704 0.1000000015
21663  28.055  -60.701  -5.754 0.2000000030
23705  34.195  -58.026  -11.142 0.1000000015
23693  33.025  -58.193  -10.070 0.1000000015
23676  32.608  -58.129  -9.370 0.1000000015
21670  27.822  -60.354  -6.433 0.2000000030
23654  32.259  -58.143  -8.422 0.1000000015
24618  31.246  -57.782  -8.404 0.1000000015
24619  30.270  -57.633  -8.434 0.1000000015
23649  28.741  -58.505  -7.551 0.1000000015
23650  28.164  -58.825  -7.995 0.1000000015
22693  27.918  -59.753  -7.014 0.2000000030
14953  35.010  -68.040  -5.813 0.1000000015
15856  34.286  -67.189  -5.762 0.1000000015
15858  33.603  -66.657  -5.481 0.1000000015
16760  32.743  -65.385  -5.267 0.1000000015
17697  32.233  -64.207  -5.079 0.1000000015
20639  31.455  -61.691  -5.110 0.1000000015
19611  31.062  -62.044  -4.817 0.1000000015
20640  30.611  -61.198  -4.871 0.2000000030
21660  31.020  -60.339  -5.323 0.1000000015
21654  29.511  -60.808  -4.878 0.2000000030
22728  33.810  -58.809  -8.971 0.1000000015
23644  33.118  -58.625  -8.029 0.1000000015
23645  32.708  -58.908  -7.210 0.1000000015
23636  31.878  -58.571  -6.985 0.1000000015
22690  31.324  -58.929  -6.290 0.1000000015
22681  30.501  -59.164  -5.801 0.1000000015
21661  30.104  -60.218  -5.075 0.1000000015
23674  33.784  -58.625  -10.018 0.1000000015
23675  33.246  -58.442  -9.483 0.1000000015
104982  32.317  -58.451  -7.632 0.1000000015
23646  31.561  -58.137  -7.629 0.1000000015
99949  30.996  -58.242  -6.897 0.1000000015
23637  29.586  -58.538  -6.538 0.1000000015
22682  29.726  -58.938  -5.919 0.1000000015
22683  29.112  -59.400  -5.694 0.1000000015
24612  30.665  -57.887  -7.627 0.1000000015
23647  30.132  -58.114  -6.988 0.1000000015
23648  29.372  -58.281  -7.220 0.1000000015
22692  28.488  -59.431  -6.391 0.1000000015
15855  35.037  -66.955  -5.826 0.1000000015
16758  34.065  -65.969  -5.752 0.1000000015
17694  33.902  -64.766  -5.632 0.1000000015
17695  33.167  -64.911  -5.484 0.1000000015
19610  32.427  -62.978  -5.293 0.1000000015
105542  31.791  -62.431  -5.136 0.1000000015
21676  35.410  -60.436  -7.635 0.1000000015
21677  34.647  -60.193  -7.316 0.1000000015
21668  33.359  -60.298  -6.403 0.1000000015
21658  32.774  -60.657  -5.890 0.1000000015
20638  32.105  -61.657  -5.379 0.1000000015
22706  35.239  -59.694  -8.887 0.1000000015
22697  35.034  -59.815  -8.028 0.1000000015
22687  33.886  -59.872  -6.966 0.1000000015
21659  31.950  -60.280  -5.676 0.1000000015
22707  34.495  -59.352  -8.493 0.1000000015
22698  34.255  -59.546  -7.684 0.1000000015
22688  33.074  -59.544  -6.765 0.1000000015
21669  32.581  -59.907  -6.205 0.1000000015
22679  31.906  -59.560  -6.050 0.1000000015
22680  31.232  -59.635  -5.718 0.1000000015
18667  34.145  -63.602  -5.659 0.1000000015
19608  34.116  -62.559  -5.788 0.1000000015
19609  33.448  -61.994  -5.693 0.1000000015
106730  34.695  -62.238  -6.187 0.1000000015
111791  32.646  -62.256  -5.446 0.1000000015
21666  35.033  -60.773  -7.023 0.1000000015
20648  35.030  -61.543  -6.593 0.1000000015
20649  34.182  -61.696  -6.144 0.1000000015
20637  32.811  -61.440  -5.642 0.1000000015
21686  35.732  -60.193  -8.369 0.1000000015
21667  34.256  -60.759  -6.606 0.1000000015
13297  30.581  -69.415  -11.380 0.4000000060
17791  31.599  -64.214  -11.707 0.5000000000
108776  29.412  -68.355  -11.074 0.4000000060
14990  27.996  -67.238  -10.044 0.4000000060
117377  29.968  -71.926  -6.306 0.1000000015
14137  27.770  -68.258  -5.542 0.1000000015
13266  28.972  -69.713  -8.928 0.2000000030
15912  27.648  -66.347  -9.746 0.4000000060
112348  27.445  -65.718  -9.380 0.4000000060
12315  31.036  -70.721  -1.906 0.1000000015
12327  28.815  -69.892  -3.793 0.1000000015
16782  27.024  -65.934  -7.443 0.3000000119
17698  27.312  -64.664  -5.178 0.2000000030
14965  27.558  -67.536  -6.788 0.2000000030
14980  27.522  -67.348  -7.648 0.2000000030
14987  27.502  -67.136  -8.556 0.2000000030
16769  26.826  -65.164  -7.000 0.3000000119
15913  27.282  -66.316  -8.917 0.3000000119
17711  26.821  -64.270  -6.710 0.2000000030
16875  30.818  -65.513  -14.130 0.5000000000
13189  30.561  -70.025  -1.684 0.1000000015
13181  30.253  -69.268  -1.499 0.1000000015
14088  29.619  -68.134  -1.872 0.1000000015
13202  28.574  -69.140  -3.344 0.1000000015
14098  28.500  -68.344  -2.969 0.1000000015
14942  27.600  -67.244  -4.492 0.1000000015
114076  27.677  -67.886  -4.860 0.1000000015
14956  27.501  -67.315  -5.365 0.1000000015
16749  27.613  -65.800  -4.285 0.1000000015
117844  27.566  -65.111  -4.552 0.2000000030
17744  26.846  -64.311  -8.084 0.3000000119
17830  28.743  -64.139  -14.899 0.5000000000
18797  29.134  -64.104  -14.066 0.5000000000
116840  28.374  -62.971  -15.091 0.5000000000
111683  30.544  -67.327  -1.511 0.1000000015
15805  31.522  -66.546  -1.582 0.1000000015
14905  30.080  -67.744  -1.656 0.1000000015
15826  30.313  -66.486  -2.267 0.1000000015
14929  28.143  -67.720  -3.452 0.1000000015
16717  29.637  -66.085  -2.699 0.1000000015
115280  28.605  -65.465  -3.474 0.1000000015
18658  28.553  -63.798  -4.292 0.2000000030
105794  29.434  -55.616  -11.739 0.2000000030
25610  29.079  -56.032  -11.260 0.2000000030
25624  28.303  -56.311  -12.328 0.2000000030
25612  27.835  -56.820  -11.859 0.2000000030
24667  27.582  -57.474  -11.436 0.3000000119
21707  27.538  -60.454  -9.162 0.4000000060
24710  27.740  -57.607  -13.184 0.5000000000
24686  27.578  -57.496  -12.297 0.4000000060
26570  28.830  -55.837  -12.762 0.2000000030
22775  27.384  -59.164  -12.302 0.4000000060
21738  27.417  -59.753  -11.502 0.5000000000
21722  27.522  -60.418  -10.787 0.5000000000
23743  28.012  -58.435  -14.441 0.5000000000
23733  27.704  -58.506  -13.676 0.5000000000
21771  27.575  -60.858  -12.963 0.5000000000
20739  27.666  -61.105  -12.121 0.5000000000
119298  34.359  -66.540  -2.020 0.1000000015
15803  33.468  -66.261  -1.966 0.1000000015
114401  31.564  -65.503  -3.342 0.1000000015
118902  30.907  -65.444  -3.185 0.1000000015
17669  29.696  -64.833  -3.536 0.2000000030
108892  29.798  -56.852  -10.114 0.1000000015
14917  35.759  -67.854  -3.425 0.1000000015
16713  32.755  -65.835  -3.565 0.1000000015
107834  31.139  -64.569  -4.136 0.1000000015
19600  30.306  -62.139  -4.598 0.2000000030
120568  33.176  -57.627  -10.828 0.1000000015
24631  32.297  -57.794  -10.000 0.1000000015
24649  31.471  -57.465  -9.993 0.1000000015
21678  27.549  -60.408  -7.394 0.2000000030
24613  29.811  -57.892  -7.724 0.1000000015
22701  27.820  -59.562  -7.738 0.1000000015
14928  34.519  -67.921  -4.905 0.1000000015
14926  35.743  -68.931  -4.672 0.1000000015
14108  35.609  -68.886  -5.226 0.1000000015
14123  34.716  -68.062  -5.704 0.1000000015
14122  34.924  -68.342  -5.423 0.1000000015
14955  34.422  -67.820  -5.730 0.1000000015
15849  33.377  -66.773  -5.167 0.1000000015
16745  32.939  -66.166  -5.235 0.1000000015
17678  32.292  -64.885  -4.954 0.1000000015
114901  29.244  -60.020  -5.164 0.2000000030
23692  33.519  -58.094  -10.675 0.1000000015
23655  31.809  -57.761  -9.235 0.1000000015
22700  28.332  -59.114  -7.227 0.1000000015
14954  34.562  -67.837  -5.807 0.1000000015
16759  33.306  -65.722  -5.522 0.1000000015
17696  32.708  -64.544  -5.311 0.1000000015
18669  32.618  -63.713  -5.303 0.1000000015
108277  31.593  -61.028  -5.304 0.1000000015
22708  33.864  -59.050  -8.074 0.1000000015
22727  34.637  -59.250  -9.361 0.1000000015
107773  33.018  -58.416  -8.842 0.1000000015
22689  32.261  -59.214  -6.569 0.1000000015
22699  33.495  -59.233  -7.428 0.1000000015
23630  30.377  -58.576  -6.352 0.1000000015
22691  29.125  -58.928  -6.191 0.1000000015
16757  34.840  -66.113  -5.827 0.1000000015
18668  33.306  -64.071  -5.481 0.1000000015
102133  33.256  -63.006  -5.503 0.1000000015
20659  35.654  -61.153  -7.218 0.1000000015
20650  33.496  -61.126  -6.036 0.1000000015
110996  32.275  -61.000  -5.553 0.1000000015
21675  36.152  -60.749  -7.831 0.1000000015
11538  36.281  -71.617  -10.705 0.1000000015
111762  36.514  -71.312  -10.999 0.1000000015
11551  35.516  -70.936  -11.011 0.1000000015
12408  34.112  -70.511  -11.417 0.1000000015
104800  33.052  -70.010  -11.724 0.1000000015
11552  33.822  -71.243  -10.981 0.1000000015
11540  32.629  -71.418  -10.905 0.1000000015
11537  37.062  -71.951  -10.929 0.2000000030
12399  31.709  -71.002  -10.994 0.1000000015
11562  36.074  -70.662  -11.565 0.2000000030
102961  36.104  -70.888  -11.357 0.1000000015
12407  35.360  -70.237  -11.551 0.1000000015
12409  31.987  -70.234  -11.548 0.1000000015
12416  35.326  -70.446  -12.614 0.2000000030
12406  36.062  -69.971  -11.951 0.2000000030
13294  34.214  -69.747  -11.797 0.2000000030
13293  35.298  -69.465  -11.960 0.2000000030
13295  32.192  -69.360  -11.911 0.3000000119
103583  33.238  -69.183  -12.096 0.3000000119
14187  32.597  -68.615  -12.143 0.3000000119
12427  35.120  -70.308  -13.399 0.2000000030
14186  34.240  -68.934  -12.158 0.2000000030
12415  36.174  -69.649  -12.264 0.2000000030
10781  33.202  -72.441  -16.453 0.1000000015
12428  34.051  -70.816  -13.482 0.2000000030
106519  33.419  -68.128  -12.262 0.3000000119
15007  32.368  -67.718  -12.024 0.4000000060
11611  33.453  -71.443  -15.214 0.1000000015
12442  33.999  -70.660  -13.994 0.1000000015
13292  35.926  -69.014  -12.184 0.2000000030
14185  35.090  -68.726  -12.190 0.2000000030
10762  32.773  -71.897  -15.793 0.1000000015
15022  34.049  -67.248  -12.287 0.4000000060
11587  34.206  -70.951  -14.617 0.2000000030
13306  36.412  -69.339  -12.570 0.2000000030
12441  35.021  -70.388  -14.079 0.2000000030
117620  34.860  -72.550  -15.968 0.1000000015
10780  35.431  -73.102  -16.409 0.2000000030
10761  33.878  -72.149  -15.844 0.1000000015
10760  35.792  -72.554  -15.884 0.1000000015
12426  35.972  -69.898  -13.460 0.2000000030
13305  36.966  -68.853  -12.704 0.2000000030
120090  36.363  -67.995  -12.561 0.2000000030
14201  35.656  -67.946  -12.429 0.4000000060
11610  34.778  -71.781  -15.394 0.1000000015
15019  36.319  -67.320  -12.865 0.4000000060
15951  34.144  -66.254  -12.382 0.4000000060
12440  36.028  -70.255  -14.206 0.3000000119
12425  36.905  -69.836  -13.433 0.3000000119
11586  35.386  -70.955  -14.784 0.2000000030
11585  36.697  -71.260  -14.730 0.4000000060
15020  35.561  -66.850  -12.763 0.4000000060
15936  34.040  -65.648  -12.607 0.4000000060
13304  37.595  -68.586  -13.156 0.3000000119
12423  39.098  -69.799  -13.817 0.4000000060
12439  37.234  -70.485  -14.104 0.3000000119
26539  33.340  -55.420  -11.462 0.1000000015
15950  34.909  -66.085  -12.803 0.4000000060
15018  37.061  -67.561  -13.324 0.4000000060
16857  35.100  -66.065  -13.070 0.5000000000
14207  38.556  -68.245  -13.975 0.4000000060
13314  38.372  -69.125  -13.503 0.3000000119
14198  37.575  -68.003  -13.322 0.4000000060
112439  37.658  -67.647  -14.033 0.4000000060
26540  32.417  -55.149  -11.521 0.1000000015
27572  33.662  -54.727  -11.761 0.1000000015
16858  34.492  -65.644  -12.959 0.4000000060
15957  34.952  -66.015  -13.298 0.5000000000
15956  35.553  -66.525  -13.289 0.5000000000
16865  33.892  -65.434  -13.065 0.5000000000
113723  32.284  -54.503  -11.950 0.1000000015
27575  30.805  -54.760  -12.139 0.1000000015
28570  32.079  -53.836  -12.954 0.1000000015
27585  31.600  -54.339  -12.443 0.1000000015
26553  30.166  -54.943  -12.783 0.1000000015
10687  36.976  -72.465  -10.559 0.1000000015
12398  32.830  -70.787  -11.336 0.1000000015
11539  34.801  -71.737  -10.606 0.1000000015
10689  33.178  -72.090  -10.501 0.1000000015
11541  31.157  -71.272  -10.171 0.1000000015
15937  33.247  -65.936  -11.989 0.4000000060
26542  30.057  -55.225  -11.915 0.1000000015
10700  36.878  -72.560  -11.400 0.1000000015
14202  34.497  -68.037  -12.304 0.3000000119
13316  36.753  -69.299  -12.702 0.2000000030
15021  34.870  -66.957  -12.487 0.4000000060
14199  36.971  -68.084  -12.804 0.3000000119
15955  36.276  -67.100  -13.339 0.4000000060
27573  32.995  -54.608  -11.758 0.1000000015
10675  33.371  -73.014  -9.796 0.1000000015
9954  27.236  -73.517  -19.855 0.1000000015
9963  26.890  -73.172  -20.609 0.1000000015
8383  27.477  -75.714  -22.521 0.1000000015
117103  26.373  -72.570  -20.399 0.1000000015
8370  27.996  -75.509  -21.658 0.1000000015
9955  26.712  -72.833  -19.688 0.1000000015
10819  26.062  -72.124  -19.852 0.1000000015
11669  24.947  -71.037  -19.390 0.1000000015
10820  25.813  -72.022  -20.684 0.1000000015
4212  26.850  -82.737  -13.759 0.1000000015
10745  22.596  -72.647  -15.204 0.1000000015
10786  22.247  -71.791  -16.356 0.1000000015
9114  27.666  -74.202  -19.927 0.1000000015
11635  22.680  -71.203  -16.878 0.1000000015
9962  27.398  -73.794  -20.518 0.1000000015
101573  23.891  -70.733  -18.060 0.1000000015
8345  28.126  -74.968  -20.007 0.1000000015
11660  24.469  -70.850  -18.671 0.1000000015
8369  28.405  -76.518  -21.469 0.1000000015
4772  25.315  -81.020  -12.581 0.1000000015
4234  27.236  -82.342  -14.344 0.1000000015
4800  27.193  -81.602  -15.066 0.1000000015
4761  24.816  -80.976  -11.018 0.1000000015
4200  25.479  -81.617  -11.757 0.1000000015
4199  26.275  -82.328  -12.681 0.1000000015
6039  26.624  -79.566  -14.471 0.1000000015
8288  23.653  -75.694  -14.440 0.1000000015
111337  23.087  -73.936  -14.141 0.1000000015
105360  27.514  -73.888  -19.214 0.1000000015
9946  26.903  -72.831  -18.849 0.1000000015
10812  26.352  -72.233  -19.065 0.1000000015
9113  27.911  -74.643  -19.217 0.1000000015
115366  28.522  -77.921  -22.379 0.1000000015
4211  27.433  -82.524  -13.424 0.1000000015
4233  27.690  -81.649  -14.096 0.1000000015
4178  24.489  -81.792  -10.107 0.1000000015
4191  25.384  -82.281  -10.831 0.1000000015
3652  27.359  -82.653  -12.621 0.1000000015
4780  28.063  -81.685  -13.203 0.1000000015
5381  27.705  -80.737  -13.546 0.1000000015
6025  26.652  -79.043  -13.459 0.1000000015
6763  25.479  -77.740  -13.549 0.1000000015
109867  24.822  -77.167  -14.035 0.1000000015
7528  24.973  -77.049  -13.033 0.1000000015
7529  24.563  -76.528  -13.432 0.1000000015
9049  23.449  -74.372  -13.411 0.1000000015
9894  23.062  -73.152  -14.017 0.1000000015
10744  23.058  -72.556  -14.513 0.1000000015
102335  25.330  -70.988  -17.059 0.1000000015
9102  27.819  -74.197  -18.501 0.1000000015
9932  27.187  -72.819  -18.138 0.1000000015
10806  26.668  -72.254  -18.333 0.1000000015
11647  25.692  -71.323  -17.720 0.1000000015
11648  24.767  -70.871  -17.727 0.1000000015
110201  28.385  -75.764  -20.019 0.1000000015
8358  28.287  -75.529  -20.753 0.1000000015
117417  27.338  -79.949  -11.433 0.1000000015
4179  23.817  -82.077  -9.347 0.1000000015
4190  26.113  -82.631  -11.589 0.1000000015
108094  26.550  -82.819  -11.476 0.1000000015
4770  28.077  -81.677  -12.100 0.1000000015
5354  27.694  -80.585  -11.650 0.1000000015
108536  26.899  -79.233  -12.018 0.1000000015
6017  26.020  -78.060  -12.057 0.1000000015
7517  25.083  -76.828  -12.091 0.1000000015
110855  24.133  -74.585  -12.063 0.1000000015
114924  24.478  -82.451  -9.549 0.1000000015
3636  25.127  -82.599  -10.122 0.1000000015
3635  26.011  -82.841  -10.764 0.1000000015
3634  26.811  -82.863  -11.065 0.1000000015
4189  27.846  -82.121  -11.016 0.1000000015
111190  24.617  -76.305  -12.595 0.1000000015
9048  23.839  -74.894  -12.782 0.1000000015
10730  23.495  -72.530  -13.568 0.1000000015
11577  24.108  -71.726  -13.636 0.1000000015
11593  23.557  -71.861  -14.354 0.1000000015
11616  24.616  -70.921  -15.702 0.1000000015
11617  23.777  -71.280  -15.139 0.1000000015
10785  26.907  -71.726  -16.244 0.1000000015
11632  25.411  -70.967  -16.264 0.1000000015
101317  23.871  -70.952  -16.019 0.1000000015
9931  27.732  -73.516  -17.800 0.1000000015
113120  26.943  -72.271  -17.740 0.1000000015
11646  26.148  -71.399  -16.852 0.1000000015
9101  28.183  -75.109  -18.508 0.1000000015
8329  28.448  -76.199  -18.609 0.1000000015
7614  28.768  -77.489  -21.151 0.1000000015
8357  28.529  -76.496  -20.523 0.1000000015
6846  29.203  -78.210  -20.728 0.1000000015
6830  28.953  -78.072  -19.758 0.1000000015
100840  26.935  -79.375  -11.280 0.1000000015
3623  23.946  -82.681  -9.004 0.1000000015
3609  24.249  -82.743  -8.541 0.1000000015
3621  25.703  -82.682  -9.859 0.1000000015
105755  26.391  -82.432  -9.169 0.1000000015
4177  27.435  -82.332  -10.206 0.1000000015
4759  27.795  -81.116  -10.961 0.1000000015
5355  27.343  -80.124  -10.952 0.1000000015
6016  26.449  -78.641  -11.605 0.1000000015
6736  25.549  -77.365  -11.601 0.1000000015
7505  24.743  -75.996  -11.704 0.1000000015
3622  24.768  -82.607  -9.403 0.1000000015
107784  24.524  -74.946  -11.379 0.1000000015
9026  24.280  -73.929  -11.595 0.1000000015
9871  23.744  -73.848  -12.462 0.1000000015
9858  24.177  -73.112  -11.898 0.1000000015
10718  23.727  -72.903  -12.647 0.1000000015
10717  24.275  -72.509  -12.216 0.1000000015
10729  24.113  -72.172  -12.849 0.1000000015
118995  26.256  -71.297  -15.006 0.1000000015
101642  25.791  -71.324  -13.851 0.1000000015
9930  28.202  -73.826  -17.182 0.1000000015
9914  28.383  -73.637  -16.483 0.1000000015
9915  27.965  -73.081  -16.970 0.1000000015
10784  27.486  -72.376  -16.606 0.1000000015
11614  26.964  -71.584  -15.285 0.1000000015
11631  26.222  -71.263  -15.845 0.1000000015
9085  28.478  -74.484  -16.856 0.1000000015
10798  26.914  -71.990  -17.095 0.1000000015
110045  28.220  -74.551  -17.711 0.1000000015
116914  28.508  -75.172  -17.236 0.1000000015
8318  28.412  -75.620  -17.829 0.1000000015
7599  28.552  -76.714  -19.590 0.1000000015
6829  29.767  -78.552  -20.223 0.1000000015
3098  22.757  -83.380  -7.705 0.1000000015
3610  23.236  -83.028  -8.385 0.1000000015
109187  24.991  -82.490  -7.899 0.1000000015
3607  26.254  -82.185  -8.372 0.1000000015
6006  26.395  -78.642  -10.744 0.1000000015
3608  25.451  -82.543  -8.765 0.1000000015
115120  27.170  -82.160  -9.423 0.1000000015
4750  27.094  -80.606  -9.271 0.1000000015
116243  26.794  -79.463  -10.411 0.1000000015
6007  25.958  -77.900  -10.240 0.1000000015
6725  25.583  -77.191  -10.693 0.1000000015
8252  24.881  -75.751  -10.871 0.1000000015
119303  24.969  -75.594  -10.321 0.1000000015
9007  24.636  -74.050  -10.789 0.1000000015
9846  24.585  -73.197  -11.129 0.1000000015
10704  24.716  -72.410  -11.496 0.1000000015
11567  25.455  -71.504  -12.494 0.1000000015
11576  25.524  -71.398  -13.242 0.1000000015
121472  26.717  -71.464  -14.750 0.1000000015
11575  26.287  -71.382  -13.279 0.1000000015
9901  28.110  -72.802  -16.163 0.1000000015
114792  27.159  -71.610  -14.470 0.1000000015
9073  28.760  -74.395  -15.970 0.1000000015
9900  28.531  -73.406  -15.686 0.1000000015
8308  28.754  -75.400  -16.535 0.1000000015
106471  28.617  -75.901  -17.226 0.1000000015
7584  28.733  -77.578  -18.826 0.1000000015
6101  29.456  -78.810  -19.048 0.1000000015
5317  26.225  -80.295  -7.885 0.1000000015
5333  25.932  -79.252  -8.233 0.1000000015
103561  23.070  -83.328  -7.199 0.1000000015
3598  23.675  -83.008  -7.741 0.1000000015
3597  24.580  -82.518  -7.164 0.1000000015
3596  25.376  -82.193  -7.251 0.1000000015
4165  26.822  -81.750  -8.532 0.1000000015
5332  26.525  -79.919  -8.723 0.1000000015
5997  26.196  -78.942  -9.004 0.1000000015
5988  25.680  -78.340  -8.470 0.1000000015
117572  24.365  -82.712  -7.864 0.1000000015
4738  26.866  -80.841  -8.502 0.1000000015
5344  26.682  -79.662  -9.556 0.1000000015
5998  25.849  -77.924  -9.262 0.1000000015
7481  25.326  -76.224  -9.192 0.1000000015
8992  25.116  -74.260  -9.024 0.1000000015
6715  25.591  -77.097  -9.780 0.1000000015
117561  24.917  -73.227  -10.312 0.1000000015
11556  25.375  -71.717  -11.583 0.1000000015
11555  26.077  -71.436  -11.331 0.1000000015
11566  26.177  -71.375  -12.537 0.1000000015
10728  27.832  -71.844  -14.007 0.1000000015
11574  27.124  -71.534  -13.612 0.1000000015
110561  28.673  -73.213  -14.905 0.1000000015
10765  28.207  -72.577  -15.322 0.1000000015
115786  27.740  -71.930  -14.897 0.1000000015
120217  28.889  -73.934  -15.264 0.1000000015
8295  29.039  -75.223  -15.786 0.1000000015
7561  28.896  -76.565  -16.798 0.1000000015
4126  24.921  -80.952  -6.012 0.1000000015
3575  23.679  -82.726  -5.721 0.1000000015
4127  24.810  -81.754  -5.818 0.1000000015
4716  25.543  -81.054  -6.750 0.1000000015
105398  25.594  -80.322  -7.123 0.1000000015
111020  25.404  -78.578  -7.782 0.1000000015
105414  22.293  -83.680  -6.248 0.1000000015
3087  22.957  -83.273  -6.430 0.1000000015
3586  25.173  -82.039  -6.601 0.1000000015
4729  26.121  -81.089  -7.389 0.1000000015
4728  26.573  -81.161  -7.968 0.1000000015
114126  25.299  -77.864  -7.964 0.1000000015
7470  25.339  -76.627  -8.389 0.1000000015
6701  25.460  -77.477  -8.476 0.1000000015
9829  25.276  -73.140  -9.293 0.1000000015
10694  25.360  -72.476  -10.107 0.1000000015
11544  26.287  -71.521  -10.629 0.1000000015
11554  26.787  -71.377  -11.212 0.1000000015
11565  27.032  -71.409  -12.624 0.1000000015
10716  27.833  -71.716  -13.064 0.1000000015
9056  29.148  -73.906  -14.615 0.1000000015
10743  28.325  -72.437  -14.455 0.1000000015
8294  29.358  -75.522  -15.374 0.1000000015
111829  29.594  -76.149  -15.255 0.1000000015
118546  24.375  -82.231  -5.500 0.1000000015
116440  25.120  -80.396  -6.512 0.1000000015
5967  24.932  -79.506  -6.645 0.1000000015
3587  24.473  -82.375  -6.210 0.1000000015
6689  25.112  -77.008  -7.596 0.1000000015
7449  25.046  -76.103  -6.621 0.1000000015
7460  25.169  -76.021  -7.623 0.1000000015
8203  25.236  -75.026  -7.752 0.1000000015
9810  25.466  -73.547  -8.337 0.1000000015
10678  26.761  -71.954  -9.102 0.1000000015
11528  25.807  -71.876  -10.235 0.1000000015
10693  27.866  -71.852  -10.523 0.1000000015
11543  27.052  -71.481  -10.490 0.1000000015
10715  28.444  -72.122  -12.491 0.1000000015
10701  28.372  -72.079  -11.475 0.1000000015
9039  29.630  -73.692  -12.930 0.1000000015
10727  28.520  -72.385  -13.472 0.1000000015
9892  29.408  -73.834  -13.843 0.1000000015
9893  28.865  -73.134  -14.115 0.1000000015
8286  29.682  -75.549  -14.714 0.1000000015
7545  29.720  -77.067  -15.449 0.1000000015
6069  31.376  -78.773  -16.241 0.1000000015
4119  24.467  -81.817  -5.006 0.1000000015
4709  24.598  -81.116  -5.196 0.1000000015
5958  24.538  -79.115  -5.680 0.1000000015
5966  24.753  -77.890  -6.648 0.1000000015
6680  24.834  -77.091  -6.611 0.1000000015
116595  24.974  -78.639  -7.081 0.1000000015
101225  25.225  -75.364  -6.973 0.1000000015
9799  25.915  -73.219  -7.674 0.1000000015
10668  25.824  -72.791  -8.438 0.1000000015
10667  26.414  -72.382  -8.462 0.1000000015
116026  27.484  -72.118  -9.162 0.1000000015
9869  29.473  -73.177  -12.084 0.1000000015
10714  28.932  -72.544  -12.032 0.1000000015
9047  29.843  -74.582  -13.558 0.1000000015
8285  30.225  -76.063  -14.095 0.1000000015
7535  30.614  -77.170  -14.213 0.1000000015
6779  32.140  -78.007  -14.866 0.1000000015
117420  31.771  -74.732  -15.638 0.1000000015
4702  24.480  -81.248  -4.264 0.1000000015
5295  24.498  -79.742  -5.092 0.1000000015
6671  24.530  -78.101  -5.212 0.1000000015
6658  24.823  -77.085  -4.683 0.1000000015
7439  24.971  -76.404  -5.602 0.1000000015
5957  24.639  -78.449  -6.234 0.1000000015
8193  25.416  -75.152  -6.156 0.1000000015
8956  25.515  -74.529  -6.852 0.1000000015
9788  26.053  -73.717  -6.821 0.1000000015
10666  27.185  -72.285  -8.484 0.1000000015
9828  28.739  -72.928  -9.710 0.1000000015
10692  28.615  -72.517  -10.545 0.1000000015
102070  33.385  -77.063  -11.040 0.1000000015
6722  32.732  -77.359  -11.077 0.1000000015
6735  32.141  -77.184  -11.508 0.1000000015
8250  31.417  -76.166  -11.343 0.1000000015
9024  30.589  -74.867  -11.856 0.1000000015
9857  29.718  -73.569  -11.347 0.1000000015
10691  29.124  -72.828  -11.332 0.1000000015
6733  33.274  -77.165  -11.971 0.1000000015
6748  32.917  -77.440  -12.638 0.1000000015
7503  31.677  -76.759  -11.983 0.1000000015
105737  30.184  -74.216  -11.382 0.1000000015
7502  33.803  -76.548  -11.408 0.1000000015
7514  33.622  -76.602  -12.292 0.1000000015
6747  33.249  -77.130  -12.888 0.1000000015
7515  31.670  -77.282  -12.992 0.1000000015
7516  30.855  -76.496  -13.392 0.1000000015
9038  30.197  -74.672  -12.758 0.1000000015
8249  34.254  -75.743  -11.597 0.1000000015
8264  34.141  -75.400  -11.996 0.1000000015
7527  33.051  -77.163  -13.583 0.1000000015
9882  32.692  -73.605  -13.263 0.1000000015
8284  32.770  -76.556  -14.295 0.1000000015
9053  31.888  -74.077  -14.845 0.1000000015
5275  24.591  -79.825  -3.057 0.1000000015
108552  24.500  -80.394  -3.831 0.1000000015
5285  24.494  -79.524  -4.024 0.1000000015
110745  24.578  -78.629  -3.834 0.1000000015
6659  24.616  -77.955  -4.208 0.1000000015
5949  24.496  -78.830  -4.681 0.1000000015
110484  25.403  -76.240  -4.617 0.1000000015
119580  25.183  -75.766  -5.877 0.1000000015
8942  26.095  -74.725  -5.647 0.1000000015
118055  25.905  -74.377  -6.252 0.1000000015
9798  26.474  -73.088  -7.304 0.1000000015
9797  27.182  -73.033  -7.187 0.1000000015
9808  28.468  -73.313  -8.267 0.1000000015
8991  29.954  -74.369  -9.434 0.1000000015
9845  29.379  -73.336  -10.479 0.1000000015
6723  32.100  -77.143  -10.764 0.1000000015
8234  31.377  -76.050  -10.614 0.1000000015
8251  31.037  -75.426  -11.170 0.1000000015
9005  30.029  -74.039  -10.716 0.1000000015
9023  36.448  -74.155  -11.304 0.1000000015
9036  34.701  -74.315  -11.735 0.1000000015
5261  25.077  -79.438  -2.387 0.1000000015
5936  24.904  -78.127  -3.355 0.1000000015
5937  24.710  -78.919  -3.106 0.1000000015
111107  25.091  -77.364  -3.733 0.1000000015
7428  25.976  -76.406  -3.958 0.1000000015
116062  25.364  -76.747  -4.034 0.1000000015
8183  25.579  -75.531  -5.286 0.1000000015
8182  26.455  -75.112  -5.032 0.1000000015
8955  26.491  -74.097  -6.091 0.1000000015
9787  26.797  -73.494  -6.589 0.1000000015
9796  28.046  -73.355  -7.375 0.1000000015
8976  30.052  -74.729  -8.777 0.1000000015
9807  29.373  -74.008  -8.703 0.1000000015
6714  32.360  -77.295  -10.170 0.1000000015
7480  31.769  -76.793  -10.142 0.1000000015
8222  30.648  -75.152  -9.358 0.1000000015
104341  28.802  -73.318  -9.039 0.1000000015
7490  33.920  -76.576  -10.444 0.1000000015
6721  33.218  -77.278  -10.126 0.1000000015
9004  30.354  -74.560  -10.124 0.1000000015
7501  34.596  -75.782  -10.749 0.1000000015
5921  25.384  -78.603  -2.680 0.1000000015
6641  25.603  -77.802  -3.061 0.1000000015
7413  25.809  -77.070  -3.493 0.1000000015
7427  26.763  -76.194  -4.024 0.1000000015
8170  26.171  -75.757  -4.511 0.1000000015
8181  27.147  -74.956  -4.985 0.1000000015
8941  26.830  -74.525  -5.473 0.1000000015
8940  27.609  -74.634  -5.409 0.1000000015
9786  27.621  -73.615  -6.610 0.1000000015
8977  29.715  -74.671  -8.070 0.1000000015
8978  28.898  -73.992  -7.758 0.1000000015
8248  35.573  -75.070  -10.960 0.1000000015
9855  37.403  -73.286  -11.145 0.1000000015
6640  26.366  -77.660  -3.003 0.1000000015
6639  27.243  -77.730  -3.169 0.1000000015
7412  26.573  -76.898  -3.510 0.1000000015
7410  28.177  -76.948  -3.988 0.1000000015
7411  27.413  -76.886  -3.688 0.1000000015
8168  27.904  -75.400  -4.791 0.1000000015
8169  26.987  -75.504  -4.515 0.1000000015
8180  28.468  -75.034  -5.487 0.1000000015
8953  28.166  -74.312  -6.072 0.1000000015
8952  28.892  -74.618  -6.588 0.1000000015
8210  30.512  -75.360  -8.317 0.1000000015
102560  31.612  -76.637  -9.347 0.1000000015
8209  31.178  -76.004  -8.888 0.1000000015
7479  34.019  -76.678  -9.472 0.1000000015
6700  32.062  -77.175  -9.402 0.1000000015
9003  37.167  -73.911  -10.617 0.1000000015
10686  37.562  -72.767  -11.007 0.1000000015
7426  27.610  -76.166  -4.213 0.1000000015
7425  28.513  -76.428  -4.498 0.1000000015
7438  28.930  -75.840  -5.057 0.1000000015
8179  29.340  -75.516  -5.766 0.1000000015
8192  28.908  -74.896  -6.079 0.1000000015
117808  29.673  -75.288  -6.692 0.1000000015
8202  30.001  -75.211  -7.534 0.1000000015
8989  36.040  -74.625  -9.381 0.1000000015
7489  34.783  -75.886  -9.800 0.1000000015
9823  36.815  -74.022  -9.887 0.1000000015
7424  29.448  -76.854  -4.760 0.1000000015
7437  29.832  -76.380  -5.394 0.1000000015
7447  30.927  -76.590  -6.503 0.1000000015
7436  30.666  -76.900  -5.713 0.1000000015
7458  31.644  -77.114  -6.995 0.1000000015
120784  30.188  -75.516  -7.181 0.1000000015
8201  30.601  -75.715  -7.544 0.1000000015
8220  35.596  -75.176  -9.319 0.1000000015
7478  34.840  -76.008  -8.839 0.1000000015
6712  33.325  -77.327  -9.098 0.1000000015
6699  32.533  -77.422  -8.630 0.1000000015
7468  31.712  -76.879  -8.560 0.1000000015
10688  34.939  -73.200  -9.814 0.1000000015
7467  34.188  -76.739  -8.550 0.1000000015
105715  32.367  -77.503  -7.122 0.1000000015
8191  30.470  -75.888  -6.885 0.1000000015
7448  30.199  -76.034  -6.126 0.1000000015
6688  32.091  -77.280  -7.809 0.1000000015
7459  31.078  -76.351  -7.286 0.1000000015
7457  34.381  -76.721  -7.731 0.1000000015
6687  32.873  -77.584  -7.665 0.1000000015
105740  31.561  -76.767  -7.736 0.1000000015
6698  33.527  -77.336  -8.196 0.1000000015
9063  22.886  -74.549  -15.007 0.1000000015
9895  22.720  -73.414  -14.881 0.1000000015
10767  23.034  -71.939  -15.103 0.1000000015
10768  22.460  -72.136  -15.666 0.1000000015
11618  23.041  -71.406  -15.943 0.1000000015
9971  27.223  -73.745  -21.359 0.1000000015
11634  23.542  -70.863  -16.710 0.1000000015
9121  27.820  -74.544  -20.874 0.1000000015
11659  25.305  -71.203  -18.534 0.1000000015
116686  23.992  -70.668  -17.328 0.1000000015
10813  25.706  -71.594  -19.229 0.1000000015
105512  25.384  -71.451  -20.080 0.1000000015
4771  25.670  -81.987  -13.505 0.1000000015
10769  21.916  -72.581  -16.098 0.1000000015
11649  23.238  -70.843  -17.515 0.1000000015
3644  26.773  -82.802  -12.208 0.1000000015
5369  27.264  -79.701  -12.849 0.1000000015
8279  23.747  -75.320  -13.716 0.1000000015
108343  23.371  -74.898  -14.338 0.1000000015
9945  27.380  -73.437  -18.624 0.1000000015
10799  26.436  -71.785  -17.702 0.1000000015
4210  27.891  -82.260  -12.909 0.1000000015
3642  27.668  -82.367  -12.006 0.1000000015
5368  27.880  -80.791  -12.588 0.1000000015
6026  26.050  -78.242  -13.029 0.1000000015
6040  26.047  -78.509  -13.975 0.1000000015
105061  26.550  -78.778  -12.495 0.1000000015
6750  25.521  -77.543  -12.549 0.1000000015
9872  23.352  -73.421  -13.314 0.1000000015
11633  24.508  -70.770  -16.684 0.1000000015
10797  27.392  -72.653  -17.401 0.1000000015
6724  25.987  -77.949  -11.143 0.1000000015
8267  24.329  -75.416  -12.254 0.1000000015
3620  26.699  -82.689  -10.202 0.1000000015
107117  24.742  -71.122  -14.822 0.1000000015
100985  24.767  -71.598  -13.034 0.1000000015
11615  25.487  -71.057  -15.366 0.1000000015
4760  27.255  -80.401  -10.155 0.1000000015
118715  27.204  -81.386  -9.069 0.1000000015
110164  27.548  -81.457  -9.948 0.1000000015
7504  25.166  -76.584  -11.184 0.1000000015
8236  24.792  -74.983  -10.483 0.1000000015
11568  24.715  -71.920  -12.237 0.1000000015
10766  27.578  -72.131  -15.752 0.1000000015
3595  25.795  -82.181  -7.817 0.1000000015
109561  26.303  -78.731  -9.861 0.1000000015
7492  25.236  -76.260  -10.250 0.1000000015
8223  25.028  -75.275  -9.704 0.1000000015
9006  24.925  -74.165  -9.924 0.1000000015
10695  24.946  -72.631  -10.763 0.1000000015
8307  29.261  -76.139  -15.935 0.1000000015
7572  29.154  -77.802  -17.186 0.1000000015
7573  28.668  -76.861  -17.787 0.1000000015
5318  25.515  -79.442  -7.483 0.1000000015
3588  23.725  -82.853  -6.741 0.1000000015
4155  25.736  -81.692  -7.133 0.1000000015
4154  26.298  -81.678  -7.844 0.1000000015
105788  25.546  -77.072  -9.025 0.1000000015
105573  25.225  -75.859  -8.360 0.1000000015
8211  25.152  -75.208  -8.734 0.1000000015
9062  29.230  -74.724  -15.161 0.1000000015
7560  29.434  -77.374  -16.259 0.1000000015
4143  25.237  -81.535  -6.479 0.1000000015
5977  24.992  -77.851  -7.325 0.1000000015
8979  25.277  -74.393  -8.279 0.1000000015
10679  25.926  -72.239  -9.305 0.1000000015
11553  27.767  -71.637  -12.128 0.1000000015
10702  27.532  -71.565  -11.265 0.1000000015
9055  29.561  -74.635  -14.331 0.1000000015
7536  29.981  -76.653  -14.748 0.1000000015
6782  29.984  -78.081  -15.749 0.1000000015
5305  24.676  -80.038  -5.932 0.1000000015
8965  25.530  -73.987  -7.561 0.1000000015
11526  27.300  -71.780  -9.766 0.1000000015
10677  28.051  -72.232  -9.736 0.1000000015
9870  29.069  -72.775  -12.743 0.1000000015
9025  29.975  -74.025  -12.061 0.1000000015
6781  30.416  -77.881  -15.000 0.1000000015
6054  30.736  -78.655  -15.805 0.1000000015
6048  31.059  -78.496  -15.056 0.1000000015
6780  31.891  -78.307  -15.601 0.1000000015
106283  24.498  -80.439  -4.657 0.1000000015
6670  24.681  -77.461  -5.832 0.1000000015
10656  26.251  -72.762  -7.899 0.1000000015
10665  28.073  -72.618  -8.867 0.1000000015
8276  30.283  -75.427  -13.422 0.1000000015
8292  32.428  -76.891  -15.148 0.1000000015
103487  31.710  -78.072  -14.224 0.1000000015
6771  32.227  -78.006  -14.324 0.1000000015
9060  32.308  -75.578  -15.020 0.1000000015
9809  27.610  -72.769  -7.937 0.1000000015
7491  31.761  -76.757  -11.031 0.1000000015
6749  32.225  -77.342  -12.371 0.1000000015
8265  31.157  -75.808  -11.948 0.1000000015
8266  30.742  -75.568  -12.674 0.1000000015
104726  30.556  -74.681  -10.923 0.1000000015
104869  29.854  -73.984  -10.065 0.1000000015
117974  32.934  -77.403  -13.293 0.1000000015
119089  31.231  -76.378  -12.598 0.1000000015
7526  33.448  -76.611  -12.955 0.1000000015
6761  32.090  -77.903  -13.712 0.1000000015
6760  32.625  -77.639  -13.789 0.1000000015
8263  35.246  -74.911  -11.329 0.1000000015
8275  33.204  -76.217  -13.495 0.1000000015
108363  32.644  -75.275  -14.126 0.1000000015
9890  32.065  -73.286  -14.040 0.1000000015
9046  32.455  -74.233  -13.884 0.1000000015
9827  29.392  -73.660  -9.576 0.1000000015
8221  31.282  -75.963  -9.761 0.1000000015
8235  30.912  -75.266  -10.310 0.1000000015
117711  36.402  -74.503  -11.055 0.1000000015
8954  27.226  -74.016  -5.964 0.1000000015
8964  28.491  -74.031  -6.902 0.1000000015
8233  35.785  -75.193  -10.256 0.1000000015
8219  36.497  -74.529  -10.007 0.1000000015
7469  31.177  -76.125  -8.039 0.1000000015
15962  36.230  -67.084  -13.653 0.4000000060
12436  39.373  -70.292  -14.574 0.3000000119
13323  39.253  -69.128  -14.229 0.3000000119
113528  38.445  -68.266  -14.349 0.3000000119
15032  37.049  -67.359  -14.017 0.4000000060
15033  36.146  -67.160  -14.104 0.4000000060
14218  38.077  -68.534  -14.901 0.3000000119
14214  35.729  -67.785  -14.665 0.4000000060
10865  36.291  -72.214  -23.906 0.1000000015
118542  37.424  -72.267  -23.428 0.1000000015
10836  38.446  -72.309  -22.854 0.2000000030
11678  39.592  -72.068  -21.049 0.3000000119
12438  38.588  -70.699  -14.235 0.3000000119
109653  38.094  -71.538  -19.414 0.4000000060
11645  36.349  -70.846  -18.242 0.4000000060
9967  39.315  -72.944  -21.485 0.2000000030
11679  39.173  -71.761  -20.158 0.3000000119
11666  36.580  -71.099  -19.549 0.4000000060
12483  35.330  -70.638  -18.330 0.4000000060
13339  33.803  -69.369  -16.611 0.4000000060
107815  35.151  -72.525  -24.152 0.1000000015
10835  39.367  -72.321  -22.116 0.3000000119
11657  35.928  -70.877  -18.970 0.4000000060
12474  34.791  -70.333  -17.720 0.4000000060
13348  34.290  -69.901  -17.164 0.4000000060
105419  32.729  -68.539  -16.142 0.5000000000
10849  39.349  -71.546  -22.637 0.2000000030
11695  39.540  -71.717  -21.878 0.3000000119
11697  37.368  -71.234  -20.101 0.3000000119
15043  31.691  -67.467  -15.672 0.4000000060
15967  30.250  -65.947  -14.959 0.4000000060
11667  35.435  -70.864  -19.644 0.4000000060
12484  34.457  -70.493  -18.447 0.4000000060
12476  33.067  -70.044  -18.064 0.4000000060
13349  33.409  -69.721  -17.317 0.5000000000
11738  36.311  -71.424  -24.720 0.2000000030
118525  37.926  -71.417  -23.936 0.2000000030
11712  39.393  -71.346  -22.604 0.2000000030
118871  38.195  -71.187  -20.699 0.3000000119
11698  36.847  -70.876  -20.834 0.3000000119
10866  35.204  -71.924  -24.895 0.1000000015
119647  34.660  -70.765  -19.633 0.4000000060
11696  39.169  -71.496  -21.246 0.3000000119
11680  35.989  -70.960  -20.236 0.4000000060
12496  34.172  -70.639  -19.184 0.4000000060
13340  32.824  -69.138  -16.717 0.5000000000
14224  31.520  -67.992  -16.338 0.5000000000
15980  30.528  -66.615  -15.557 0.4000000060
11681  34.802  -70.893  -20.314 0.4000000060
12485  33.613  -70.382  -18.630 0.4000000060
13350  32.539  -69.563  -17.538 0.5000000000
14247  31.405  -68.518  -16.943 0.5000000000
117190  30.877  -67.337  -16.154 0.4000000060
11726  39.081  -71.256  -23.251 0.2000000030
11725  39.263  -70.972  -23.238 0.2000000030
12514  39.133  -71.012  -22.324 0.4000000060
12528  39.291  -70.942  -23.060 0.2000000030
12515  37.997  -70.882  -21.519 0.3000000119
13361  32.247  -69.837  -18.323 0.5000000000
14235  30.821  -67.982  -16.826 0.5000000000
100132  29.712  -66.212  -15.696 0.4000000060
16888  29.463  -65.563  -15.198 0.4000000060
12529  37.670  -70.367  -22.506 0.4000000060
11699  35.512  -70.912  -21.028 0.4000000060
11668  34.010  -70.761  -19.905 0.4000000060
13351  31.758  -69.389  -17.814 0.5000000000
115574  38.402  -70.404  -24.355 0.2000000030
11751  35.857  -71.165  -25.544 0.2000000030
11737  39.057  -70.929  -23.977 0.2000000030
107012  29.030  -65.743  -15.842 0.4000000060
12541  39.013  -70.663  -23.623 0.2000000030
12516  36.423  -70.692  -21.693 0.3000000119
11700  34.403  -70.923  -21.148 0.4000000060
12497  33.353  -70.544  -19.441 0.4000000060
12542  38.643  -70.330  -22.845 0.3000000119
12543  38.108  -69.891  -23.384 0.4000000060
17842  28.697  -64.552  -15.480 0.4000000060
12486  32.761  -70.245  -18.883 0.5000000000
14248  30.716  -68.538  -17.513 0.5000000000
20772  27.755  -61.001  -14.347 0.4000000060
111170  35.816  -71.182  -26.368 0.2000000030
11750  37.139  -70.641  -25.078 0.2000000030
12518  34.008  -70.750  -21.891 0.4000000060
12506  33.250  -70.706  -20.268 0.4000000060
15056  29.614  -67.373  -17.070 0.5000000000
15981  29.205  -66.335  -16.356 0.4000000060
24709  28.134  -56.983  -13.544 0.4000000060
117577  37.912  -69.618  -25.415 0.2000000030
12555  38.687  -70.034  -24.226 0.2000000030
13394  38.630  -69.825  -23.957 0.2000000030
12530  35.896  -70.373  -22.478 0.4000000060
12499  31.704  -70.099  -19.778 0.5000000000
103267  30.431  -68.817  -18.174 0.5000000000
10903  35.279  -71.960  -26.707 0.2000000030
106749  36.791  -69.792  -23.173 0.4000000060
12517  35.082  -70.749  -21.815 0.3000000119
12498  32.462  -70.401  -19.804 0.5000000000
13362  31.451  -69.593  -18.567 0.5000000000
15996  29.941  -66.907  -16.347 0.5000000000
106003  36.201  -71.435  -27.381 0.2000000030
23754  28.145  -58.853  -15.028 0.4000000060
24723  28.480  -57.055  -14.291 0.2000000030
103349  28.179  -62.261  -15.130 0.4000000060
18806  28.511  -63.671  -15.506 0.4000000060
12564  36.824  -70.330  -26.241 0.2000000030
15998  28.833  -66.367  -17.038 0.4000000060
17854  28.523  -64.299  -16.187 0.4000000060
103063  38.143  -69.335  -25.146 0.2000000030
13409  38.248  -69.544  -24.672 0.2000000030
113356  37.822  -69.385  -26.741 0.2000000030
107665  28.118  -60.916  -15.875 0.4000000060
18820  28.421  -63.480  -16.384 0.4000000060
100580  28.427  -64.075  -16.850 0.4000000060
102600  33.383  -70.828  -21.154 0.3000000119
108176  30.598  -69.232  -18.827 0.5000000000
14249  29.932  -68.402  -18.012 0.5000000000
107863  28.515  -64.898  -16.852 0.4000000060
12531  34.641  -70.452  -22.534 0.4000000060
12507  32.581  -70.578  -20.724 0.4000000060
13371  30.479  -69.403  -19.769 0.5000000000
12563  38.024  -68.980  -26.140 0.2000000030
20785  28.236  -61.883  -16.015 0.4000000060
16008  28.953  -67.039  -17.422 0.5000000000
15073  28.859  -67.561  -18.706 0.5000000000
12519  32.372  -70.363  -22.021 0.4000000060
12508  31.850  -70.243  -20.462 0.5000000000
14255  29.404  -68.290  -18.800 0.5000000000
13386  30.492  -69.467  -20.725 0.5000000000
110838  32.048  -70.331  -21.255 0.5000000000
14219  37.041  -68.416  -15.053 0.4000000060
12465  35.172  -70.106  -17.007 0.4000000060
21784  27.953  -60.519  -15.060 0.4000000060
19755  28.356  -62.814  -15.794 0.4000000060
14265  29.888  -68.882  -19.332 0.5000000000
10777  38.983  -72.868  -16.580 0.3000000119
11629  39.404  -71.968  -16.059 0.3000000119
12461  39.368  -71.079  -15.912 0.2000000030
13335  37.811  -69.937  -16.040 0.2000000030
107680  37.169  -73.856  -17.490 0.2000000030
9907  38.463  -73.358  -17.274 0.3000000119
119003  38.975  -72.485  -17.568 0.3000000119
11643  38.741  -71.830  -17.663 0.3000000119
9942  38.443  -73.681  -18.815 0.2000000030
9951  39.023  -72.979  -19.004 0.2000000030
10805  38.871  -72.601  -18.136 0.2000000030
9975  38.770  -73.059  -22.055 0.2000000030
10056  35.282  -73.165  -27.823 0.1000000015
10071  35.241  -73.695  -28.439 0.1000000015
13431  34.743  -68.649  -26.981 0.1000000015
10759  37.038  -72.731  -15.525 0.1000000015
11583  39.149  -71.309  -14.793 0.2000000030
11606  39.435  -71.140  -15.335 0.2000000030
9899  37.577  -73.354  -16.120 0.2000000030
10757  39.035  -72.568  -15.751 0.2000000030
9911  34.917  -73.485  -16.958 0.1000000015
103087  36.357  -73.959  -17.652 0.1000000015
9909  36.971  -73.708  -16.842 0.2000000030
9925  35.421  -73.998  -17.655 0.1000000015
9080  35.730  -74.470  -18.355 0.1000000015
13445  37.669  -68.924  -27.664 0.1000000015
14347  37.683  -68.304  -27.049 0.1000000015
14332  37.421  -67.775  -26.601 0.1000000015
15165  36.766  -67.129  -25.990 0.1000000015
12576  37.596  -69.727  -28.161 0.1000000015
14348  37.358  -68.209  -27.209 0.1000000015
14333  36.728  -67.406  -26.458 0.1000000015
15132  36.459  -67.056  -25.548 0.1000000015
14349  36.229  -68.283  -27.167 0.1000000015
15167  34.709  -66.424  -25.598 0.1000000015
16086  34.573  -65.749  -25.089 0.1000000015
15151  34.466  -65.347  -25.062 0.1000000015
16100  33.760  -65.225  -25.005 0.1000000015
10779  36.525  -73.263  -16.303 0.2000000030
9910  35.991  -73.645  -16.965 0.1000000015
13395  37.630  -69.282  -23.946 0.1000000015
12544  34.224  -70.158  -23.103 0.3000000119
12570  37.523  -70.009  -27.454 0.1000000015
13421  37.997  -68.823  -25.701 0.1000000015
14304  37.323  -67.939  -25.467 0.1000000015
13411  35.741  -68.447  -24.342 0.2000000030
13397  34.376  -69.521  -23.585 0.3000000119
13400  31.827  -69.504  -23.593 0.3000000119
13391  31.252  -69.740  -22.735 0.3000000119
10929  35.730  -72.574  -28.621 0.1000000015
11764  37.136  -70.645  -28.107 0.1000000015
15149  37.237  -67.467  -25.935 0.1000000015
14305  36.357  -67.436  -25.018 0.1000000015
13412  34.649  -68.465  -24.157 0.2000000030
13399  32.861  -69.274  -23.771 0.3000000119
113343  37.301  -70.133  -28.672 0.1000000015
15133  35.599  -66.402  -25.075 0.1000000015
105932  32.929  -67.107  -24.396 0.2000000030
14292  31.369  -68.649  -24.060 0.3000000119
15135  33.301  -65.766  -24.808 0.1000000015
15136  32.257  -66.440  -24.508 0.2000000030
14308  31.043  -67.842  -24.286 0.4000000060
15152  33.595  -65.800  -25.388 0.1000000015
16088  32.777  -65.456  -24.859 0.1000000015
16089  31.814  -65.617  -24.726 0.3000000119
10712  35.706  -72.225  -11.844 0.1000000015
11564  34.113  -71.189  -12.870 0.1000000015
15087  28.935  -67.916  -19.383 0.4000000060
14276  29.813  -68.976  -20.213 0.4000000060
12520  31.659  -70.017  -21.930 0.3000000119
13385  30.973  -69.658  -21.794 0.4000000060
14282  29.788  -68.959  -21.108 0.4000000060
104514  29.978  -68.852  -23.066 0.4000000060
14286  29.286  -68.378  -22.586 0.4000000060
14293  30.417  -68.515  -23.933 0.4000000060
15121  30.185  -67.581  -24.214 0.5000000000
15137  31.133  -66.775  -24.433 0.3000000119
114983  30.200  -66.461  -24.349 0.5000000000
117010  32.530  -66.025  -25.736 0.2000000030
15153  32.880  -65.230  -25.103 0.1000000015
16090  30.678  -65.472  -24.681 0.4000000060
105365  31.759  -68.179  -26.668 0.1000000015
15169  31.725  -67.011  -26.367 0.1000000015
16101  31.582  -65.123  -25.352 0.2000000030
16997  32.569  -65.234  -25.008 0.2000000030
13433  32.049  -69.183  -27.006 0.1000000015
14337  31.007  -67.891  -26.928 0.1000000015
16110  31.012  -65.531  -26.304 0.2000000030
13450  31.241  -69.497  -27.655 0.1000000015
14350  30.589  -68.400  -27.599 0.1000000015
16009  28.586  -66.401  -17.847 0.4000000060
16907  28.580  -65.672  -17.312 0.3000000119
15074  28.601  -66.767  -18.650 0.4000000060
103146  28.760  -67.848  -21.079 0.4000000060
15101  28.846  -67.869  -20.152 0.4000000060
14283  29.216  -68.439  -21.574 0.4000000060
15102  28.542  -67.175  -20.545 0.4000000060
14294  29.544  -68.142  -23.596 0.4000000060
16076  28.939  -66.314  -23.613 0.4000000060
15123  28.741  -66.957  -23.285 0.4000000060
16091  29.500  -66.109  -24.114 0.5000000000
17000  29.803  -65.300  -24.429 0.4000000060
17013  30.684  -64.558  -25.449 0.3000000119
16998  31.372  -65.083  -25.068 0.4000000060
16999  30.279  -64.514  -24.932 0.4000000060
16119  30.476  -66.600  -27.585 0.2000000030
116602  30.491  -66.434  -27.055 0.2000000030
17026  30.751  -64.730  -26.114 0.2000000030
111629  30.392  -68.152  -28.108 0.1000000015
15179  30.517  -67.418  -27.436 0.2000000030
113285  31.934  -70.593  -31.369 0.1000000015
17884  28.480  -64.687  -18.205 0.4000000060
117045  28.478  -65.017  -17.582 0.4000000060
16935  28.452  -65.436  -19.857 0.4000000060
16061  28.391  -66.247  -21.380 0.4000000060
16949  28.435  -65.689  -20.776 0.4000000060
16069  28.412  -66.320  -22.114 0.4000000060
16980  28.732  -65.055  -23.275 0.4000000060
16970  28.547  -65.517  -22.594 0.4000000060
17952  28.987  -64.476  -23.735 0.3000000119
17969  29.889  -63.830  -24.837 0.4000000060
18950  29.365  -63.766  -24.147 0.4000000060
17993  30.521  -64.141  -26.269 0.3000000119
17982  30.363  -63.919  -25.507 0.3000000119
16129  30.891  -66.211  -28.464 0.2000000030
17051  30.996  -65.381  -28.239 0.2000000030
17039  30.423  -65.583  -27.119 0.2000000030
102009  30.395  -64.735  -26.932 0.2000000030
102481  30.504  -68.079  -28.805 0.2000000030
12634  31.816  -70.411  -33.404 0.1000000015
108903  31.193  -70.406  -31.927 0.1000000015
112139  30.446  -70.085  -31.958 0.1000000015
19767  28.376  -62.649  -16.631 0.3000000119
100900  28.523  -63.751  -18.312 0.4000000060
114974  28.534  -62.928  -18.066 0.3000000119
17898  28.537  -64.589  -19.571 0.4000000060
115293  29.087  -63.885  -20.441 0.4000000060
100409  28.567  -64.839  -20.374 0.4000000060
17921  28.646  -64.947  -21.188 0.4000000060
105515  28.899  -64.400  -20.796 0.4000000060
18928  28.895  -64.182  -22.525 0.4000000060
17935  28.667  -64.863  -22.035 0.4000000060
117842  29.581  -63.016  -23.705 0.4000000060
18935  29.058  -63.833  -23.349 0.3000000119
20962  31.420  -61.802  -26.516 0.3000000119
20963  30.836  -62.069  -26.043 0.3000000119
20945  30.603  -62.001  -25.384 0.3000000119
19918  30.309  -62.556  -25.087 0.3000000119
19905  30.081  -62.547  -24.350 0.3000000119
18012  32.598  -64.114  -28.694 0.2000000030
17050  31.855  -64.808  -28.668 0.2000000030
18978  31.579  -63.237  -27.689 0.3000000119
19945  31.440  -62.495  -27.183 0.2000000030
19929  30.539  -62.645  -25.921 0.3000000119
104605  30.284  -63.038  -25.490 0.3000000119
17064  31.719  -65.700  -29.021 0.2000000030
18979  31.076  -63.846  -27.576 0.2000000030
16138  31.350  -66.597  -29.170 0.2000000030
21804  28.407  -60.416  -16.520 0.3000000119
22844  28.865  -59.886  -17.115 0.3000000119
21823  28.669  -60.672  -17.368 0.3000000119
20812  28.574  -61.559  -17.628 0.4000000060
19781  28.456  -62.454  -17.463 0.3000000119
20853  29.755  -61.787  -19.535 0.3000000119
19795  28.996  -61.968  -19.023 0.4000000060
19837  29.670  -63.449  -20.425 0.4000000060
19817  30.157  -62.657  -20.193 0.4000000060
18867  28.902  -63.387  -19.828 0.4000000060
18888  30.431  -63.721  -21.076 0.4000000060
18889  29.552  -64.059  -21.174 0.4000000060
19863  30.391  -62.791  -21.887 0.3000000119
18914  29.305  -63.804  -21.943 0.4000000060
17920  28.933  -64.381  -21.607 0.4000000060
110544  32.605  -60.086  -24.835 0.3000000119
21922  31.794  -60.498  -23.877 0.2000000030
20913  31.342  -61.029  -23.578 0.2000000030
116020  30.419  -62.110  -22.708 0.2000000030
19880  29.789  -62.645  -22.811 0.3000000119
18927  29.283  -63.400  -22.775 0.3000000119
21969  32.531  -60.660  -25.996 0.3000000119
21954  31.442  -60.912  -25.186 0.3000000119
110252  30.905  -61.449  -24.879 0.2000000030
117123  30.812  -61.500  -24.041 0.2000000030
19890  30.240  -62.148  -23.631 0.2000000030
18011  33.394  -63.500  -28.705 0.2000000030
107365  33.327  -62.219  -27.718 0.3000000119
110911  33.203  -61.597  -27.160 0.3000000119
20981  32.278  -61.842  -27.146 0.3000000119
114250  28.972  -58.206  -15.827 0.3000000119
22806  28.343  -59.295  -15.645 0.3000000119
21783  28.158  -60.074  -15.758 0.3000000119
19835  31.158  -63.476  -21.059 0.3000000119
20903  32.394  -61.363  -22.023 0.2000000030
20883  32.859  -62.256  -21.338 0.2000000030
19862  31.197  -62.891  -21.474 0.2000000030
18887  30.913  -63.555  -21.142 0.2000000030
21908  34.091  -60.150  -22.056 0.2000000030
21910  32.318  -60.551  -22.742 0.2000000030
120108  31.729  -61.655  -22.094 0.2000000030
20884  31.888  -62.364  -21.531 0.2000000030
23742  28.470  -57.911  -14.983 0.2000000030
12586  30.699  -69.879  -28.850 0.1000000015
102546  30.425  -68.747  -28.108 0.1000000015
19943  34.298  -62.131  -27.999 0.3000000119
119926  32.266  -65.225  -29.140 0.2000000030
13328  37.353  -69.199  -15.568 0.3000000119
12462  38.551  -70.663  -16.478 0.3000000119
11630  39.133  -71.546  -16.734 0.3000000119
11563  35.576  -71.231  -12.173 0.1000000015
11608  37.844  -72.219  -14.942 0.2000000030
117125  39.120  -69.719  -15.101 0.2000000030
13410  37.970  -68.958  -24.744 0.1000000015
104887  35.279  -69.881  -23.213 0.3000000119
114700  28.530  -58.637  -15.533 0.3000000119
14303  37.921  -68.666  -25.430 0.1000000015
17863  28.462  -64.300  -17.516 0.3000000119
13396  36.230  -69.188  -23.824 0.3000000119
12533  32.796  -70.369  -22.775 0.2000000030
114734  35.189  -69.162  -23.819 0.2000000030
118208  37.930  -68.889  -27.027 0.1000000015
9908  37.858  -73.565  -16.804 0.2000000030
11642  39.145  -72.345  -16.991 0.3000000119
9923  37.779  -73.708  -17.487 0.1000000015
115983  38.665  -73.237  -18.122 0.2000000030
14334  35.530  -67.379  -26.363 0.1000000015
10758  38.256  -72.874  -15.509 0.2000000030
13430  37.905  -68.532  -26.481 0.1000000015
15166  35.853  -66.620  -25.718 0.1000000015
117522  34.975  -66.062  -25.219 0.1000000015
104197  34.002  -66.298  -24.714 0.1000000015
111034  36.935  -68.510  -24.596 0.2000000030
12545  33.407  -69.953  -23.353 0.3000000119
14306  35.468  -67.498  -24.620 0.2000000030
13398  33.741  -69.119  -23.856 0.3000000119
13401  30.817  -69.230  -23.412 0.4000000060
14285  29.813  -68.924  -22.032 0.4000000060
14290  33.603  -68.006  -24.208 0.3000000119
14291  32.390  -68.469  -24.108 0.3000000119
14307  31.930  -67.684  -24.284 0.3000000119
112744  28.620  -67.154  -19.544 0.4000000060
15117  28.525  -67.079  -22.531 0.4000000060
15170  31.004  -66.736  -26.704 0.2000000030
100069  28.485  -65.232  -18.912 0.4000000060
15111  28.437  -67.052  -21.515 0.4000000060
18014  30.547  -65.125  -27.427 0.2000000030
116105  28.512  -64.376  -18.867 0.4000000060
19928  30.910  -62.522  -26.557 0.3000000119
18001  30.535  -64.167  -27.090 0.2000000030
18013  31.027  -64.557  -27.886 0.2000000030
18851  28.684  -62.888  -18.971 0.4000000060
112515  28.665  -62.199  -18.278 0.4000000060
21953  32.122  -60.511  -25.391 0.3000000119
19944  33.025  -62.869  -28.183 0.2000000030
18989  32.409  -63.368  -28.221 0.2000000030
20834  28.990  -60.844  -18.209 0.4000000060
18913  30.062  -63.663  -21.382 0.4000000060
105534  33.843  -59.598  -23.664 0.2000000030
22934  33.032  -59.765  -23.462 0.2000000030
21920  32.826  -59.997  -22.868 0.2000000030
20905  30.869  -61.567  -23.129 0.2000000030
117289  28.862  -61.524  -18.434 0.3000000119
21844  29.812  -60.274  -18.650 0.3000000119
22826  28.568  -59.622  -16.350 0.2000000030
23768  29.374  -58.509  -16.519 0.2000000030
9952  38.822  -73.561  -19.684 0.1000000015
9961  38.145  -74.038  -20.197 0.1000000015
9960  39.108  -73.313  -20.652 0.1000000015
11609  36.055  -71.792  -15.358 0.1000000015
100362  38.222  -73.644  -21.222 0.1000000015
25646  28.563  -56.520  -13.798 0.1000000015
25645  29.056  -56.365  -14.381 0.1000000015
26576  30.947  -54.975  -14.656 0.1000000015
25644  29.814  -55.951  -14.770 0.1000000015
24732  29.227  -57.492  -15.473 0.1000000015
25650  30.261  -56.405  -15.419 0.1000000015
24745  29.668  -57.873  -16.126 0.1000000015
24731  29.970  -57.181  -15.757 0.1000000015
24744  30.415  -57.605  -16.343 0.1000000015
23781  29.747  -58.783  -17.218 0.1000000015
22842  30.148  -59.078  -17.855 0.2000000030
117323  30.070  -58.208  -16.777 0.1000000015
23767  30.813  -58.025  -16.867 0.2000000030
20832  30.254  -60.925  -19.333 0.2000000030
111517  31.158  -58.424  -17.267 0.2000000030
22841  31.023  -58.966  -17.837 0.2000000030
22864  30.468  -59.569  -18.390 0.2000000030
24751  32.370  -58.024  -17.060 0.2000000030
100384  31.961  -58.755  -17.220 0.2000000030
21843  30.758  -60.161  -19.009 0.2000000030
20852  30.673  -61.782  -19.880 0.2000000030
19816  31.217  -62.993  -20.542 0.2000000030
102427  31.895  -63.263  -20.849 0.1000000015
24742  31.991  -57.324  -16.661 0.2000000030
21863  31.129  -60.902  -19.483 0.2000000030
21862  31.855  -61.009  -19.345 0.2000000030
20851  31.587  -61.867  -19.838 0.1000000015
21861  32.396  -61.757  -19.387 0.1000000015
25651  29.515  -56.725  -15.128 0.1000000015
26578  29.528  -55.605  -14.042 0.1000000015
26577  30.229  -55.303  -14.391 0.1000000015
26582  30.574  -55.638  -15.076 0.1000000015
25649  31.051  -56.131  -15.696 0.1000000015
23780  30.482  -58.555  -17.354 0.2000000030
109522  31.858  -59.317  -17.707 0.2000000030
20959  34.568  -61.145  -27.085 0.2000000030
20961  32.685  -61.174  -26.589 0.2000000030
20960  33.736  -61.152  -26.833 0.2000000030
20979  34.781  -61.618  -27.660 0.2000000030
21985  35.828  -60.514  -26.998 0.2000000030
21951  33.995  -60.087  -25.634 0.2000000030
21966  35.106  -60.637  -26.716 0.2000000030
21967  34.303  -60.630  -26.456 0.2000000030
20978  36.033  -61.016  -27.643 0.2000000030
117261  33.377  -59.869  -25.045 0.2000000030
116039  35.471  -59.794  -25.715 0.1000000015
113226  35.630  -60.110  -26.336 0.2000000030
22956  34.904  -59.667  -25.120 0.2000000030
22957  34.043  -59.676  -24.759 0.2000000030
21948  37.556  -59.633  -25.548 0.1000000015
22954  36.702  -59.577  -25.077 0.1000000015
22943  36.192  -59.599  -24.413 0.1000000015
21946  39.192  -60.406  -25.526 0.1000000015
107383  39.656  -60.580  -26.294 0.1000000015
25660  32.280  -56.441  -16.598 0.1000000015
22932  35.282  -59.651  -23.246 0.1000000015
21917  37.464  -60.194  -23.658 0.1000000015
22944  35.493  -59.572  -24.255 0.1000000015
106901  38.363  -60.005  -25.046 0.1000000015
21934  37.549  -59.836  -24.581 0.1000000015
20943  39.971  -60.918  -25.645 0.1000000015
20925  39.769  -61.059  -24.919 0.1000000015
20941  41.040  -62.124  -25.871 0.1000000015
25669  32.740  -57.041  -17.244 0.1000000015
26595  33.362  -55.387  -17.713 0.1000000015
26596  32.862  -55.981  -17.139 0.1000000015
21909  33.159  -60.456  -22.250 0.1000000015
22919  34.639  -59.772  -22.561 0.1000000015
21918  36.728  -60.054  -23.205 0.1000000015
21919  36.048  -59.914  -22.910 0.1000000015
21932  39.021  -60.632  -24.565 0.1000000015
20942  40.420  -61.568  -25.337 0.1000000015
20924  40.251  -61.816  -24.441 0.1000000015
23778  32.769  -58.796  -17.362 0.1000000015
21888  35.543  -60.824  -21.785 0.1000000015
21889  34.527  -60.913  -21.680 0.1000000015
20878  37.614  -62.041  -21.747 0.1000000015
20901  36.442  -60.453  -22.357 0.1000000015
21907  35.499  -60.044  -22.393 0.1000000015
104688  34.875  -60.198  -21.982 0.1000000015
112757  38.133  -61.522  -22.183 0.1000000015
21906  37.339  -60.524  -22.805 0.1000000015
113300  39.751  -62.443  -22.614 0.1000000015
20899  38.624  -61.321  -22.857 0.1000000015
21933  38.235  -60.358  -24.112 0.1000000015
21916  38.063  -60.715  -23.285 0.1000000015
18924  41.178  -63.563  -23.099 0.1000000015
19889  39.815  -62.147  -23.199 0.1000000015
20911  39.320  -61.570  -23.395 0.1000000015
19888  40.334  -62.343  -23.738 0.1000000015
26606  33.795  -55.762  -18.392 0.1000000015
24750  33.086  -57.895  -17.551 0.1000000015
20882  33.831  -61.912  -21.281 0.1000000015
18926  39.973  -63.008  -22.208 0.1000000015
19854  39.201  -62.497  -22.120 0.1000000015
19878  40.422  -62.802  -22.953 0.1000000015
19860  33.324  -63.070  -20.805 0.1000000015
21965  36.390  -59.956  -26.519 0.1000000015
21964  37.389  -59.772  -26.559 0.1000000015
104219  39.511  -61.313  -24.132 0.1000000015
111540  41.442  -63.090  -24.644 0.1000000015
20881  34.908  -61.848  -21.260 0.1000000015
16211  33.511  -66.478  -34.188 0.1000000015
17120  35.664  -65.659  -33.885 0.1000000015
16226  34.100  -66.149  -34.741 0.1000000015
16227  33.353  -66.524  -35.123 0.1000000015
16236  32.872  -67.348  -36.569 0.1000000015
15307  33.018  -68.017  -37.180 0.1000000015
14433  35.528  -68.771  -38.448 0.1000000015
16192  33.648  -66.405  -33.339 0.1000000015
115572  34.880  -65.831  -33.622 0.1000000015
117962  33.362  -66.570  -36.148 0.1000000015
15282  32.143  -67.621  -35.966 0.1000000015
118780  35.787  -65.499  -33.300 0.1000000015
17101  35.765  -65.260  -32.687 0.1000000015
16176  33.606  -66.346  -32.549 0.1000000015
113407  33.088  -66.702  -32.962 0.1000000015
16212  32.728  -66.903  -34.641 0.1000000015
17139  34.876  -65.840  -34.396 0.1000000015
17086  34.486  -65.364  -31.580 0.1000000015
16163  33.384  -66.294  -31.751 0.1000000015
17119  36.426  -65.304  -33.510 0.1000000015
17100  36.646  -64.731  -32.676 0.1000000015
19037  37.942  -63.926  -32.530 0.1000000015
114322  37.768  -64.642  -33.808 0.1000000015
18078  37.513  -64.439  -32.986 0.1000000015
19036  38.678  -63.684  -32.917 0.1000000015
16191  34.382  -65.971  -32.978 0.1000000015
106333  36.182  -69.417  -38.853 0.1000000015
3619  27.291  -82.623  -10.731 0.1000000015
3633  27.380  -82.623  -11.321 0.1000000015
3643  27.099  -82.795  -11.798 0.1000000015
3653  27.035  -82.861  -13.011 0.1000000015
4222  27.779  -82.153  -13.607 0.1000000015
5362  27.364  -79.891  -11.956 0.1000000015
6053  31.390  -78.624  -15.477 0.1000000015
6713  32.647  -77.419  -9.498 0.1000000015
6734  32.658  -77.362  -11.918 0.1000000015
6762  31.339  -77.593  -13.809 0.1000000015
6772  31.676  -78.343  -14.849 0.1000000015
6773  31.114  -78.049  -14.482 0.1000000015
7534  32.532  -77.534  -14.400 0.1000000015
7543  32.255  -77.744  -15.172 0.1000000015
8232  36.599  -74.486  -10.711 0.1000000015
8274  33.621  -75.852  -12.761 0.1000000015
8277  29.909  -75.247  -14.026 0.1000000015
8278  24.184  -75.815  -13.152 0.1000000015
8287  24.192  -76.247  -14.137 0.1000000015
8344  28.277  -75.525  -19.298 0.1000000015
8963  29.306  -74.643  -7.269 0.1000000015
9022  37.213  -73.960  -10.993 0.1000000015
9842  37.532  -73.296  -11.029 0.1000000015
9959  39.628  -72.229  -21.612 0.3000000119
10617  29.961  -72.021  -4.884 0.1000000015
10632  30.307  -72.396  -5.643 0.1000000015
10655  26.810  -72.594  -7.797 0.1000000015
10699  37.348  -72.425  -11.033 0.1000000015
10703  25.305  -72.082  -10.829 0.1000000015
10740  38.823  -72.204  -15.126 0.2000000030
10778  38.478  -73.220  -16.165 0.2000000030
10794  38.910  -72.899  -17.416 0.3000000119
10807  26.063  -71.694  -18.438 0.1000000015
10817  39.520  -72.602  -21.072 0.1000000015
10834  39.539  -71.799  -22.162 0.3000000119
11527  26.471  -71.725  -9.872 0.1000000015
11582  39.419  -70.897  -14.867 0.3000000119
11584  38.544  -71.635  -14.736 0.2000000030
11590  26.435  -71.401  -14.220 0.1000000015
11591  24.960  -71.311  -13.911 0.1000000015
11592  24.180  -71.410  -14.361 0.1000000015
11607  39.282  -71.707  -15.321 0.2000000030
11658  34.973  -70.714  -19.044 0.4000000060
11682  33.943  -70.855  -20.555 0.4000000060
12380  29.170  -70.535  -7.718 0.1000000015
12381  28.770  -70.210  -6.968 0.1000000015
12384  30.006  -70.854  -9.177 0.2000000030
12391  29.953  -70.368  -9.860 0.3000000119
12422  39.343  -69.726  -14.198 0.3000000119
12424  38.096  -69.862  -13.547 0.3000000119
12437  39.280  -70.406  -14.443 0.3000000119
12451  39.437  -70.549  -14.863 0.3000000119
12452  39.369  -70.467  -15.207 0.2000000030
12453  38.782  -70.208  -15.706 0.2000000030
12464  36.148  -70.257  -16.901 0.4000000060
12475  33.928  -70.183  -17.869 0.4000000060
12487  31.945  -70.047  -19.108 0.5000000000
12532  33.667  -70.446  -22.631 0.3000000119
12534  32.004  -70.168  -22.867 0.3000000119
12546  32.515  -69.958  -23.317 0.3000000119
12554  39.020  -70.621  -23.686 0.2000000030
12593  31.927  -70.542  -29.252 0.2000000030
12594  31.012  -70.337  -29.568 0.2000000030
12602  31.206  -70.473  -30.493 0.2000000030
12611  30.827  -70.344  -31.249 0.2000000030
12612  30.308  -69.910  -31.115 0.2000000030
12620  31.010  -70.272  -32.689 0.1000000015
13190  29.678  -69.489  -2.155 0.1000000015
13230  28.337  -69.518  -5.461 0.1000000015
13262  28.485  -69.343  -7.630 0.1000000015
13272  29.106  -69.528  -9.626 0.3000000119
13313  39.074  -68.924  -13.862 0.4000000060
13315  37.454  -69.211  -13.125 0.3000000119
13326  39.357  -69.825  -14.614 0.3000000119
13327  38.371  -69.399  -15.335 0.3000000119
13352  31.019  -69.121  -18.014 0.5000000000
13370  31.199  -69.745  -19.367 0.5000000000
13378  31.140  -69.863  -20.187 0.5000000000
13392  30.498  -69.323  -22.413 0.4000000060
13434  31.113  -68.789  -27.221 0.1000000015
13444  37.797  -68.540  -27.009 0.1000000015
13451  30.634  -69.089  -27.819 0.1000000015
13465  30.793  -69.567  -28.186 0.1000000015
13466  30.504  -69.241  -28.449 0.1000000015
13475  30.413  -69.373  -29.239 0.2000000030
14161  27.860  -68.110  -7.297 0.2000000030
14189  30.701  -68.567  -11.593 0.5000000000
14200  36.407  -68.593  -12.475 0.2000000030
14208  38.238  -68.387  -13.627 0.4000000060
14211  38.831  -68.517  -14.171 0.4000000060
14212  37.728  -67.852  -14.352 0.3000000119
14213  36.684  -67.736  -14.518 0.4000000060
14217  38.933  -68.934  -14.619 0.3000000119
14222  33.093  -68.145  -15.500 0.5000000000
14246  31.964  -69.059  -17.114 0.5000000000
14254  30.017  -68.741  -18.637 0.5000000000
14266  29.321  -68.419  -19.751 0.5000000000
14277  29.248  -68.447  -20.638 0.4000000060
14331  37.735  -68.100  -26.611 0.1000000015
14376  30.261  -68.935  -30.526 0.1000000015
14434  33.799  -68.849  -37.512 0.1000000015
14903  31.145  -67.162  -1.175 0.1000000015
14930  27.804  -67.241  -3.839 0.1000000015
14991  27.584  -66.949  -9.337 0.3000000119
14998  29.203  -67.442  -11.043 0.5000000000
15026  37.830  -67.817  -13.799 0.4000000060
15027  37.061  -67.428  -13.749 0.4000000060
15031  38.241  -67.999  -14.110 0.4000000060
15066  30.103  -67.944  -17.324 0.5000000000
15067  29.298  -67.756  -17.868 0.5000000000
15068  28.766  -67.156  -18.071 0.5000000000
15110  28.731  -67.820  -22.073 0.4000000060
15116  28.885  -67.671  -23.069 0.4000000060
15122  29.303  -67.114  -23.883 0.5000000000
15134  34.766  -65.870  -25.016 0.1000000015
15148  37.455  -67.677  -26.258 0.1000000015
15150  35.648  -66.515  -25.359 0.1000000015
15189  30.424  -67.345  -28.052 0.1000000015
15204  30.607  -68.321  -29.852 0.3000000119
15233  31.181  -67.947  -31.330 0.1000000015
15807  30.119  -67.097  -1.934 0.1000000015
15839  27.688  -66.574  -3.984 0.1000000015
15949  35.630  -66.544  -13.054 0.4000000060
15958  34.371  -65.615  -13.161 0.5000000000
15963  35.507  -66.621  -13.667 0.5000000000
15965  32.619  -66.671  -14.443 0.5000000000
15979  31.855  -66.884  -14.973 0.5000000000
15997  29.275  -66.851  -16.826 0.4000000060
16023  28.509  -66.159  -19.272 0.4000000060
16034  28.449  -66.366  -20.138 0.4000000060
16048  28.410  -66.528  -20.865 0.4000000060
16077  28.541  -66.347  -22.963 0.4000000060
16087  34.167  -65.219  -25.006 0.1000000015
16109  31.793  -65.762  -25.861 0.2000000030
16130  30.480  -66.647  -28.037 0.2000000030
16137  32.162  -66.247  -29.716 0.2000000030
16139  30.677  -67.081  -28.556 0.2000000030
16210  34.246  -66.122  -33.839 0.1000000015
16228  32.653  -67.011  -35.640 0.1000000015
16783  26.889  -65.173  -7.958 0.3000000119
16840  33.404  -65.392  -12.396 0.5000000000
16843  31.225  -65.483  -11.307 0.5000000000
16872  33.731  -65.583  -13.375 0.6000000238
16889  28.661  -65.108  -16.035 0.4000000060
16898  28.740  -65.720  -16.554 0.4000000060
16921  28.446  -65.517  -18.053 0.4000000060
16961  28.479  -65.580  -21.666 0.4000000060
16979  29.095  -65.385  -23.897 0.5000000000
16996  33.434  -65.169  -25.021 0.1000000015
17052  30.534  -65.963  -27.776 0.2000000030
17062  33.297  -65.252  -29.887 0.3000000119
17072  34.186  -65.183  -30.862 0.2000000030
17085  35.282  -64.972  -31.759 0.2000000030
17103  34.085  -65.867  -32.091 0.1000000015
17121  35.235  -65.638  -33.131 0.1000000015
17682  28.507  -64.433  -3.977 0.2000000030
17776  31.122  -64.270  -11.288 0.5000000000
17789  32.946  -65.105  -12.233 0.5000000000
17806  33.296  -65.271  -12.598 0.5000000000
17841  29.142  -64.834  -14.792 0.5000000000
17943  28.681  -64.782  -22.717 0.4000000060
17953  28.802  -64.434  -23.132 0.4000000060
17970  29.483  -64.524  -24.379 0.4000000060
18023  34.376  -64.356  -29.896 0.3000000119
18058  37.190  -64.168  -32.162 0.2000000030
18059  36.448  -64.379  -31.793 0.2000000030
18060  34.766  -64.913  -31.127 0.2000000030
18077  38.251  -64.191  -33.369 0.1000000015
18671  27.493  -63.394  -5.396 0.2000000030
18754  31.493  -63.964  -11.915 0.5000000000
18773  29.778  -63.445  -12.346 0.5000000000
18774  29.116  -63.298  -12.854 0.6000000238
18792  28.758  -63.286  -13.691 0.5000000000
18798  28.591  -63.472  -14.619 0.5000000000
18832  28.433  -63.381  -17.315 0.3000000119
18890  28.724  -64.123  -20.040 0.4000000060
18925  40.625  -63.611  -22.415 0.1000000015
18949  29.942  -63.170  -24.717 0.4000000060
18961  30.235  -63.456  -25.345 0.3000000119
18980  30.788  -63.201  -27.046 0.2000000030
18988  34.325  -63.230  -28.986 0.3000000119
18990  31.711  -63.960  -28.183 0.2000000030
18995  36.410  -63.510  -30.596 0.2000000030
19009  35.098  -64.123  -30.204 0.3000000119
19643  26.963  -62.964  -7.660 0.3000000119
19684  29.308  -62.878  -10.702 0.5000000000
19686  28.282  -62.195  -9.937 0.5000000000
19818  29.285  -62.619  -19.694 0.3000000119
19836  30.592  -63.530  -20.822 0.2000000030
19864  29.679  -63.233  -22.147 0.3000000119
19879  31.091  -61.942  -22.139 0.2000000030
19904  40.898  -62.319  -25.014 0.1000000015
19942  34.959  -62.014  -28.187 0.2000000030
19961  35.517  -62.179  -28.693 0.3000000119
19963  33.861  -62.742  -28.380 0.3000000119
19974  36.594  -62.421  -29.703 0.3000000119
19986  37.602  -62.626  -30.658 0.2000000030
20642  28.115  -61.336  -5.447 0.2000000030
20643  27.523  -61.279  -6.143 0.2000000030
20671  27.490  -60.978  -8.433 0.2000000030
20771  27.959  -61.833  -14.355 0.4000000060
20786  28.021  -61.393  -15.138 0.4000000060
20796  28.326  -61.247  -16.706 0.3000000119
20833  29.407  -61.180  -18.897 0.4000000060
20880  35.881  -61.836  -21.394 0.1000000015
20898  39.285  -61.896  -22.686 0.1000000015
20900  37.282  -61.120  -22.065 0.1000000015
20902  33.200  -61.385  -21.716 0.2000000030
20904  31.623  -61.190  -22.708 0.2000000030
20912  38.806  -60.978  -23.719 0.1000000015
20926  31.319  -60.950  -24.371 0.2000000030
20927  30.439  -61.987  -24.575 0.3000000119
20944  31.115  -61.528  -25.679 0.3000000119
20958  35.296  -61.109  -27.340 0.2000000030
20980  34.020  -61.649  -27.419 0.2000000030
20994  38.191  -60.828  -28.941 0.1000000015
21009  39.588  -60.685  -29.869 0.1000000015
21822  29.223  -60.095  -17.886 0.2000000030
21842  31.627  -60.295  -18.937 0.2000000030
21890  33.769  -60.908  -21.778 0.1000000015
21905  37.906  -60.982  -22.610 0.1000000015
21911  31.835  -60.648  -23.254 0.2000000030
21921  32.311  -60.187  -23.363 0.2000000030
21935  36.818  -59.741  -24.086 0.1000000015
21936  33.311  -59.719  -24.286 0.2000000030
21937  32.409  -60.039  -24.065 0.3000000119
21938  31.872  -60.446  -24.622 0.3000000119
21947  38.358  -59.799  -25.991 0.1000000015
21949  36.132  -59.677  -25.806 0.2000000030
21950  34.910  -60.133  -26.052 0.2000000030
21952  32.955  -60.267  -25.549 0.2000000030
21968  33.338  -60.611  -26.217 0.2000000030
21970  31.809  -61.049  -26.051 0.3000000119
21980  40.162  -60.730  -27.954 0.1000000015
21982  38.500  -60.229  -27.608 0.2000000030
22798  27.836  -59.161  -14.370 0.5000000000
22807  27.989  -59.664  -15.028 0.4000000060
22825  29.094  -59.154  -16.864 0.3000000119
22843  29.465  -59.413  -17.558 0.1000000015
22863  31.296  -59.623  -18.419 0.2000000030
22865  29.813  -59.630  -18.146 0.2000000030
22920  33.689  -59.732  -22.806 0.1000000015
22931  36.114  -59.722  -23.650 0.1000000015
22933  34.418  -59.587  -23.235 0.1000000015
22945  34.592  -59.579  -24.086 0.2000000030
22955  35.817  -59.569  -25.081 0.1000000015
23638  28.908  -58.740  -6.802 0.1000000015
23656  29.144  -58.078  -7.841 0.1000000015
23658  28.016  -58.592  -8.639 0.1000000015
23769  28.784  -58.892  -16.145 0.3000000119
23779  31.605  -58.009  -16.861 0.2000000030
24664  33.569  -57.469  -11.075 0.1000000015
24722  28.917  -57.085  -14.860 0.1000000015
24724  28.036  -57.714  -14.044 0.2000000030
25597  30.332  -56.547  -10.576 0.2000000030
25639  28.396  -56.378  -13.131 0.2000000030
25668  33.300  -56.334  -17.828 0.1000000015
26543  28.820  -55.833  -11.983 0.2000000030
27574  31.568  -54.871  -11.758 0.1000000015
27610  30.619  -54.813  -14.061 0.1000000015
100306  28.622  -63.802  -19.278 0.4000000060
100393  33.121  -70.633  -21.995 0.4000000060
100793  29.841  -59.531  -5.447 0.1000000015
101125  32.708  -70.590  -29.857 0.1000000015
101423  30.539  -59.750  -5.436 0.1000000015
101761  24.004  -70.704  -19.535 0.1000000015
102851  34.763  -66.954  -24.612 0.2000000030
103835  27.757  -61.384  -13.610 0.5000000000
104263  27.473  -59.946  -13.206 0.4000000060
104567  32.309  -62.648  -27.722 0.2000000030
105068  33.330  -57.106  -17.876 0.1000000015
105662  26.540  -71.361  -11.913 0.1000000015
106440  32.832  -64.824  -29.280 0.3000000119
106451  32.468  -77.610  -13.149 0.1000000015
107262  31.444  -68.146  -11.827 0.5000000000
107606  34.375  -72.814  -16.426 0.1000000015
107684  32.086  -68.568  -16.510 0.5000000000
107845  28.709  -65.741  -23.317 0.4000000060
107865  25.904  -71.424  -11.977 0.1000000015
108351  37.804  -68.050  -26.058 0.1000000015
108843  25.625  -71.216  -14.536 0.1000000015
109865  27.411  -58.064  -11.125 0.3000000119
110071  24.595  -80.472  -5.398 0.1000000015
110813  27.169  -71.412  -11.823 0.1000000015
111497  37.802  -71.301  -14.528 0.3000000119
111826  31.263  -69.925  -21.073 0.5000000000
111889  38.057  -73.688  -18.044 0.1000000015
112177  33.792  -76.111  -12.395 0.1000000015
112228  28.120  -64.681  -9.853 0.4000000060
112427  31.982  -65.209  -11.487 0.5000000000
112777  32.305  -54.096  -12.416 0.1000000015
113041  40.752  -62.520  -24.325 0.1000000015
113194  27.192  -79.877  -13.799 0.1000000015
114378  36.416  -61.156  -21.803 0.1000000015
114480  28.750  -77.441  -20.306 0.1000000015
114495  38.969  -60.128  -26.334 0.2000000030
114557  28.353  -61.967  -16.868 0.3000000119
115128  30.068  -68.765  -11.308 0.4000000060
115255  30.487  -63.419  -26.193 0.3000000119
115908  38.772  -61.822  -22.288 0.1000000015
115949  30.374  -69.334  -21.534 0.4000000060
116133  25.735  -71.679  -10.890 0.1000000015
116422  28.929  -65.195  -15.457 0.4000000060
116627  30.283  -67.516  -16.744 0.5000000000
116847  29.129  -73.122  -13.423 0.1000000015
117131  28.483  -66.023  -18.539 0.4000000060
117270  29.861  -63.292  -11.702 0.5000000000
117675  29.695  -66.784  -2.341 0.1000000015
117894  37.133  -64.858  -33.439 0.1000000015
117910  38.839  -70.208  -23.961 0.2000000030
118363  31.586  -63.979  -12.033 0.5000000000
118497  26.776  -73.200  -21.285 0.1000000015
118669  39.849  -61.832  -23.781 0.1000000015
118828  30.634  -62.934  -26.478 0.3000000119
118953  32.678  -70.585  -21.417 0.4000000060
118994  33.970  -59.603  -24.208 0.2000000030
119149  27.153  -73.305  -19.239 0.1000000015
119163  25.860  -71.384  -12.890 0.1000000015
119411  31.602  -67.226  -24.358 0.3000000119
119503  22.276  -72.661  -15.622 0.1000000015
119851  30.966  -66.080  -24.566 0.4000000060
119874  31.993  -61.426  -26.612 0.3000000119
120066  28.205  -69.277  -4.886 0.1000000015
120231  30.018  -65.843  -24.386 0.5000000000
120239  37.543  -72.864  -11.114 0.1000000015
120348  38.494  -73.300  -16.673 0.2000000030
120441  34.991  -66.063  -25.051 0.1000000015
120545  30.775  -69.608  -21.265 0.5000000000
120652  31.367  -68.926  -17.458 0.5000000000
120811  33.888  -66.148  -35.612 0.1000000015
120963  37.787  -69.310  -27.558 0.1000000015
121420  36.831  -59.576  -25.938 0.1000000015
121444  36.924  -72.078  -15.114 0.2000000030
