#!ascii label  , from subject sub-v1s10x0051084_ses-1 vox2ras=TkReg
548
59455  21.437  -9.004  -35.161 0.1428571492
58385  20.641  -9.723  -34.910 0.1428571492
60425  20.043  -8.145  -36.192 0.1428571492
59454  22.594  -9.096  -34.717 0.1428571492
132220  21.719  -8.344  -35.519 0.2857142985
59472  20.581  -8.596  -35.706 0.1428571492
60424  22.402  -7.798  -35.650 0.1428571492
60440  20.892  -7.317  -36.420 0.5714285970
60439  22.177  -7.107  -36.181 0.1428571492
62267  23.354  -6.057  -36.518 0.2857142985
61350  23.143  -6.742  -36.207 0.2857142985
62277  23.460  -5.334  -36.929 0.1428571492
64207  23.510  -3.301  -38.128 0.2857142985
64196  23.999  -3.842  -37.687 0.1428571492
64197  23.047  -4.078  -37.779 0.2857142985
66226  24.450  -1.851  -38.588 0.2857142985
126731  23.959  -2.577  -38.348 0.2857142985
67261  24.571  -0.532  -39.498 0.2857142985
66247  23.973  -1.185  -39.150 0.2857142985
68364  24.527  0.483  -40.555 0.2857142985
69350  24.048  1.747  -43.101 0.8571428657
69316  24.717  1.089  -41.258 0.4285714328
67282  24.347  -0.087  -40.102 0.2857142985
71303  24.698  2.858  -44.850 0.7142857313
70324  24.954  2.513  -43.810 0.7142857313
70308  24.419  2.098  -43.539 0.7142857313
69332  24.015  1.391  -42.214 0.7142857313
71302  25.386  3.292  -44.721 0.8571428657
72298  26.228  4.933  -45.760 0.4285714328
71316  25.326  3.964  -45.469 0.7142857313
71317  24.623  3.544  -45.363 0.8571428657
74339  27.554  6.521  -46.463 0.2857142985
74326  26.903  6.150  -46.185 0.5714285970
73305  25.470  4.504  -45.481 0.8571428657
73323  26.197  5.351  -45.667 0.7142857313
75276  27.600  7.190  -46.993 0.1428571492
74338  27.956  6.859  -47.056 0.1428571492
122906  27.305  6.770  -46.557 0.4285714328
73324  25.681  4.729  -45.562 0.8571428657
77089  26.876  9.775  -47.568 0.1428571492
76148  27.704  8.393  -47.626 0.1428571492
76149  27.321  8.179  -47.548 0.1428571492
75269  27.033  7.757  -47.018 0.4285714328
74314  25.666  5.726  -45.366 0.8571428657
78045  26.720  10.373  -47.347 0.1428571492
77088  27.072  10.089  -47.557 0.1428571492
76143  26.922  9.000  -47.520 0.1428571492
76144  26.468  8.697  -46.641 0.4285714328
75270  26.402  7.770  -46.163 0.5714285970
75253  25.817  7.134  -45.356 0.7142857313
78046  26.245  10.660  -46.805 0.1428571492
78965  26.166  11.362  -46.549 0.1428571492
77090  26.502  9.817  -47.104 0.1428571492
76128  25.858  8.359  -45.646 0.8571428657
78964  26.584  11.631  -46.694 0.1428571492
78952  25.841  11.770  -45.846 0.2857142985
78032  25.633  10.992  -45.748 0.8571428657
132153  25.980  9.221  -46.037 0.8571428657
125041  25.351  9.027  -45.129 0.8571428657
80853  25.367  12.799  -44.694 0.1428571492
80865  25.826  13.395  -45.598 0.1428571492
78937  25.313  11.530  -45.078 0.4285714328
78938  24.697  11.321  -44.238 0.8571428657
78033  24.946  10.387  -44.810 0.8571428657
77074  24.657  9.616  -44.729 0.8571428657
79859  25.471  12.101  -45.191 0.4285714328
78020  24.265  10.769  -44.343 0.8571428657
78034  23.902  10.152  -44.496 0.8571428657
80854  24.994  13.506  -43.747 0.2857142985
128729  24.816  12.543  -43.633 0.8571428657
79860  25.042  11.965  -44.314 0.8571428657
78939  23.667  11.356  -44.014 0.8571428657
79861  23.703  11.996  -43.569 0.8571428657
78021  23.304  10.719  -44.335 0.8571428657
81857  25.216  14.362  -44.467 0.2857142985
132034  24.504  13.050  -43.205 0.8571428657
79850  23.261  12.560  -43.360 0.8571428657
79851  22.264  12.629  -43.510 0.8571428657
133953  22.796  11.209  -44.201 0.8571428657
81842  24.449  13.710  -42.843 0.8571428657
117881  23.585  13.841  -42.583 0.8571428657
81844  22.518  13.926  -42.632 0.7142857313
80842  22.880  13.240  -43.034 0.7142857313
81843  24.182  14.572  -42.543 0.8571428657
81828  23.158  14.637  -42.368 0.8571428657
81829  22.079  14.644  -42.368 0.8571428657
82779  22.704  15.433  -42.092 0.8571428657
81845  21.495  14.016  -42.809 0.7142857313
83766  24.283  16.812  -42.502 0.7142857313
118117  23.429  15.965  -42.102 0.8571428657
120974  23.614  16.609  -41.990 0.8571428657
83768  22.788  16.255  -41.809 0.8571428657
85516  22.463  18.029  -41.461 0.7142857313
128245  24.478  18.961  -44.445 0.1428571492
84653  23.795  17.388  -41.979 0.8571428657
85528  23.301  17.900  -41.604 0.7142857313
86350  23.105  18.715  -41.540 0.7142857313
84654  22.871  17.148  -41.590 0.8571428657
87166  24.689  20.355  -43.696 0.1428571492
128149  23.750  19.079  -41.863 0.5714285970
86349  24.007  19.784  -41.965 0.5714285970
126760  23.014  21.034  -41.534 0.5714285970
87155  24.196  20.614  -42.082 0.1428571492
87935  24.924  21.821  -44.128 0.1428571492
88733  25.073  23.004  -43.098 0.1428571492
89518  25.437  23.433  -44.290 0.1428571492
87919  24.481  21.494  -42.381 0.1428571492
90308  25.588  24.314  -43.911 0.1428571492
87920  23.878  21.229  -41.750 0.5714285970
89514  25.404  23.696  -43.516 0.1428571492
89503  25.073  23.962  -42.895 0.1428571492
119583  25.547  25.114  -43.751 0.1428571492
90292  24.924  24.790  -42.890 0.1428571492
118269  21.834  -9.494  -34.632 0.1428571492
59470  23.383  -7.880  -35.411 0.1428571492
61332  23.692  -7.155  -35.828 0.2857142985
63241  23.781  -4.601  -37.336 0.2857142985
67283  23.651  -0.450  -39.966 0.2857142985
69331  24.982  1.762  -42.124 0.4285714328
68376  23.884  0.833  -41.362 0.5714285970
72280  26.370  4.494  -45.485 0.2857142985
73322  26.851  5.649  -46.061 0.1428571492
118529  25.000  4.073  -45.618 0.8571428657
122717  26.407  6.064  -45.771 0.7142857313
117566  26.528  10.969  -46.977 0.1428571492
77073  25.696  10.031  -45.771 0.8571428657
76130  24.223  8.623  -44.696 0.8571428657
82799  24.826  14.565  -43.276 0.8571428657
83767  24.100  16.088  -42.416 0.8571428657
85527  23.896  18.274  -42.032 0.7142857313
86348  24.414  19.987  -42.703 0.2857142985
88744  24.898  22.087  -43.107 0.1428571492
132676  25.239  24.359  -45.373 0.1428571492
58367  21.543  -10.058  -34.310 0.1428571492
133244  22.831  -5.740  -36.784 0.2857142985
128477  22.557  -6.317  -36.546 0.4285714328
61351  21.571  -6.519  -36.689 0.2857142985
64206  24.216  -3.197  -38.031 0.2857142985
65238  23.106  -2.638  -38.483 0.2857142985
66227  23.591  -1.928  -38.686 0.2857142985
69333  23.239  1.204  -42.089 0.7142857313
77091  27.616  9.261  -47.563 0.1428571492
78044  26.865  11.007  -47.137 0.1428571492
118628  26.302  12.094  -46.316 0.1428571492
79874  25.895  12.525  -45.695 0.1428571492
78019  25.045  10.973  -44.793 0.8571428657
76129  25.173  8.160  -45.039 0.8571428657
130949  24.484  7.485  -44.805 1.0000000000
81856  25.464  13.671  -44.784 0.1428571492
135787  24.758  15.263  -43.360 0.2857142985
83787  24.505  16.211  -42.853 0.5714285970
85526  24.226  19.057  -42.583 0.4285714328
84668  24.476  17.816  -43.430 0.2857142985
85541  24.475  18.616  -43.495 0.2857142985
86364  24.555  19.436  -43.556 0.1428571492
87154  24.559  20.754  -42.764 0.1428571492
89505  24.058  22.836  -41.972 0.2857142985
87931  24.779  21.263  -43.361 0.1428571492
89504  24.568  23.368  -42.494 0.1428571492
127378  24.468  24.251  -42.541 0.1428571492
88749  24.955  22.390  -44.674 0.1428571492
120650  25.218  25.296  -43.275 0.1428571492
91058  24.755  25.564  -42.889 0.1428571492
122878  25.695  25.724  -44.193 0.1428571492
117573  24.624  15.877  -43.471 0.4285714328
133481  24.543  16.861  -43.306 0.4285714328
84652  24.303  17.570  -42.633 0.5714285970
124042  24.316  18.265  -42.765 0.5714285970
59471  22.536  -8.471  -35.223 0.1428571492
126943  21.358  -7.861  -35.919 0.4285714328
61333  22.987  -7.314  -35.846 0.1428571492
70309  23.804  2.056  -43.946 0.7142857313
72281  24.994  3.971  -45.532 0.8571428657
73337  27.040  5.984  -46.168 0.5714285970
75252  26.745  6.837  -46.182 0.5714285970
118657  27.170  9.168  -47.687 0.1428571492
79849  24.161  12.485  -43.293 0.8571428657
128895  24.435  11.871  -43.673 0.8571428657
79862  22.743  11.855  -43.822 0.8571428657
80841  23.827  13.145  -43.011 0.8571428657
82778  23.776  15.370  -42.338 0.8571428657
86378  24.531  19.741  -44.533 0.1428571492
87142  23.602  20.411  -41.683 0.5714285970
86332  23.327  19.605  -41.614 0.5714285970
88753  24.572  22.579  -45.637 0.1428571492
88735  24.060  22.047  -41.810 0.4285714328
119863  25.491  24.077  -44.554 0.1428571492
88752  25.100  22.867  -44.841 0.1428571492
88734  24.550  22.462  -42.410 0.1428571492
90303  25.354  24.547  -43.328 0.1428571492
63240  24.699  -4.333  -37.287 0.1428571492
82800  24.519  15.411  -42.794 0.5714285970
62268  22.112  -5.835  -36.960 0.4285714328
66228  22.813  -2.067  -38.830 0.5714285970
116883  23.839  23.690  -42.195 0.1428571492
65239  22.213  -2.645  -38.721 0.5714285970
65240  21.256  -2.916  -38.982 0.5714285970
64211  19.917  -3.922  -38.971 0.2857142985
66248  21.675  -1.476  -39.808 0.5714285970
65252  20.675  -2.429  -39.580 0.5714285970
63253  20.563  -4.504  -38.356 0.4285714328
65251  21.650  -2.135  -39.337 0.5714285970
64223  19.433  -3.262  -39.435 0.2857142985
126778  19.858  -2.621  -39.776 0.4285714328
131173  22.803  -0.572  -40.249 0.4285714328
66259  22.127  -0.964  -40.150 0.5714285970
66261  20.635  -1.341  -40.707 0.5714285970
68366  22.938  -0.056  -40.780 0.5714285970
67303  21.421  -0.434  -41.567 0.5714285970
66260  21.306  -1.193  -40.516 0.4285714328
68378  22.213  0.211  -41.536 0.7142857313
68379  21.587  0.076  -41.883 0.4285714328
122394  22.612  0.909  -41.898 0.4285714328
65253  19.112  -2.604  -39.777 0.2857142985
64224  18.701  -3.133  -39.398 0.2857142985
68377  23.071  0.567  -41.429 0.7142857313
127058  22.743  1.380  -42.444 0.7142857313
69353  21.464  1.446  -42.403 0.4285714328
70327  22.896  2.260  -43.406 0.7142857313
70310  22.105  2.088  -42.861 0.5714285970
127466  22.280  2.690  -43.261 0.7142857313
70328  21.375  2.848  -43.095 0.2857142985
69351  23.434  1.706  -43.032 0.5714285970
132136  22.998  1.859  -43.150 0.7142857313
71305  23.772  2.633  -44.528 0.7142857313
72267  22.321  4.008  -43.788 0.7142857313
72266  23.424  3.440  -44.104 0.7142857313
71306  21.781  3.442  -43.473 0.4285714328
72285  21.768  4.879  -44.257 0.4285714328
70325  24.190  2.394  -44.567 0.5714285970
70326  23.553  2.241  -43.921 0.5714285970
71304  24.196  2.989  -45.055 0.5714285970
134152  23.762  3.971  -44.309 0.7142857313
73308  23.434  5.059  -44.363 0.7142857313
74316  23.453  6.112  -44.597 0.7142857313
73309  22.267  5.308  -44.439 0.7142857313
73310  21.324  5.765  -44.800 0.5714285970
75246  21.727  6.522  -44.858 0.5714285970
73306  25.283  4.283  -45.537 0.7142857313
72283  24.381  3.993  -44.840 0.5714285970
73307  24.529  5.046  -44.809 0.7142857313
125031  24.254  6.568  -44.718 0.8571428657
130238  20.953  5.019  -44.522 0.4285714328
75244  23.405  7.110  -44.693 0.7142857313
75255  22.610  7.591  -44.712 0.7142857313
75256  21.749  7.222  -44.868 0.5714285970
119224  21.880  8.007  -44.779 0.7142857313
120830  25.094  4.866  -45.284 0.5714285970
75254  23.477  7.884  -44.690 0.8571428657
76131  22.855  8.506  -44.631 0.7142857313
76132  21.212  8.447  -44.867 0.5714285970
78036  20.917  10.012  -44.875 0.2857142985
133326  25.041  6.581  -44.985 0.7142857313
78023  21.503  10.775  -44.545 0.7142857313
135833  21.968  8.696  -44.685 0.8571428657
77076  22.437  9.321  -44.587 0.8571428657
116498  21.948  10.044  -44.584 0.5714285970
78022  22.405  10.717  -44.404 0.8571428657
78940  22.029  11.372  -44.259 0.8571428657
78941  21.116  11.517  -44.403 0.7142857313
77075  23.476  9.393  -44.558 0.8571428657
79863  21.669  12.057  -43.989 0.8571428657
81830  21.093  14.682  -42.492 0.7142857313
82780  21.622  15.303  -42.114 0.5714285970
81831  20.303  14.825  -42.695 0.7142857313
82781  20.676  15.362  -42.290 0.7142857313
117704  22.051  15.883  -41.839 0.7142857313
83756  21.927  16.553  -41.639 0.8571428657
135999  20.850  17.644  -41.595 0.7142857313
83770  20.269  16.110  -42.139 0.7142857313
85518  20.292  18.246  -41.718 0.7142857313
121111  20.547  19.013  -41.611 0.7142857313
84643  19.306  18.137  -42.162 0.5714285970
85517  21.349  18.328  -41.486 0.7142857313
85519  19.575  18.915  -41.943 0.5714285970
86335  20.750  19.707  -41.648 0.4285714328
86336  19.900  19.677  -41.899 0.5714285970
121149  22.163  18.748  -41.445 0.5714285970
86337  18.797  19.636  -42.256 0.5714285970
119710  20.355  20.363  -41.876 0.5714285970
87146  19.209  20.495  -42.251 0.5714285970
126890  17.857  20.403  -42.538 0.5714285970
86351  17.474  19.593  -42.631 0.4285714328
87157  18.176  21.195  -42.513 0.5714285970
87144  20.785  21.021  -41.921 0.5714285970
87159  16.208  20.713  -42.355 0.4285714328
120023  15.975  18.908  -42.964 0.4285714328
87158  17.032  21.030  -42.496 0.5714285970
88739  16.964  22.336  -42.081 0.4285714328
72282  24.596  3.397  -45.455 0.5714285970
88738  17.799  22.765  -42.286 0.2857142985
87923  16.654  21.453  -42.155 0.4285714328
87910  16.506  21.693  -41.916 0.2857142985
64209  21.750  -3.436  -38.504 0.5714285970
63252  21.388  -4.051  -38.337 0.5714285970
67262  23.063  -1.054  -39.628 0.2857142985
65250  22.419  -1.610  -39.372 0.4285714328
64210  20.878  -3.666  -38.724 0.5714285970
65264  20.217  -2.005  -40.209 0.4285714328
67284  21.046  -0.900  -41.305 0.4285714328
66262  19.967  -1.555  -40.648 0.2857142985
69335  21.607  0.722  -42.109 0.5714285970
70307  26.428  2.615  -42.583 0.2857142985
70311  20.991  2.220  -42.693 0.2857142985
77077  21.502  9.251  -44.713 0.7142857313
81846  20.582  14.217  -43.080 0.7142857313
84642  20.060  17.478  -41.883 0.7142857313
85520  18.419  18.839  -42.370 0.5714285970
128668  16.598  20.247  -42.699 0.2857142985
86334  21.443  19.251  -41.487 0.5714285970
86333  22.397  19.467  -41.478 0.5714285970
123408  21.515  20.257  -41.592 0.5714285970
87156  19.082  21.283  -42.421 0.5714285970
87909  19.529  21.753  -42.395 0.2857142985
130362  21.025  -0.644  -41.753 0.4285714328
125741  23.204  -1.555  -39.095 0.2857142985
74315  24.877  5.781  -44.957 0.7142857313
78035  22.903  10.067  -44.473 0.7142857313
84641  21.728  17.405  -41.513 0.8571428657
79852  21.269  12.768  -43.679 0.7142857313
126155  23.931  2.422  -44.683 0.5714285970
137069  22.290  -2.110  -39.056 0.5714285970
64222  20.326  -3.180  -39.304 0.5714285970
66249  20.966  -1.711  -39.978 0.5714285970
120894  22.154  -0.389  -40.855 0.5714285970
119821  21.529  -0.716  -40.927 0.5714285970
69334  22.141  0.805  -41.998 0.5714285970
69352  22.231  1.379  -42.432 0.7142857313
138840  23.487  2.020  -43.587 0.7142857313
135050  22.988  2.907  -43.697 0.7142857313
72284  22.817  4.517  -44.083 0.7142857313
72265  24.136  2.820  -45.110 0.5714285970
74317  22.345  5.974  -44.681 0.7142857313
137302  24.291  5.941  -44.684 0.5714285970
75245  22.476  6.766  -44.734 0.7142857313
74328  20.954  6.774  -45.156 0.2857142985
116129  20.647  9.044  -45.068 0.2857142985
83769  21.214  15.972  -41.861 0.7142857313
83757  20.844  16.821  -41.695 0.7142857313
87145  19.910  21.063  -42.179 0.7142857313
87921  18.479  21.931  -42.490 0.5714285970
67286  19.427  -1.043  -40.801 0.1428571492
67304  20.468  -0.400  -41.722 0.4285714328
66246  25.151  -1.104  -38.942 0.1428571492
138753  25.143  -0.515  -39.375 0.1428571492
69315  25.534  1.272  -41.095 0.1428571492
68363  25.353  0.656  -40.475 0.1428571492
68345  25.103  -0.016  -39.840 0.1428571492
138422  25.725  1.647  -41.480 0.1428571492
71292  26.779  3.151  -43.181 0.2857142985
72264  26.185  3.872  -44.794 0.1428571492
80843  21.874  13.336  -43.176 0.5714285970
92486  25.257  27.935  -43.531 0.1428571492
79864  20.726  12.251  -44.208 0.4285714328
115890  24.427  27.733  -43.073 0.1428571492
90293  24.290  25.103  -42.568 0.1428571492
82782  19.671  15.458  -42.664 0.4285714328
90296  21.162  24.633  -42.345 0.2857142985
89496  21.095  23.195  -42.160 0.2857142985
87907  21.064  21.791  -42.005 0.2857142985
82813  17.763  15.279  -44.257 0.1428571492
83771  19.325  16.374  -42.521 0.5714285970
84655  19.927  16.805  -42.097 0.5714285970
89508  20.514  23.937  -42.355 0.2857142985
125054  21.548  21.119  -41.703 0.4285714328
83789  17.517  16.521  -43.656 0.4285714328
84656  19.038  17.299  -42.434 0.5714285970
88736  19.909  23.133  -42.446 0.2857142985
84669  16.942  17.275  -43.442 0.4285714328
84658  16.777  17.947  -42.970 0.2857142985
88737  19.039  22.552  -42.486 0.1428571492
85529  16.960  18.782  -42.858 0.4285714328
127516  17.773  23.555  -42.095 0.1428571492
89509  19.310  24.068  -42.362 0.1428571492
137460  16.139  18.448  -43.104 0.2857142985
88725  16.896  22.488  -41.619 0.2857142985
88711  17.147  22.238  -40.415 0.1428571492
89510  18.298  24.159  -42.111 0.1428571492
88724  17.227  23.199  -41.976 0.1428571492
88710  17.405  23.291  -41.190 0.1428571492
89497  17.788  23.961  -41.841 0.1428571492
89486  17.926  24.124  -41.202 0.1428571492
61353  19.348  -7.125  -36.845 0.4285714328
61361  19.325  -6.578  -37.190 0.2857142985
128506  25.206  -1.928  -38.487 0.1428571492
68344  25.999  0.211  -39.891 0.1428571492
70295  26.132  1.998  -41.823 0.1428571492
80845  20.021  13.761  -43.651 0.2857142985
88721  22.667  22.461  -41.726 0.2857142985
90297  20.012  24.797  -42.378 0.2857142985
89507  21.609  23.891  -42.246 0.2857142985
121226  18.811  25.037  -42.194 0.2857142985
61362  18.919  -6.996  -36.849 0.2857142985
63226  24.371  -5.073  -36.888 0.1428571492
65237  24.822  -2.668  -38.175 0.1428571492
65236  25.699  -2.453  -38.195 0.1428571492
120081  26.210  3.418  -44.035 0.1428571492
122244  25.404  2.373  -42.908 0.1428571492
84670  16.140  17.603  -43.617 0.1428571492
80855  20.355  12.984  -43.922 0.4285714328
82803  17.046  16.202  -44.239 0.2857142985
129305  22.201  20.867  -41.555 0.4285714328
91061  20.822  25.591  -42.411 0.2857142985
89495  22.139  23.200  -41.961 0.2857142985
126291  21.865  25.200  -42.390 0.2857142985
91060  22.587  25.728  -42.462 0.1428571492
91779  22.311  26.635  -42.620 0.1428571492
91059  24.151  25.945  -42.602 0.1428571492
90298  18.338  24.835  -41.859 0.2857142985
91062  19.499  25.690  -42.394 0.2857142985
119621  23.332  26.276  -42.552 0.1428571492
92468  24.089  26.877  -42.734 0.1428571492
90294  23.618  24.564  -42.351 0.1428571492
124054  23.472  25.427  -42.446 0.1428571492
72263  27.239  4.224  -44.528 0.2857142985
129574  23.274  21.808  -41.617 0.4285714328
89506  22.730  23.981  -42.189 0.2857142985
61352  20.312  -6.737  -36.955 0.4285714328
70323  25.657  2.938  -43.741 0.4285714328
87143  22.711  20.265  -41.517 0.4285714328
87906  22.203  21.658  -41.640 0.2857142985
89494  23.185  23.116  -41.903 0.2857142985
81847  19.646  14.636  -43.328 0.4285714328
87922  17.426  21.837  -42.355 0.4285714328
87895  16.657  21.601  -41.043 0.2857142985
80844  20.923  13.510  -43.405 0.5714285970
84644  18.097  18.057  -42.565 0.5714285970
87908  20.305  21.552  -42.182 0.2857142985
88723  20.122  22.211  -42.336 0.2857142985
67260  25.730  -0.451  -39.377 0.1428571492
128094  26.245  1.461  -41.048 0.1428571492
137857  20.781  22.557  -42.185 0.2857142985
88722  21.652  22.483  -41.900 0.2857142985
82802  18.151  15.736  -43.814 0.2857142985
83788  18.652  15.988  -43.041 0.4285714328
127807  18.616  23.401  -42.358 0.1428571492
83772  18.249  16.793  -42.924 0.4285714328
84657  17.860  17.482  -42.835 0.5714285970
80856  19.525  13.274  -44.227 0.2857142985
138255  22.023  24.502  -42.321 0.2857142985
90295  22.721  24.898  -42.350 0.2857142985
91778  23.188  27.000  -42.695 0.1428571492
92477  18.897  27.800  -42.736 0.1428571492
117632  20.015  26.451  -42.518 0.1428571492
93172  19.096  28.513  -42.964 0.1428571492
118278  18.658  25.618  -41.294 0.1428571492
130996  18.841  28.310  -42.685 0.1428571492
91787  18.937  26.470  -42.516 0.1428571492
91776  18.306  26.259  -41.923 0.1428571492
91769  18.741  26.313  -41.476 0.1428571492
91069  18.497  26.428  -42.242 0.1428571492
92465  18.547  27.695  -42.035 0.1428571492
93165  18.884  29.048  -42.819 0.1428571492
91063  18.641  25.949  -42.278 0.1428571492
91781  18.344  26.906  -42.174 0.1428571492
93161  19.823  28.174  -41.399 0.1428571492
93895  19.089  29.326  -42.394 0.1428571492
115376  21.066  7.663  -45.065 0.2857142985
92463  19.138  26.708  -41.305 0.1428571492
93890  19.731  29.020  -41.620 0.1428571492
119719  19.333  29.492  -43.132 0.1428571492
68365  23.744  0.224  -40.679 0.2857142985
91780  21.158  26.547  -42.573 0.1428571492
122469  19.416  27.864  -42.904 0.1428571492
92470  20.303  27.300  -42.730 0.1428571492
92462  19.260  27.470  -41.458 0.1428571492
91767  19.932  26.716  -40.910 0.1428571492
63243  21.526  -4.613  -37.935 0.4285714328
63242  22.362  -4.663  -37.640 0.2857142985
126012  23.064  -4.809  -37.386 0.1428571492
64198  22.129  -4.044  -38.111 0.2857142985
64208  22.624  -3.365  -38.293 0.2857142985
129999  21.795  -5.280  -37.452 0.2857142985
62279  20.846  -5.282  -37.750 0.4285714328
62278  22.625  -5.289  -37.202 0.1428571492
82801  19.005  15.343  -43.380 0.2857142985
62280  20.105  -5.987  -37.492 0.2857142985
63244  19.804  -5.328  -38.053 0.2857142985
134101  21.269  -0.365  -41.886 0.2857142985
68380  20.957  0.021  -42.087 0.2857142985
69336  21.002  0.878  -42.208 0.2857142985
71307  20.707  3.540  -43.511 0.1428571492
72268  21.096  4.324  -43.933 0.2857142985
115945  19.901  8.786  -45.617 0.1428571492
77078  20.054  9.674  -45.324 0.1428571492
78953  20.610  10.912  -44.775 0.1428571492
130717  20.164  10.407  -45.120 0.1428571492
78942  20.212  11.678  -44.658 0.1428571492
78943  19.260  11.861  -44.995 0.1428571492
81859  18.282  14.394  -44.343 0.1428571492
81848  18.699  14.902  -43.846 0.1428571492
86352  16.345  19.529  -42.908 0.1428571492
86353  15.799  19.794  -42.511 0.1428571492
87147  15.716  20.486  -42.128 0.1428571492
87924  16.137  21.113  -42.139 0.1428571492
60441  19.665  -7.591  -36.575 0.2857142985
62269  21.159  -5.960  -37.247 0.1428571492
60426  18.903  -8.384  -36.275 0.2857142985
67285  20.391  -0.923  -41.230 0.2857142985
68381  19.960  0.192  -41.882 0.2857142985
72269  20.013  4.045  -44.087 0.1428571492
73325  20.347  6.069  -45.227 0.1428571492
116446  20.126  6.729  -45.469 0.1428571492
120020  19.148  8.537  -45.944 0.1428571492
115732  19.471  10.300  -45.434 0.1428571492
79865  19.842  12.468  -44.458 0.1428571492
85521  15.467  19.074  -42.359 0.1428571492
85530  15.997  18.391  -42.779 0.1428571492
81858  19.174  14.094  -44.017 0.1428571492
62281  19.061  -5.933  -37.604 0.2857142985
68390  20.283  0.822  -42.185 0.1428571492
115533  19.781  11.053  -45.122 0.1428571492
77079  19.281  9.426  -45.701 0.1428571492
60427  18.630  -8.126  -36.183 0.1428571492
60442  18.838  -7.612  -36.491 0.1428571492
60428  18.492  -7.447  -35.861 0.1428571492
60450  18.699  -7.022  -36.588 0.1428571492
134578  27.371  4.685  -45.212 0.1428571492
83804  24.489  16.411  -44.619 0.1428571492
59473  19.138  -8.913  -36.068 0.1428571492
126102  18.533  -6.430  -37.026 0.1428571492
63254  19.410  -4.627  -38.541 0.1428571492
64212  18.795  -3.939  -38.964 0.1428571492
82812  24.828  15.293  -44.305 0.1428571492
81868  24.980  14.888  -45.549 0.1428571492
72297  27.071  5.060  -45.896 0.1428571492
65265  19.575  -2.091  -40.157 0.1428571492
60443  18.537  -7.346  -36.257 0.1428571492
129661  18.549  -4.632  -38.419 0.1428571492
74327  26.171  5.331  -45.678 0.5714285970
88720  23.509  22.445  -41.742 0.2857142985
88748  25.333  22.907  -43.979 0.1428571492
89521  25.106  23.364  -45.120 0.1428571492
91053  18.317  25.502  -41.885 0.1428571492
91068  25.452  25.832  -43.633 0.1428571492
91786  19.213  27.185  -42.750 0.1428571492
92466  18.501  26.929  -41.811 0.1428571492
92471  18.627  27.702  -42.433 0.1428571492
92478  18.672  27.083  -42.508 0.1428571492
93163  18.982  28.429  -41.863 0.1428571492
93906  18.867  30.022  -42.955 0.1428571492
93916  20.055  30.231  -43.336 0.1428571492
123265  18.362  26.188  -42.091 0.1428571492
125182  25.114  22.447  -43.765 0.1428571492
125683  18.799  28.412  -42.395 0.1428571492
126206  20.448  29.332  -43.192 0.1428571492
130964  18.432  26.121  -42.166 0.1428571492
137246  24.044  2.739  -44.909 0.5714285970
