#!ascii label  , from subject sub-v1s10x0051118_ses-1 vox2ras=TkReg
1065
42631  22.068  -22.534  51.003 0.0000000000
43555  35.436  -21.606  53.050 0.0000000000
105722  37.845  -6.070  33.339 0.0000000000
126431  28.835  -10.086  43.344 0.0000000000
48508  34.480  -14.998  47.953 0.0000000000
107836  48.016  6.622  24.158 0.0000000000
54589  38.985  -8.760  37.194 0.0000000000
55527  34.645  -7.232  36.380 0.0000000000
40831  18.061  -23.939  52.001 0.0000000000
42626  28.096  -22.461  51.073 0.0000000000
106492  30.302  -21.616  48.034 0.0000000000
44522  23.188  -21.053  47.091 0.0000000000
63128  42.544  1.002  28.890 0.0000000000
110332  25.833  -21.914  54.366 0.0000000000
44459  21.157  -20.541  55.611 0.0000000000
59785  42.535  -3.165  30.721 0.0000000000
41641  18.313  -23.189  56.664 0.0000000000
108092  16.134  -27.946  58.053 0.0000000000
57164  32.605  -5.566  42.382 0.0000000000
51049  30.945  -12.244  46.445 0.0000000000
47062  33.899  -17.047  42.391 0.0000000000
44547  32.500  -20.130  45.247 0.0000000000
56355  38.386  -6.191  39.024 0.0000000000
54592  36.138  -8.624  37.116 0.0000000000
56358  35.776  -6.166  39.335 0.0000000000
56353  41.004  -6.057  38.632 0.0000000000
42666  19.548  -22.614  48.809 0.0000000000
40849  18.474  -24.575  49.179 0.0000000000
42634  19.617  -22.493  50.911 0.0000000000
116027  25.498  -22.480  50.941 0.0000000000
43585  26.103  -21.936  49.204 0.0000000000
43607  22.413  -21.743  48.425 0.0000000000
43639  20.701  -21.752  47.051 0.0000000000
58957  36.706  -3.978  32.098 0.0000000000
57269  40.638  -5.678  34.259 0.0000000000
58105  39.596  -4.084  33.072 0.0000000000
59788  39.059  -2.332  31.591 0.0000000000
45288  20.840  -19.694  58.066 0.0000000000
43502  19.290  -21.100  56.178 0.0000000000
122459  19.388  -21.415  58.219 0.0000000000
38943  17.026  -26.022  62.070 0.0000000000
127504  17.185  -26.182  59.747 0.0000000000
38131  15.990  -27.999  60.495 0.0000000000
36376  13.885  -29.303  61.032 0.0000000000
36358  13.770  -29.142  63.457 0.0000000000
52700  32.659  -10.248  48.733 0.0000000000
50218  32.647  -13.736  47.461 0.0000000000
49383  32.612  -14.583  44.802 0.0000000000
48526  34.261  -16.042  45.411 0.0000000000
108792  27.882  -20.234  46.277 0.0000000000
43633  31.320  -21.073  46.838 0.0000000000
44572  28.635  -19.759  44.571 0.0000000000
45461  29.497  -19.063  42.348 0.0000000000
55452  30.227  -7.711  42.723 0.0000000000
56361  30.418  -6.492  39.762 0.0000000000
54570  28.397  -8.489  39.937 0.0000000000
69099  49.162  8.774  20.779 0.0000000000
67516  47.319  6.207  21.539 0.0000000000
55563  39.477  -7.988  35.035 0.0000000000
53729  37.183  -9.458  35.073 0.0000000000
56408  41.189  -6.373  36.595 0.0000000000
42574  31.975  -22.553  52.215 0.0000000000
42641  32.896  -22.351  49.970 0.0000000000
120060  29.495  -22.321  50.031 0.0000000000
43621  26.488  -21.084  47.740 0.0000000000
45391  24.715  -19.511  45.341 0.0000000000
63125  45.350  0.741  29.375 0.0000000000
64062  45.037  2.872  28.845 0.0000000000
66656  44.929  5.350  27.095 0.0000000000
67492  44.805  6.303  24.958 0.0000000000
42583  23.741  -22.516  52.453 0.0000000000
42561  21.977  -22.140  53.111 0.0000000000
43518  23.568  -21.557  55.319 0.0000000000
42557  26.826  -22.261  53.276 0.0000000000
61399  42.714  -1.123  29.629 0.0000000000
42564  19.687  -21.630  53.591 0.0000000000
41656  17.622  -23.841  54.614 0.0000000000
39074  16.741  -26.104  54.751 0.0000000000
41624  18.502  -23.727  58.802 0.0000000000
39014  17.153  -26.054  57.562 0.0000000000
36339  10.958  -29.602  67.093 0.0000000000
58030  35.385  -4.886  41.826 0.0000000000
54511  31.045  -8.295  44.903 0.0000000000
53591  31.620  -9.296  46.830 0.0000000000
51878  29.723  -11.131  44.944 0.0000000000
126386  30.707  -13.739  43.545 0.0000000000
48586  32.657  -16.017  41.605 0.0000000000
116951  31.636  -17.964  39.310 0.0000000000
43579  34.271  -21.241  49.170 0.0000000000
115750  34.908  -19.500  47.617 0.0000000000
47016  35.028  -17.598  46.638 0.0000000000
45430  33.402  -19.194  43.936 0.0000000000
45476  30.786  -18.854  41.326 0.0000000000
57223  33.216  -6.017  38.982 0.0000000000
55530  31.572  -6.870  36.082 0.0000000000
57190  38.373  -4.998  39.968 0.0000000000
56356  37.648  -6.208  39.167 0.0000000000
123910  36.892  -5.254  40.230 0.0000000000
56340  39.792  -5.509  39.375 0.0000000000
42654  20.537  -22.234  49.670 0.0000000000
42655  19.692  -22.496  49.791 0.0000000000
111693  20.519  -22.380  51.156 0.0000000000
119243  23.601  -22.516  50.752 0.0000000000
43588  23.581  -22.173  49.244 0.0000000000
43589  22.497  -22.110  49.210 0.0000000000
42664  20.665  -21.922  48.833 0.0000000000
57272  36.889  -5.089  32.799 0.0000000000
57270  39.634  -5.394  33.952 0.0000000000
58090  40.364  -4.804  33.602 0.0000000000
58092  38.319  -4.573  33.349 0.0000000000
58931  37.756  -3.970  33.040 0.0000000000
38944  16.474  -26.540  62.458 0.0000000000
38130  16.265  -27.270  61.120 0.0000000000
38119  15.844  -27.930  61.505 0.0000000000
37283  14.540  -28.987  60.519 0.0000000000
37270  14.612  -28.693  62.208 0.0000000000
36363  13.546  -29.369  62.621 0.0000000000
51014  33.076  -12.619  49.013 0.0000000000
49363  33.727  -14.558  47.696 0.0000000000
49369  33.383  -14.852  47.042 0.0000000000
48514  34.358  -15.602  47.189 0.0000000000
44478  35.894  -20.943  52.537 0.0000000000
45389  26.521  -19.094  45.144 0.0000000000
44551  28.293  -20.017  45.508 0.0000000000
106719  26.809  -18.835  43.867 0.0000000000
45436  27.372  -18.825  43.190 0.0000000000
54552  29.076  -8.817  42.532 0.0000000000
55463  29.060  -7.850  41.013 0.0000000000
67497  48.169  6.848  24.973 0.0000000000
67496  49.460  7.124  24.716 0.0000000000
67509  48.995  6.847  23.110 0.0000000000
68270  48.831  6.816  22.404 0.0000000000
67511  47.460  6.141  22.553 0.0000000000
54629  39.419  -8.535  35.661 0.0000000000
110913  38.411  -9.167  35.074 0.0000000000
54606  38.482  -9.189  36.471 0.0000000000
55526  35.360  -7.892  36.981 0.0000000000
54609  35.706  -8.624  36.452 0.0000000000
55546  34.315  -7.529  35.487 0.0000000000
108491  39.881  -7.619  37.622 0.0000000000
55525  40.271  -7.500  36.622 0.0000000000
55545  40.286  -7.483  35.951 0.0000000000
125344  18.171  -24.239  50.731 0.0000000000
119197  17.470  -25.207  52.036 0.0000000000
42602  29.431  -22.537  51.663 0.0000000000
125513  30.556  -22.464  50.623 0.0000000000
119246  28.663  -22.334  50.308 0.0000000000
43623  24.737  -21.325  47.791 0.0000000000
43603  26.263  -21.521  48.448 0.0000000000
44520  25.012  -20.799  47.139 0.0000000000
44536  25.270  -20.220  46.509 0.0000000000
44537  24.429  -20.355  46.447 0.0000000000
44554  22.676  -20.739  45.677 0.0000000000
49403  29.476  -14.369  41.798 0.0000000000
107165  44.087  0.404  29.028 0.0000000000
64057  45.643  2.157  29.180 0.0000000000
64059  43.877  1.901  28.813 0.0000000000
64982  43.141  3.931  27.587 0.0000000000
65851  43.150  4.984  26.168 0.0000000000
66660  44.618  5.690  26.362 0.0000000000
42542  25.215  -22.142  53.930 0.0000000000
42544  23.632  -22.179  53.852 0.0000000000
43535  25.128  -21.875  54.672 0.0000000000
108937  25.988  -22.172  53.628 0.0000000000
125921  25.019  -22.519  52.399 0.0000000000
61397  44.694  -1.199  29.836 0.0000000000
59803  42.953  -2.622  30.366 0.0000000000
111698  39.019  -1.483  30.566 0.0000000000
43539  21.203  -21.382  54.176 0.0000000000
42563  20.490  -21.756  53.077 0.0000000000
43540  20.190  -21.129  54.253 0.0000000000
42517  18.528  -22.429  56.227 0.0000000000
42529  18.446  -22.403  55.375 0.0000000000
41649  17.718  -23.825  55.485 0.0000000000
39970  17.034  -25.379  54.453 0.0000000000
118961  17.237  -25.090  55.850 0.0000000000
41618  18.688  -23.779  60.624 0.0000000000
117027  16.577  -27.157  59.185 0.0000000000
38992  17.021  -26.443  58.171 0.0000000000
38191  16.402  -27.416  57.461 0.0000000000
38199  16.283  -27.640  56.534 0.0000000000
117577  31.377  -7.480  44.568 0.0000000000
118149  31.931  -11.418  47.791 0.0000000000
53581  32.035  -9.731  47.501 0.0000000000
52721  31.157  -10.591  46.745 0.0000000000
52722  30.680  -10.455  46.051 0.0000000000
51050  30.386  -11.833  45.841 0.0000000000
51078  30.163  -12.708  44.729 0.0000000000
50241  30.768  -13.152  45.175 0.0000000000
48564  33.598  -15.632  43.264 0.0000000000
48549  32.838  -14.992  43.291 0.0000000000
47811  33.356  -16.431  41.908 0.0000000000
47830  32.336  -17.280  40.369 0.0000000000
47076  33.000  -17.618  41.166 0.0000000000
42642  32.175  -22.310  49.388 0.0000000000
43580  33.596  -21.868  49.531 0.0000000000
109233  32.629  -21.704  48.344 0.0000000000
114189  32.196  -20.473  45.844 0.0000000000
44516  33.010  -20.789  47.074 0.0000000000
45386  33.705  -19.976  45.992 0.0000000000
123157  34.936  -18.454  46.771 0.0000000000
45385  34.103  -19.460  45.774 0.0000000000
114453  34.465  -18.481  45.109 0.0000000000
45405  32.888  -19.695  44.546 0.0000000000
107479  28.484  -18.762  40.805 0.0000000000
45460  30.486  -19.218  42.280 0.0000000000
126375  33.383  -5.345  41.972 0.0000000000
57195  33.758  -5.631  40.512 0.0000000000
57196  32.954  -5.831  40.358 0.0000000000
56379  29.460  -6.884  38.347 0.0000000000
113558  30.715  -6.585  37.442 0.0000000000
69932  48.618  9.314  20.177 0.0000000000
55489  38.853  -7.427  38.408 0.0000000000
54590  37.987  -8.928  37.329 0.0000000000
55490  37.812  -7.578  38.490 0.0000000000
55492  35.869  -7.313  38.159 0.0000000000
56391  34.669  -6.553  38.088 0.0000000000
57205  41.092  -5.572  39.401 0.0000000000
56354  39.781  -6.227  38.846 0.0000000000
41699  19.059  -23.118  49.328 0.0000000000
41691  19.010  -22.956  50.276 0.0000000000
42612  18.776  -22.821  51.824 0.0000000000
42628  26.359  -22.469  50.973 0.0000000000
119244  26.795  -22.377  50.425 0.0000000000
43586  25.277  -22.087  49.386 0.0000000000
126367  24.195  -22.004  48.880 0.0000000000
105451  22.924  -21.510  47.918 0.0000000000
43625  22.193  -21.113  47.127 0.0000000000
43626  21.400  -21.468  47.519 0.0000000000
42671  20.085  -22.200  47.450 0.0000000000
63130  40.722  1.031  28.769 0.0000000000
43515  25.945  -21.564  55.572 0.0000000000
57267  42.372  -4.969  33.640 0.0000000000
58103  41.525  -4.233  32.399 0.0000000000
58955  41.085  -3.238  31.385 0.0000000000
59787  40.528  -2.476  31.141 0.0000000000
123680  39.086  -2.931  32.331 0.0000000000
59790  37.572  -2.902  31.880 0.0000000000
44448  21.528  -20.211  56.385 0.0000000000
44460  20.411  -20.556  55.503 0.0000000000
44428  20.300  -20.184  57.091 0.0000000000
115315  19.469  -20.989  57.566 0.0000000000
42495  18.744  -22.676  57.900 0.0000000000
123089  17.747  -25.135  60.379 0.0000000000
38948  17.092  -26.100  61.217 0.0000000000
38151  16.279  -27.528  59.724 0.0000000000
37296  15.789  -28.226  59.496 0.0000000000
125134  14.659  -29.036  59.740 0.0000000000
108114  32.213  -11.807  48.379 0.0000000000
50219  32.144  -13.053  47.402 0.0000000000
50240  31.316  -13.550  45.710 0.0000000000
49375  32.513  -14.576  45.757 0.0000000000
49382  33.258  -15.097  45.263 0.0000000000
47799  34.167  -16.529  43.308 0.0000000000
43636  28.941  -20.945  47.154 0.0000000000
43616  31.172  -21.550  47.695 0.0000000000
43635  29.788  -20.921  46.697 0.0000000000
44549  30.183  -20.497  45.257 0.0000000000
44569  31.030  -20.395  44.847 0.0000000000
45407  30.994  -20.086  44.036 0.0000000000
107245  29.258  -19.646  43.787 0.0000000000
105924  27.692  -18.769  41.474 0.0000000000
56323  31.436  -6.532  42.457 0.0000000000
56344  31.346  -6.398  40.803 0.0000000000
56334  30.094  -7.047  40.779 0.0000000000
55480  29.135  -7.294  39.665 0.0000000000
120577  50.064  7.985  22.112 0.0000000000
68274  48.516  7.117  21.541 0.0000000000
56444  38.381  -6.986  33.831 0.0000000000
56445  37.344  -7.002  33.119 0.0000000000
55565  37.912  -8.598  34.049 0.0000000000
117074  36.793  -9.118  36.724 0.0000000000
53731  35.882  -9.384  34.845 0.0000000000
57221  42.273  -5.521  37.867 0.0000000000
57234  42.326  -5.572  37.305 0.0000000000
57254  42.154  -5.439  36.014 0.0000000000
56434  41.020  -6.021  35.329 0.0000000000
56435  40.475  -6.421  34.931 0.0000000000
42573  33.421  -22.457  52.598 0.0000000000
43564  34.704  -21.904  51.627 0.0000000000
42601  32.572  -22.502  51.507 0.0000000000
110954  30.546  -22.354  49.946 0.0000000000
42644  29.909  -22.122  49.401 0.0000000000
125475  27.461  -22.012  49.472 0.0000000000
43583  27.773  -21.683  48.835 0.0000000000
107563  28.902  -21.289  47.845 0.0000000000
44517  27.573  -20.554  46.988 0.0000000000
45376  26.333  -19.508  45.772 0.0000000000
45411  24.674  -19.418  44.515 0.0000000000
65841  47.280  4.770  28.687 0.0000000000
115060  43.678  3.351  28.139 0.0000000000
65843  44.924  4.157  27.990 0.0000000000
66651  46.811  5.312  28.188 0.0000000000
67473  46.885  6.216  27.080 0.0000000000
67490  46.821  6.505  25.647 0.0000000000
67498  46.558  6.475  24.609 0.0000000000
67506  46.312  6.246  23.632 0.0000000000
42609  22.761  -22.517  51.676 0.0000000000
108147  22.118  -22.456  51.671 0.0000000000
42560  23.044  -22.374  53.006 0.0000000000
42545  22.597  -22.059  53.810 0.0000000000
106314  22.560  -21.356  55.201 0.0000000000
43499  24.635  -21.323  56.254 0.0000000000
44447  22.435  -20.474  56.544 0.0000000000
45296  22.350  -19.761  57.712 0.0000000000
43548  34.872  -22.048  53.595 0.0000000000
108128  32.587  -22.559  52.933 0.0000000000
42576  30.754  -22.574  52.667 0.0000000000
42578  28.988  -22.538  52.504 0.0000000000
42555  28.586  -22.427  53.257 0.0000000000
42604  27.101  -22.527  51.895 0.0000000000
42605  26.001  -22.513  51.664 0.0000000000
42607  24.404  -22.580  52.000 0.0000000000
62206  45.857  -0.266  29.905 0.0000000000
61411  44.173  -0.419  29.296 0.0000000000
61413  42.030  -0.176  29.344 0.0000000000
60584  40.898  -2.045  30.604 0.0000000000
61401  40.663  -0.741  29.934 0.0000000000
61415  40.102  -0.153  29.578 0.0000000000
42586  20.570  -22.039  52.419 0.0000000000
42587  19.646  -22.054  52.612 0.0000000000
41666  18.471  -22.893  52.998 0.0000000000
43541  19.501  -21.318  54.491 0.0000000000
110753  18.464  -22.608  53.731 0.0000000000
41677  18.003  -23.758  52.887 0.0000000000
39976  17.069  -25.318  53.557 0.0000000000
39094  16.725  -26.056  53.909 0.0000000000
121635  18.775  -22.989  58.548 0.0000000000
40779  18.193  -24.029  57.920 0.0000000000
107379  17.871  -24.899  58.076 0.0000000000
40787  17.772  -24.593  57.303 0.0000000000
118799  17.059  -25.817  56.166 0.0000000000
36344  12.692  -29.408  65.329 0.0000000000
58029  36.403  -4.572  41.731 0.0000000000
56322  32.007  -6.009  42.873 0.0000000000
56311  31.558  -6.611  43.354 0.0000000000
54534  30.245  -8.187  43.549 0.0000000000
54513  29.826  -8.887  43.756 0.0000000000
53603  31.274  -9.064  46.098 0.0000000000
53605  30.023  -9.854  44.861 0.0000000000
125614  29.110  -10.341  43.912 0.0000000000
51899  28.941  -11.950  43.755 0.0000000000
50257  30.151  -13.411  43.382 0.0000000000
49402  30.472  -14.438  42.321 0.0000000000
49384  31.977  -14.144  44.356 0.0000000000
49401  31.464  -14.714  42.534 0.0000000000
108472  31.710  -15.955  41.193 0.0000000000
47822  32.146  -16.615  40.562 0.0000000000
47101  31.715  -17.712  38.423 0.0000000000
48507  35.256  -15.530  48.563 0.0000000000
43563  35.176  -21.259  51.168 0.0000000000
44490  35.150  -20.973  50.284 0.0000000000
45353  35.586  -19.798  49.445 0.0000000000
43614  33.204  -21.170  47.841 0.0000000000
44514  34.482  -20.182  47.866 0.0000000000
46187  35.739  -18.775  48.704 0.0000000000
46194  35.690  -18.208  48.206 0.0000000000
47004  35.618  -17.129  47.967 0.0000000000
48513  34.886  -15.802  47.728 0.0000000000
109046  34.483  -16.522  45.870 0.0000000000
127298  34.563  -17.219  44.533 0.0000000000
111051  33.849  -18.029  42.650 0.0000000000
45432  31.673  -19.685  43.475 0.0000000000
46271  32.224  -19.020  41.956 0.0000000000
46289  32.855  -18.338  41.479 0.0000000000
46304  31.594  -18.359  40.093 0.0000000000
57193  35.629  -5.344  40.548 0.0000000000
57222  34.026  -6.107  39.197 0.0000000000
56393  33.463  -6.230  37.454 0.0000000000
122118  31.684  -6.160  39.615 0.0000000000
105996  32.100  -6.120  38.183 0.0000000000
56410  33.094  -6.360  36.578 0.0000000000
66674  45.832  5.652  22.292 0.0000000000
57191  37.563  -5.104  40.170 0.0000000000
42632  21.232  -22.440  50.472 0.0000000000
42630  22.840  -22.551  50.938 0.0000000000
42651  23.132  -22.390  50.075 0.0000000000
42652  22.224  -22.416  50.191 0.0000000000
42653  21.468  -22.160  49.473 0.0000000000
122435  37.418  -5.390  33.112 0.0000000000
57273  36.975  -5.921  32.855 0.0000000000
56443  38.877  -6.002  33.899 0.0000000000
113300  38.802  -5.155  33.626 0.0000000000
57271  38.128  -5.291  33.393 0.0000000000
58093  37.535  -4.732  33.109 0.0000000000
38112  15.681  -27.818  62.418 0.0000000000
38118  16.146  -27.225  61.996 0.0000000000
37277  15.177  -28.315  61.914 0.0000000000
36357  14.243  -28.898  62.796 0.0000000000
50198  34.312  -13.735  49.131 0.0000000000
50199  33.501  -13.464  48.716 0.0000000000
49357  34.037  -14.193  48.386 0.0000000000
48515  34.002  -15.081  47.308 0.0000000000
44473  35.981  -21.043  53.495 0.0000000000
45410  26.287  -18.883  44.481 0.0000000000
115387  27.105  -19.056  44.744 0.0000000000
45437  25.940  -18.899  43.663 0.0000000000
105826  26.458  -18.859  42.906 0.0000000000
123399  28.782  -9.475  42.785 0.0000000000
54553  28.529  -9.284  42.119 0.0000000000
107837  48.786  7.032  25.052 0.0000000000
109920  48.688  6.934  24.358 0.0000000000
67504  48.540  6.660  23.565 0.0000000000
67510  48.374  6.434  22.836 0.0000000000
109919  47.864  6.290  23.377 0.0000000000
54605  39.300  -8.802  36.406 0.0000000000
54630  38.817  -9.086  35.679 0.0000000000
54610  35.083  -8.136  36.026 0.0000000000
55528  33.719  -6.835  35.940 0.0000000000
55503  40.270  -7.330  37.289 0.0000000000
54588  39.781  -8.187  37.039 0.0000000000
54604  39.851  -8.126  36.246 0.0000000000
123691  18.110  -24.080  51.239 0.0000000000
40836  17.988  -24.817  50.889 0.0000000000
40837  17.782  -24.698  51.642 0.0000000000
40832  17.643  -24.569  52.417 0.0000000000
116028  28.829  -22.467  51.121 0.0000000000
44521  24.107  -20.915  47.084 0.0000000000
44538  23.450  -20.507  46.247 0.0000000000
44539  22.682  -20.847  46.462 0.0000000000
49410  29.913  -15.143  41.420 0.0000000000
63127  43.552  1.092  28.926 0.0000000000
63136  42.925  1.824  28.673 0.0000000000
42543  24.464  -22.059  54.273 0.0000000000
42541  26.585  -21.956  54.152 0.0000000000
59774  43.237  -3.588  31.433 0.0000000000
60583  43.900  -2.544  30.707 0.0000000000
43520  21.635  -21.096  55.018 0.0000000000
43521  20.701  -20.831  54.888 0.0000000000
41648  18.153  -23.130  55.849 0.0000000000
41642  17.945  -23.827  56.290 0.0000000000
40796  17.529  -24.460  56.005 0.0000000000
38175  16.200  -27.790  58.904 0.0000000000
120387  16.560  -27.122  58.349 0.0000000000
37323  16.088  -28.148  57.242 0.0000000000
51031  31.688  -12.271  47.225 0.0000000000
119154  31.376  -11.410  47.017 0.0000000000
51863  30.748  -11.295  46.332 0.0000000000
51067  30.463  -12.498  45.574 0.0000000000
51066  30.904  -12.981  45.971 0.0000000000
125318  33.672  -16.187  42.596 0.0000000000
47075  33.431  -17.232  41.685 0.0000000000
43599  30.952  -21.868  48.472 0.0000000000
43597  32.207  -22.079  48.783 0.0000000000
43598  31.780  -21.813  48.273 0.0000000000
44546  32.977  -20.324  45.995 0.0000000000
45387  33.404  -19.750  45.322 0.0000000000
46211  34.069  -19.178  45.126 0.0000000000
122449  33.227  -5.580  41.092 0.0000000000
125668  32.610  -5.868  40.905 0.0000000000
55479  38.163  -6.877  38.825 0.0000000000
56357  36.750  -6.194  39.322 0.0000000000
56373  36.283  -6.762  38.824 0.0000000000
113710  35.175  -6.983  38.008 0.0000000000
56374  35.303  -6.579  38.618 0.0000000000
121930  41.311  -5.179  39.909 0.0000000000
56341  38.970  -5.709  39.254 0.0000000000
55478  38.980  -6.641  38.800 0.0000000000
55477  39.483  -6.919  38.514 0.0000000000
42635  18.897  -22.879  51.159 0.0000000000
42648  25.980  -22.305  50.100 0.0000000000
42649  24.960  -22.359  50.159 0.0000000000
108936  23.025  -21.901  48.646 0.0000000000
43606  23.677  -21.798  48.478 0.0000000000
121474  22.071  -21.475  47.888 0.0000000000
43627  20.671  -21.743  47.934 0.0000000000
42665  19.986  -22.053  48.334 0.0000000000
57259  42.108  -5.380  34.333 0.0000000000
57268  41.456  -5.303  33.879 0.0000000000
58089  41.429  -4.698  33.159 0.0000000000
58104  40.567  -4.180  32.788 0.0000000000
58944  41.786  -3.904  31.689 0.0000000000
58945  40.791  -3.630  32.076 0.0000000000
126214  40.043  -2.873  31.799 0.0000000000
109430  39.852  -3.505  32.516 0.0000000000
58106  37.004  -4.299  32.708 0.0000000000
58947  38.195  -3.244  32.629 0.0000000000
58948  37.270  -3.552  32.426 0.0000000000
108175  21.004  -19.835  57.161 0.0000000000
126018  20.436  -20.012  57.626 0.0000000000
42503  19.061  -21.812  57.562 0.0000000000
39887  17.501  -25.363  61.631 0.0000000000
123463  16.400  -27.252  60.394 0.0000000000
37297  15.117  -28.835  59.215 0.0000000000
114497  15.226  -28.560  60.075 0.0000000000
125407  14.008  -29.323  60.424 0.0000000000
36359  12.990  -29.658  63.394 0.0000000000
105269  13.377  -29.278  64.062 0.0000000000
50200  32.741  -13.089  48.159 0.0000000000
51015  32.494  -12.362  48.512 0.0000000000
51030  32.159  -12.346  47.942 0.0000000000
50231  32.168  -13.642  46.892 0.0000000000
49370  32.646  -14.347  46.738 0.0000000000
48527  33.787  -15.590  45.791 0.0000000000
49374  33.187  -15.058  46.233 0.0000000000
107090  33.886  -15.622  44.879 0.0000000000
47790  34.080  -15.824  44.061 0.0000000000
48535  34.267  -16.084  44.720 0.0000000000
44533  28.288  -20.616  46.886 0.0000000000
109659  28.868  -20.547  46.264 0.0000000000
44550  29.212  -20.336  45.335 0.0000000000
44571  29.634  -20.145  44.546 0.0000000000
44570  30.402  -20.250  44.508 0.0000000000
45462  27.972  -18.823  42.526 0.0000000000
56324  30.724  -7.064  42.015 0.0000000000
56333  30.734  -6.785  41.170 0.0000000000
122219  30.242  -7.182  41.394 0.0000000000
116880  28.536  -8.451  40.766 0.0000000000
55470  28.829  -7.855  40.257 0.0000000000
55481  28.657  -7.923  39.620 0.0000000000
67515  48.078  6.493  22.005 0.0000000000
68275  47.734  6.805  21.100 0.0000000000
55564  38.718  -8.064  34.329 0.0000000000
55571  37.937  -7.778  33.679 0.0000000000
54655  37.783  -9.240  34.680 0.0000000000
126662  37.168  -9.345  34.533 0.0000000000
115176  36.443  -9.434  34.339 0.0000000000
54591  37.017  -8.811  37.349 0.0000000000
54631  35.636  -9.021  35.605 0.0000000000
121376  41.629  -5.494  38.944 0.0000000000
108483  42.220  -5.292  38.523 0.0000000000
56369  41.606  -5.877  38.123 0.0000000000
56390  41.276  -6.308  37.160 0.0000000000
56389  41.785  -5.911  37.478 0.0000000000
56407  41.842  -5.916  36.831 0.0000000000
57244  42.403  -5.464  36.770 0.0000000000
106192  41.568  -6.003  36.274 0.0000000000
56423  41.592  -5.744  35.604 0.0000000000
56424  41.110  -6.358  35.986 0.0000000000
55562  40.108  -7.343  35.296 0.0000000000
56436  39.482  -7.064  34.527 0.0000000000
122568  32.784  -22.517  52.186 0.0000000000
119590  31.705  -22.528  51.348 0.0000000000
42624  30.006  -22.410  50.391 0.0000000000
124928  29.980  -22.333  49.934 0.0000000000
42647  26.815  -22.156  49.731 0.0000000000
43602  27.092  -21.396  48.314 0.0000000000
113481  27.763  -21.291  48.154 0.0000000000
43601  28.423  -21.464  48.325 0.0000000000
43620  27.313  -20.974  47.651 0.0000000000
43619  28.179  -20.967  47.601 0.0000000000
44518  26.731  -20.584  47.066 0.0000000000
45378  24.754  -19.842  45.993 0.0000000000
44535  26.111  -20.081  46.475 0.0000000000
45377  25.443  -19.614  45.868 0.0000000000
45390  25.584  -19.019  44.998 0.0000000000
43638  21.399  -21.424  46.626 0.0000000000
42691  21.549  -21.762  45.723 0.0000000000
42678  20.935  -22.154  46.220 0.0000000000
127177  46.433  1.201  29.709 0.0000000000
64973  45.854  3.037  28.969 0.0000000000
64056  46.296  2.528  29.271 0.0000000000
65839  46.958  3.971  29.000 0.0000000000
111490  46.161  3.796  28.725 0.0000000000
64066  41.420  2.412  28.104 0.0000000000
64065  42.331  2.536  28.305 0.0000000000
65847  44.470  4.712  27.434 0.0000000000
64981  44.053  4.052  27.798 0.0000000000
65846  45.304  4.858  27.699 0.0000000000
65845  46.062  5.086  27.971 0.0000000000
66655  45.718  5.523  27.383 0.0000000000
66654  46.439  5.745  27.623 0.0000000000
66664  44.248  5.921  25.577 0.0000000000
66663  45.153  6.149  25.870 0.0000000000
67491  45.816  6.424  25.267 0.0000000000
67499  45.513  6.464  24.314 0.0000000000
119885  23.105  -22.492  52.218 0.0000000000
43536  23.838  -21.902  54.610 0.0000000000
43537  23.068  -21.825  54.554 0.0000000000
43538  22.154  -21.594  54.414 0.0000000000
43498  25.470  -21.366  56.295 0.0000000000
44445  24.129  -21.018  56.940 0.0000000000
44446  23.290  -20.800  56.760 0.0000000000
44426  22.795  -20.197  57.277 0.0000000000
42550  33.379  -22.424  53.564 0.0000000000
42577  29.838  -22.555  52.521 0.0000000000
42556  27.757  -22.335  53.277 0.0000000000
42579  28.159  -22.515  52.539 0.0000000000
106591  27.357  -22.460  52.533 0.0000000000
125806  26.646  -22.516  51.604 0.0000000000
42580  26.542  -22.476  52.336 0.0000000000
42582  24.469  -22.491  52.767 0.0000000000
42608  23.559  -22.560  51.580 0.0000000000
55572  37.310  -8.137  33.329 0.0000000000
61398  43.768  -1.270  29.632 0.0000000000
61412  43.111  -0.429  29.279 0.0000000000
61400  41.649  -0.905  29.751 0.0000000000
111202  39.803  -2.227  31.317 0.0000000000
60585  40.066  -1.788  30.880 0.0000000000
61403  39.022  -1.001  30.032 0.0000000000
60600  39.572  -1.291  30.511 0.0000000000
61402  39.799  -0.695  30.085 0.0000000000
61414  40.997  -0.159  29.477 0.0000000000
42585  21.496  -22.230  52.257 0.0000000000
42562  21.175  -22.019  52.893 0.0000000000
42588  18.895  -22.530  52.435 0.0000000000
42565  18.969  -22.193  53.209 0.0000000000
44450  19.836  -20.644  55.804 0.0000000000
44461  19.900  -20.694  54.918 0.0000000000
43522  19.378  -21.111  55.298 0.0000000000
41655  18.024  -23.117  55.010 0.0000000000
121882  18.426  -22.456  54.529 0.0000000000
108014  18.032  -23.168  54.187 0.0000000000
124794  18.127  -23.243  53.505 0.0000000000
41667  17.747  -23.858  53.759 0.0000000000
40824  17.468  -24.555  53.240 0.0000000000
40811  17.334  -24.591  54.120 0.0000000000
39075  16.435  -26.729  54.294 0.0000000000
42488  18.989  -23.008  59.312 0.0000000000
126330  18.506  -23.325  58.131 0.0000000000
114718  17.457  -25.635  60.068 0.0000000000
39903  17.447  -25.688  59.307 0.0000000000
39916  17.396  -25.706  58.357 0.0000000000
39930  17.449  -25.331  57.474 0.0000000000
124417  17.202  -25.716  56.939 0.0000000000
39945  17.377  -25.032  56.633 0.0000000000
39040  16.976  -26.366  56.868 0.0000000000
37249  13.305  -28.730  65.902 0.0000000000
36332  11.590  -28.877  67.432 0.0000000000
36338  11.759  -29.432  66.593 0.0000000000
58011  33.824  -4.817  42.983 0.0000000000
56310  32.121  -6.130  43.786 0.0000000000
56300  31.734  -6.795  44.200 0.0000000000
55428  30.827  -7.906  44.075 0.0000000000
54512  30.394  -8.571  44.278 0.0000000000
51877  30.171  -11.091  45.580 0.0000000000
52734  30.265  -10.315  45.452 0.0000000000
52735  29.921  -10.594  45.058 0.0000000000
52747  29.405  -10.582  44.481 0.0000000000
51891  29.311  -11.496  44.437 0.0000000000
50249  30.568  -13.383  44.238 0.0000000000
50250  29.796  -12.922  43.925 0.0000000000
50266  29.870  -13.751  42.595 0.0000000000
115026  30.486  -13.847  42.974 0.0000000000
49376  31.933  -14.053  45.258 0.0000000000
48550  32.262  -14.964  42.704 0.0000000000
48566  32.054  -15.313  41.977 0.0000000000
48567  30.961  -15.260  41.767 0.0000000000
47088  31.877  -17.477  39.351 0.0000000000
46316  31.336  -18.275  38.542 0.0000000000
42620  34.012  -22.172  51.232 0.0000000000
43572  33.778  -22.072  50.362 0.0000000000
111374  34.642  -21.269  49.881 0.0000000000
44499  35.064  -20.608  49.441 0.0000000000
44498  35.507  -20.290  50.025 0.0000000000
43615  32.209  -21.326  47.486 0.0000000000
45366  34.303  -19.926  47.139 0.0000000000
44515  33.759  -20.530  47.459 0.0000000000
45360  35.088  -19.777  48.290 0.0000000000
46188  35.447  -19.089  48.145 0.0000000000
115289  35.888  -18.267  48.989 0.0000000000
46195  35.214  -18.741  47.489 0.0000000000
117102  35.353  -17.889  47.374 0.0000000000
47009  35.289  -17.151  47.213 0.0000000000
47760  35.156  -16.488  47.450 0.0000000000
47766  34.881  -16.668  46.624 0.0000000000
109219  34.725  -17.197  45.877 0.0000000000
46226  34.081  -18.735  44.357 0.0000000000
46225  34.517  -17.964  44.453 0.0000000000
46244  34.345  -18.073  43.830 0.0000000000
46245  33.903  -18.468  43.477 0.0000000000
45433  30.758  -19.634  43.244 0.0000000000
45475  31.414  -19.105  41.843 0.0000000000
46270  32.828  -18.761  42.259 0.0000000000
109816  31.846  -18.631  41.110 0.0000000000
46290  31.101  -18.634  40.626 0.0000000000
57175  36.030  -5.007  41.126 0.0000000000
106287  35.273  -5.178  41.122 0.0000000000
57209  33.456  -5.896  39.770 0.0000000000
57208  34.316  -5.817  39.914 0.0000000000
56376  33.867  -6.224  38.307 0.0000000000
56377  32.955  -6.127  38.193 0.0000000000
56345  30.591  -6.625  40.436 0.0000000000
56360  31.163  -6.334  40.022 0.0000000000
105997  30.842  -6.229  39.174 0.0000000000
115979  31.190  -6.195  38.268 0.0000000000
56395  31.661  -6.293  37.439 0.0000000000
56394  32.571  -6.201  37.385 0.0000000000
56411  32.136  -6.410  36.608 0.0000000000
69941  48.979  9.960  19.760 0.0000000000
70765  48.796  9.975  19.037 0.0000000000
70764  49.399  10.418  19.209 0.0000000000
67513  45.798  5.987  22.988 0.0000000000
126889  45.278  5.363  22.289 0.0000000000
56342  38.035  -5.595  39.492 0.0000000000
56343  37.218  -5.627  39.684 0.0000000000
57206  36.272  -5.626  39.935 0.0000000000
117816  20.029  -22.172  49.086 0.0000000000
42633  20.285  -22.353  50.394 0.0000000000
42629  24.461  -22.533  51.039 0.0000000000
42650  24.033  -22.398  50.112 0.0000000000
43608  21.574  -21.735  48.479 0.0000000000
58091  39.213  -4.602  33.539 0.0000000000
58946  39.055  -3.469  32.833 0.0000000000
58930  38.651  -3.919  33.185 0.0000000000
45287  21.383  -19.363  58.762 0.0000000000
45276  20.603  -19.806  58.862 0.0000000000
37282  15.244  -28.429  60.999 0.0000000000
37278  14.600  -28.818  61.449 0.0000000000
36368  14.069  -29.144  61.982 0.0000000000
51000  33.639  -12.401  49.564 0.0000000000
50217  33.285  -13.895  47.985 0.0000000000
49364  33.113  -14.291  47.405 0.0000000000
48520  33.864  -15.394  46.650 0.0000000000
48519  34.370  -15.966  46.351 0.0000000000
45375  27.296  -19.580  45.569 0.0000000000
45388  27.832  -19.487  44.946 0.0000000000
45409  27.716  -19.168  44.173 0.0000000000
45435  28.344  -19.211  43.566 0.0000000000
117620  29.485  -8.101  42.251 0.0000000000
126054  29.377  -7.850  41.604 0.0000000000
54563  28.849  -8.453  41.672 0.0000000000
67489  47.692  6.719  25.688 0.0000000000
106103  48.456  6.933  25.720 0.0000000000
67488  49.231  7.073  25.561 0.0000000000
68269  49.374  7.108  22.759 0.0000000000
54654  38.922  -8.717  35.013 0.0000000000
122924  37.962  -9.342  35.603 0.0000000000
124085  35.813  -7.875  37.585 0.0000000000
54632  34.808  -8.325  35.068 0.0000000000
55487  40.301  -6.984  37.969 0.0000000000
56370  40.925  -6.445  38.078 0.0000000000
55524  40.722  -6.815  36.908 0.0000000000
55544  40.692  -6.914  36.280 0.0000000000
54628  39.856  -7.908  35.661 0.0000000000
40843  18.258  -24.577  50.124 0.0000000000
105688  17.233  -25.909  52.126 0.0000000000
39982  17.242  -25.268  52.715 0.0000000000
106737  30.352  -22.544  51.853 0.0000000000
112119  30.861  -22.524  51.224 0.0000000000
113963  30.095  -22.484  51.085 0.0000000000
42625  29.416  -22.431  50.764 0.0000000000
43604  25.322  -21.683  48.565 0.0000000000
43622  25.625  -21.214  47.804 0.0000000000
44519  25.877  -20.680  47.132 0.0000000000
114678  24.085  -20.001  45.692 0.0000000000
44552  23.991  -19.821  44.900 0.0000000000
44553  23.352  -20.305  45.296 0.0000000000
50267  29.083  -13.616  42.109 0.0000000000
63126  44.530  1.100  29.062 0.0000000000
124128  45.241  1.465  29.212 0.0000000000
64058  44.749  2.045  28.983 0.0000000000
64978  42.743  3.272  28.003 0.0000000000
64983  42.290  3.686  27.311 0.0000000000
65850  44.071  5.188  26.736 0.0000000000
66661  43.883  5.484  26.055 0.0000000000
66665  43.465  5.478  25.388 0.0000000000
42559  24.496  -22.311  53.512 0.0000000000
121174  23.876  -22.419  53.124 0.0000000000
120838  24.408  -21.765  55.003 0.0000000000
106590  26.086  -22.395  52.952 0.0000000000
42558  25.294  -22.402  53.091 0.0000000000
60595  44.294  -1.935  30.233 0.0000000000
60596  43.366  -2.028  29.954 0.0000000000
60597  42.297  -1.782  29.999 0.0000000000
60586  39.356  -1.828  30.964 0.0000000000
124692  21.835  -21.861  53.804 0.0000000000
43549  21.250  -21.774  53.440 0.0000000000
43550  20.567  -21.488  53.648 0.0000000000
43479  18.902  -21.755  56.621 0.0000000000
43503  18.873  -21.708  55.751 0.0000000000
40801  17.300  -24.652  55.119 0.0000000000
39959  17.045  -25.544  55.302 0.0000000000
41620  19.047  -23.174  60.136 0.0000000000
41621  18.595  -23.776  59.759 0.0000000000
38972  17.038  -26.484  59.010 0.0000000000
39015  16.812  -26.736  57.560 0.0000000000
115988  16.658  -26.991  56.912 0.0000000000
56285  31.926  -7.025  45.010 0.0000000000
55415  31.642  -7.719  45.358 0.0000000000
52710  32.189  -10.472  47.995 0.0000000000
53580  32.456  -9.804  48.146 0.0000000000
52711  31.698  -10.592  47.375 0.0000000000
117080  31.498  -9.972  46.997 0.0000000000
53592  31.120  -9.806  46.412 0.0000000000
51068  29.979  -11.860  45.042 0.0000000000
48536  33.343  -15.145  44.198 0.0000000000
49391  32.594  -14.587  43.992 0.0000000000
48565  33.010  -15.544  42.386 0.0000000000
120996  32.414  -16.344  41.171 0.0000000000
47821  32.882  -16.802  41.213 0.0000000000
46303  32.270  -17.949  40.418 0.0000000000
43581  32.857  -22.070  49.088 0.0000000000
43596  33.445  -21.527  48.692 0.0000000000
44530  31.560  -20.669  46.091 0.0000000000
44529  32.310  -20.759  46.549 0.0000000000
127493  32.979  -20.560  46.551 0.0000000000
44528  33.579  -20.290  46.645 0.0000000000
114354  34.712  -19.227  46.937 0.0000000000
45373  34.577  -19.025  46.231 0.0000000000
116363  34.681  -18.193  45.938 0.0000000000
46210  34.427  -18.904  45.636 0.0000000000
45404  33.570  -19.352  44.651 0.0000000000
45477  29.607  -18.764  41.382 0.0000000000
45487  29.358  -18.843  40.457 0.0000000000
45486  30.228  -18.738  40.562 0.0000000000
46305  29.752  -18.832  39.578 0.0000000000
119164  29.096  -19.278  38.969 0.0000000000
57163  34.322  -4.998  42.201 0.0000000000
57176  34.692  -5.191  41.429 0.0000000000
57177  33.988  -5.333  41.300 0.0000000000
57210  32.534  -6.029  39.559 0.0000000000
56362  29.747  -6.587  39.180 0.0000000000
56378  30.252  -6.437  38.366 0.0000000000
56396  29.904  -6.844  37.755 0.0000000000
69100  48.303  8.490  20.425 0.0000000000
55504  39.310  -8.003  37.750 0.0000000000
55505  38.405  -8.235  37.917 0.0000000000
55506  37.380  -8.249  37.952 0.0000000000
55507  36.468  -8.080  37.808 0.0000000000
56372  37.248  -6.893  38.916 0.0000000000
55491  36.808  -7.507  38.398 0.0000000000
55508  35.402  -7.381  37.632 0.0000000000
55509  34.832  -6.962  37.343 0.0000000000
57186  41.743  -5.017  39.758 0.0000000000
57188  40.453  -5.627  39.351 0.0000000000
121976  40.509  -6.151  38.800 0.0000000000
55476  40.066  -6.704  38.418 0.0000000000
55488  39.668  -7.312  38.134 0.0000000000
41707  18.764  -23.875  48.993 0.0000000000
41700  18.617  -23.734  49.758 0.0000000000
41692  18.443  -23.610  50.678 0.0000000000
41684  18.419  -23.364  51.519 0.0000000000
42627  27.195  -22.491  51.144 0.0000000000
43587  24.475  -22.189  49.438 0.0000000000
121305  24.753  -21.943  48.926 0.0000000000
43605  24.434  -21.699  48.405 0.0000000000
43624  23.856  -21.418  47.784 0.0000000000
63129  41.549  1.120  28.815 0.0000000000
63138  41.042  1.718  28.468 0.0000000000
125456  25.676  -21.728  54.982 0.0000000000
58081  43.281  -4.458  33.610 0.0000000000
58088  42.454  -4.565  32.863 0.0000000000
58102  42.467  -4.261  32.147 0.0000000000
58954  42.135  -3.568  31.166 0.0000000000
59786  41.449  -2.840  30.821 0.0000000000
59775  38.364  -2.685  32.012 0.0000000000
44449  20.549  -20.284  56.310 0.0000000000
44429  19.743  -20.617  56.781 0.0000000000
111616  19.944  -20.413  57.600 0.0000000000
43478  19.248  -21.207  56.940 0.0000000000
42504  18.644  -22.509  57.078 0.0000000000
41633  18.415  -23.270  57.462 0.0000000000
39886  17.868  -24.945  60.984 0.0000000000
39893  17.431  -25.540  60.787 0.0000000000
38956  17.136  -26.197  60.425 0.0000000000
38957  16.751  -26.729  60.765 0.0000000000
38973  16.838  -26.844  59.898 0.0000000000
37309  15.611  -28.524  58.502 0.0000000000
51823  32.812  -11.056  49.181 0.0000000000
51837  32.315  -11.118  48.527 0.0000000000
50232  31.539  -13.138  46.606 0.0000000000
50239  31.945  -13.934  46.179 0.0000000000
43618  29.627  -21.315  47.579 0.0000000000
43617  30.464  -21.275  47.231 0.0000000000
43634  30.576  -20.951  46.627 0.0000000000
44532  29.684  -20.614  45.933 0.0000000000
44531  30.951  -20.786  46.266 0.0000000000
44548  30.958  -20.586  45.652 0.0000000000
118586  31.682  -20.401  45.354 0.0000000000
45406  31.916  -20.060  44.435 0.0000000000
45408  30.142  -19.897  43.881 0.0000000000
45434  29.836  -19.463  43.100 0.0000000000
106232  28.934  -19.134  42.913 0.0000000000
107835  28.658  -18.789  41.889 0.0000000000
56331  32.047  -6.093  41.995 0.0000000000
57179  32.048  -6.133  41.200 0.0000000000
56332  31.399  -6.483  41.603 0.0000000000
56346  29.897  -6.902  40.043 0.0000000000
55462  29.675  -7.444  41.190 0.0000000000
55469  29.431  -7.371  40.489 0.0000000000
55493  29.009  -7.148  38.870 0.0000000000
69089  49.701  8.254  21.466 0.0000000000
68273  49.390  7.434  22.010 0.0000000000
69090  48.904  7.868  21.086 0.0000000000
117438  47.240  6.346  20.617 0.0000000000
109343  38.369  -8.849  34.605 0.0000000000
54607  37.566  -9.252  36.605 0.0000000000
53713  37.068  -9.323  35.943 0.0000000000
54608  36.275  -9.140  36.264 0.0000000000
53730  36.445  -9.400  35.386 0.0000000000
109226  42.272  -5.337  34.995 0.0000000000
56433  41.641  -5.547  34.919 0.0000000000
57260  41.262  -5.660  34.633 0.0000000000
56425  40.642  -6.834  35.630 0.0000000000
56442  39.879  -6.165  34.380 0.0000000000
43556  34.831  -22.048  52.594 0.0000000000
42599  34.134  -22.263  52.140 0.0000000000
42600  33.383  -22.408  51.743 0.0000000000
42621  33.208  -22.383  50.906 0.0000000000
42623  31.337  -22.484  50.496 0.0000000000
117386  32.039  -22.472  50.020 0.0000000000
42643  31.387  -22.348  49.652 0.0000000000
42663  30.747  -22.119  49.190 0.0000000000
123055  30.248  -21.865  48.738 0.0000000000
119245  27.603  -22.321  50.229 0.0000000000
42646  28.179  -22.067  49.539 0.0000000000
43584  26.921  -21.781  49.011 0.0000000000
43582  28.553  -21.819  48.942 0.0000000000
43600  29.370  -21.714  48.538 0.0000000000
44534  26.998  -20.055  46.382 0.0000000000
112991  25.306  -19.128  44.068 0.0000000000
43637  22.042  -21.095  46.135 0.0000000000
52760  28.368  -10.870  42.901 0.0000000000
66646  48.062  4.986  28.895 0.0000000000
64064  43.297  2.600  28.455 0.0000000000
64977  44.557  3.452  28.304 0.0000000000
64976  45.373  3.614  28.499 0.0000000000
65842  46.492  4.553  28.466 0.0000000000
66650  47.571  5.526  28.365 0.0000000000
67464  47.916  6.173  27.938 0.0000000000
67472  47.619  6.380  27.172 0.0000000000
67481  47.289  6.492  26.415 0.0000000000
66659  45.432  5.895  26.692 0.0000000000
67482  46.672  6.350  26.460 0.0000000000
106102  47.444  6.629  24.842 0.0000000000
67505  47.265  6.368  23.969 0.0000000000
120202  22.468  -22.535  51.314 0.0000000000
42584  22.405  -22.376  52.350 0.0000000000
43519  22.049  -20.788  55.790 0.0000000000
43516  25.090  -21.596  55.479 0.0000000000
43517  24.309  -21.506  55.639 0.0000000000
43477  24.985  -21.105  57.037 0.0000000000
43500  23.812  -21.255  56.163 0.0000000000
43501  22.929  -21.134  56.016 0.0000000000
44427  21.961  -19.926  57.119 0.0000000000
45297  21.627  -19.614  57.846 0.0000000000
45286  22.242  -19.426  58.347 0.0000000000
42572  34.193  -22.305  53.104 0.0000000000
42552  31.611  -22.621  53.104 0.0000000000
42575  31.381  -22.571  52.488 0.0000000000
42603  28.538  -22.558  51.792 0.0000000000
121374  27.742  -22.552  51.833 0.0000000000
42581  25.703  -22.497  52.372 0.0000000000
42606  25.188  -22.546  51.740 0.0000000000
63116  46.870  0.805  30.017 0.0000000000
62216  45.467  0.088  29.576 0.0000000000
61410  45.132  -0.486  29.632 0.0000000000
62217  44.813  0.191  29.276 0.0000000000
62218  43.348  0.289  29.005 0.0000000000
62219  41.976  0.545  29.033 0.0000000000
59804  41.877  -2.363  30.380 0.0000000000
60598  41.272  -1.488  30.196 0.0000000000
60599  40.354  -1.270  30.426 0.0000000000
62220  41.249  0.505  29.122 0.0000000000
62221  40.411  0.432  29.148 0.0000000000
42610  21.373  -22.413  51.423 0.0000000000
123021  20.776  -22.229  51.820 0.0000000000
108394  19.988  -22.155  51.779 0.0000000000
42611  19.303  -22.460  51.792 0.0000000000
41676  18.412  -23.169  52.266 0.0000000000
42546  18.950  -21.929  54.044 0.0000000000
43523  18.896  -21.752  54.885 0.0000000000
39116  16.849  -26.124  52.959 0.0000000000
42494  19.125  -22.212  58.598 0.0000000000
41634  18.078  -23.892  57.053 0.0000000000
40774  18.165  -24.497  60.292 0.0000000000
39892  17.821  -25.079  59.718 0.0000000000
40777  18.192  -24.440  59.347 0.0000000000
40780  17.843  -25.057  58.897 0.0000000000
121813  18.140  -24.443  58.605 0.0000000000
111999  17.725  -24.360  56.662 0.0000000000
39058  16.790  -26.189  55.482 0.0000000000
39041  16.616  -26.742  56.086 0.0000000000
39059  16.429  -26.752  55.118 0.0000000000
36351  12.809  -29.593  64.397 0.0000000000
36352  12.132  -29.940  64.827 0.0000000000
36337  12.472  -29.162  66.245 0.0000000000
58028  37.263  -4.261  41.580 0.0000000000
124781  33.676  -5.073  42.478 0.0000000000
56312  30.965  -7.117  42.953 0.0000000000
55441  31.186  -7.235  43.773 0.0000000000
55442  30.673  -7.619  43.413 0.0000000000
55453  29.670  -8.479  43.017 0.0000000000
53644  29.252  -9.223  43.258 0.0000000000
54494  31.445  -8.389  45.729 0.0000000000
123827  30.998  -8.881  45.447 0.0000000000
53604  30.675  -9.614  45.622 0.0000000000
53614  30.520  -9.055  44.924 0.0000000000
53615  30.032  -9.201  44.379 0.0000000000
53627  29.449  -9.714  44.030 0.0000000000
52759  28.824  -11.016  43.759 0.0000000000
51079  29.495  -12.296  44.316 0.0000000000
110470  29.271  -12.549  43.622 0.0000000000
50258  29.413  -13.053  42.982 0.0000000000
50248  31.286  -13.706  44.796 0.0000000000
49385  31.267  -13.913  43.918 0.0000000000
49392  31.941  -14.450  43.411 0.0000000000
49393  31.079  -14.137  43.108 0.0000000000
48587  30.466  -15.731  40.866 0.0000000000
48606  31.119  -16.208  40.160 0.0000000000
47831  31.680  -16.722  39.410 0.0000000000
47838  31.705  -16.946  38.456 0.0000000000
49356  34.776  -14.546  48.844 0.0000000000
111712  35.308  -21.474  52.092 0.0000000000
44482  35.758  -20.714  51.634 0.0000000000
43571  34.536  -21.667  50.628 0.0000000000
44489  35.638  -20.454  50.762 0.0000000000
46173  36.187  -18.547  50.304 0.0000000000
44507  33.986  -20.858  48.255 0.0000000000
44506  34.713  -20.462  48.623 0.0000000000
120551  35.254  -20.015  48.877 0.0000000000
46180  35.902  -18.904  49.431 0.0000000000
46988  36.124  -18.016  49.638 0.0000000000
47755  35.781  -16.472  48.693 0.0000000000
123067  35.356  -16.268  48.084 0.0000000000
47761  34.781  -16.075  47.062 0.0000000000
47026  34.658  -17.650  45.145 0.0000000000
47778  34.525  -16.715  45.074 0.0000000000
47789  34.367  -16.548  44.245 0.0000000000
47048  34.255  -17.595  43.182 0.0000000000
121368  33.663  -17.681  42.039 0.0000000000
45431  32.570  -19.507  43.704 0.0000000000
45459  31.491  -19.364  42.608 0.0000000000
45458  32.326  -19.224  42.844 0.0000000000
46246  33.161  -18.802  43.020 0.0000000000
46269  33.363  -18.284  42.110 0.0000000000
126675  31.196  -18.316  39.283 0.0000000000
107426  30.784  -18.582  39.832 0.0000000000
46317  30.472  -18.533  38.757 0.0000000000
57174  36.929  -4.818  40.889 0.0000000000
57194  34.673  -5.441  40.664 0.0000000000
57207  35.233  -5.757  39.954 0.0000000000
56359  34.857  -6.129  39.310 0.0000000000
56375  34.540  -6.326  38.710 0.0000000000
56392  34.221  -6.404  37.578 0.0000000000
56409  34.064  -6.524  36.810 0.0000000000
57197  32.080  -6.134  40.346 0.0000000000
57211  31.784  -6.069  38.954 0.0000000000
120488  32.508  -6.042  38.802 0.0000000000
108066  47.144  6.094  23.283 0.0000000000
67512  46.548  5.959  22.799 0.0000000000
107418  46.659  5.878  21.962 0.0000000000
66681  46.206  5.307  21.577 0.0000000000
42622  32.312  -22.491  50.699 0.0000000000
42645  29.025  -22.103  49.451 0.0000000000
42662  31.536  -22.139  48.942 0.0000000000
45359  35.536  -19.389  48.796 0.0000000000
45374  34.213  -19.697  46.428 0.0000000000
46288  33.363  -17.858  41.632 0.0000000000
47038  34.442  -17.318  43.882 0.0000000000
51836  32.566  -11.820  48.908 0.0000000000
55461  29.943  -7.536  41.863 0.0000000000
56299  32.226  -6.307  44.655 0.0000000000
56371  40.528  -6.482  38.377 0.0000000000
57158  32.563  -5.460  43.304 0.0000000000
57178  32.653  -5.737  41.580 0.0000000000
57187  41.474  -4.725  40.331 0.0000000000
57192  36.358  -5.190  40.545 0.0000000000
58943  42.889  -4.024  31.748 0.0000000000
62215  46.089  0.510  29.738 0.0000000000
63124  45.870  1.307  29.450 0.0000000000
64063  44.206  2.709  28.604 0.0000000000
64975  45.719  4.340  28.225 0.0000000000
66653  47.153  5.979  27.801 0.0000000000
66658  46.189  6.066  26.955 0.0000000000
67483  46.031  6.294  26.179 0.0000000000
106720  31.170  -22.542  51.964 0.0000000000
106988  34.174  -21.651  49.921 0.0000000000
109529  30.358  -20.715  46.082 0.0000000000
110535  46.626  3.159  29.167 0.0000000000
111528  42.589  0.240  29.069 0.0000000000
121924  25.787  -18.925  44.328 0.0000000000
126190  31.378  -6.609  36.801 0.0000000000
126844  32.307  -6.544  45.379 0.0000000000
