#!ascii label  , from subject sub-v1s10x0051082_ses-1 vox2ras=TkReg
1257
54137  -37.818  -30.582  16.248 0.0000000000
64223  -51.889  -19.842  16.703 0.0000000000
125898  -43.900  -25.754  15.612 0.0000000000
33498  -13.036  -51.323  36.623 0.0000000000
51210  -34.067  -32.551  21.780 0.0000000000
146084  -24.829  -41.526  34.966 0.0000000000
126936  -32.914  -45.882  31.921 0.0000000000
44387  -35.048  -39.977  27.042 0.0000000000
48338  -37.843  -36.734  25.995 0.0000000000
43324  -17.836  -41.821  32.123 0.0000000000
43297  -20.612  -41.278  36.505 0.0000000000
45281  -20.529  -38.866  30.921 0.0000000000
41471  -27.492  -43.094  27.965 0.0000000000
41492  -31.765  -43.208  27.049 0.0000000000
127911  -40.458  -32.650  22.042 0.0000000000
52185  -43.531  -32.092  19.528 0.0000000000
60495  -47.849  -23.248  15.791 0.0000000000
56070  -41.185  -28.516  15.482 0.0000000000
141905  -51.352  -17.484  13.338 0.0000000000
31488  -10.225  -53.791  38.844 0.0000000000
52068  -38.390  -31.938  25.625 0.0000000000
129621  -35.563  -31.575  19.270 0.0000000000
44353  -24.184  -40.464  29.839 0.0000000000
40305  -28.533  -45.043  33.440 0.0000000000
55145  -46.166  -29.648  17.654 0.0000000000
73412  -55.996  -8.224  15.560 0.0000000000
45365  -33.409  -39.707  25.328 0.0000000000
46378  -34.293  -38.372  24.746 0.0000000000
44320  -19.285  -39.962  31.737 0.0000000000
43416  -29.549  -41.985  25.112 0.0000000000
43434  -31.043  -41.253  25.117 0.0000000000
43390  -33.596  -41.763  27.167 0.0000000000
53135  -38.644  -31.930  19.099 0.0000000000
52159  -41.629  -32.375  20.763 0.0000000000
53160  -41.171  -31.744  18.342 0.0000000000
63298  -49.902  -20.766  16.196 0.0000000000
60471  -50.853  -23.078  17.236 0.0000000000
65204  -53.347  -18.815  16.198 0.0000000000
34450  -11.651  -50.357  35.514 0.0000000000
139525  -11.569  -52.673  37.328 0.0000000000
49328  -36.099  -34.933  23.605 0.0000000000
145083  -38.060  -34.693  25.084 0.0000000000
132780  -35.888  -32.284  23.890 0.0000000000
53094  -36.857  -31.314  23.178 0.0000000000
53113  -33.954  -31.659  20.870 0.0000000000
44270  -22.505  -40.484  35.506 0.0000000000
43283  -23.207  -41.291  38.848 0.0000000000
125272  -24.738  -41.474  37.206 0.0000000000
41335  -26.934  -43.188  37.219 0.0000000000
45322  -23.020  -38.673  28.808 0.0000000000
44383  -23.559  -40.198  27.246 0.0000000000
40348  -30.159  -44.809  30.025 0.0000000000
40345  -27.966  -44.090  30.907 0.0000000000
39253  -30.656  -45.750  32.510 0.0000000000
39215  -30.617  -45.615  35.269 0.0000000000
38182  -16.284  -46.616  34.636 0.0000000000
37232  -17.245  -47.014  36.791 0.0000000000
37198  -17.596  -48.304  39.286 0.0000000000
56965  -42.399  -27.261  15.403 0.0000000000
55164  -44.106  -29.362  16.783 0.0000000000
56934  -45.719  -27.838  17.292 0.0000000000
125257  -54.886  -8.777  10.218 0.0000000000
31483  -14.044  -53.824  39.349 0.0000000000
44368  -37.130  -40.202  28.950 0.0000000000
46308  -38.479  -38.551  28.591 0.0000000000
46345  -36.317  -38.489  26.673 0.0000000000
48368  -35.154  -36.985  23.958 0.0000000000
41351  -18.033  -43.567  35.032 0.0000000000
41341  -18.980  -42.962  36.748 0.0000000000
43310  -18.874  -41.573  34.160 0.0000000000
44292  -20.697  -39.996  33.708 0.0000000000
44294  -22.568  -39.992  33.282 0.0000000000
43399  -25.098  -41.705  26.395 0.0000000000
42462  -27.582  -42.333  25.759 0.0000000000
128544  -29.941  -43.521  27.401 0.0000000000
39308  -32.745  -45.828  29.407 0.0000000000
134331  -34.961  -44.172  28.708 0.0000000000
42423  -35.873  -41.904  29.090 0.0000000000
41389  -16.564  -43.848  32.054 0.0000000000
52071  -41.466  -32.381  25.784 0.0000000000
52060  -45.453  -32.746  26.653 0.0000000000
129626  -43.947  -33.029  24.004 0.0000000000
52124  -45.039  -32.457  22.458 0.0000000000
58712  -45.972  -24.732  15.916 0.0000000000
57852  -46.944  -26.206  17.254 0.0000000000
59552  -48.834  -24.918  16.911 0.0000000000
29439  -7.338  -55.369  44.394 0.0000000000
54159  -39.082  -29.777  15.692 0.0000000000
58719  -39.757  -25.796  13.869 0.0000000000
60504  -43.715  -23.474  14.530 0.0000000000
130188  -44.927  -22.261  14.580 0.0000000000
62361  -46.974  -20.882  15.120 0.0000000000
64234  -48.873  -19.740  15.193 0.0000000000
65216  -51.599  -18.735  14.949 0.0000000000
65214  -49.038  -18.739  14.055 0.0000000000
29466  -12.320  -55.459  40.108 0.0000000000
137405  -10.344  -55.632  41.635 0.0000000000
29445  -9.244  -55.299  42.725 0.0000000000
50205  -42.106  -34.419  30.146 0.0000000000
47332  -39.189  -37.148  27.846 0.0000000000
49281  -40.603  -35.021  27.361 0.0000000000
52045  -40.816  -32.131  27.203 0.0000000000
53088  -38.734  -31.433  24.292 0.0000000000
52156  -38.150  -32.285  20.780 0.0000000000
133187  -36.223  -31.549  17.620 0.0000000000
42314  -20.750  -42.514  39.310 0.0000000000
123986  -22.705  -38.986  30.444 0.0000000000
139210  -24.618  -41.178  31.929 0.0000000000
42418  -25.665  -42.311  28.838 0.0000000000
42384  -26.248  -42.828  31.660 0.0000000000
42353  -26.465  -43.078  34.259 0.0000000000
40281  -28.644  -44.778  35.806 0.0000000000
35371  -12.810  -49.229  34.644 0.0000000000
37255  -14.490  -47.947  34.181 0.0000000000
35325  -14.913  -49.961  37.108 0.0000000000
54118  -42.697  -30.947  17.087 0.0000000000
53164  -45.527  -31.959  18.045 0.0000000000
52190  -48.323  -32.769  18.979 0.0000000000
126979  -48.135  -28.021  18.788 0.0000000000
66159  -53.487  -17.288  14.613 0.0000000000
68048  -54.030  -15.319  15.908 0.0000000000
70658  -54.938  -12.262  17.623 0.0000000000
71621  -54.052  -11.009  16.788 0.0000000000
72538  -56.371  -10.269  14.237 0.0000000000
45376  -31.634  -39.841  24.220 0.0000000000
46376  -32.898  -38.825  24.200 0.0000000000
46392  -31.462  -38.620  23.202 0.0000000000
43433  -30.357  -40.947  24.539 0.0000000000
44407  -31.273  -40.582  24.639 0.0000000000
44398  -32.401  -40.553  25.287 0.0000000000
53178  -38.069  -31.452  17.451 0.0000000000
52204  -40.147  -31.981  18.999 0.0000000000
53179  -38.911  -31.345  17.314 0.0000000000
63299  -50.742  -20.560  16.481 0.0000000000
62339  -51.317  -21.086  17.026 0.0000000000
63301  -52.223  -20.165  17.361 0.0000000000
64224  -52.733  -19.807  17.272 0.0000000000
64238  -52.607  -19.398  16.411 0.0000000000
34451  -12.272  -50.558  35.584 0.0000000000
33496  -11.566  -51.507  36.400 0.0000000000
33488  -12.615  -51.976  36.928 0.0000000000
132676  -34.972  -33.701  22.743 0.0000000000
51195  -35.627  -33.000  23.438 0.0000000000
52115  -34.446  -32.203  22.390 0.0000000000
53091  -34.552  -31.747  22.313 0.0000000000
53101  -33.671  -31.976  21.272 0.0000000000
38152  -18.301  -46.236  38.025 0.0000000000
43306  -23.800  -40.701  35.316 0.0000000000
123644  -24.041  -40.910  37.021 0.0000000000
43301  -25.248  -41.834  36.448 0.0000000000
42332  -26.400  -42.740  37.658 0.0000000000
42345  -25.622  -42.223  35.703 0.0000000000
39275  -31.893  -45.697  31.020 0.0000000000
39273  -30.579  -45.569  31.530 0.0000000000
39274  -31.466  -45.734  31.820 0.0000000000
39234  -31.745  -45.815  33.944 0.0000000000
40260  -17.817  -44.817  35.716 0.0000000000
39168  -17.994  -45.874  37.137 0.0000000000
38140  -17.919  -46.906  38.021 0.0000000000
51110  -43.724  -33.317  30.559 0.0000000000
57863  -43.583  -26.346  15.669 0.0000000000
122791  -44.219  -27.848  16.425 0.0000000000
57849  -44.823  -26.581  16.430 0.0000000000
44375  -36.064  -40.070  28.034 0.0000000000
45343  -36.369  -39.432  27.706 0.0000000000
45355  -35.997  -39.060  27.092 0.0000000000
47390  -34.618  -37.721  24.379 0.0000000000
48382  -33.772  -36.967  23.063 0.0000000000
49326  -34.848  -35.754  22.989 0.0000000000
42359  -17.636  -42.722  33.219 0.0000000000
42360  -18.240  -42.238  33.829 0.0000000000
43325  -18.433  -41.344  32.612 0.0000000000
45263  -19.793  -39.523  31.740 0.0000000000
44304  -19.695  -39.910  32.502 0.0000000000
45249  -20.473  -39.426  32.206 0.0000000000
44293  -21.663  -39.871  33.519 0.0000000000
45250  -21.428  -39.335  32.148 0.0000000000
43428  -25.618  -41.477  24.563 0.0000000000
42452  -30.956  -42.509  26.256 0.0000000000
42450  -29.707  -42.841  26.328 0.0000000000
41475  -31.469  -43.738  27.378 0.0000000000
40361  -31.186  -44.672  28.637 0.0000000000
131544  -32.567  -44.861  28.149 0.0000000000
39327  -33.984  -45.369  28.610 0.0000000000
41459  -33.672  -43.915  28.000 0.0000000000
44373  -34.706  -40.651  27.322 0.0000000000
43379  -34.809  -41.802  28.159 0.0000000000
44366  -35.772  -40.750  28.316 0.0000000000
44354  -36.827  -40.907  29.258 0.0000000000
41407  -16.906  -43.084  31.810 0.0000000000
52102  -41.098  -32.790  23.761 0.0000000000
52088  -42.251  -32.951  24.807 0.0000000000
52121  -41.746  -32.870  22.955 0.0000000000
52161  -43.270  -32.260  20.437 0.0000000000
123480  -43.752  -32.462  21.796 0.0000000000
52143  -44.756  -32.320  20.849 0.0000000000
123478  -45.547  -32.357  21.594 0.0000000000
124890  -44.954  -32.242  19.889 0.0000000000
59586  -47.228  -23.931  15.827 0.0000000000
59572  -47.464  -24.688  16.288 0.0000000000
60485  -48.622  -23.728  16.223 0.0000000000
61405  -52.249  -22.826  18.437 0.0000000000
146284  -44.018  -23.015  14.461 0.0000000000
62358  -44.404  -21.724  14.335 0.0000000000
63325  -45.852  -20.097  14.510 0.0000000000
63327  -47.334  -20.073  14.919 0.0000000000
63328  -48.093  -20.023  15.133 0.0000000000
64248  -48.185  -19.498  14.710 0.0000000000
131558  -48.741  -19.213  14.584 0.0000000000
32492  -10.398  -52.578  37.901 0.0000000000
31481  -9.744  -54.292  39.754 0.0000000000
30490  -14.689  -54.410  40.065 0.0000000000
30489  -13.708  -54.484  39.597 0.0000000000
139859  -14.112  -55.619  40.858 0.0000000000
28342  -12.213  -56.130  41.735 0.0000000000
28337  -10.512  -55.797  42.000 0.0000000000
29446  -9.961  -55.563  42.002 0.0000000000
132393  -10.178  -56.180  42.496 0.0000000000
27251  -8.569  -56.557  43.414 0.0000000000
47330  -37.771  -37.857  27.237 0.0000000000
47311  -38.823  -37.887  28.223 0.0000000000
48317  -38.876  -36.790  27.107 0.0000000000
50257  -38.204  -33.915  25.236 0.0000000000
49296  -39.560  -35.204  26.317 0.0000000000
51182  -39.241  -33.291  26.243 0.0000000000
51168  -40.093  -33.450  26.995 0.0000000000
51166  -39.020  -32.183  26.223 0.0000000000
53068  -39.376  -31.595  25.636 0.0000000000
53078  -38.305  -31.372  24.796 0.0000000000
53115  -35.815  -31.604  21.039 0.0000000000
140132  -36.749  -31.816  21.166 0.0000000000
53116  -36.615  -31.753  20.310 0.0000000000
53134  -37.556  -31.813  19.361 0.0000000000
141072  -35.741  -31.624  17.960 0.0000000000
43296  -19.860  -41.542  36.110 0.0000000000
42321  -19.838  -42.592  37.984 0.0000000000
43288  -20.812  -41.582  37.423 0.0000000000
45323  -23.485  -39.591  28.614 0.0000000000
45303  -22.777  -38.709  29.714 0.0000000000
44352  -23.661  -39.763  29.911 0.0000000000
45267  -23.423  -39.786  31.206 0.0000000000
44337  -24.409  -40.766  30.676 0.0000000000
42433  -26.201  -42.503  27.518 0.0000000000
42432  -25.511  -42.214  27.857 0.0000000000
42420  -26.721  -42.795  28.095 0.0000000000
40331  -27.929  -44.338  31.775 0.0000000000
41428  -26.756  -43.230  31.076 0.0000000000
41413  -27.348  -43.920  32.310 0.0000000000
42370  -26.294  -42.923  32.518 0.0000000000
41383  -27.356  -43.958  34.023 0.0000000000
41367  -27.350  -43.850  34.829 0.0000000000
129528  -28.332  -44.697  34.936 0.0000000000
38239  -36.595  -46.018  30.549 0.0000000000
37256  -15.317  -47.570  34.529 0.0000000000
36288  -15.444  -48.320  35.700 0.0000000000
36287  -14.694  -48.720  35.287 0.0000000000
35311  -17.633  -49.458  40.493 0.0000000000
133965  -39.692  -29.267  15.491 0.0000000000
54141  -41.319  -30.424  16.516 0.0000000000
55161  -41.697  -29.684  16.170 0.0000000000
55144  -45.341  -29.635  17.304 0.0000000000
54120  -44.335  -30.953  17.208 0.0000000000
54102  -45.747  -31.276  17.606 0.0000000000
53141  -46.927  -32.297  18.479 0.0000000000
53166  -47.164  -31.538  18.142 0.0000000000
57839  -48.022  -26.359  17.974 0.0000000000
56936  -47.202  -27.197  17.911 0.0000000000
56922  -49.050  -27.071  19.135 0.0000000000
65232  -51.512  -18.224  14.124 0.0000000000
66158  -52.328  -18.260  14.579 0.0000000000
145825  -52.077  -17.796  13.895 0.0000000000
68056  -53.609  -15.658  14.019 0.0000000000
138075  -53.962  -14.696  15.396 0.0000000000
68873  -54.383  -13.811  16.949 0.0000000000
69752  -54.137  -13.096  16.333 0.0000000000
73402  -55.253  -8.269  16.700 0.0000000000
129339  -54.066  -9.681  16.850 0.0000000000
73389  -55.076  -8.821  17.269 0.0000000000
73383  -55.341  -9.484  17.343 0.0000000000
72524  -56.290  -9.090  15.398 0.0000000000
72547  -55.155  -9.921  12.186 0.0000000000
73443  -54.838  -9.506  8.939 0.0000000000
44399  -33.950  -39.832  25.911 0.0000000000
45366  -34.497  -39.232  25.790 0.0000000000
46360  -33.975  -39.104  25.190 0.0000000000
46394  -33.298  -38.319  23.982 0.0000000000
43339  -18.268  -41.150  31.807 0.0000000000
43444  -28.635  -41.199  24.017 0.0000000000
43417  -30.305  -41.669  25.133 0.0000000000
43401  -31.875  -41.976  26.266 0.0000000000
42437  -33.343  -42.613  27.411 0.0000000000
43419  -32.290  -41.119  25.742 0.0000000000
44385  -33.680  -40.557  26.319 0.0000000000
52138  -39.960  -32.536  21.171 0.0000000000
52139  -41.066  -32.519  21.319 0.0000000000
52158  -40.834  -32.327  20.388 0.0000000000
140308  -41.125  -32.127  19.642 0.0000000000
138698  -42.470  -31.909  18.837 0.0000000000
61438  -48.899  -21.916  16.020 0.0000000000
60486  -49.514  -23.433  16.512 0.0000000000
137192  -50.176  -22.086  16.540 0.0000000000
62327  -51.844  -21.603  17.749 0.0000000000
66145  -54.362  -17.163  17.789 0.0000000000
32500  -11.213  -52.056  36.929 0.0000000000
31497  -11.303  -53.291  37.887 0.0000000000
48370  -37.100  -35.800  24.594 0.0000000000
48353  -38.274  -35.923  25.577 0.0000000000
49317  -37.295  -35.026  24.451 0.0000000000
51188  -36.861  -33.082  24.368 0.0000000000
52084  -37.007  -31.792  24.631 0.0000000000
53086  -37.092  -31.280  23.939 0.0000000000
53084  -35.661  -31.550  23.288 0.0000000000
53103  -34.977  -31.464  21.861 0.0000000000
53132  -34.783  -31.602  20.053 0.0000000000
123236  -21.652  -40.540  35.462 0.0000000000
43289  -21.721  -41.209  37.699 0.0000000000
44265  -22.716  -40.621  36.278 0.0000000000
43292  -24.198  -41.166  37.822 0.0000000000
134334  -27.055  -43.108  38.246 0.0000000000
45339  -23.352  -39.430  27.824 0.0000000000
145069  -24.106  -40.707  28.469 0.0000000000
41444  -28.989  -43.984  29.073 0.0000000000
41443  -28.315  -43.773  29.256 0.0000000000
40347  -29.386  -44.564  30.157 0.0000000000
40316  -29.191  -45.148  31.651 0.0000000000
39251  -29.116  -45.460  33.179 0.0000000000
39231  -29.130  -45.455  34.075 0.0000000000
39233  -30.358  -45.774  33.453 0.0000000000
40300  -16.541  -44.911  33.161 0.0000000000
39209  -16.654  -45.891  34.438 0.0000000000
37231  -16.664  -47.381  36.263 0.0000000000
36264  -16.496  -48.431  37.532 0.0000000000
37220  -17.462  -47.290  37.609 0.0000000000
56071  -41.781  -27.932  15.417 0.0000000000
55181  -41.991  -28.803  15.834 0.0000000000
56055  -43.740  -28.627  16.422 0.0000000000
56056  -44.492  -28.580  16.755 0.0000000000
127391  -45.866  -28.740  17.513 0.0000000000
66183  -50.734  -16.728  12.608 0.0000000000
66172  -52.259  -17.162  13.455 0.0000000000
67114  -51.632  -16.587  12.765 0.0000000000
74306  -56.000  -7.805  14.880 0.0000000000
73425  -55.092  -9.125  11.944 0.0000000000
137255  -55.245  -8.180  12.126 0.0000000000
135387  -55.187  -7.647  10.583 0.0000000000
33490  -14.230  -51.394  37.734 0.0000000000
143158  -13.530  -52.654  38.119 0.0000000000
45310  -38.583  -39.594  29.596 0.0000000000
45329  -37.471  -39.513  28.629 0.0000000000
46326  -37.424  -38.518  27.633 0.0000000000
47356  -36.659  -37.843  26.185 0.0000000000
46362  -35.354  -38.522  25.862 0.0000000000
47377  -36.119  -37.466  25.357 0.0000000000
48351  -36.678  -36.632  24.935 0.0000000000
48385  -35.991  -35.649  23.722 0.0000000000
49342  -34.984  -35.014  22.820 0.0000000000
40274  -18.185  -43.922  35.763 0.0000000000
125499  -18.592  -43.834  36.576 0.0000000000
122120  -18.446  -43.085  35.425 0.0000000000
42344  -19.228  -41.894  35.677 0.0000000000
43304  -19.686  -41.314  35.327 0.0000000000
43326  -18.907  -40.959  33.010 0.0000000000
44278  -19.990  -40.425  34.179 0.0000000000
44279  -20.773  -40.391  34.561 0.0000000000
44280  -21.463  -40.186  34.277 0.0000000000
44281  -22.763  -40.367  34.685 0.0000000000
44283  -23.891  -40.780  33.755 0.0000000000
43400  -25.883  -42.011  26.117 0.0000000000
42448  -27.276  -42.571  26.521 0.0000000000
42463  -28.409  -42.413  25.695 0.0000000000
42449  -28.794  -42.836  26.469 0.0000000000
41473  -29.250  -43.544  27.796 0.0000000000
40373  -30.269  -44.271  28.652 0.0000000000
39307  -31.360  -45.145  29.459 0.0000000000
39291  -32.344  -45.824  30.248 0.0000000000
39277  -34.405  -46.172  31.547 0.0000000000
38254  -34.275  -46.256  29.760 0.0000000000
38256  -35.615  -46.103  29.795 0.0000000000
40363  -36.365  -44.822  29.689 0.0000000000
41478  -33.891  -43.042  27.898 0.0000000000
41445  -35.597  -43.685  29.112 0.0000000000
41430  -36.658  -43.844  29.955 0.0000000000
42410  -36.929  -42.272  29.957 0.0000000000
41375  -16.804  -44.058  32.914 0.0000000000
52057  -42.516  -32.239  27.366 0.0000000000
52058  -43.536  -32.652  26.939 0.0000000000
52089  -44.376  -33.002  25.032 0.0000000000
129625  -44.980  -32.751  24.059 0.0000000000
123481  -42.361  -32.654  22.223 0.0000000000
52105  -44.509  -32.672  23.216 0.0000000000
58711  -45.175  -25.098  15.890 0.0000000000
57850  -45.578  -26.241  16.668 0.0000000000
59571  -46.574  -25.127  16.332 0.0000000000
58701  -48.078  -25.193  16.757 0.0000000000
124609  -49.182  -25.389  17.408 0.0000000000
60470  -49.873  -24.077  17.004 0.0000000000
58685  -50.646  -24.663  17.733 0.0000000000
55177  -36.772  -29.698  15.188 0.0000000000
54138  -38.707  -30.451  16.236 0.0000000000
55192  -37.834  -29.072  14.983 0.0000000000
123829  -38.548  -28.312  14.645 0.0000000000
56084  -39.340  -28.115  14.728 0.0000000000
143450  -40.126  -27.050  14.471 0.0000000000
57870  -41.301  -26.488  14.673 0.0000000000
135349  -41.862  -25.882  14.691 0.0000000000
58709  -43.224  -25.685  15.245 0.0000000000
130460  -44.033  -24.476  15.094 0.0000000000
59598  -44.685  -24.058  15.121 0.0000000000
137594  -45.441  -23.548  15.128 0.0000000000
60493  -46.276  -22.914  15.203 0.0000000000
62359  -45.136  -21.404  14.548 0.0000000000
62344  -46.619  -21.808  15.139 0.0000000000
62345  -47.503  -21.564  15.406 0.0000000000
62346  -48.316  -21.281  15.698 0.0000000000
63311  -49.383  -20.267  15.762 0.0000000000
64236  -50.602  -19.528  15.658 0.0000000000
64237  -51.563  -19.349  15.808 0.0000000000
64250  -50.240  -19.121  15.010 0.0000000000
65215  -49.968  -18.632  14.126 0.0000000000
144194  -50.042  -18.029  13.418 0.0000000000
66171  -49.619  -17.510  12.884 0.0000000000
147641  -13.006  -53.467  38.377 0.0000000000
30497  -12.339  -54.275  38.719 0.0000000000
30495  -11.073  -54.713  39.087 0.0000000000
29452  -13.083  -56.299  41.599 0.0000000000
29465  -11.432  -55.606  40.414 0.0000000000
140101  -10.179  -55.000  39.920 0.0000000000
30479  -9.722  -54.909  40.671 0.0000000000
30471  -9.056  -54.995  42.577 0.0000000000
30470  -8.320  -54.599  43.022 0.0000000000
29440  -8.047  -55.281  43.897 0.0000000000
51121  -42.782  -32.979  29.736 0.0000000000
47313  -40.182  -36.955  29.002 0.0000000000
48340  -39.346  -36.026  26.598 0.0000000000
48319  -40.339  -35.864  27.742 0.0000000000
50220  -41.461  -34.246  28.565 0.0000000000
51136  -41.724  -32.961  28.490 0.0000000000
52031  -41.958  -32.244  28.273 0.0000000000
53061  -41.178  -31.987  26.661 0.0000000000
52070  -40.609  -31.909  25.477 0.0000000000
52100  -39.366  -32.082  23.484 0.0000000000
53095  -37.521  -31.380  23.495 0.0000000000
52118  -38.775  -32.393  22.210 0.0000000000
52137  -39.141  -32.525  21.509 0.0000000000
52180  -38.300  -32.157  20.037 0.0000000000
53157  -37.849  -31.682  18.312 0.0000000000
53196  -36.571  -31.277  16.840 0.0000000000
53111  -32.676  -31.869  20.124 0.0000000000
53130  -32.690  -31.622  19.757 0.0000000000
145993  -33.278  -31.470  19.199 0.0000000000
53174  -33.489  -31.454  18.244 0.0000000000
53175  -34.416  -31.553  17.787 0.0000000000
54134  -35.025  -30.948  16.229 0.0000000000
54135  -36.001  -30.879  16.198 0.0000000000
54156  -36.382  -30.324  15.622 0.0000000000
43281  -21.858  -41.478  38.507 0.0000000000
46265  -21.000  -38.424  30.312 0.0000000000
46266  -22.005  -38.441  30.233 0.0000000000
45282  -21.434  -38.738  30.906 0.0000000000
147108  -22.984  -39.707  31.745 0.0000000000
44307  -23.617  -40.188  31.924 0.0000000000
43319  -24.664  -41.420  33.524 0.0000000000
43398  -24.421  -41.336  26.670 0.0000000000
43388  -24.282  -41.171  27.908 0.0000000000
43368  -25.046  -41.716  29.355 0.0000000000
140515  -26.750  -43.068  29.326 0.0000000000
140507  -26.084  -42.578  30.178 0.0000000000
43354  -25.080  -41.598  30.378 0.0000000000
43341  -25.178  -41.749  31.899 0.0000000000
127335  -25.261  -41.901  32.824 0.0000000000
145388  -25.396  -42.093  34.191 0.0000000000
41356  -26.743  -43.262  35.171 0.0000000000
40266  -28.044  -44.198  36.304 0.0000000000
35355  -12.367  -49.952  35.087 0.0000000000
34452  -13.004  -50.320  35.686 0.0000000000
38192  -14.450  -46.933  32.957 0.0000000000
37254  -13.536  -48.055  33.804 0.0000000000
134951  -13.931  -48.418  34.338 0.0000000000
35357  -14.267  -49.358  35.604 0.0000000000
34445  -14.245  -50.350  36.679 0.0000000000
34431  -14.592  -50.680  37.445 0.0000000000
36257  -16.844  -48.758  38.559 0.0000000000
147111  -39.818  -30.733  16.620 0.0000000000
53181  -41.493  -31.465  17.599 0.0000000000
53162  -42.978  -31.779  18.127 0.0000000000
54143  -43.016  -30.294  16.735 0.0000000000
53184  -43.936  -31.601  17.648 0.0000000000
53163  -44.651  -31.971  18.222 0.0000000000
52187  -45.794  -32.407  19.527 0.0000000000
57851  -46.193  -26.673  17.175 0.0000000000
56041  -46.961  -27.931  17.945 0.0000000000
56027  -47.480  -28.567  18.365 0.0000000000
65203  -52.492  -18.814  15.463 0.0000000000
65217  -53.294  -18.184  15.161 0.0000000000
66154  -54.092  -17.066  16.486 0.0000000000
66173  -53.033  -16.821  13.813 0.0000000000
66160  -53.883  -16.808  15.234 0.0000000000
68041  -54.439  -15.260  17.414 0.0000000000
133756  -54.592  -14.441  17.449 0.0000000000
69726  -55.642  -13.169  17.655 0.0000000000
70695  -53.920  -12.278  15.523 0.0000000000
123069  -54.518  -11.061  17.558 0.0000000000
72504  -55.633  -10.385  17.278 0.0000000000
126150  -54.747  -9.495  10.820 0.0000000000
45390  -31.182  -39.394  23.638 0.0000000000
45391  -32.084  -38.966  23.795 0.0000000000
44421  -30.786  -40.152  24.056 0.0000000000
53197  -37.473  -31.164  16.827 0.0000000000
53198  -38.361  -31.029  16.794 0.0000000000
63313  -51.061  -19.923  16.280 0.0000000000
63300  -51.575  -20.343  16.913 0.0000000000
34443  -12.614  -50.944  36.024 0.0000000000
33497  -12.211  -51.534  36.368 0.0000000000
51200  -34.517  -33.322  22.230 0.0000000000
51201  -34.944  -32.669  22.990 0.0000000000
52135  -34.027  -32.029  21.841 0.0000000000
52134  -33.720  -32.222  21.320 0.0000000000
39169  -18.489  -45.392  37.642 0.0000000000
40247  -18.632  -44.514  37.257 0.0000000000
43313  -24.298  -41.096  34.563 0.0000000000
43307  -24.406  -41.126  35.505 0.0000000000
43308  -25.024  -41.661  35.635 0.0000000000
145244  -32.233  -45.811  31.641 0.0000000000
39255  -32.224  -45.844  32.369 0.0000000000
130552  -33.086  -45.865  32.947 0.0000000000
57864  -44.292  -26.148  15.990 0.0000000000
45342  -35.707  -39.690  27.409 0.0000000000
47411  -33.012  -37.229  22.819 0.0000000000
42368  -17.985  -41.981  32.963 0.0000000000
146454  -20.262  -39.183  31.502 0.0000000000
45264  -20.974  -39.037  31.554 0.0000000000
128783  -30.983  -43.177  26.843 0.0000000000
40387  -32.014  -44.297  27.707 0.0000000000
41476  -32.103  -43.722  27.390 0.0000000000
40388  -32.812  -44.056  27.725 0.0000000000
43392  -35.097  -41.052  27.955 0.0000000000
44374  -35.410  -40.358  27.690 0.0000000000
42382  -17.275  -42.360  31.520 0.0000000000
42367  -17.457  -42.522  32.406 0.0000000000
52120  -40.806  -32.741  22.859 0.0000000000
52162  -44.124  -32.216  20.187 0.0000000000
60484  -47.931  -24.028  16.091 0.0000000000
60456  -52.785  -23.175  19.088 0.0000000000
62357  -43.681  -22.006  14.144 0.0000000000
146867  -47.773  -19.742  14.813 0.0000000000
64247  -47.436  -19.335  14.386 0.0000000000
133230  -10.658  -53.245  38.146 0.0000000000
32491  -9.906  -52.830  38.660 0.0000000000
124382  -9.636  -53.399  39.395 0.0000000000
30480  -14.398  -55.032  40.418 0.0000000000
29461  -15.119  -55.781  41.174 0.0000000000
27255  -9.532  -56.526  42.904 0.0000000000
47357  -37.424  -37.493  26.485 0.0000000000
47358  -38.157  -37.148  26.798 0.0000000000
51180  -38.036  -32.702  25.365 0.0000000000
51181  -38.616  -32.987  25.786 0.0000000000
52069  -38.991  -31.756  25.902 0.0000000000
53066  -38.060  -31.598  25.135 0.0000000000
53133  -35.742  -31.634  20.140 0.0000000000
129620  -36.541  -31.652  19.394 0.0000000000
53154  -35.171  -31.609  18.399 0.0000000000
42337  -20.054  -41.816  36.887 0.0000000000
44365  -23.893  -40.172  29.034 0.0000000000
45304  -23.350  -39.349  29.376 0.0000000000
44336  -23.860  -40.029  30.582 0.0000000000
42434  -26.998  -42.752  27.316 0.0000000000
40314  -28.028  -44.581  32.752 0.0000000000
41396  -27.368  -43.982  33.200 0.0000000000
40304  -27.909  -44.499  33.679 0.0000000000
40293  -27.847  -44.364  34.484 0.0000000000
40294  -28.416  -44.900  34.241 0.0000000000
39293  -37.135  -45.508  30.670 0.0000000000
36263  -15.860  -48.894  37.078 0.0000000000
55180  -40.480  -29.111  15.566 0.0000000000
55160  -40.845  -29.809  16.058 0.0000000000
142091  -41.223  -29.211  15.796 0.0000000000
54122  -45.788  -30.450  17.494 0.0000000000
54103  -46.543  -30.755  17.750 0.0000000000
57825  -48.642  -26.576  18.484 0.0000000000
65231  -50.716  -18.144  13.727 0.0000000000
68898  -53.775  -14.302  14.448 0.0000000000
129757  -54.052  -14.012  15.727 0.0000000000
69766  -53.903  -13.427  15.030 0.0000000000
73420  -56.189  -9.291  14.039 0.0000000000
45378  -33.212  -39.286  24.775 0.0000000000
132649  -32.127  -38.313  23.277 0.0000000000
46393  -32.726  -38.326  23.629 0.0000000000
43445  -29.462  -41.049  24.224 0.0000000000
42466  -30.973  -41.861  25.699 0.0000000000
43418  -31.580  -41.422  25.611 0.0000000000
45364  -32.789  -39.945  25.054 0.0000000000
43420  -33.078  -40.455  25.707 0.0000000000
52181  -39.025  -32.232  19.881 0.0000000000
124891  -39.769  -32.312  20.193 0.0000000000
52203  -39.560  -32.097  19.401 0.0000000000
53159  -40.339  -31.766  18.393 0.0000000000
53136  -40.827  -31.955  19.024 0.0000000000
53137  -41.712  -31.974  19.128 0.0000000000
62337  -49.675  -21.586  16.270 0.0000000000
61426  -49.541  -22.490  16.315 0.0000000000
62328  -52.764  -21.431  18.515 0.0000000000
65194  -54.150  -17.964  17.956 0.0000000000
65205  -53.901  -18.071  16.497 0.0000000000
32506  -11.859  -52.117  36.788 0.0000000000
32499  -10.940  -52.670  37.512 0.0000000000
49316  -36.650  -35.190  24.025 0.0000000000
50276  -36.388  -34.405  23.800 0.0000000000
129390  -36.309  -33.367  23.883 0.0000000000
132781  -37.013  -32.272  24.714 0.0000000000
52083  -36.484  -32.155  24.301 0.0000000000
53076  -36.722  -31.541  24.190 0.0000000000
52098  -36.027  -31.681  23.879 0.0000000000
53102  -34.212  -31.721  21.636 0.0000000000
53114  -34.880  -31.573  20.945 0.0000000000
53131  -33.737  -31.561  19.879 0.0000000000
44264  -21.992  -40.651  36.213 0.0000000000
42339  -26.297  -42.728  36.781 0.0000000000
125174  -23.760  -40.370  28.018 0.0000000000
40359  -29.659  -44.343  29.349 0.0000000000
40358  -28.841  -44.134  29.723 0.0000000000
39272  -29.865  -45.269  31.212 0.0000000000
122221  -29.843  -45.527  32.016 0.0000000000
39252  -29.172  -45.358  32.428 0.0000000000
134976  -29.761  -45.653  32.841 0.0000000000
39232  -29.640  -45.651  33.540 0.0000000000
40287  -16.825  -45.121  34.002 0.0000000000
39227  -16.318  -45.701  33.500 0.0000000000
38171  -17.326  -46.028  35.806 0.0000000000
37219  -16.865  -47.707  37.111 0.0000000000
38141  -18.292  -46.912  38.801 0.0000000000
140363  -42.550  -28.018  15.721 0.0000000000
144349  -42.866  -27.544  15.695 0.0000000000
56057  -44.944  -27.853  16.859 0.0000000000
56039  -45.175  -28.626  17.135 0.0000000000
74297  -55.091  -7.704  16.161 0.0000000000
141883  -55.697  -7.275  14.274 0.0000000000
135236  -55.592  -8.176  13.095 0.0000000000
33481  -14.609  -51.829  38.576 0.0000000000
30491  -15.704  -54.328  40.575 0.0000000000
44355  -37.547  -40.617  29.595 0.0000000000
45309  -37.851  -39.881  29.278 0.0000000000
46325  -36.680  -38.808  27.355 0.0000000000
45344  -37.078  -39.175  27.975 0.0000000000
46346  -37.051  -38.209  26.919 0.0000000000
46361  -34.769  -38.612  25.429 0.0000000000
47391  -35.343  -37.539  24.752 0.0000000000
47392  -35.916  -36.879  24.531 0.0000000000
127877  -35.786  -36.385  23.950 0.0000000000
48384  -35.335  -36.103  23.490 0.0000000000
49341  -34.439  -35.370  22.472 0.0000000000
41361  -18.209  -42.855  34.601 0.0000000000
42350  -18.620  -42.122  34.543 0.0000000000
42351  -19.074  -41.688  34.924 0.0000000000
43311  -19.495  -41.082  34.549 0.0000000000
44303  -18.962  -40.592  32.305 0.0000000000
44305  -20.316  -39.753  32.966 0.0000000000
44291  -19.863  -40.155  33.369 0.0000000000
146080  -21.369  -40.435  34.883 0.0000000000
134600  -21.973  -39.627  32.727 0.0000000000
124501  -22.263  -40.132  34.093 0.0000000000
123254  -23.101  -40.325  33.897 0.0000000000
44295  -23.488  -40.418  32.952 0.0000000000
43413  -26.199  -41.823  25.266 0.0000000000
42461  -26.728  -42.223  25.902 0.0000000000
43415  -28.765  -42.080  25.052 0.0000000000
41490  -29.452  -43.211  27.000 0.0000000000
41489  -28.757  -43.197  27.248 0.0000000000
41457  -29.485  -43.932  28.563 0.0000000000
41458  -30.057  -43.842  27.989 0.0000000000
39325  -32.116  -45.291  28.816 0.0000000000
136731  -32.007  -45.567  29.633 0.0000000000
38236  -33.326  -46.167  30.190 0.0000000000
39309  -33.655  -45.941  29.213 0.0000000000
39328  -34.808  -45.108  28.785 0.0000000000
38255  -34.943  -46.106  29.583 0.0000000000
39311  -35.285  -45.618  29.292 0.0000000000
39312  -36.003  -45.580  29.617 0.0000000000
40362  -35.617  -44.751  29.190 0.0000000000
42438  -34.102  -42.184  27.754 0.0000000000
42422  -35.239  -42.253  28.685 0.0000000000
42408  -35.691  -42.742  29.133 0.0000000000
41446  -36.146  -43.252  29.532 0.0000000000
42409  -36.293  -42.420  29.526 0.0000000000
41447  -36.630  -42.942  29.898 0.0000000000
43370  -37.335  -41.451  29.931 0.0000000000
41360  -17.647  -43.728  34.319 0.0000000000
52056  -41.959  -32.320  26.633 0.0000000000
140446  -42.777  -32.653  26.524 0.0000000000
52072  -42.504  -32.835  25.752 0.0000000000
131872  -42.963  -33.104  23.915 0.0000000000
127684  -43.252  -33.085  24.860 0.0000000000
52140  -41.997  -32.495  21.420 0.0000000000
123479  -44.507  -32.420  21.700 0.0000000000
52123  -44.094  -32.566  22.438 0.0000000000
52106  -45.561  -32.480  23.285 0.0000000000
52125  -46.144  -32.359  22.568 0.0000000000
138613  -46.611  -32.324  21.912 0.0000000000
58699  -45.759  -25.476  16.322 0.0000000000
59573  -48.380  -24.487  16.448 0.0000000000
142244  -48.528  -25.470  17.182 0.0000000000
61427  -50.223  -22.823  16.705 0.0000000000
60487  -50.228  -23.506  16.942 0.0000000000
30463  -6.983  -54.840  44.661 0.0000000000
138208  -38.056  -27.858  14.268 0.0000000000
56976  -38.806  -27.522  14.295 0.0000000000
56977  -39.560  -27.359  14.435 0.0000000000
56978  -40.786  -27.118  14.710 0.0000000000
57869  -40.441  -26.350  14.345 0.0000000000
58720  -41.096  -25.745  14.381 0.0000000000
141781  -42.514  -25.992  14.995 0.0000000000
58721  -42.505  -25.336  14.770 0.0000000000
58722  -43.262  -24.768  14.888 0.0000000000
59597  -43.642  -24.135  14.775 0.0000000000
144393  -44.129  -23.890  14.843 0.0000000000
60505  -44.576  -23.214  14.704 0.0000000000
61449  -45.403  -22.804  14.864 0.0000000000
61450  -45.727  -22.008  14.853 0.0000000000
62360  -46.004  -20.997  14.801 0.0000000000
63309  -47.801  -20.685  15.342 0.0000000000
63310  -48.580  -20.466  15.562 0.0000000000
63312  -50.213  -20.087  16.000 0.0000000000
64235  -49.771  -19.649  15.443 0.0000000000
64249  -49.436  -19.190  14.780 0.0000000000
123559  -9.158  -53.416  40.240 0.0000000000
31492  -13.609  -53.239  38.613 0.0000000000
29467  -13.245  -55.111  40.025 0.0000000000
126964  -12.916  -54.563  39.254 0.0000000000
30488  -12.302  -54.870  39.363 0.0000000000
30496  -11.631  -54.503  38.839 0.0000000000
30487  -11.564  -55.107  39.529 0.0000000000
29453  -14.365  -56.313  41.497 0.0000000000
29458  -11.333  -55.829  41.467 0.0000000000
126779  -12.010  -56.006  41.650 0.0000000000
29457  -10.467  -55.480  40.779 0.0000000000
29451  -9.798  -55.305  41.647 0.0000000000
123090  -9.655  -55.413  42.288 0.0000000000
29443  -8.613  -55.118  43.330 0.0000000000
143462  -8.648  -55.290  43.340 0.0000000000
27254  -8.539  -57.654  42.965 0.0000000000
50188  -42.720  -34.273  31.086 0.0000000000
51109  -43.166  -33.403  30.560 0.0000000000
50206  -42.611  -33.712  30.217 0.0000000000
45330  -38.172  -39.210  28.931 0.0000000000
45311  -39.307  -39.280  29.985 0.0000000000
46288  -38.855  -38.887  29.266 0.0000000000
46309  -39.149  -38.193  28.934 0.0000000000
47312  -39.494  -37.462  28.587 0.0000000000
48301  -39.920  -36.673  28.189 0.0000000000
49306  -37.811  -35.333  24.990 0.0000000000
49295  -38.965  -35.595  25.949 0.0000000000
50246  -40.071  -34.528  26.757 0.0000000000
49280  -40.027  -35.561  26.933 0.0000000000
49268  -40.958  -35.257  28.258 0.0000000000
49269  -41.406  -35.043  28.959 0.0000000000
50219  -40.956  -34.471  27.842 0.0000000000
51152  -40.524  -32.686  27.282 0.0000000000
50233  -41.089  -33.413  27.903 0.0000000000
51153  -41.256  -32.426  27.787 0.0000000000
53053  -41.052  -32.019  27.124 0.0000000000
53060  -40.482  -31.944  26.645 0.0000000000
53079  -39.070  -31.358  25.028 0.0000000000
53080  -39.821  -31.539  25.264 0.0000000000
52085  -39.589  -31.713  24.446 0.0000000000
52086  -40.447  -32.175  24.570 0.0000000000
52155  -37.587  -32.127  21.361 0.0000000000
52117  -37.768  -31.969  22.418 0.0000000000
52136  -38.405  -32.369  21.479 0.0000000000
52157  -38.957  -32.413  20.707 0.0000000000
53156  -36.917  -31.621  18.435 0.0000000000
53177  -37.173  -31.489  17.553 0.0000000000
143612  -32.169  -31.398  19.458 0.0000000000
54100  -32.815  -31.189  17.875 0.0000000000
53193  -33.716  -31.357  17.236 0.0000000000
54133  -34.035  -30.995  16.361 0.0000000000
53194  -34.674  -31.393  16.938 0.0000000000
54155  -35.444  -30.422  15.592 0.0000000000
139502  -18.889  -43.657  37.223 0.0000000000
41331  -19.281  -43.130  37.587 0.0000000000
42322  -20.547  -42.112  38.310 0.0000000000
43290  -22.599  -41.069  38.115 0.0000000000
43282  -22.483  -41.440  38.870 0.0000000000
124137  -22.164  -38.892  30.860 0.0000000000
45266  -22.685  -39.311  31.192 0.0000000000
44322  -24.283  -40.706  31.564 0.0000000000
44308  -24.177  -40.760  32.340 0.0000000000
44296  -24.206  -40.928  33.037 0.0000000000
43327  -24.685  -41.340  32.589 0.0000000000
43389  -24.847  -41.702  27.329 0.0000000000
43378  -24.926  -41.752  28.358 0.0000000000
41429  -28.083  -43.894  30.061 0.0000000000
41442  -27.429  -43.463  29.514 0.0000000000
129683  -27.355  -43.599  30.507 0.0000000000
42395  -26.205  -42.700  30.835 0.0000000000
42394  -25.679  -42.207  30.613 0.0000000000
129790  -25.318  -41.819  31.105 0.0000000000
42383  -25.738  -42.288  31.385 0.0000000000
42362  -26.356  -42.988  33.392 0.0000000000
42361  -25.806  -42.476  33.098 0.0000000000
43320  -25.339  -42.028  33.651 0.0000000000
42352  -25.821  -42.510  34.046 0.0000000000
128907  -26.060  -42.634  34.976 0.0000000000
40280  -27.922  -44.286  35.331 0.0000000000
41357  -27.365  -43.762  35.742 0.0000000000
39214  -29.653  -45.471  35.037 0.0000000000
39278  -35.256  -46.258  31.759 0.0000000000
35356  -13.389  -49.657  35.289 0.0000000000
38193  -16.060  -46.364  33.870 0.0000000000
147738  -15.781  -46.191  33.094 0.0000000000
39226  -15.373  -46.733  33.356 0.0000000000
37272  -14.931  -47.324  33.729 0.0000000000
37271  -13.959  -47.483  33.393 0.0000000000
36304  -14.427  -48.437  34.719 0.0000000000
36272  -14.961  -49.003  36.013 0.0000000000
35338  -14.614  -49.689  36.320 0.0000000000
35337  -13.867  -50.024  35.968 0.0000000000
36258  -17.191  -48.007  38.059 0.0000000000
36251  -17.174  -49.098  39.683 0.0000000000
52050  -45.388  -32.987  28.018 0.0000000000
54139  -39.549  -30.380  16.266 0.0000000000
54116  -40.955  -31.010  17.028 0.0000000000
54117  -41.856  -30.959  17.077 0.0000000000
53182  -42.382  -31.463  17.553 0.0000000000
55163  -43.345  -29.468  16.535 0.0000000000
55162  -42.525  -29.552  16.318 0.0000000000
55142  -43.807  -30.212  16.919 0.0000000000
54101  -44.925  -31.495  17.587 0.0000000000
52205  -45.230  -32.286  18.844 0.0000000000
53140  -46.085  -32.359  18.603 0.0000000000
52189  -47.458  -32.710  18.963 0.0000000000
124802  -46.357  -25.864  16.774 0.0000000000
56920  -47.695  -27.639  18.409 0.0000000000
64251  -50.926  -19.054  15.241 0.0000000000
65218  -53.785  -17.591  15.476 0.0000000000
67106  -53.879  -15.976  14.970 0.0000000000
67099  -54.099  -16.131  16.321 0.0000000000
69741  -54.658  -12.843  17.339 0.0000000000
68865  -54.913  -13.831  17.683 0.0000000000
70659  -55.301  -12.304  17.623 0.0000000000
70660  -55.965  -12.378  17.453 0.0000000000
71599  -55.484  -11.615  17.556 0.0000000000
71637  -53.840  -10.988  15.231 0.0000000000
70684  -54.288  -12.032  16.954 0.0000000000
72510  -56.151  -10.062  16.473 0.0000000000
72503  -55.131  -9.942  17.747 0.0000000000
123048  -56.520  -10.784  15.616 0.0000000000
71622  -56.358  -11.030  16.444 0.0000000000
130308  -56.496  -11.229  14.578 0.0000000000
45377  -32.465  -39.514  24.460 0.0000000000
44419  -29.056  -40.621  23.601 0.0000000000
44420  -29.922  -40.404  23.850 0.0000000000
44397  -31.773  -40.882  25.186 0.0000000000
44408  -32.068  -40.275  24.767 0.0000000000
124459  -38.762  -31.673  18.063 0.0000000000
140128  -39.658  -31.548  17.710 0.0000000000
64214  -53.260  -19.704  17.965 0.0000000000
65186  -53.943  -18.652  18.211 0.0000000000
64225  -53.394  -19.236  17.317 0.0000000000
34442  -11.401  -50.906  36.065 0.0000000000
33502  -11.914  -51.043  35.888 0.0000000000
32501  -12.263  -52.612  37.308 0.0000000000
50283  -35.242  -34.374  22.966 0.0000000000
50275  -35.812  -34.160  23.408 0.0000000000
131712  -35.332  -33.617  23.104 0.0000000000
52097  -35.430  -31.979  23.489 0.0000000000
52116  -34.913  -31.781  22.985 0.0000000000
123360  -23.183  -40.505  35.183 0.0000000000
44271  -23.270  -40.588  35.854 0.0000000000
123066  -23.940  -40.774  36.140 0.0000000000
43300  -24.568  -41.283  36.329 0.0000000000
42331  -25.625  -42.178  37.413 0.0000000000
42338  -25.798  -42.347  36.434 0.0000000000
42346  -26.229  -42.732  35.879 0.0000000000
39306  -30.832  -45.068  29.973 0.0000000000
39289  -30.556  -45.267  30.667 0.0000000000
122997  -31.178  -45.579  31.057 0.0000000000
129582  -31.222  -45.834  33.348 0.0000000000
39254  -31.532  -45.829  32.654 0.0000000000
129600  -32.143  -45.841  33.309 0.0000000000
38160  -17.549  -46.310  36.551 0.0000000000
38151  -17.753  -46.611  37.333 0.0000000000
57862  -42.836  -26.480  15.335 0.0000000000
56966  -43.182  -27.069  15.697 0.0000000000
56951  -44.010  -26.989  16.135 0.0000000000
56952  -44.685  -27.261  16.548 0.0000000000
44367  -36.435  -40.477  28.641 0.0000000000
45328  -36.741  -39.808  28.329 0.0000000000
47389  -33.894  -38.030  24.133 0.0000000000
47402  -34.230  -37.359  23.709 0.0000000000
48383  -34.574  -36.581  23.315 0.0000000000
48396  -34.129  -36.201  22.711 0.0000000000
41377  -17.783  -42.979  33.898 0.0000000000
43317  -18.622  -41.505  33.382 0.0000000000
144860  -19.468  -39.645  31.369 0.0000000000
44306  -21.069  -39.611  32.897 0.0000000000
42465  -30.157  -42.351  25.755 0.0000000000
42464  -29.240  -42.464  25.683 0.0000000000
42451  -30.384  -42.825  26.398 0.0000000000
41491  -30.200  -43.231  26.875 0.0000000000
41474  -30.681  -43.703  27.471 0.0000000000
40385  -30.700  -44.151  28.096 0.0000000000
40386  -31.324  -44.239  27.871 0.0000000000
40374  -31.860  -44.746  28.194 0.0000000000
39326  -33.095  -45.477  28.624 0.0000000000
40375  -33.410  -44.784  28.183 0.0000000000
40376  -34.223  -44.535  28.379 0.0000000000
43391  -34.390  -41.393  27.551 0.0000000000
43380  -35.491  -41.467  28.543 0.0000000000
43369  -36.546  -41.648  29.459 0.0000000000
43381  -36.137  -41.166  28.917 0.0000000000
41390  -17.109  -43.262  32.669 0.0000000000
52087  -41.310  -32.664  24.712 0.0000000000
52103  -42.003  -33.033  23.857 0.0000000000
129642  -42.661  -32.890  23.050 0.0000000000
52160  -42.394  -32.315  20.636 0.0000000000
52141  -43.001  -32.424  21.427 0.0000000000
52142  -43.903  -32.339  21.077 0.0000000000
52163  -45.588  -32.310  20.557 0.0000000000
59585  -46.315  -23.849  15.507 0.0000000000
132627  -46.711  -24.464  15.969 0.0000000000
59574  -49.153  -24.246  16.675 0.0000000000
61417  -51.611  -22.509  17.745 0.0000000000
59555  -51.499  -23.404  17.851 0.0000000000
139349  -55.939  -14.406  18.113 0.0000000000
144366  -40.447  -25.595  14.080 0.0000000000
61447  -43.003  -23.212  14.187 0.0000000000
135601  -43.597  -22.792  14.266 0.0000000000
61448  -44.202  -22.521  14.397 0.0000000000
63326  -46.580  -20.328  14.796 0.0000000000
65213  -48.140  -18.839  14.003 0.0000000000
28343  -13.198  -56.702  41.979 0.0000000000
29447  -11.026  -55.861  41.670 0.0000000000
28336  -9.864  -55.860  42.624 0.0000000000
28334  -9.092  -55.632  43.151 0.0000000000
46327  -38.131  -38.218  27.921 0.0000000000
47331  -38.480  -37.532  27.534 0.0000000000
49308  -39.124  -34.893  25.881 0.0000000000
50258  -38.899  -34.127  25.762 0.0000000000
50259  -39.467  -34.344  26.220 0.0000000000
50232  -40.590  -33.993  27.334 0.0000000000
51167  -39.755  -32.572  26.713 0.0000000000
52055  -40.205  -32.051  26.905 0.0000000000
143205  -39.670  -31.860  26.309 0.0000000000
53104  -35.876  -31.438  22.012 0.0000000000
138631  -36.825  -31.695  22.131 0.0000000000
144460  -37.463  -32.004  20.400 0.0000000000
144492  -37.077  -31.801  19.858 0.0000000000
53155  -36.065  -31.604  18.488 0.0000000000
42336  -19.406  -42.176  36.438 0.0000000000
42329  -19.623  -42.453  37.201 0.0000000000
42330  -20.138  -42.060  37.581 0.0000000000
123113  -22.796  -41.625  39.727 0.0000000000
142289  -23.197  -39.216  30.022 0.0000000000
45283  -23.276  -39.483  30.569 0.0000000000
44321  -23.964  -40.234  31.204 0.0000000000
42446  -25.620  -42.139  26.970 0.0000000000
143483  -26.084  -42.550  28.218 0.0000000000
42419  -26.411  -42.787  28.786 0.0000000000
126247  -27.331  -43.763  31.412 0.0000000000
41412  -26.770  -43.377  31.958 0.0000000000
41395  -26.818  -43.456  32.830 0.0000000000
41382  -26.871  -43.504  33.668 0.0000000000
41366  -26.950  -43.527  34.373 0.0000000000
37257  -15.985  -47.197  34.986 0.0000000000
38181  -15.702  -46.992  34.175 0.0000000000
37243  -15.582  -47.778  35.161 0.0000000000
36305  -15.023  -48.139  34.925 0.0000000000
35339  -15.246  -49.311  36.715 0.0000000000
36252  -17.777  -48.840  40.236 0.0000000000
55159  -40.008  -29.831  15.909 0.0000000000
54142  -42.171  -30.347  16.608 0.0000000000
55143  -44.572  -30.036  17.079 0.0000000000
54121  -45.133  -30.720  17.322 0.0000000000
53165  -46.369  -31.775  17.999 0.0000000000
53142  -47.712  -32.187  18.531 0.0000000000
57838  -47.428  -26.553  17.738 0.0000000000
57824  -47.855  -26.900  18.306 0.0000000000
56921  -48.418  -27.350  18.856 0.0000000000
125130  -50.826  -18.668  14.536 0.0000000000
128054  -52.786  -17.622  14.211 0.0000000000
68057  -53.813  -15.184  14.695 0.0000000000
135888  -54.212  -14.599  16.512 0.0000000000
135686  -54.010  -8.784  16.472 0.0000000000
73388  -54.597  -8.726  17.103 0.0000000000
72502  -54.766  -9.434  17.649 0.0000000000
147455  -54.446  -10.214  17.510 0.0000000000
73403  -55.845  -9.141  16.521 0.0000000000
141747  -55.609  -10.174  12.763 0.0000000000
139060  -54.866  -9.012  9.448 0.0000000000
74333  -55.043  -8.823  8.859 0.0000000000
45353  -34.707  -39.599  26.380 0.0000000000
46377  -33.593  -38.647  24.508 0.0000000000
47401  -33.348  -37.723  23.491 0.0000000000
44335  -19.045  -39.864  30.954 0.0000000000
45280  -19.722  -39.293  30.995 0.0000000000
43443  -27.800  -41.304  23.838 0.0000000000
128780  -29.073  -41.619  24.576 0.0000000000
43432  -29.751  -41.482  24.701 0.0000000000
42453  -32.071  -42.664  26.812 0.0000000000
42436  -32.568  -43.130  27.257 0.0000000000
42454  -32.738  -42.245  26.872 0.0000000000
43402  -33.037  -41.316  26.401 0.0000000000
43403  -33.973  -40.984  26.898 0.0000000000
44386  -34.342  -40.257  26.650 0.0000000000
52182  -40.398  -32.141  19.602 0.0000000000
52183  -41.739  -32.206  20.047 0.0000000000
52184  -42.604  -32.117  19.670 0.0000000000
53138  -43.064  -31.936  18.966 0.0000000000
132182  -48.094  -22.246  15.702 0.0000000000
61437  -48.765  -22.872  16.058 0.0000000000
62338  -50.450  -21.347  16.575 0.0000000000
61428  -50.935  -22.086  17.022 0.0000000000
61418  -52.326  -22.093  18.347 0.0000000000
33487  -10.492  -51.912  37.346 0.0000000000
48352  -37.484  -36.280  25.260 0.0000000000
50268  -37.664  -34.438  24.758 0.0000000000
50267  -36.979  -34.162  24.242 0.0000000000
128769  -37.490  -33.257  24.799 0.0000000000
52067  -37.529  -31.922  25.130 0.0000000000
53077  -37.512  -31.521  24.562 0.0000000000
53085  -36.375  -31.409  23.613 0.0000000000
53093  -36.046  -31.254  22.935 0.0000000000
53092  -35.263  -31.466  22.677 0.0000000000
131489  -34.712  -31.557  19.263 0.0000000000
43305  -21.160  -40.824  36.012 0.0000000000
43298  -21.453  -41.004  36.840 0.0000000000
43299  -22.478  -40.840  37.098 0.0000000000
44266  -23.336  -40.734  36.701 0.0000000000
43291  -23.455  -40.940  37.781 0.0000000000
43284  -24.096  -41.359  38.919 0.0000000000
147401  -26.032  -42.466  38.038 0.0000000000
45338  -22.968  -38.376  27.988 0.0000000000
123117  -28.708  -43.675  28.535 0.0000000000
41456  -27.884  -43.444  28.644 0.0000000000
40346  -28.650  -44.376  30.481 0.0000000000
140492  -29.850  -44.959  30.593 0.0000000000
40333  -29.240  -44.866  30.888 0.0000000000
40332  -28.550  -44.652  31.276 0.0000000000
40315  -28.573  -44.907  32.111 0.0000000000
141669  -28.677  -45.109  32.780 0.0000000000
130313  -30.019  -45.695  34.258 0.0000000000
129543  -31.068  -45.761  34.341 0.0000000000
124462  -31.704  -45.625  35.569 0.0000000000
38170  -16.788  -46.411  35.235 0.0000000000
146835  -16.401  -46.811  35.102 0.0000000000
36274  -16.114  -48.138  36.538 0.0000000000
37209  -17.775  -47.499  38.529 0.0000000000
56963  -41.017  -27.797  15.116 0.0000000000
56054  -42.915  -28.709  16.131 0.0000000000
56950  -43.362  -27.826  16.007 0.0000000000
142175  -44.734  -29.241  17.005 0.0000000000
126807  -50.411  -17.486  13.040 0.0000000000
67115  -52.494  -16.311  13.059 0.0000000000
73419  -55.673  -9.109  13.047 0.0000000000
74320  -55.021  -8.497  11.225 0.0000000000
74313  -55.237  -7.492  11.772 0.0000000000
34430  -13.847  -51.007  37.015 0.0000000000
33489  -13.464  -51.702  37.271 0.0000000000
33480  -13.861  -52.074  37.968 0.0000000000
32495  -14.215  -52.581  38.642 0.0000000000
46307  -37.786  -38.851  28.296 0.0000000000
45354  -35.381  -39.351  26.745 0.0000000000
46344  -35.664  -38.759  26.428 0.0000000000
46363  -35.913  -38.197  25.976 0.0000000000
145743  -34.881  -38.067  24.925 0.0000000000
47376  -35.394  -38.073  25.371 0.0000000000
47378  -37.039  -37.095  25.688 0.0000000000
49327  -35.506  -35.143  23.260 0.0000000000
50282  -34.716  -34.430  22.423 0.0000000000
127313  -18.619  -43.268  36.082 0.0000000000
42335  -18.876  -42.582  35.938 0.0000000000
42343  -18.740  -42.350  35.185 0.0000000000
134822  -20.372  -41.003  35.715 0.0000000000
123018  -19.366  -40.500  32.968 0.0000000000
43318  -19.292  -40.884  33.671 0.0000000000
43312  -20.176  -40.753  34.952 0.0000000000
44269  -20.915  -40.656  35.269 0.0000000000
142515  -21.999  -40.343  34.829 0.0000000000
44282  -23.523  -40.590  34.565 0.0000000000
43412  -25.346  -41.608  25.500 0.0000000000
42447  -26.424  -42.403  26.711 0.0000000000
42473  -27.946  -42.041  25.060 0.0000000000
125283  -28.009  -42.630  26.315 0.0000000000
42435  -27.946  -42.954  27.103 0.0000000000
41472  -28.333  -43.352  27.878 0.0000000000
40360  -30.590  -44.713  29.363 0.0000000000
39290  -31.449  -45.478  30.292 0.0000000000
139182  -32.698  -45.888  31.055 0.0000000000
39256  -33.757  -45.946  32.220 0.0000000000
39276  -33.540  -46.040  31.278 0.0000000000
38237  -34.267  -46.307  30.610 0.0000000000
38220  -35.113  -46.356  30.911 0.0000000000
135226  -35.032  -46.354  30.127 0.0000000000
38238  -35.878  -46.285  30.451 0.0000000000
143892  -36.216  -46.055  29.991 0.0000000000
39292  -36.580  -45.564  30.063 0.0000000000
40349  -36.955  -44.806  30.228 0.0000000000
41477  -33.264  -43.369  27.646 0.0000000000
41460  -34.396  -43.577  28.317 0.0000000000
42421  -34.576  -42.645  28.268 0.0000000000
41461  -35.059  -43.155  28.725 0.0000000000
138226  -36.085  -44.064  29.477 0.0000000000
133241  -37.228  -44.080  30.481 0.0000000000
40309  -16.238  -44.697  32.251 0.0000000000
40288  -17.067  -44.303  33.735 0.0000000000
52048  -43.289  -32.181  28.136 0.0000000000
52073  -43.445  -32.957  25.845 0.0000000000
52074  -44.244  -32.901  26.060 0.0000000000
52075  -45.223  -32.760  25.841 0.0000000000
122637  -41.422  -32.676  22.133 0.0000000000
52104  -43.568  -32.831  23.142 0.0000000000
52122  -43.242  -32.624  22.345 0.0000000000
129624  -46.089  -32.424  24.108 0.0000000000
58710  -44.475  -25.458  15.765 0.0000000000
58698  -44.994  -25.814  16.232 0.0000000000
58700  -47.211  -25.515  16.760 0.0000000000
58682  -47.816  -25.887  17.342 0.0000000000
58683  -48.585  -25.935  17.743 0.0000000000
58663  -49.369  -25.942  18.101 0.0000000000
59554  -50.676  -23.966  17.419 0.0000000000
128280  -50.159  -24.541  17.366 0.0000000000
59553  -49.550  -24.732  17.157 0.0000000000
58684  -50.035  -25.227  17.715 0.0000000000
31461  -7.751  -54.192  43.370 0.0000000000
54157  -37.285  -30.162  15.690 0.0000000000
54158  -38.152  -29.982  15.730 0.0000000000
55179  -38.340  -29.360  15.301 0.0000000000
56067  -38.299  -28.831  14.932 0.0000000000
56068  -39.024  -28.905  15.143 0.0000000000
56069  -39.874  -28.595  15.170 0.0000000000
138201  -40.569  -28.333  15.229 0.0000000000
56085  -40.203  -27.767  14.808 0.0000000000
56964  -41.558  -27.202  15.029 0.0000000000
57861  -42.078  -26.561  14.998 0.0000000000
59596  -42.389  -24.519  14.445 0.0000000000
59582  -43.913  -25.154  15.363 0.0000000000
59583  -44.600  -24.775  15.462 0.0000000000
59584  -45.360  -24.356  15.492 0.0000000000
146926  -46.506  -23.372  15.386 0.0000000000
60494  -46.932  -23.317  15.499 0.0000000000
61436  -47.222  -22.526  15.428 0.0000000000
62347  -49.082  -20.995  16.008 0.0000000000
32494  -13.099  -52.354  37.560 0.0000000000
32493  -12.835  -53.044  37.952 0.0000000000
31498  -11.977  -53.248  37.727 0.0000000000
30498  -13.147  -53.944  38.822 0.0000000000
31491  -12.464  -53.647  38.261 0.0000000000
31490  -11.734  -53.839  38.274 0.0000000000
31489  -10.985  -54.048  38.507 0.0000000000
29460  -13.291  -55.820  40.940 0.0000000000
29459  -12.314  -55.883  41.180 0.0000000000
30486  -10.820  -55.200  39.724 0.0000000000
31482  -10.501  -54.531  39.225 0.0000000000
30475  -9.183  -54.727  41.563 0.0000000000
30467  -7.941  -54.829  43.752 0.0000000000
28328  -7.679  -55.878  44.167 0.0000000000
28333  -8.350  -55.718  43.694 0.0000000000
123943  -7.766  -56.527  43.878 0.0000000000
50189  -43.500  -33.960  31.276 0.0000000000
125714  -43.405  -32.766  29.870 0.0000000000
48339  -38.608  -36.384  26.298 0.0000000000
48318  -39.641  -36.370  27.386 0.0000000000
48302  -40.559  -36.159  28.628 0.0000000000
49258  -41.575  -35.161  29.757 0.0000000000
137556  -41.727  -34.536  29.343 0.0000000000
51120  -42.119  -33.609  29.368 0.0000000000
51137  -42.381  -32.579  28.946 0.0000000000
52047  -42.319  -32.143  28.114 0.0000000000
53054  -41.677  -32.117  27.296 0.0000000000
53069  -40.067  -31.625  25.969 0.0000000000
53070  -40.724  -31.852  26.156 0.0000000000
52101  -40.219  -32.426  23.614 0.0000000000
52119  -39.953  -32.538  22.761 0.0000000000
53087  -37.871  -31.253  24.156 0.0000000000
52099  -38.449  -31.801  23.258 0.0000000000
145617  -39.244  -32.355  22.707 0.0000000000
128883  -39.593  -32.586  22.049 0.0000000000
51219  -33.382  -32.769  20.760 0.0000000000
52154  -33.243  -32.066  20.816 0.0000000000
53112  -33.212  -31.846  20.577 0.0000000000
137399  -34.127  -31.520  18.786 0.0000000000
53176  -35.355  -31.556  17.534 0.0000000000
53195  -35.656  -31.358  16.842 0.0000000000
54154  -34.452  -30.484  15.640 0.0000000000
54136  -36.921  -30.734  16.233 0.0000000000
41319  -18.996  -43.892  37.941 0.0000000000
43280  -21.209  -41.634  38.170 0.0000000000
45302  -19.986  -38.803  30.131 0.0000000000
45265  -21.845  -39.079  31.463 0.0000000000
45251  -22.292  -39.474  31.957 0.0000000000
145986  -22.837  -39.874  32.445 0.0000000000
43314  -24.995  -41.708  34.283 0.0000000000
43387  -23.910  -40.896  27.096 0.0000000000
141700  -24.332  -41.308  27.240 0.0000000000
43377  -24.451  -41.033  28.961 0.0000000000
41455  -27.099  -43.146  28.721 0.0000000000
42407  -26.204  -42.680  29.512 0.0000000000
41441  -26.672  -43.074  30.127 0.0000000000
42406  -25.624  -42.201  29.811 0.0000000000
43367  -24.633  -41.140  29.839 0.0000000000
43340  -24.811  -41.301  31.260 0.0000000000
42369  -25.752  -42.382  32.223 0.0000000000
141527  -25.402  -42.053  34.827 0.0000000000
41346  -26.832  -43.245  36.249 0.0000000000
41347  -27.469  -43.690  36.759 0.0000000000
39213  -28.891  -45.121  34.934 0.0000000000
140954  -29.330  -45.213  35.695 0.0000000000
35354  -11.693  -49.722  35.029 0.0000000000
34444  -13.457  -50.672  36.319 0.0000000000
36303  -13.163  -48.601  34.217 0.0000000000
35372  -13.846  -48.949  34.839 0.0000000000
53199  -39.259  -30.913  16.769 0.0000000000
53180  -40.622  -31.504  17.655 0.0000000000
54140  -40.373  -30.498  16.456 0.0000000000
53161  -42.030  -31.739  18.252 0.0000000000
54119  -43.511  -30.989  17.138 0.0000000000
53183  -43.136  -31.423  17.459 0.0000000000
53139  -43.760  -31.932  18.588 0.0000000000
52186  -44.366  -32.134  19.201 0.0000000000
52188  -46.642  -32.590  19.191 0.0000000000
56953  -45.412  -27.088  16.902 0.0000000000
145473  -45.939  -27.234  17.251 0.0000000000
57837  -46.824  -26.793  17.549 0.0000000000
56935  -46.447  -27.385  17.544 0.0000000000
139716  -46.316  -28.108  17.633 0.0000000000
56040  -46.611  -28.745  17.863 0.0000000000
55129  -46.962  -29.608  18.021 0.0000000000
55130  -47.648  -29.503  18.408 0.0000000000
54104  -47.416  -30.491  18.158 0.0000000000
54086  -47.959  -31.289  18.380 0.0000000000
67089  -54.436  -16.251  17.750 0.0000000000
67105  -53.581  -16.454  14.287 0.0000000000
128519  -55.005  -14.687  18.075 0.0000000000
68854  -55.433  -14.057  17.965 0.0000000000
68855  -55.941  -13.813  17.873 0.0000000000
69727  -56.169  -13.229  17.425 0.0000000000
70673  -54.720  -11.866  17.521 0.0000000000
71610  -54.838  -10.334  17.846 0.0000000000
71598  -54.964  -11.365  17.770 0.0000000000
71612  -56.007  -11.512  17.217 0.0000000000
126200  -54.647  -9.795  9.650 0.0000000000
39310  -34.510  -45.815  29.128 0.0000000000
45367  -35.057  -38.997  26.118 0.0000000000
48369  -36.385  -36.129  24.245 0.0000000000
49307  -38.559  -34.973  25.407 0.0000000000
50245  -39.733  -33.686  26.582 0.0000000000
51111  -44.319  -33.320  30.399 0.0000000000
52046  -41.500  -32.235  27.591 0.0000000000
53067  -38.705  -31.598  25.339 0.0000000000
53158  -39.533  -31.832  18.613 0.0000000000
54115  -40.032  -31.105  17.023 0.0000000000
69725  -55.080  -13.081  17.672 0.0000000000
71611  -55.271  -10.744  17.680 0.0000000000
72525  -56.462  -10.054  15.400 0.0000000000
136193  -31.500  -42.727  26.650 0.0000000000
143923  -26.487  -42.666  38.580 0.0000000000
146624  -9.306  -55.016  42.006 0.0000000000
147411  -39.459  -31.253  17.188 0.0000000000
