#!ascii label  , from subject sub-v1s10x0051082_ses-1 vox2ras=TkReg
1737
75181  -41.269  -7.123  9.669 0.0000000000
128657  -49.872  5.364  -4.157 0.0000000000
81746  -47.113  0.342  14.839 0.0000000000
77788  -49.205  -5.019  1.888 0.0000000000
69792  -44.350  -13.867  12.622 0.0000000000
83497  -47.597  2.627  4.570 0.0000000000
88667  -51.517  9.507  9.510 0.0000000000
88607  -39.543  8.703  13.561 0.0000000000
76844  -41.522  -5.636  19.301 0.0000000000
76094  -44.659  -6.037  5.017 0.0000000000
134699  -46.246  -0.042  1.708 0.0000000000
80212  -44.663  -1.391  6.550 0.0000000000
85037  -50.302  4.605  20.107 0.0000000000
124730  -49.084  5.451  13.054 0.0000000000
86883  -48.581  6.973  15.586 0.0000000000
87844  -45.066  8.184  10.637 0.0000000000
89426  -43.623  9.395  17.929 0.0000000000
87947  -45.991  7.619  -2.024 0.0000000000
77677  -41.683  -4.442  12.381 0.0000000000
78504  -46.406  -3.937  11.224 0.0000000000
75250  -51.996  -7.405  3.706 0.0000000000
73489  -47.732  -9.501  5.572 0.0000000000
70740  -42.074  -12.683  8.802 0.0000000000
69719  -38.590  -13.224  16.960 0.0000000000
86146  -47.635  5.832  -1.413 0.0000000000
87024  -51.279  7.861  1.915 0.0000000000
81781  -47.575  0.277  8.502 0.0000000000
84285  -51.864  3.623  6.995 0.0000000000
86977  -49.423  6.434  7.504 0.0000000000
91233  -46.722  12.595  5.019 0.0000000000
91227  -40.626  11.816  4.945 0.0000000000
76072  -42.089  -6.447  7.384 0.0000000000
144918  -44.323  -3.597  5.625 0.0000000000
77715  -43.296  -4.245  8.208 0.0000000000
87740  -49.465  7.255  21.940 0.0000000000
125059  -50.740  6.915  18.341 0.0000000000
87744  -46.651  7.626  20.287 0.0000000000
87767  -45.229  6.777  17.772 0.0000000000
86166  -47.244  5.883  -3.489 0.0000000000
79334  -39.953  -2.066  13.054 0.0000000000
79343  -42.526  -2.315  12.858 0.0000000000
71690  -46.866  -12.108  7.974 0.0000000000
71702  -45.242  -11.468  7.219 0.0000000000
69814  -43.223  -13.737  10.235 0.0000000000
72489  -40.042  -9.965  19.012 0.0000000000
74286  -38.186  -8.471  14.815 0.0000000000
75147  -37.819  -7.011  13.071 0.0000000000
76013  -36.524  -6.897  13.990 0.0000000000
80258  -50.027  -1.404  0.238 0.0000000000
83517  -45.731  1.867  2.295 0.0000000000
83541  -46.451  2.923  -0.039 0.0000000000
84336  -46.934  4.069  1.725 0.0000000000
87032  -48.528  7.116  0.047 0.0000000000
85173  -49.348  4.354  3.088 0.0000000000
80159  -46.219  -1.946  12.784 0.0000000000
134798  -46.778  -1.084  9.739 0.0000000000
82587  -45.207  1.417  11.816 0.0000000000
86938  -51.532  7.583  11.738 0.0000000000
124032  -49.475  5.132  10.143 0.0000000000
86948  -53.033  6.674  9.594 0.0000000000
86055  -52.649  5.781  7.202 0.0000000000
88678  -52.375  9.615  7.848 0.0000000000
89537  -48.671  10.127  6.780 0.0000000000
91182  -49.368  12.077  7.327 0.0000000000
88626  -42.218  8.189  11.113 0.0000000000
90330  -43.163  10.181  7.980 0.0000000000
89516  -40.113  9.428  8.403 0.0000000000
139430  -37.857  11.236  6.233 0.0000000000
89492  -37.288  9.172  9.882 0.0000000000
76972  -46.661  -5.761  3.495 0.0000000000
79443  -47.976  -2.696  1.754 0.0000000000
145754  -45.856  -3.173  3.583 0.0000000000
140160  -45.240  -0.820  3.852 0.0000000000
81806  -46.450  0.806  5.863 0.0000000000
84210  -49.224  2.572  17.674 0.0000000000
84240  -47.136  3.796  14.254 0.0000000000
85074  -50.024  4.895  15.872 0.0000000000
86898  -51.691  7.284  14.773 0.0000000000
87821  -49.628  8.125  12.397 0.0000000000
88664  -47.463  8.786  9.885 0.0000000000
140296  -46.616  6.531  13.278 0.0000000000
86894  -43.541  6.239  14.247 0.0000000000
143762  -41.539  7.995  15.628 0.0000000000
87917  -45.310  7.855  -0.203 0.0000000000
74302  -42.957  -8.510  11.959 0.0000000000
76043  -44.877  -6.921  10.269 0.0000000000
131554  -44.379  -5.372  12.501 0.0000000000
79336  -45.307  -2.954  13.883 0.0000000000
80138  -47.339  -2.186  15.875 0.0000000000
82540  -45.583  1.300  17.221 0.0000000000
81701  -48.270  -0.032  18.441 0.0000000000
76131  -50.504  -6.599  2.403 0.0000000000
74375  -49.744  -8.834  5.288 0.0000000000
75247  -48.895  -7.528  3.568 0.0000000000
74388  -46.301  -8.100  4.791 0.0000000000
73464  -43.025  -9.545  6.746 0.0000000000
69739  -43.025  -13.094  16.221 0.0000000000
73350  -42.079  -9.674  20.615 0.0000000000
136392  -41.065  -13.428  18.436 0.0000000000
69759  -41.909  -13.884  14.888 0.0000000000
68906  -39.486  -14.265  12.870 0.0000000000
73422  -39.800  -9.693  11.696 0.0000000000
85237  -52.580  5.905  -3.259 0.0000000000
81853  -48.689  0.483  -0.248 0.0000000000
85224  -48.977  3.878  -2.006 0.0000000000
87061  -50.755  7.727  -3.456 0.0000000000
88772  -49.713  8.689  -2.725 0.0000000000
89588  -48.412  9.899  -0.445 0.0000000000
87900  -48.576  7.719  2.416 0.0000000000
78534  -47.449  -4.006  8.916 0.0000000000
80206  -48.733  -2.035  7.441 0.0000000000
81799  -49.319  -0.013  6.394 0.0000000000
85113  -46.982  4.177  11.008 0.0000000000
83461  -49.264  3.045  7.917 0.0000000000
83488  -50.426  2.394  5.473 0.0000000000
85166  -52.151  4.458  4.228 0.0000000000
86996  -51.130  6.453  4.204 0.0000000000
123177  -48.301  5.766  5.118 0.0000000000
90332  -45.649  10.728  8.130 0.0000000000
91229  -43.523  12.739  4.471 0.0000000000
91264  -40.311  12.948  1.626 0.0000000000
92074  -37.613  13.465  4.010 0.0000000000
92792  -35.521  13.714  5.982 0.0000000000
76071  -41.459  -6.753  8.002 0.0000000000
76930  -42.533  -5.528  7.434 0.0000000000
76920  -42.305  -5.324  8.803 0.0000000000
87739  -47.431  7.949  21.463 0.0000000000
137961  -45.725  8.927  20.681 0.0000000000
129556  -48.672  5.274  -3.917 0.0000000000
69826  -45.906  -13.190  9.870 0.0000000000
69825  -45.135  -13.294  9.570 0.0000000000
122302  -43.871  -14.022  11.708 0.0000000000
131772  -38.136  -7.958  15.397 0.0000000000
75141  -37.220  -7.404  14.037 0.0000000000
132698  -49.622  -4.337  1.507 0.0000000000
78614  -49.300  -3.442  1.414 0.0000000000
83508  -46.346  2.580  3.372 0.0000000000
84325  -46.551  3.444  2.074 0.0000000000
84326  -47.277  3.867  2.539 0.0000000000
85183  -47.702  4.474  2.174 0.0000000000
128542  -48.926  3.795  3.574 0.0000000000
139963  -46.965  -0.540  14.295 0.0000000000
80978  -45.671  -0.386  12.011 0.0000000000
82573  -45.783  1.481  13.538 0.0000000000
87848  -52.042  8.310  10.167 0.0000000000
86947  -52.299  7.036  10.357 0.0000000000
88668  -52.844  8.951  9.403 0.0000000000
88679  -53.324  8.950  8.708 0.0000000000
89506  -52.681  10.313  8.315 0.0000000000
90354  -51.598  11.483  7.362 0.0000000000
90321  -51.251  11.197  8.260 0.0000000000
87815  -40.956  7.795  12.395 0.0000000000
88658  -41.347  8.870  9.610 0.0000000000
88639  -39.903  8.424  10.664 0.0000000000
89493  -38.907  8.945  9.252 0.0000000000
88622  -38.552  8.642  11.457 0.0000000000
76960  -45.924  -5.852  3.922 0.0000000000
77777  -46.576  -4.094  3.185 0.0000000000
76959  -45.455  -5.133  4.254 0.0000000000
78565  -44.167  -3.152  6.384 0.0000000000
79415  -44.753  -2.060  4.897 0.0000000000
80226  -44.681  -1.311  5.245 0.0000000000
81034  -45.055  0.004  5.383 0.0000000000
132239  -45.101  -0.294  6.087 0.0000000000
84212  -50.064  3.600  18.601 0.0000000000
84224  -49.258  3.589  16.828 0.0000000000
85060  -50.442  4.590  17.867 0.0000000000
86865  -49.503  7.027  17.647 0.0000000000
86874  -51.540  7.174  16.425 0.0000000000
141464  -50.413  7.845  15.661 0.0000000000
87805  -50.972  8.347  14.109 0.0000000000
146203  -48.865  7.486  14.377 0.0000000000
87803  -47.973  7.239  13.253 0.0000000000
86896  -47.226  6.494  14.569 0.0000000000
88584  -44.150  7.889  18.101 0.0000000000
86868  -44.844  6.197  16.190 0.0000000000
143336  -43.451  7.210  16.733 0.0000000000
87778  -42.381  7.041  15.184 0.0000000000
90266  -42.848  9.881  16.941 0.0000000000
87929  -45.420  8.018  -0.853 0.0000000000
133990  -42.181  -6.071  12.452 0.0000000000
76030  -43.770  -6.775  12.408 0.0000000000
77678  -42.653  -4.740  12.463 0.0000000000
80144  -43.485  -1.197  13.937 0.0000000000
79335  -43.634  -2.686  13.190 0.0000000000
79326  -45.006  -2.564  14.279 0.0000000000
143817  -46.435  -2.513  14.718 0.0000000000
80136  -45.354  -1.542  15.234 0.0000000000
82539  -44.874  2.264  17.297 0.0000000000
131349  -47.344  0.185  18.049 0.0000000000
132652  -47.409  1.280  18.961 0.0000000000
82523  -48.950  1.039  19.608 0.0000000000
84178  -48.066  3.683  20.525 0.0000000000
76132  -51.397  -6.760  2.435 0.0000000000
76119  -51.701  -7.199  2.998 0.0000000000
73471  -49.383  -9.950  6.596 0.0000000000
74374  -48.966  -8.991  5.184 0.0000000000
75234  -49.137  -8.146  4.224 0.0000000000
74373  -48.172  -8.997  5.088 0.0000000000
75232  -47.459  -7.823  4.191 0.0000000000
73488  -46.855  -9.430  5.551 0.0000000000
70757  -43.894  -12.057  7.799 0.0000000000
72590  -44.234  -10.169  6.573 0.0000000000
71699  -42.487  -11.218  7.655 0.0000000000
129401  -41.917  -7.106  19.394 0.0000000000
71566  -39.926  -11.607  19.206 0.0000000000
69710  -39.671  -13.207  18.022 0.0000000000
69737  -41.195  -13.610  16.551 0.0000000000
69745  -39.690  -13.882  15.980 0.0000000000
131510  -40.605  -14.347  13.693 0.0000000000
68868  -38.995  -13.917  15.199 0.0000000000
73415  -41.053  -9.394  12.646 0.0000000000
73407  -40.215  -9.625  13.084 0.0000000000
84376  -52.842  4.990  -2.599 0.0000000000
126654  -47.198  -1.206  1.596 0.0000000000
81062  -48.063  -0.865  0.794 0.0000000000
81843  -47.448  0.460  0.420 0.0000000000
84357  -47.085  4.139  -1.068 0.0000000000
83552  -47.991  2.879  -1.245 0.0000000000
85223  -48.400  4.648  -2.084 0.0000000000
86156  -49.924  6.257  -2.601 0.0000000000
128868  -49.381  6.882  -2.498 0.0000000000
87951  -50.118  8.484  -2.989 0.0000000000
87053  -48.840  7.700  -1.987 0.0000000000
87022  -50.135  7.253  1.261 0.0000000000
88743  -49.556  9.552  -0.055 0.0000000000
89583  -50.321  9.403  0.940 0.0000000000
88737  -49.145  9.442  1.093 0.0000000000
88728  -50.211  8.659  1.991 0.0000000000
76897  -46.371  -6.307  9.963 0.0000000000
77702  -46.333  -5.328  9.602 0.0000000000
77690  -47.159  -5.132  9.763 0.0000000000
80996  -46.791  -0.172  9.284 0.0000000000
80195  -48.389  -2.510  8.424 0.0000000000
135041  -48.489  -0.893  8.084 0.0000000000
81027  -49.121  -1.182  6.815 0.0000000000
81789  -49.324  -0.392  6.814 0.0000000000
85092  -47.725  4.706  13.032 0.0000000000
133448  -46.298  3.879  12.309 0.0000000000
85106  -47.627  4.701  11.456 0.0000000000
85122  -51.041  4.724  9.138 0.0000000000
84271  -49.271  4.235  9.029 0.0000000000
84284  -50.319  3.502  7.976 0.0000000000
137567  -50.303  2.465  6.545 0.0000000000
84291  -51.337  3.227  6.426 0.0000000000
128169  -51.143  3.597  4.385 0.0000000000
84299  -51.966  3.691  5.474 0.0000000000
86985  -51.643  6.133  7.136 0.0000000000
86084  -52.073  5.714  5.325 0.0000000000
86082  -50.124  5.867  5.855 0.0000000000
86093  -49.194  6.073  4.797 0.0000000000
86081  -49.042  5.738  5.784 0.0000000000
86069  -47.546  5.745  6.716 0.0000000000
86052  -48.376  6.076  7.256 0.0000000000
90370  -48.151  12.052  5.750 0.0000000000
138100  -47.078  9.079  7.113 0.0000000000
88644  -45.905  8.358  10.367 0.0000000000
89523  -46.941  10.294  8.670 0.0000000000
142393  -45.548  9.636  9.235 0.0000000000
90365  -41.393  10.630  6.612 0.0000000000
90367  -43.066  11.065  6.610 0.0000000000
91228  -41.634  11.901  5.042 0.0000000000
131471  -42.922  13.310  2.641 0.0000000000
92076  -40.480  13.529  3.229 0.0000000000
91262  -38.965  13.593  2.556 0.0000000000
91240  -39.217  12.844  3.887 0.0000000000
91180  -36.183  11.335  7.947 0.0000000000
91206  -36.738  12.449  5.973 0.0000000000
92044  -35.241  13.830  6.667 0.0000000000
92784  -34.037  14.600  6.994 0.0000000000
76081  -43.471  -6.180  6.083 0.0000000000
76949  -44.268  -5.325  5.409 0.0000000000
76948  -43.672  -5.403  5.944 0.0000000000
78556  -43.714  -3.852  6.866 0.0000000000
78557  -43.995  -3.265  7.213 0.0000000000
85962  -50.851  6.278  18.712 0.0000000000
86825  -49.634  6.389  20.658 0.0000000000
86853  -48.987  6.545  18.977 0.0000000000
86864  -47.578  6.377  17.750 0.0000000000
123378  -47.093  6.251  16.163 0.0000000000
87762  -46.184  6.932  18.806 0.0000000000
88572  -44.886  8.477  19.371 0.0000000000
86153  -46.557  6.186  -3.104 0.0000000000
135403  -40.967  -3.223  12.483 0.0000000000
136214  -41.859  -2.945  12.543 0.0000000000
80158  -41.641  -2.076  12.811 0.0000000000
72582  -47.666  -11.139  7.047 0.0000000000
72593  -46.616  -10.661  6.475 0.0000000000
70759  -45.613  -12.118  7.748 0.0000000000
69833  -44.178  -13.059  8.755 0.0000000000
123581  -42.808  -13.494  9.678 0.0000000000
74263  -41.206  -7.452  18.959 0.0000000000
72499  -38.883  -10.035  17.788 0.0000000000
73405  -38.539  -9.761  14.203 0.0000000000
135721  -38.802  -8.536  13.781 0.0000000000
75142  -38.057  -7.983  14.109 0.0000000000
75146  -37.152  -6.981  13.534 0.0000000000
81835  -45.628  1.094  2.262 0.0000000000
81842  -46.620  0.914  0.738 0.0000000000
82673  -45.852  2.149  1.538 0.0000000000
147826  -46.491  3.791  0.599 0.0000000000
86129  -46.991  4.877  -0.214 0.0000000000
87031  -47.796  6.396  -0.341 0.0000000000
86117  -47.596  5.402  0.976 0.0000000000
86108  -49.285  5.475  2.018 0.0000000000
86109  -50.562  5.873  2.196 0.0000000000
79346  -45.956  -2.578  12.256 0.0000000000
79357  -46.946  -2.927  10.499 0.0000000000
147039  -46.027  -1.531  11.037 0.0000000000
80988  -45.684  -0.077  10.799 0.0000000000
82595  -45.850  1.471  10.064 0.0000000000
86926  -50.787  6.520  12.671 0.0000000000
86009  -49.071  5.535  11.522 0.0000000000
86946  -51.107  6.544  11.163 0.0000000000
86024  -51.585  5.436  9.757 0.0000000000
86034  -52.876  5.335  8.669 0.0000000000
85139  -52.740  4.761  7.212 0.0000000000
86036  -53.296  6.246  8.246 0.0000000000
138752  -52.255  7.345  8.004 0.0000000000
87862  -51.327  7.813  8.059 0.0000000000
88694  -49.602  8.448  7.749 0.0000000000
143590  -50.133  9.550  7.388 0.0000000000
90352  -50.269  11.805  6.630 0.0000000000
131992  -47.932  12.510  6.148 0.0000000000
88627  -43.127  8.106  11.059 0.0000000000
89498  -43.615  9.581  9.225 0.0000000000
88659  -42.341  8.975  9.748 0.0000000000
89518  -41.775  9.660  8.359 0.0000000000
90344  -40.688  10.302  7.062 0.0000000000
90378  -39.142  11.303  5.603 0.0000000000
90343  -38.881  10.223  7.150 0.0000000000
89514  -37.845  9.721  8.355 0.0000000000
125574  -36.294  10.124  9.444 0.0000000000
126653  -47.705  -4.966  2.631 0.0000000000
78613  -48.446  -3.374  1.761 0.0000000000
77778  -47.254  -4.183  2.701 0.0000000000
78597  -46.874  -3.430  2.761 0.0000000000
144497  -46.329  -1.486  2.563 0.0000000000
78575  -45.237  -3.706  4.301 0.0000000000
79416  -45.196  -2.232  4.167 0.0000000000
80238  -45.603  -0.919  3.252 0.0000000000
81828  -45.503  0.603  3.045 0.0000000000
82650  -45.644  1.200  4.328 0.0000000000
82652  -47.130  2.065  5.068 0.0000000000
82569  -47.824  1.314  16.082 0.0000000000
83420  -46.467  2.399  14.557 0.0000000000
84229  -47.921  3.079  15.819 0.0000000000
85080  -48.058  4.283  14.541 0.0000000000
140729  -49.741  5.409  14.398 0.0000000000
85977  -51.329  6.409  16.854 0.0000000000
130441  -51.307  6.460  15.174 0.0000000000
86912  -51.085  6.603  13.533 0.0000000000
86927  -51.735  7.653  13.174 0.0000000000
88631  -51.384  8.198  12.237 0.0000000000
88647  -49.984  8.449  10.655 0.0000000000
89503  -49.077  9.455  9.559 0.0000000000
87836  -48.261  7.900  11.172 0.0000000000
87847  -47.197  7.763  10.964 0.0000000000
87833  -45.794  7.388  11.336 0.0000000000
122947  -46.132  6.042  14.753 0.0000000000
86908  -44.994  5.989  13.467 0.0000000000
86922  -44.449  6.625  12.348 0.0000000000
86921  -43.132  6.668  12.990 0.0000000000
87802  -41.473  7.438  13.502 0.0000000000
87790  -40.681  8.151  14.470 0.0000000000
75173  -42.027  -7.992  10.573 0.0000000000
129174  -42.858  -6.755  10.078 0.0000000000
75174  -43.870  -8.074  10.914 0.0000000000
76891  -45.091  -6.475  11.492 0.0000000000
77681  -45.528  -4.808  11.958 0.0000000000
78498  -43.342  -4.142  12.616 0.0000000000
78499  -44.668  -4.053  12.949 0.0000000000
139271  -45.517  -3.691  12.699 0.0000000000
79338  -46.184  -2.464  13.509 0.0000000000
80147  -47.057  -2.359  14.893 0.0000000000
80947  -48.131  -1.565  16.103 0.0000000000
81736  -44.550  0.425  15.955 0.0000000000
81723  -46.274  -0.720  16.700 0.0000000000
80923  -48.075  -1.426  17.519 0.0000000000
81725  -48.487  -1.008  16.653 0.0000000000
82542  -49.010  0.413  18.543 0.0000000000
83393  -49.723  1.560  19.176 0.0000000000
85030  -50.196  3.843  21.169 0.0000000000
76999  -50.774  -5.448  1.480 0.0000000000
76986  -49.575  -5.656  2.039 0.0000000000
146760  -50.918  -8.824  5.990 0.0000000000
74393  -50.960  -8.220  4.834 0.0000000000
75248  -50.320  -7.493  3.406 0.0000000000
141470  -49.620  -7.364  3.311 0.0000000000
76129  -48.730  -6.343  2.711 0.0000000000
76116  -47.679  -6.665  3.366 0.0000000000
132265  -46.356  -7.083  4.177 0.0000000000
75222  -44.967  -7.509  5.165 0.0000000000
73467  -45.457  -9.782  6.016 0.0000000000
73486  -45.057  -9.012  5.718 0.0000000000
75221  -44.183  -7.410  5.624 0.0000000000
128211  -42.943  -7.960  6.503 0.0000000000
71552  -42.431  -11.865  21.006 0.0000000000
73358  -40.949  -9.042  19.522 0.0000000000
71568  -41.168  -12.012  20.199 0.0000000000
69705  -42.466  -13.243  19.390 0.0000000000
69713  -42.226  -13.362  18.101 0.0000000000
69748  -42.464  -13.479  15.552 0.0000000000
69777  -42.971  -13.997  13.869 0.0000000000
68909  -42.165  -14.305  12.465 0.0000000000
68921  -41.432  -14.231  11.638 0.0000000000
69811  -40.629  -13.647  10.464 0.0000000000
74315  -40.530  -8.647  10.558 0.0000000000
74309  -41.902  -9.160  11.789 0.0000000000
139617  -42.056  -8.423  12.525 0.0000000000
76027  -40.644  -6.125  12.296 0.0000000000
77675  -39.862  -4.572  12.370 0.0000000000
85239  -53.691  5.087  -3.314 0.0000000000
86171  -53.084  5.785  -3.746 0.0000000000
86157  -52.320  6.365  -3.910 0.0000000000
80248  -48.735  -1.776  0.974 0.0000000000
81074  -49.505  -0.727  0.131 0.0000000000
82691  -47.664  1.633  -0.404 0.0000000000
137787  -48.249  2.072  -0.911 0.0000000000
83553  -49.471  2.515  -1.440 0.0000000000
84374  -50.424  4.312  -2.308 0.0000000000
128120  -51.181  7.067  -3.189 0.0000000000
86169  -50.854  6.820  -4.235 0.0000000000
140744  -49.859  7.777  -3.693 0.0000000000
87956  -48.766  8.328  -3.235 0.0000000000
88770  -47.613  8.911  -2.224 0.0000000000
87930  -49.096  9.158  -1.163 0.0000000000
89602  -48.549  9.912  -1.261 0.0000000000
88750  -47.082  9.429  -1.033 0.0000000000
88741  -47.106  9.284  -0.330 0.0000000000
87910  -47.300  8.038  1.302 0.0000000000
87010  -46.888  6.707  2.417 0.0000000000
76906  -43.794  -5.313  9.603 0.0000000000
78532  -44.587  -3.399  8.750 0.0000000000
79377  -45.726  -2.592  8.379 0.0000000000
79368  -48.170  -3.234  8.777 0.0000000000
79387  -48.324  -2.981  8.101 0.0000000000
81012  -46.244  -0.994  7.303 0.0000000000
81025  -46.778  -0.492  6.888 0.0000000000
81807  -47.922  0.695  5.953 0.0000000000
83485  -48.204  2.033  5.263 0.0000000000
84238  -45.690  3.026  13.294 0.0000000000
83439  -45.572  2.749  11.426 0.0000000000
83451  -46.787  2.478  9.386 0.0000000000
85115  -48.584  4.865  10.344 0.0000000000
84269  -47.429  3.305  9.399 0.0000000000
83459  -47.884  2.113  8.340 0.0000000000
146834  -49.330  1.334  7.110 0.0000000000
83487  -49.821  1.558  5.669 0.0000000000
83498  -48.887  2.525  4.709 0.0000000000
84315  -49.875  3.838  3.685 0.0000000000
86110  -51.956  6.028  2.865 0.0000000000
85159  -52.459  4.658  5.539 0.0000000000
86095  -52.252  5.780  3.946 0.0000000000
87895  -51.472  7.045  2.763 0.0000000000
87893  -50.125  7.463  2.967 0.0000000000
87001  -47.946  6.379  3.529 0.0000000000
137455  -48.092  8.083  7.658 0.0000000000
89525  -48.886  10.349  8.837 0.0000000000
90350  -47.499  11.993  7.029 0.0000000000
91194  -46.110  12.000  6.605 0.0000000000
140980  -43.931  10.437  7.981 0.0000000000
128046  -44.746  12.182  5.954 0.0000000000
92064  -45.183  12.888  4.319 0.0000000000
92089  -43.628  13.016  2.666 0.0000000000
91255  -42.180  12.297  1.927 0.0000000000
90405  -40.278  11.290  2.802 0.0000000000
91224  -37.385  13.544  4.815 0.0000000000
92799  -36.496  13.822  4.791 0.0000000000
90284  -40.189  10.248  15.108 0.0000000000
89450  -38.843  9.853  13.956 0.0000000000
89458  -37.712  9.841  12.934 0.0000000000
89476  -36.532  9.832  11.609 0.0000000000
90312  -35.506  10.562  10.781 0.0000000000
76049  -40.912  -6.970  9.038 0.0000000000
76061  -41.906  -5.890  8.248 0.0000000000
76050  -41.343  -6.528  9.126 0.0000000000
129376  -45.693  -13.464  12.080 0.0000000000
69817  -46.078  -13.281  10.710 0.0000000000
69805  -45.447  -13.529  11.276 0.0000000000
69804  -44.546  -13.755  11.045 0.0000000000
125157  -44.862  -13.779  11.899 0.0000000000
75127  -37.550  -7.383  15.592 0.0000000000
83509  -47.030  2.920  3.848 0.0000000000
84314  -46.913  3.302  3.076 0.0000000000
144914  -47.571  3.696  3.126 0.0000000000
84306  -47.974  3.397  3.876 0.0000000000
81749  -46.406  0.549  13.971 0.0000000000
88648  -51.173  8.576  10.286 0.0000000000
143513  -52.030  9.002  9.760 0.0000000000
125412  -52.656  9.749  9.108 0.0000000000
89505  -52.012  10.370  8.678 0.0000000000
129460  -51.016  10.182  9.110 0.0000000000
88624  -40.240  8.102  12.129 0.0000000000
126739  -40.443  8.247  11.305 0.0000000000
88623  -39.460  8.405  11.623 0.0000000000
88638  -39.010  8.535  10.763 0.0000000000
88617  -39.497  8.460  12.654 0.0000000000
76104  -45.285  -5.963  4.477 0.0000000000
79396  -44.410  -2.097  6.309 0.0000000000
79405  -44.545  -1.906  5.559 0.0000000000
80220  -44.584  -1.345  5.939 0.0000000000
81033  -44.784  -0.719  5.659 0.0000000000
81023  -44.844  -0.826  6.322 0.0000000000
84197  -50.234  3.772  19.493 0.0000000000
145103  -50.404  4.573  18.629 0.0000000000
85045  -50.492  5.167  19.102 0.0000000000
141363  -49.107  7.011  16.924 0.0000000000
87780  -50.740  7.701  16.330 0.0000000000
86884  -49.513  7.350  16.168 0.0000000000
87793  -49.422  7.599  15.126 0.0000000000
86897  -48.294  6.978  14.837 0.0000000000
88579  -43.874  8.692  18.278 0.0000000000
124583  -43.732  7.492  17.347 0.0000000000
88583  -43.410  8.422  17.645 0.0000000000
87764  -42.843  8.544  17.082 0.0000000000
134627  -43.335  9.792  17.423 0.0000000000
86152  -45.833  5.956  -2.675 0.0000000000
86145  -45.020  6.055  -2.125 0.0000000000
87051  -44.851  6.779  -1.607 0.0000000000
136175  -45.318  7.327  -1.643 0.0000000000
76883  -41.964  -5.299  12.383 0.0000000000
76884  -42.998  -5.824  12.558 0.0000000000
142964  -43.760  -0.735  14.454 0.0000000000
80155  -44.041  -1.997  13.723 0.0000000000
80145  -44.501  -1.544  14.461 0.0000000000
84185  -46.878  3.083  19.278 0.0000000000
83381  -47.572  2.341  19.496 0.0000000000
74391  -48.608  -8.529  4.645 0.0000000000
74372  -47.349  -8.900  5.106 0.0000000000
127482  -42.719  -12.477  8.464 0.0000000000
71700  -43.401  -11.306  7.465 0.0000000000
71688  -42.084  -11.905  8.184 0.0000000000
71698  -41.744  -11.156  7.874 0.0000000000
70748  -41.334  -12.165  8.622 0.0000000000
75103  -41.747  -6.421  19.161 0.0000000000
70642  -39.387  -12.532  18.349 0.0000000000
69720  -39.347  -13.336  17.412 0.0000000000
69736  -40.300  -13.734  16.646 0.0000000000
68869  -40.016  -14.103  15.209 0.0000000000
123719  -38.798  -13.632  16.112 0.0000000000
72532  -39.449  -10.115  13.179 0.0000000000
82704  -50.812  1.973  -1.448 0.0000000000
81060  -46.708  -0.630  1.639 0.0000000000
81061  -47.430  -0.734  1.135 0.0000000000
81837  -46.833  0.027  1.034 0.0000000000
85215  -47.122  4.933  -0.894 0.0000000000
85222  -47.562  4.812  -1.566 0.0000000000
85234  -48.114  5.506  -2.091 0.0000000000
86154  -48.463  6.606  -2.145 0.0000000000
87052  -48.135  6.746  -1.551 0.0000000000
87912  -50.999  7.828  1.575 0.0000000000
87921  -50.607  8.577  0.995 0.0000000000
87913  -51.005  8.400  1.577 0.0000000000
88738  -50.630  9.073  1.364 0.0000000000
88729  -50.932  8.663  1.758 0.0000000000
76893  -46.761  -5.684  10.241 0.0000000000
76909  -46.855  -5.763  9.855 0.0000000000
77685  -47.042  -4.707  10.380 0.0000000000
82603  -46.491  0.961  9.267 0.0000000000
81003  -47.725  -0.690  8.643 0.0000000000
81782  -48.850  -0.413  7.497 0.0000000000
82613  -48.155  1.022  7.997 0.0000000000
86001  -48.327  5.114  12.715 0.0000000000
85100  -47.616  4.740  12.308 0.0000000000
86008  -48.300  5.166  11.891 0.0000000000
85129  -51.007  4.172  8.377 0.0000000000
84278  -51.477  3.866  7.720 0.0000000000
83470  -50.874  3.158  7.046 0.0000000000
84292  -51.937  3.587  6.227 0.0000000000
86978  -50.580  6.456  7.471 0.0000000000
86072  -50.658  5.948  6.766 0.0000000000
86054  -49.752  6.076  7.201 0.0000000000
86071  -49.485  5.810  6.660 0.0000000000
86053  -48.996  6.006  7.226 0.0000000000
86976  -48.698  6.345  7.437 0.0000000000
90386  -47.150  12.340  5.344 0.0000000000
90369  -47.179  11.678  5.369 0.0000000000
90385  -46.828  11.848  5.030 0.0000000000
91246  -45.852  12.545  4.494 0.0000000000
88662  -45.708  9.040  9.749 0.0000000000
89499  -44.863  9.270  9.623 0.0000000000
90380  -41.035  11.175  5.771 0.0000000000
91209  -42.001  11.318  5.837 0.0000000000
91242  -41.234  12.614  4.103 0.0000000000
91241  -40.077  12.619  3.980 0.0000000000
92075  -39.368  13.832  3.157 0.0000000000
91226  -39.655  11.950  4.779 0.0000000000
91179  -35.545  11.791  8.277 0.0000000000
91191  -35.706  12.476  7.226 0.0000000000
76080  -42.783  -6.303  6.683 0.0000000000
77722  -42.855  -4.792  7.843 0.0000000000
141500  -43.043  -4.949  7.154 0.0000000000
77723  -43.314  -4.364  7.358 0.0000000000
78545  -43.673  -3.726  7.700 0.0000000000
86811  -50.034  6.622  21.571 0.0000000000
87745  -47.399  7.406  20.700 0.0000000000
86824  -48.356  6.706  20.449 0.0000000000
86837  -48.064  6.480  19.465 0.0000000000
86852  -47.810  6.422  18.596 0.0000000000
86836  -47.066  6.665  19.089 0.0000000000
86851  -46.860  6.469  18.282 0.0000000000
87752  -46.432  7.292  19.566 0.0000000000
89415  -45.365  9.419  20.399 0.0000000000
88573  -45.496  8.518  20.062 0.0000000000
89422  -44.515  9.277  19.214 0.0000000000
130315  -47.678  5.158  -3.680 0.0000000000
133802  -46.858  5.082  -3.453 0.0000000000
79341  -40.401  -2.662  12.649 0.0000000000
79342  -41.139  -2.532  12.630 0.0000000000
137711  -40.826  -1.917  12.923 0.0000000000
70753  -47.084  -12.381  8.801 0.0000000000
71703  -46.563  -11.674  7.384 0.0000000000
70752  -46.196  -12.492  8.403 0.0000000000
69815  -44.163  -13.629  10.196 0.0000000000
69834  -44.846  -13.060  8.865 0.0000000000
69823  -43.505  -13.473  9.580 0.0000000000
69832  -43.700  -13.223  8.983 0.0000000000
72509  -37.726  -10.242  15.410 0.0000000000
137122  -38.073  -9.483  14.966 0.0000000000
72518  -37.897  -10.386  14.471 0.0000000000
74292  -38.558  -8.941  14.438 0.0000000000
141758  -45.794  1.490  1.703 0.0000000000
84335  -46.456  3.617  1.223 0.0000000000
85194  -46.730  4.227  0.943 0.0000000000
85206  -46.663  4.264  0.212 0.0000000000
85207  -47.048  4.813  0.546 0.0000000000
86130  -47.393  5.534  0.140 0.0000000000
85195  -47.298  4.680  1.355 0.0000000000
85184  -48.750  4.758  2.440 0.0000000000
85196  -48.141  5.109  1.741 0.0000000000
86119  -49.734  6.274  1.605 0.0000000000
85185  -50.005  5.041  2.581 0.0000000000
80167  -45.939  -1.727  11.812 0.0000000000
80166  -45.915  -1.253  12.190 0.0000000000
81751  -45.480  0.580  12.353 0.0000000000
81759  -45.395  0.640  11.411 0.0000000000
81766  -45.573  0.813  10.591 0.0000000000
82594  -45.408  1.454  10.958 0.0000000000
86937  -50.969  6.624  11.875 0.0000000000
86018  -52.156  6.161  10.168 0.0000000000
86025  -52.618  5.699  9.451 0.0000000000
85123  -52.081  5.087  9.108 0.0000000000
86026  -53.418  6.029  8.952 0.0000000000
86035  -53.237  5.740  8.368 0.0000000000
86027  -53.441  6.331  8.728 0.0000000000
87863  -53.008  8.573  8.322 0.0000000000
87864  -53.426  8.002  8.748 0.0000000000
88677  -50.836  8.826  7.764 0.0000000000
88695  -51.484  10.280  7.434 0.0000000000
91184  -50.947  12.198  6.963 0.0000000000
90353  -51.197  11.842  6.951 0.0000000000
91198  -50.500  12.333  6.927 0.0000000000
91216  -48.857  12.136  6.387 0.0000000000
91196  -48.687  12.267  6.793 0.0000000000
88642  -42.718  8.589  10.430 0.0000000000
89495  -40.649  9.105  9.000 0.0000000000
89496  -41.365  9.310  8.862 0.0000000000
89517  -40.947  9.544  8.301 0.0000000000
89534  -41.332  10.049  7.566 0.0000000000
89533  -40.413  9.858  7.658 0.0000000000
132996  -39.875  10.297  6.978 0.0000000000
89532  -39.548  9.776  7.774 0.0000000000
125444  -37.945  9.095  9.339 0.0000000000
142322  -38.518  9.343  8.685 0.0000000000
89513  -37.036  9.598  9.059 0.0000000000
89491  -36.678  9.525  10.077 0.0000000000
76973  -47.481  -5.840  3.096 0.0000000000
77766  -46.960  -4.972  3.100 0.0000000000
129851  -45.865  -3.806  3.686 0.0000000000
78585  -46.261  -3.281  3.252 0.0000000000
79433  -46.470  -2.634  2.849 0.0000000000
77743  -44.408  -4.428  5.318 0.0000000000
77754  -44.989  -4.426  4.591 0.0000000000
78574  -44.687  -3.638  4.949 0.0000000000
80227  -44.969  -1.261  4.452 0.0000000000
80231  -45.433  -1.576  3.684 0.0000000000
81048  -45.356  -0.165  3.544 0.0000000000
81805  -45.637  0.603  5.516 0.0000000000
81815  -45.350  0.587  4.805 0.0000000000
82640  -45.879  1.154  5.159 0.0000000000
82651  -46.236  1.745  4.699 0.0000000000
130986  -46.794  1.440  5.448 0.0000000000
83415  -48.101  2.017  16.455 0.0000000000
83418  -47.525  2.285  15.739 0.0000000000
84223  -48.564  2.795  16.705 0.0000000000
85067  -49.360  4.244  16.173 0.0000000000
84230  -48.632  3.717  16.040 0.0000000000
85073  -48.965  4.429  15.343 0.0000000000
85081  -49.003  4.933  14.467 0.0000000000
85082  -49.789  5.153  15.042 0.0000000000
86855  -50.373  6.330  19.148 0.0000000000
85975  -51.181  6.583  17.795 0.0000000000
86875  -51.474  7.560  15.792 0.0000000000
85981  -51.387  6.399  16.004 0.0000000000
85989  -51.213  6.537  14.358 0.0000000000
86913  -51.740  7.432  13.982 0.0000000000
87822  -50.095  8.238  13.350 0.0000000000
88609  -51.367  8.327  13.353 0.0000000000
88619  -50.903  8.380  12.688 0.0000000000
132478  -51.013  8.173  11.321 0.0000000000
88630  -50.324  8.286  11.764 0.0000000000
88629  -49.257  8.188  11.144 0.0000000000
134463  -49.148  8.044  11.682 0.0000000000
86925  -47.146  6.849  12.869 0.0000000000
87835  -47.480  7.476  11.628 0.0000000000
87819  -46.877  7.005  12.109 0.0000000000
87834  -46.595  7.374  11.443 0.0000000000
86924  -46.303  6.617  12.657 0.0000000000
86870  -46.458  6.208  16.735 0.0000000000
124666  -46.279  6.094  16.071 0.0000000000
86869  -45.645  6.178  16.474 0.0000000000
86867  -44.154  6.345  15.926 0.0000000000
86879  -44.690  5.996  15.366 0.0000000000
122946  -44.546  5.909  14.416 0.0000000000
86907  -44.510  6.200  12.935 0.0000000000
125691  -44.140  6.053  13.566 0.0000000000
87818  -43.672  6.905  12.313 0.0000000000
86906  -43.462  6.352  13.517 0.0000000000
88590  -42.193  7.552  15.831 0.0000000000
124863  -42.322  6.926  14.608 0.0000000000
87777  -41.731  7.414  15.026 0.0000000000
87791  -41.231  7.646  14.363 0.0000000000
88601  -40.993  8.155  15.145 0.0000000000
87916  -44.666  7.377  -0.448 0.0000000000
87908  -45.393  7.426  0.610 0.0000000000
74318  -43.114  -8.451  11.424 0.0000000000
128085  -43.123  -8.375  10.971 0.0000000000
75165  -43.627  -8.072  11.456 0.0000000000
140203  -43.894  -5.870  12.599 0.0000000000
76031  -44.540  -6.992  11.668 0.0000000000
76885  -44.474  -6.185  12.224 0.0000000000
76886  -45.191  -5.634  11.881 0.0000000000
78497  -42.330  -3.836  12.467 0.0000000000
79344  -42.909  -3.212  12.675 0.0000000000
142478  -44.545  -2.746  13.703 0.0000000000
78492  -44.635  -3.315  13.386 0.0000000000
134531  -45.332  -3.432  13.265 0.0000000000
78500  -45.249  -4.175  12.674 0.0000000000
79345  -45.769  -3.090  13.047 0.0000000000
79337  -45.901  -2.864  13.842 0.0000000000
80137  -46.486  -2.316  15.444 0.0000000000
80148  -47.594  -1.934  15.595 0.0000000000
81722  -45.308  0.610  16.586 0.0000000000
81737  -45.382  -0.271  16.135 0.0000000000
81710  -47.825  -0.791  17.938 0.0000000000
80935  -48.220  -1.729  16.985 0.0000000000
80924  -48.439  -1.100  17.479 0.0000000000
81726  -48.636  -0.376  17.218 0.0000000000
81702  -48.668  0.070  18.423 0.0000000000
83383  -49.331  1.913  20.008 0.0000000000
82524  -49.389  1.180  19.416 0.0000000000
83377  -49.587  2.638  20.493 0.0000000000
84188  -50.021  2.784  19.946 0.0000000000
84180  -49.950  3.159  20.832 0.0000000000
77009  -52.185  -5.313  0.990 0.0000000000
76139  -51.085  -6.225  1.862 0.0000000000
76987  -50.224  -5.952  1.947 0.0000000000
73492  -50.286  -9.106  5.954 0.0000000000
134483  -50.536  -8.627  5.379 0.0000000000
75235  -50.616  -7.896  4.074 0.0000000000
138218  -50.007  -8.332  4.599 0.0000000000
76118  -49.192  -6.950  2.967 0.0000000000
76117  -48.416  -6.881  3.183 0.0000000000
76128  -48.095  -6.309  2.973 0.0000000000
75246  -47.945  -7.379  3.642 0.0000000000
74389  -47.003  -8.286  4.680 0.0000000000
75231  -46.663  -7.648  4.382 0.0000000000
75230  -45.818  -7.459  4.649 0.0000000000
74370  -45.597  -8.315  5.231 0.0000000000
71710  -46.074  -11.216  6.869 0.0000000000
72592  -45.815  -10.484  6.410 0.0000000000
72580  -45.365  -10.873  6.737 0.0000000000
72589  -43.538  -10.089  6.738 0.0000000000
73466  -44.632  -9.595  6.188 0.0000000000
74356  -44.194  -8.874  5.999 0.0000000000
74369  -44.619  -8.212  5.581 0.0000000000
74355  -43.368  -8.782  6.413 0.0000000000
74368  -43.754  -8.077  5.977 0.0000000000
69749  -43.321  -13.324  15.354 0.0000000000
74237  -42.939  -7.700  20.472 0.0000000000
73351  -42.669  -8.864  20.772 0.0000000000
72450  -42.966  -10.256  21.461 0.0000000000
72462  -42.244  -10.715  21.051 0.0000000000
74262  -40.470  -8.243  18.532 0.0000000000
74245  -40.896  -8.396  19.164 0.0000000000
73372  -40.472  -9.129  19.059 0.0000000000
70633  -40.281  -12.371  19.227 0.0000000000
71567  -40.530  -11.706  19.700 0.0000000000
127365  -40.889  -12.545  19.606 0.0000000000
70634  -41.628  -12.853  19.791 0.0000000000
124185  -41.690  -13.344  18.889 0.0000000000
69712  -41.515  -13.474  18.158 0.0000000000
69747  -41.565  -13.674  15.722 0.0000000000
69760  -42.755  -13.723  14.710 0.0000000000
68880  -42.210  -14.090  14.115 0.0000000000
68893  -43.004  -14.184  12.975 0.0000000000
68892  -42.341  -14.233  13.369 0.0000000000
68907  -40.359  -14.368  12.888 0.0000000000
68908  -41.251  -14.362  12.556 0.0000000000
68920  -40.550  -14.306  11.983 0.0000000000
143485  -41.200  -13.972  10.874 0.0000000000
69802  -40.581  -14.050  11.192 0.0000000000
72550  -38.965  -10.084  11.123 0.0000000000
72555  -38.970  -10.180  10.220 0.0000000000
73427  -39.432  -9.581  10.583 0.0000000000
74323  -39.815  -8.859  10.024 0.0000000000
73428  -40.176  -9.228  11.083 0.0000000000
74308  -41.129  -9.142  11.469 0.0000000000
126931  -41.085  -9.520  12.089 0.0000000000
74299  -40.810  -9.027  13.022 0.0000000000
74300  -41.629  -8.919  12.550 0.0000000000
75148  -38.305  -7.680  13.368 0.0000000000
75149  -39.139  -8.018  13.111 0.0000000000
75154  -38.613  -7.089  12.759 0.0000000000
76880  -39.288  -5.358  12.377 0.0000000000
76881  -40.012  -5.433  12.313 0.0000000000
77674  -38.922  -4.682  12.454 0.0000000000
78495  -39.248  -3.862  12.519 0.0000000000
84378  -54.698  4.731  -2.790 0.0000000000
84377  -53.786  4.931  -2.851 0.0000000000
85238  -53.132  5.526  -3.042 0.0000000000
79444  -48.899  -2.570  1.308 0.0000000000
131799  -48.232  -2.070  1.415 0.0000000000
132870  -48.285  0.125  0.185 0.0000000000
81073  -48.642  -0.615  0.435 0.0000000000
82680  -46.519  1.594  0.499 0.0000000000
82681  -47.179  1.230  0.169 0.0000000000
82690  -46.774  2.047  -0.020 0.0000000000
146966  -48.726  2.457  -1.270 0.0000000000
82702  -49.155  1.831  -1.108 0.0000000000
84360  -49.788  3.362  -1.853 0.0000000000
141432  -49.653  4.011  -2.190 0.0000000000
87062  -51.476  7.106  -3.848 0.0000000000
129003  -51.106  7.429  -3.973 0.0000000000
128652  -50.373  7.297  -4.006 0.0000000000
87072  -50.539  7.861  -3.613 0.0000000000
147664  -49.469  8.211  -3.446 0.0000000000
87949  -47.825  8.220  -2.783 0.0000000000
88771  -48.752  8.873  -2.571 0.0000000000
87043  -48.442  7.632  -0.894 0.0000000000
87919  -49.171  8.321  -0.331 0.0000000000
89597  -49.182  9.916  -0.486 0.0000000000
88752  -49.142  9.751  -0.865 0.0000000000
89595  -48.504  10.085  -1.040 0.0000000000
89594  -47.963  9.895  -1.291 0.0000000000
89587  -47.807  9.919  -0.943 0.0000000000
87911  -48.293  8.421  1.587 0.0000000000
87898  -46.882  7.307  1.762 0.0000000000
87899  -47.577  7.495  2.066 0.0000000000
76052  -43.789  -6.387  9.991 0.0000000000
76905  -42.621  -5.750  9.472 0.0000000000
76053  -44.870  -6.384  9.879 0.0000000000
78521  -46.856  -4.499  9.326 0.0000000000
78520  -45.261  -4.026  9.294 0.0000000000
78533  -45.947  -3.447  8.877 0.0000000000
79376  -44.864  -2.830  8.444 0.0000000000
80185  -46.751  -1.973  10.297 0.0000000000
79367  -47.579  -3.045  9.664 0.0000000000
80186  -47.665  -2.275  9.320 0.0000000000
80196  -48.690  -2.315  7.739 0.0000000000
79379  -48.413  -2.905  8.096 0.0000000000
80205  -48.216  -2.388  7.632 0.0000000000
80194  -46.965  -2.410  8.025 0.0000000000
81013  -47.934  -1.583  7.196 0.0000000000
81798  -49.156  -0.493  6.527 0.0000000000
81797  -48.765  -0.402  6.396 0.0000000000
81808  -49.106  0.087  6.045 0.0000000000
82641  -47.728  1.539  5.517 0.0000000000
82642  -48.871  0.947  5.597 0.0000000000
84231  -46.886  3.139  14.751 0.0000000000
83425  -45.898  2.364  13.816 0.0000000000
84239  -46.350  3.259  13.926 0.0000000000
85105  -46.895  4.313  11.873 0.0000000000
84255  -46.202  3.611  11.436 0.0000000000
84261  -46.575  3.566  10.629 0.0000000000
83440  -46.055  2.982  10.646 0.0000000000
84268  -46.624  3.132  9.994 0.0000000000
86015  -49.204  5.431  10.811 0.0000000000
84277  -49.290  3.693  8.511 0.0000000000
84270  -48.451  3.785  9.033 0.0000000000
142434  -48.641  3.251  8.425 0.0000000000
84276  -47.969  2.976  8.650 0.0000000000
83460  -48.540  2.592  8.090 0.0000000000
128706  -48.632  1.709  7.692 0.0000000000
83468  -49.220  2.213  7.452 0.0000000000
83478  -50.143  1.868  5.978 0.0000000000
83486  -49.394  1.592  5.404 0.0000000000
83499  -50.011  2.346  4.912 0.0000000000
84307  -49.322  3.238  4.231 0.0000000000
125807  -50.351  3.293  4.332 0.0000000000
140963  -51.718  3.902  4.438 0.0000000000
84316  -50.835  3.990  3.801 0.0000000000
84317  -51.637  4.216  3.931 0.0000000000
85176  -52.155  4.914  3.601 0.0000000000
126501  -52.734  5.205  6.798 0.0000000000
85150  -52.586  4.610  6.396 0.0000000000
86990  -51.653  6.096  4.751 0.0000000000
135645  -52.170  5.860  4.496 0.0000000000
86997  -51.951  6.214  3.935 0.0000000000
87005  -51.917  6.300  3.203 0.0000000000
87004  -51.501  6.706  3.376 0.0000000000
87894  -50.991  7.385  2.940 0.0000000000
87003  -50.373  6.814  3.665 0.0000000000
86994  -48.594  6.179  4.225 0.0000000000
123738  -47.364  5.555  5.433 0.0000000000
88693  -48.894  8.954  7.439 0.0000000000
133324  -48.781  7.744  7.810 0.0000000000
88692  -47.931  8.971  7.344 0.0000000000
88711  -46.520  9.580  6.617 0.0000000000
88665  -48.361  8.757  9.974 0.0000000000
89502  -48.103  9.486  9.402 0.0000000000
89522  -45.985  10.196  8.708 0.0000000000
90333  -46.669  11.022  8.025 0.0000000000
91195  -47.115  12.364  6.388 0.0000000000
129827  -43.333  9.870  8.676 0.0000000000
89520  -44.054  10.069  8.674 0.0000000000
146012  -43.622  10.139  8.376 0.0000000000
91210  -43.036  11.689  5.695 0.0000000000
91211  -43.752  11.841  6.321 0.0000000000
91230  -44.326  12.646  5.099 0.0000000000
91231  -45.356  12.872  5.039 0.0000000000
92063  -44.373  13.054  3.933 0.0000000000
92078  -44.377  12.985  3.491 0.0000000000
92077  -43.645  13.150  3.341 0.0000000000
121682  -41.255  13.704  1.856 0.0000000000
92093  -41.413  13.003  1.530 0.0000000000
90406  -41.514  11.290  2.844 0.0000000000
91254  -40.914  12.178  1.915 0.0000000000
91253  -39.697  12.393  2.168 0.0000000000
92084  -38.460  13.470  3.103 0.0000000000
91251  -37.998  12.732  3.249 0.0000000000
91250  -37.498  13.346  3.755 0.0000000000
92072  -36.772  13.455  3.956 0.0000000000
90362  -38.537  10.892  6.294 0.0000000000
91208  -38.077  11.977  5.298 0.0000000000
92045  -36.130  13.590  6.122 0.0000000000
92061  -36.561  13.678  5.255 0.0000000000
92798  -35.926  13.583  4.970 0.0000000000
92052  -34.760  13.120  5.821 0.0000000000
91133  -38.888  11.040  14.147 0.0000000000
89459  -38.443  9.635  13.414 0.0000000000
90288  -37.857  10.493  13.335 0.0000000000
90297  -36.563  10.675  12.390 0.0000000000
90313  -36.016  10.060  11.263 0.0000000000
137459  -42.441  -5.217  8.207 0.0000000000
77714  -42.854  -4.786  8.609 0.0000000000
87728  -48.472  7.981  22.325 0.0000000000
88560  -46.768  8.585  21.458 0.0000000000
88566  -46.207  8.333  20.643 0.0000000000
88559  -46.132  9.018  21.197 0.0000000000
89405  -45.778  9.606  20.957 0.0000000000
131934  -45.776  11.553  19.846 0.0000000000
86167  -48.408  6.008  -3.817 0.0000000000
80150  -39.593  -1.517  13.605 0.0000000000
80151  -40.374  -1.470  13.423 0.0000000000
70741  -45.669  -12.977  9.049 0.0000000000
69816  -45.166  -13.469  10.375 0.0000000000
146306  -44.726  -13.455  9.891 0.0000000000
122744  -43.732  -13.868  10.825 0.0000000000
75135  -37.625  -7.738  14.677 0.0000000000
77789  -50.462  -4.547  1.215 0.0000000000
78615  -50.106  -3.658  1.051 0.0000000000
78626  -49.782  -2.814  0.907 0.0000000000
79455  -49.496  -2.017  0.723 0.0000000000
83507  -45.878  2.127  2.950 0.0000000000
83526  -46.100  2.668  2.390 0.0000000000
145699  -48.181  4.106  3.016 0.0000000000
80966  -46.699  -1.088  13.723 0.0000000000
80969  -46.245  -1.256  12.962 0.0000000000
81748  -46.045  -0.321  12.997 0.0000000000
133606  -45.849  0.598  13.221 0.0000000000
82578  -45.335  1.465  12.700 0.0000000000
87837  -51.391  7.870  11.219 0.0000000000
86939  -51.651  7.393  10.919 0.0000000000
87838  -52.022  7.750  10.440 0.0000000000
87854  -52.769  7.835  9.781 0.0000000000
87855  -53.492  7.668  9.139 0.0000000000
88669  -53.395  8.651  9.050 0.0000000000
89507  -53.092  9.518  8.724 0.0000000000
89526  -52.922  9.993  8.234 0.0000000000
88696  -52.213  10.823  7.720 0.0000000000
125986  -52.265  10.981  7.862 0.0000000000
90337  -51.548  11.592  7.378 0.0000000000
90320  -49.919  11.530  8.076 0.0000000000
87829  -41.688  7.761  11.835 0.0000000000
88641  -41.810  8.558  10.424 0.0000000000
88625  -41.333  8.244  11.159 0.0000000000
88640  -40.867  8.476  10.493 0.0000000000
88657  -40.315  8.657  9.790 0.0000000000
89494  -39.780  8.944  9.124 0.0000000000
88656  -39.393  8.627  9.942 0.0000000000
88655  -38.532  8.705  10.062 0.0000000000
88637  -38.305  8.657  10.780 0.0000000000
76971  -46.133  -4.879  3.643 0.0000000000
137336  -44.496  -2.764  5.450 0.0000000000
81041  -45.079  -0.223  4.423 0.0000000000
81040  -44.814  -0.676  5.016 0.0000000000
81795  -45.860  0.183  6.248 0.0000000000
84211  -49.769  2.467  18.577 0.0000000000
84225  -49.772  3.585  17.733 0.0000000000
85068  -50.189  4.569  16.877 0.0000000000
86866  -50.625  7.266  17.740 0.0000000000
139776  -51.026  7.170  17.628 0.0000000000
87768  -51.054  7.423  16.983 0.0000000000
87781  -51.226  7.938  15.590 0.0000000000
87795  -51.455  8.097  14.679 0.0000000000
87794  -50.651  8.139  14.950 0.0000000000
87804  -49.818  7.986  14.269 0.0000000000
137751  -48.777  7.709  12.853 0.0000000000
141499  -48.907  7.636  13.684 0.0000000000
86910  -47.264  6.707  13.636 0.0000000000
141073  -44.793  7.324  18.149 0.0000000000
86861  -44.988  6.461  17.018 0.0000000000
87766  -44.492  7.069  17.541 0.0000000000
87772  -43.490  6.741  16.115 0.0000000000
86877  -42.885  6.597  14.808 0.0000000000
87771  -42.892  7.365  16.347 0.0000000000
88587  -42.456  8.113  16.601 0.0000000000
88586  -41.816  8.416  16.202 0.0000000000
87050  -44.378  6.765  -1.134 0.0000000000
76029  -42.737  -7.004  12.583 0.0000000000
75159  -43.358  -7.759  12.184 0.0000000000
137148  -43.584  -5.074  12.594 0.0000000000
80154  -43.058  -1.745  13.370 0.0000000000
79327  -45.862  -2.690  14.345 0.0000000000
80146  -45.665  -2.348  14.799 0.0000000000
131111  -45.738  1.852  17.713 0.0000000000
81709  -46.615  0.062  17.359 0.0000000000
82541  -46.496  1.024  17.858 0.0000000000
82530  -47.385  0.754  18.537 0.0000000000
82531  -48.408  0.566  19.092 0.0000000000
143010  -48.730  0.229  18.780 0.0000000000
83392  -47.990  1.455  19.441 0.0000000000
83382  -48.512  1.962  19.876 0.0000000000
76140  -52.073  -6.381  1.902 0.0000000000
75261  -50.838  -7.181  2.893 0.0000000000
73491  -49.416  -9.407  5.892 0.0000000000
74392  -49.289  -8.573  4.768 0.0000000000
75233  -48.300  -8.000  4.109 0.0000000000
74390  -47.808  -8.442  4.606 0.0000000000
74371  -46.508  -8.702  5.164 0.0000000000
71701  -44.295  -11.406  7.334 0.0000000000
72579  -44.654  -10.830  6.853 0.0000000000
72578  -43.829  -10.717  6.999 0.0000000000
72577  -42.906  -10.430  7.177 0.0000000000
72576  -41.894  -10.386  7.548 0.0000000000
128184  -39.626  -10.827  18.912 0.0000000000
71581  -39.386  -11.667  18.648 0.0000000000
70643  -40.050  -12.876  18.615 0.0000000000
69711  -40.427  -13.354  18.244 0.0000000000
123556  -40.927  -13.563  17.867 0.0000000000
123737  -40.837  -13.595  17.209 0.0000000000
69746  -40.606  -13.864  15.863 0.0000000000
68870  -40.956  -14.019  15.046 0.0000000000
68879  -41.327  -14.206  14.165 0.0000000000
68878  -40.355  -14.242  14.413 0.0000000000
68877  -39.559  -14.165  14.565 0.0000000000
68890  -39.676  -14.305  13.711 0.0000000000
71665  -38.094  -11.211  11.077 0.0000000000
73414  -40.172  -9.807  12.685 0.0000000000
84363  -53.018  3.923  -2.324 0.0000000000
84362  -51.917  3.707  -2.206 0.0000000000
84375  -51.666  4.742  -2.441 0.0000000000
80246  -47.387  -1.938  1.819 0.0000000000
80247  -47.961  -1.408  1.204 0.0000000000
81072  -47.771  -0.285  0.626 0.0000000000
84350  -46.786  3.532  -0.541 0.0000000000
83542  -47.251  2.630  -0.647 0.0000000000
84351  -47.340  3.387  -1.069 0.0000000000
84358  -47.944  3.793  -1.574 0.0000000000
85235  -49.571  4.841  -2.383 0.0000000000
130081  -48.826  5.394  -2.357 0.0000000000
86155  -48.760  6.016  -2.385 0.0000000000
87060  -50.484  7.614  -2.848 0.0000000000
136954  -50.464  8.252  -3.068 0.0000000000
87059  -49.774  8.083  -2.588 0.0000000000
87950  -49.661  9.035  -2.562 0.0000000000
87033  -49.599  7.763  0.521 0.0000000000
87920  -50.023  8.871  0.359 0.0000000000
88744  -50.271  9.292  0.777 0.0000000000
89582  -49.659  9.592  0.544 0.0000000000
88742  -48.979  9.826  0.322 0.0000000000
131949  -50.105  9.335  1.256 0.0000000000
88727  -49.387  8.718  1.841 0.0000000000
87901  -49.771  8.140  2.470 0.0000000000
76044  -45.787  -6.648  10.005 0.0000000000
76907  -45.392  -5.863  9.705 0.0000000000
76908  -46.387  -6.168  9.881 0.0000000000
77703  -47.112  -5.140  9.698 0.0000000000
78522  -47.411  -4.289  9.429 0.0000000000
80997  -47.618  -1.360  8.960 0.0000000000
81004  -48.517  -1.675  8.217 0.0000000000
80207  -48.855  -1.846  7.246 0.0000000000
80214  -48.877  -1.747  6.991 0.0000000000
81014  -49.266  -1.203  6.973 0.0000000000
81015  -49.253  -0.726  6.763 0.0000000000
85091  -47.480  4.344  13.643 0.0000000000
141349  -46.775  3.938  13.554 0.0000000000
85099  -46.947  4.297  12.833 0.0000000000
85121  -49.856  4.683  9.445 0.0000000000
85128  -50.084  4.204  8.726 0.0000000000
83469  -49.980  2.705  7.236 0.0000000000
83479  -50.762  2.693  6.149 0.0000000000
83500  -50.800  2.971  4.911 0.0000000000
84298  -51.237  3.152  5.626 0.0000000000
122857  -51.509  3.491  4.927 0.0000000000
136845  -52.086  3.990  4.824 0.0000000000
86073  -52.075  5.783  6.405 0.0000000000
86083  -51.243  5.938  5.715 0.0000000000
86989  -50.651  6.144  5.022 0.0000000000
86995  -50.072  6.361  4.496 0.0000000000
86094  -49.792  6.032  5.166 0.0000000000
86080  -47.971  5.580  6.027 0.0000000000
86070  -48.449  5.759  6.756 0.0000000000
138581  -47.893  5.992  7.142 0.0000000000
89550  -48.553  11.263  6.182 0.0000000000
89536  -47.916  9.967  6.687 0.0000000000
89549  -47.450  10.604  6.179 0.0000000000
89548  -46.488  10.474  5.899 0.0000000000
88645  -46.865  8.248  10.418 0.0000000000
89501  -47.184  9.520  9.311 0.0000000000
89500  -46.300  9.580  9.261 0.0000000000
137862  -41.972  10.425  7.166 0.0000000000
90345  -42.709  10.547  7.212 0.0000000000
90366  -42.346  10.895  6.525 0.0000000000
133588  -42.554  12.125  5.076 0.0000000000
146272  -42.872  13.235  3.215 0.0000000000
91243  -42.519  12.754  4.066 0.0000000000
128647  -41.883  13.374  3.133 0.0000000000
91263  -39.476  13.512  2.138 0.0000000000
92086  -39.840  14.088  2.540 0.0000000000
91239  -38.469  13.451  3.411 0.0000000000
90361  -37.238  11.199  6.726 0.0000000000
91192  -36.421  11.856  6.926 0.0000000000
92785  -34.761  14.132  6.622 0.0000000000
92043  -34.506  14.290  7.339 0.0000000000
92778  -33.569  15.022  7.705 0.0000000000
145792  -43.909  -6.718  5.713 0.0000000000
76093  -44.077  -6.074  5.560 0.0000000000
77742  -43.910  -4.757  5.817 0.0000000000
76937  -43.145  -5.497  6.612 0.0000000000
77731  -43.502  -4.681  6.524 0.0000000000
77732  -43.955  -4.052  6.077 0.0000000000
125810  -44.341  -2.576  7.168 0.0000000000
132327  -50.380  5.708  19.632 0.0000000000
86840  -50.173  5.952  20.250 0.0000000000
86839  -49.985  6.164  19.941 0.0000000000
86854  -50.155  6.633  19.045 0.0000000000
87746  -48.287  7.293  21.323 0.0000000000
86838  -49.268  6.400  19.787 0.0000000000
124864  -50.046  6.993  18.387 0.0000000000
126300  -48.608  6.590  18.124 0.0000000000
125757  -48.325  6.553  17.281 0.0000000000
86872  -48.196  6.579  16.362 0.0000000000
86871  -47.380  6.299  16.945 0.0000000000
86863  -46.661  6.330  17.500 0.0000000000
86850  -45.998  6.594  18.037 0.0000000000
87743  -46.026  7.850  20.006 0.0000000000
87751  -45.558  7.683  19.321 0.0000000000
87750  -44.800  7.826  18.730 0.0000000000
88580  -44.352  8.551  18.752 0.0000000000
89427  -44.120  9.302  18.597 0.0000000000
90255  -44.138  10.073  18.285 0.0000000000
87058  -46.409  6.958  -2.645 0.0000000000
77676  -40.793  -4.093  12.385 0.0000000000
144883  -40.876  -1.453  13.321 0.0000000000
80152  -41.364  -1.480  13.263 0.0000000000
80153  -42.152  -1.567  13.231 0.0000000000
137761  -47.273  -10.775  6.609 0.0000000000
73469  -47.269  -10.166  6.083 0.0000000000
72581  -46.914  -11.237  6.926 0.0000000000
136704  -45.949  -11.719  7.373 0.0000000000
70751  -45.258  -12.588  8.332 0.0000000000
70758  -44.776  -12.078  7.736 0.0000000000
70749  -43.546  -12.661  8.451 0.0000000000
69831  -42.910  -13.116  9.024 0.0000000000
69822  -42.166  -13.253  9.429 0.0000000000
75981  -41.421  -5.877  18.966 0.0000000000
133451  -40.692  -7.342  18.405 0.0000000000
73371  -39.912  -9.178  18.501 0.0000000000
73379  -39.360  -9.263  17.920 0.0000000000
72488  -39.458  -10.019  18.426 0.0000000000
72487  -39.055  -10.878  18.261 0.0000000000
72531  -38.600  -10.253  13.711 0.0000000000
73406  -39.293  -9.824  13.513 0.0000000000
145915  -38.951  -9.372  13.891 0.0000000000
138606  -37.663  -7.428  13.607 0.0000000000
81829  -45.792  0.258  2.238 0.0000000000
81836  -46.045  0.751  1.492 0.0000000000
82674  -46.055  1.534  1.046 0.0000000000
83533  -46.176  2.343  0.670 0.0000000000
125923  -46.114  2.931  1.404 0.0000000000
134865  -46.300  3.204  0.604 0.0000000000
141047  -46.486  3.664  0.039 0.0000000000
85214  -46.785  4.239  -0.418 0.0000000000
86138  -47.393  5.660  -0.626 0.0000000000
87042  -47.759  6.595  -1.012 0.0000000000
86131  -47.994  6.170  0.534 0.0000000000
86118  -48.534  5.854  1.336 0.0000000000
87021  -48.936  6.749  0.942 0.0000000000
86120  -50.857  6.767  1.829 0.0000000000
79348  -46.344  -3.104  11.256 0.0000000000
125831  -46.999  -3.753  10.492 0.0000000000
80178  -46.206  -2.287  11.182 0.0000000000
80989  -46.127  -0.928  10.526 0.0000000000
80979  -45.832  -0.944  11.399 0.0000000000
130080  -46.130  -0.318  9.995 0.0000000000
81767  -45.955  0.473  9.925 0.0000000000
142932  -49.694  5.842  12.636 0.0000000000
86002  -49.014  5.513  12.296 0.0000000000
142334  -49.847  6.001  12.010 0.0000000000
86010  -50.001  5.960  11.312 0.0000000000
86016  -50.161  5.704  10.674 0.0000000000
134536  -51.672  6.612  10.692 0.0000000000
86017  -51.186  5.908  10.481 0.0000000000
86023  -50.490  5.291  9.949 0.0000000000
85130  -52.097  4.561  8.371 0.0000000000
85138  -52.394  4.289  7.501 0.0000000000
85131  -52.957  4.977  7.949 0.0000000000
86056  -53.010  5.489  7.670 0.0000000000
132403  -53.071  6.132  7.736 0.0000000000
86961  -53.470  7.007  8.733 0.0000000000
86960  -53.125  7.092  8.249 0.0000000000
86979  -52.193  6.546  7.583 0.0000000000
86959  -51.152  6.956  7.844 0.0000000000
87878  -50.079  6.951  7.861 0.0000000000
87861  -49.822  7.612  7.965 0.0000000000
123604  -49.645  10.439  6.860 0.0000000000
89539  -51.584  11.308  7.280 0.0000000000
89538  -50.818  10.965  6.935 0.0000000000
145023  -49.296  11.246  6.409 0.0000000000
90351  -49.280  11.967  6.323 0.0000000000
91215  -47.542  12.484  5.842 0.0000000000
88628  -44.152  7.971  10.978 0.0000000000
88661  -44.471  8.659  10.267 0.0000000000
88643  -43.604  8.602  10.399 0.0000000000
88660  -43.188  9.075  9.813 0.0000000000
89519  -42.597  9.758  8.528 0.0000000000
143689  -42.066  9.363  9.052 0.0000000000
89535  -42.260  10.064  7.814 0.0000000000
90364  -40.502  10.677  6.382 0.0000000000
90379  -40.142  11.193  5.638 0.0000000000
90363  -39.789  10.753  6.229 0.0000000000
132685  -39.252  10.633  6.468 0.0000000000
122343  -38.025  10.575  6.934 0.0000000000
89515  -39.278  9.354  8.545 0.0000000000
89530  -38.202  10.100  7.624 0.0000000000
90342  -37.533  10.369  7.601 0.0000000000
90329  -37.136  10.109  8.243 0.0000000000
90328  -36.573  10.421  8.540 0.0000000000
90327  -35.868  10.856  8.858 0.0000000000
77779  -48.484  -4.921  2.275 0.0000000000
77787  -48.813  -4.194  1.816 0.0000000000
78599  -47.996  -4.055  2.259 0.0000000000
78612  -47.808  -3.299  2.095 0.0000000000
79434  -47.237  -2.795  2.311 0.0000000000
80239  -46.666  -1.982  2.434 0.0000000000
80245  -46.606  -1.259  2.123 0.0000000000
76958  -44.804  -5.230  4.800 0.0000000000
144942  -45.467  -3.061  3.957 0.0000000000
136770  -44.929  -2.911  4.596 0.0000000000
79424  -45.797  -2.528  3.482 0.0000000000
80232  -46.032  -1.728  2.986 0.0000000000
133855  -46.041  -1.018  2.661 0.0000000000
81054  -46.140  -0.500  2.201 0.0000000000
82658  -45.632  1.487  2.972 0.0000000000
81821  -45.357  0.558  3.960 0.0000000000
133612  -45.544  1.163  3.600 0.0000000000
82659  -45.889  1.864  3.731 0.0000000000
83496  -46.640  2.375  4.274 0.0000000000
81738  -47.508  0.818  15.567 0.0000000000
82571  -46.864  1.554  15.034 0.0000000000
82568  -47.290  1.710  15.519 0.0000000000
84228  -47.316  2.950  15.327 0.0000000000
84232  -47.543  3.564  15.015 0.0000000000
85072  -48.180  3.867  15.360 0.0000000000
129728  -48.414  4.890  13.615 0.0000000000
85995  -49.371  5.404  13.794 0.0000000000
131663  -50.879  5.546  18.215 0.0000000000
124261  -50.953  5.547  17.310 0.0000000000
85069  -50.863  5.559  16.397 0.0000000000
124047  -51.351  7.055  17.180 0.0000000000
85980  -50.706  5.661  15.531 0.0000000000
85988  -50.515  5.788  14.729 0.0000000000
125456  -50.286  5.912  13.995 0.0000000000
85996  -49.987  5.939  13.264 0.0000000000
133401  -51.570  7.478  12.400 0.0000000000
87824  -51.821  8.129  13.269 0.0000000000
87823  -51.704  8.032  12.538 0.0000000000
88666  -50.225  9.236  9.747 0.0000000000
145952  -49.219  8.755  10.077 0.0000000000
132407  -47.773  8.250  10.512 0.0000000000
134353  -48.473  7.704  11.998 0.0000000000
87846  -46.343  7.771  10.874 0.0000000000
131098  -45.023  7.587  11.205 0.0000000000
86882  -47.661  6.513  15.480 0.0000000000
125319  -46.456  6.293  13.939 0.0000000000
86880  -45.638  5.962  15.590 0.0000000000
86895  -45.557  5.967  14.127 0.0000000000
86909  -45.882  6.268  13.340 0.0000000000
86923  -45.328  6.420  12.604 0.0000000000
86935  -45.151  6.976  11.815 0.0000000000
87832  -44.314  7.249  11.708 0.0000000000
87831  -43.461  7.498  11.677 0.0000000000
87817  -42.902  7.190  12.347 0.0000000000
86893  -42.755  6.622  13.898 0.0000000000
86905  -42.277  7.059  13.094 0.0000000000
138458  -42.229  7.410  12.318 0.0000000000
87816  -41.614  7.486  12.674 0.0000000000
87801  -40.784  7.858  13.780 0.0000000000
88608  -40.168  8.391  14.056 0.0000000000
76051  -41.862  -6.428  9.541 0.0000000000
76041  -43.158  -7.812  10.588 0.0000000000
76042  -44.005  -7.383  10.466 0.0000000000
75175  -44.610  -7.361  10.677 0.0000000000
75160  -43.999  -7.527  11.787 0.0000000000
75166  -44.466  -7.625  11.065 0.0000000000
75167  -45.232  -6.946  10.427 0.0000000000
76892  -45.892  -6.324  10.697 0.0000000000
136384  -46.026  -5.482  11.205 0.0000000000
77684  -46.345  -4.817  11.181 0.0000000000
77679  -44.185  -4.614  12.706 0.0000000000
78491  -43.860  -3.589  12.929 0.0000000000
145655  -44.022  -4.103  12.809 0.0000000000
77680  -44.871  -4.778  12.512 0.0000000000
78503  -45.760  -4.102  11.973 0.0000000000
78501  -45.834  -3.383  12.053 0.0000000000
79328  -46.469  -2.548  14.257 0.0000000000
80156  -46.730  -2.032  13.858 0.0000000000
80958  -47.210  -1.699  14.605 0.0000000000
80959  -47.605  -1.104  15.182 0.0000000000
81739  -47.957  -0.473  15.751 0.0000000000
80945  -44.931  -0.496  15.580 0.0000000000
80946  -46.043  -1.451  16.044 0.0000000000
80933  -47.028  -1.758  16.682 0.0000000000
81724  -47.393  -1.298  17.302 0.0000000000
80129  -47.447  -2.047  16.467 0.0000000000
134067  -48.278  0.129  16.322 0.0000000000
82559  -48.455  0.794  16.867 0.0000000000
83401  -48.776  1.471  17.529 0.0000000000
82532  -49.066  0.458  19.080 0.0000000000
82543  -49.443  0.835  19.066 0.0000000000
83402  -49.477  1.368  18.594 0.0000000000
84196  -49.998  2.579  19.285 0.0000000000
84189  -50.170  3.439  20.603 0.0000000000
138242  -50.326  4.361  21.040 0.0000000000
85019  -50.090  4.412  21.615 0.0000000000
77000  -51.655  -5.716  1.395 0.0000000000
77799  -51.411  -4.864  0.919 0.0000000000
76998  -49.953  -5.189  1.644 0.0000000000
75249  -51.161  -7.541  3.548 0.0000000000
136547  -49.760  -7.808  3.842 0.0000000000
75260  -49.996  -7.037  2.859 0.0000000000
76130  -49.586  -6.347  2.439 0.0000000000
76985  -48.957  -5.682  2.313 0.0000000000
76984  -48.229  -5.695  2.643 0.0000000000
76115  -47.068  -6.392  3.512 0.0000000000
75245  -47.064  -7.108  3.815 0.0000000000
76106  -46.454  -6.496  3.825 0.0000000000
76105  -45.825  -6.626  4.286 0.0000000000
76095  -45.150  -6.758  4.768 0.0000000000
73468  -46.323  -10.002  5.965 0.0000000000
73487  -45.957  -9.219  5.575 0.0000000000
72591  -45.026  -10.285  6.455 0.0000000000
136104  -44.499  -6.761  5.308 0.0000000000
75209  -43.357  -7.116  6.172 0.0000000000
75208  -42.482  -7.157  6.771 0.0000000000
75200  -41.823  -7.307  7.343 0.0000000000
75199  -41.226  -7.575  7.856 0.0000000000
75187  -40.676  -7.531  8.880 0.0000000000
69778  -43.823  -13.873  13.467 0.0000000000
73342  -43.588  -9.458  21.797 0.0000000000
71538  -42.960  -11.284  21.496 0.0000000000
70618  -42.988  -12.726  20.501 0.0000000000
74246  -41.559  -8.201  19.580 0.0000000000
73359  -41.380  -9.534  20.061 0.0000000000
72472  -40.262  -10.816  19.455 0.0000000000
71550  -40.959  -10.848  20.121 0.0000000000
72461  -41.637  -10.457  20.519 0.0000000000
71551  -41.686  -11.419  20.620 0.0000000000
70617  -41.993  -12.387  20.450 0.0000000000
69694  -43.036  -13.158  19.831 0.0000000000
133784  -42.561  -13.299  18.746 0.0000000000
69723  -42.768  -13.103  17.229 0.0000000000
69722  -41.667  -13.458  17.378 0.0000000000
69738  -42.130  -13.381  16.443 0.0000000000
69761  -43.586  -13.613  14.482 0.0000000000
69791  -43.615  -14.077  12.560 0.0000000000
68910  -42.994  -14.204  12.053 0.0000000000
69803  -42.909  -14.006  11.051 0.0000000000
128668  -41.770  -14.346  13.075 0.0000000000
68922  -42.295  -14.185  11.605 0.0000000000
131935  -41.934  -14.002  10.889 0.0000000000
69812  -41.433  -13.689  10.294 0.0000000000
69820  -40.875  -13.294  9.823 0.0000000000
69744  -38.118  -13.529  15.509 0.0000000000
69758  -38.787  -14.044  14.207 0.0000000000
69776  -38.753  -14.080  13.265 0.0000000000
69789  -38.083  -13.606  12.697 0.0000000000
69790  -38.935  -13.977  12.395 0.0000000000
69810  -39.732  -13.612  10.825 0.0000000000
70731  -40.007  -13.158  10.030 0.0000000000
70738  -40.409  -12.679  9.469 0.0000000000
75171  -40.355  -8.247  9.770 0.0000000000
75172  -40.905  -7.901  10.201 0.0000000000
74316  -41.506  -8.685  11.027 0.0000000000
74317  -42.471  -8.682  11.360 0.0000000000
74310  -42.492  -8.881  11.895 0.0000000000
73416  -41.831  -9.181  12.207 0.0000000000
75158  -42.628  -8.115  12.430 0.0000000000
76028  -41.698  -6.604  12.489 0.0000000000
76882  -40.870  -5.085  12.307 0.0000000000
74293  -39.703  -9.171  13.454 0.0000000000
139443  -39.989  -8.337  12.975 0.0000000000
78496  -40.090  -3.551  12.467 0.0000000000
79340  -39.417  -2.906  12.738 0.0000000000
146564  -38.738  -3.399  12.746 0.0000000000
79333  -39.090  -2.134  13.351 0.0000000000
84388  -53.096  5.035  -3.826 0.0000000000
86158  -53.239  5.540  -3.533 0.0000000000
85253  -52.912  5.975  -3.834 0.0000000000
84387  -52.204  5.259  -4.056 0.0000000000
85252  -52.094  6.336  -4.096 0.0000000000
139313  -51.255  6.368  -4.259 0.0000000000
80256  -48.513  -1.205  0.760 0.0000000000
80257  -49.162  -1.293  0.544 0.0000000000
81852  -47.976  0.815  -0.143 0.0000000000
82703  -50.007  1.848  -1.301 0.0000000000
83554  -50.354  2.624  -1.605 0.0000000000
84361  -50.876  3.495  -2.069 0.0000000000
85236  -51.231  5.876  -2.713 0.0000000000
132855  -51.876  6.587  -3.455 0.0000000000
86170  -51.641  6.958  -4.099 0.0000000000
86168  -49.598  6.293  -4.086 0.0000000000
137770  -49.234  6.936  -3.851 0.0000000000
87957  -50.078  8.275  -3.405 0.0000000000
87071  -48.851  7.599  -3.586 0.0000000000
87070  -48.094  6.743  -3.623 0.0000000000
87069  -47.168  6.773  -3.226 0.0000000000
147392  -47.184  7.479  -2.883 0.0000000000
87948  -46.857  7.987  -2.439 0.0000000000
87941  -48.419  7.400  -1.413 0.0000000000
87942  -49.199  8.775  -1.909 0.0000000000
88751  -48.904  9.280  -1.626 0.0000000000
87931  -49.438  9.278  -0.482 0.0000000000
88760  -48.254  9.549  -1.790 0.0000000000
88759  -47.285  9.276  -1.565 0.0000000000
87940  -46.562  8.473  -1.812 0.0000000000
88758  -46.307  8.700  -1.203 0.0000000000
88749  -46.176  8.630  -0.637 0.0000000000
87918  -46.089  8.304  0.176 0.0000000000
88736  -47.966  9.173  0.634 0.0000000000
88735  -46.910  8.479  0.558 0.0000000000
87909  -46.336  7.569  1.112 0.0000000000
77700  -42.907  -4.982  9.156 0.0000000000
137969  -43.523  -4.364  9.051 0.0000000000
77701  -44.607  -4.628  9.447 0.0000000000
78519  -44.227  -3.895  9.099 0.0000000000
78531  -43.852  -3.730  8.518 0.0000000000
78546  -44.222  -3.075  7.972 0.0000000000
79385  -44.758  -2.371  7.890 0.0000000000
80203  -44.737  -1.751  7.253 0.0000000000
78509  -47.430  -4.324  9.733 0.0000000000
78510  -47.865  -3.817  9.238 0.0000000000
78535  -48.032  -3.524  8.730 0.0000000000
79378  -47.370  -3.327  8.535 0.0000000000
80204  -45.803  -1.557  7.616 0.0000000000
80213  -45.168  -1.041  7.038 0.0000000000
81024  -45.555  -0.497  6.673 0.0000000000
81796  -47.277  0.109  6.473 0.0000000000
81026  -48.403  -1.046  6.748 0.0000000000
82574  -46.360  1.474  14.313 0.0000000000
83432  -45.191  2.239  12.148 0.0000000000
84248  -46.184  3.664  13.066 0.0000000000
84247  -45.587  3.148  12.424 0.0000000000
142784  -45.313  2.043  11.386 0.0000000000
83444  -45.655  2.211  10.711 0.0000000000
83445  -46.158  2.377  10.001 0.0000000000
82604  -47.110  1.636  8.770 0.0000000000
85107  -48.369  5.125  11.076 0.0000000000
85114  -47.757  4.526  10.637 0.0000000000
85120  -48.898  4.524  9.615 0.0000000000
85119  -47.991  4.217  9.824 0.0000000000
84262  -47.198  3.846  10.229 0.0000000000
83452  -47.356  2.525  8.874 0.0000000000
82623  -49.083  0.593  7.251 0.0000000000
82624  -49.439  0.543  6.584 0.0000000000
125632  -49.745  1.691  6.612 0.0000000000
82632  -49.682  0.879  6.083 0.0000000000
82643  -49.436  0.690  5.867 0.0000000000
87013  -51.399  6.399  2.420 0.0000000000
87014  -51.455  6.967  2.511 0.0000000000
84286  -52.428  4.089  6.755 0.0000000000
84300  -52.300  4.168  5.310 0.0000000000
85167  -52.359  4.629  4.766 0.0000000000
86085  -52.385  5.346  4.821 0.0000000000
85177  -52.374  5.170  4.057 0.0000000000
86102  -52.153  5.631  3.421 0.0000000000
87903  -51.236  7.897  2.173 0.0000000000
87902  -50.786  8.212  2.303 0.0000000000
87892  -49.166  7.370  2.869 0.0000000000
124218  -49.439  6.423  4.101 0.0000000000
87002  -49.109  6.766  3.477 0.0000000000
87012  -48.471  6.945  2.963 0.0000000000
87011  -47.754  6.872  2.728 0.0000000000
87877  -48.898  6.877  7.743 0.0000000000
139437  -47.822  7.163  7.662 0.0000000000
138408  -47.341  8.019  7.568 0.0000000000
89504  -50.031  10.319  8.968 0.0000000000
90335  -48.683  11.288  8.126 0.0000000000
89524  -47.882  10.316  8.717 0.0000000000
90334  -47.816  11.348  7.865 0.0000000000
91181  -48.620  11.778  7.508 0.0000000000
92054  -46.628  12.764  5.233 0.0000000000
133887  -44.280  9.652  9.224 0.0000000000
89521  -44.983  10.046  8.844 0.0000000000
90331  -44.718  10.566  8.131 0.0000000000
90346  -43.609  10.831  7.177 0.0000000000
90347  -44.466  10.982  7.389 0.0000000000
90348  -45.368  11.218  7.461 0.0000000000
91193  -45.094  11.692  6.688 0.0000000000
91212  -45.883  12.567  5.673 0.0000000000
92053  -45.912  12.892  4.944 0.0000000000
92079  -45.713  12.748  4.596 0.0000000000
91258  -44.183  12.832  3.143 0.0000000000
91257  -43.710  12.729  2.644 0.0000000000
91266  -43.256  12.980  2.113 0.0000000000
90408  -43.637  11.893  2.860 0.0000000000
90407  -42.708  11.529  2.767 0.0000000000
91252  -38.701  12.936  2.518 0.0000000000
90403  -38.329  11.761  3.125 0.0000000000
134833  -38.678  12.614  4.485 0.0000000000
141252  -37.219  13.856  4.368 0.0000000000
91223  -36.987  13.301  5.276 0.0000000000
92062  -36.921  13.955  4.652 0.0000000000
92073  -37.053  13.845  4.222 0.0000000000
92790  -33.939  14.018  6.705 0.0000000000
91106  -44.324  11.133  17.467 0.0000000000
90265  -42.149  9.888  16.468 0.0000000000
90275  -41.497  10.082  16.022 0.0000000000
88588  -40.750  8.868  15.420 0.0000000000
88600  -40.337  8.801  14.830 0.0000000000
88599  -39.667  9.074  14.281 0.0000000000
91135  -40.027  11.056  14.825 0.0000000000
89451  -39.325  9.730  14.321 0.0000000000
89460  -39.111  9.345  13.790 0.0000000000
88606  -38.870  8.970  13.125 0.0000000000
143535  -38.147  8.911  11.972 0.0000000000
89469  -37.602  9.336  12.139 0.0000000000
90298  -37.225  10.561  12.807 0.0000000000
89468  -36.935  9.936  12.240 0.0000000000
89484  -36.506  9.575  10.965 0.0000000000
90319  -36.030  9.981  10.416 0.0000000000
90318  -35.607  10.604  9.805 0.0000000000
68891  -41.201  -14.358  13.328 0.0000000000
68919  -39.747  -14.232  12.192 0.0000000000
69704  -40.785  -13.108  18.943 0.0000000000
69721  -40.120  -13.544  17.492 0.0000000000
69813  -42.298  -13.715  10.154 0.0000000000
69821  -41.620  -13.397  9.764 0.0000000000
69824  -44.335  -13.362  9.384 0.0000000000
70632  -39.772  -12.221  18.873 0.0000000000
70635  -42.395  -12.977  20.046 0.0000000000
70739  -41.318  -12.854  9.252 0.0000000000
70750  -44.418  -12.601  8.306 0.0000000000
70760  -46.247  -12.061  7.742 0.0000000000
71689  -43.011  -11.969  7.954 0.0000000000
71704  -47.304  -11.619  7.539 0.0000000000
72473  -40.654  -9.900  19.560 0.0000000000
72541  -39.226  -10.254  12.721 0.0000000000
73465  -43.830  -9.513  6.421 0.0000000000
74301  -42.315  -8.794  12.236 0.0000000000
74330  -40.349  -8.224  9.073 0.0000000000
75118  -41.061  -6.583  18.647 0.0000000000
75180  -40.679  -7.594  9.405 0.0000000000
75967  -42.090  -5.809  19.526 0.0000000000
76035  -45.171  -7.002  10.778 0.0000000000
76036  -45.767  -6.704  10.197 0.0000000000
76060  -41.353  -6.510  8.701 0.0000000000
76828  -41.091  -5.473  19.407 0.0000000000
76904  -41.721  -5.918  9.014 0.0000000000
77755  -45.539  -4.397  4.078 0.0000000000
78598  -47.438  -3.546  2.425 0.0000000000
79380  -48.658  -2.394  7.772 0.0000000000
79386  -45.438  -1.996  7.926 0.0000000000
80128  -46.903  -2.137  16.178 0.0000000000
80130  -47.855  -2.050  16.414 0.0000000000
80934  -47.767  -1.889  17.010 0.0000000000
81005  -48.920  -1.595  7.467 0.0000000000
81053  -45.672  -0.284  2.809 0.0000000000
81711  -48.359  -0.689  17.925 0.0000000000
81712  -48.623  -0.355  17.956 0.0000000000
82560  -48.731  0.221  17.742 0.0000000000
83378  -49.778  2.602  20.352 0.0000000000
83384  -49.712  2.019  19.719 0.0000000000
83391  -47.017  2.151  19.033 0.0000000000
83417  -46.991  2.391  15.188 0.0000000000
83424  -45.355  2.357  13.036 0.0000000000
84186  -47.762  2.960  19.897 0.0000000000
84293  -52.371  4.071  5.970 0.0000000000
84359  -48.809  3.125  -1.539 0.0000000000
85008  -49.933  4.960  22.201 0.0000000000
85175  -51.498  4.708  3.347 0.0000000000
85187  -51.999  5.383  3.151 0.0000000000
85254  -53.257  5.498  -3.602 0.0000000000
85950  -50.312  5.303  20.656 0.0000000000
86074  -52.478  5.227  5.894 0.0000000000
86826  -50.118  6.223  20.959 0.0000000000
86862  -45.806  6.387  17.268 0.0000000000
86873  -50.181  7.418  17.029 0.0000000000
86878  -43.695  6.317  15.226 0.0000000000
86881  -46.658  6.179  15.430 0.0000000000
86885  -51.649  7.182  15.585 0.0000000000
86911  -48.093  7.045  14.032 0.0000000000
86914  -51.847  7.876  14.342 0.0000000000
86928  -51.968  7.976  13.722 0.0000000000
86936  -45.994  6.888  11.921 0.0000000000
86953  -53.565  6.841  8.976 0.0000000000
87023  -51.260  7.145  1.955 0.0000000000
87041  -44.227  6.859  -0.631 0.0000000000
87057  -45.523  6.787  -2.138 0.0000000000
87753  -47.272  6.992  19.911 0.0000000000
87761  -45.409  7.173  18.480 0.0000000000
87765  -43.092  7.855  17.005 0.0000000000
87773  -44.120  6.718  16.719 0.0000000000
87774  -51.263  7.585  16.233 0.0000000000
87779  -42.884  6.881  15.603 0.0000000000
87782  -51.620  7.717  15.122 0.0000000000
87792  -41.937  7.123  14.088 0.0000000000
87806  -51.730  8.162  13.884 0.0000000000
87820  -47.762  7.330  12.452 0.0000000000
87828  -40.921  8.001  11.748 0.0000000000
87830  -42.602  7.659  11.712 0.0000000000
87845  -45.638  7.828  10.865 0.0000000000
87856  -53.572  7.572  8.932 0.0000000000
87928  -44.799  7.410  -1.100 0.0000000000
87939  -45.660  7.976  -1.395 0.0000000000
87952  -50.407  8.249  -3.245 0.0000000000
87955  -47.916  7.536  -3.289 0.0000000000
88589  -41.239  8.666  15.770 0.0000000000
88616  -38.749  8.715  12.275 0.0000000000
88618  -40.292  8.086  13.094 0.0000000000
88646  -48.748  8.379  10.597 0.0000000000
88663  -46.553  8.859  9.834 0.0000000000
88670  -53.524  8.244  8.919 0.0000000000
88730  -51.050  8.417  1.745 0.0000000000
88739  -50.747  8.915  1.382 0.0000000000
88761  -48.883  10.005  -0.985 0.0000000000
88773  -50.064  8.451  -3.207 0.0000000000
88780  -49.548  8.530  -3.200 0.0000000000
89429  -42.316  9.051  16.756 0.0000000000
89430  -43.029  9.176  17.332 0.0000000000
89433  -41.609  9.269  16.230 0.0000000000
89439  -40.467  9.521  15.301 0.0000000000
89440  -41.025  9.436  15.767 0.0000000000
89452  -39.885  9.599  14.781 0.0000000000
89477  -37.044  9.404  11.523 0.0000000000
89478  -37.756  8.899  11.280 0.0000000000
89485  -37.140  9.159  10.680 0.0000000000
89486  -37.793  8.851  10.327 0.0000000000
89497  -42.866  9.483  9.184 0.0000000000
89531  -38.709  9.728  8.019 0.0000000000
89589  -49.194  9.994  -0.157 0.0000000000
89590  -49.642  9.581  0.295 0.0000000000
89596  -48.909  10.079  -0.761 0.0000000000
90246  -45.536  10.252  20.575 0.0000000000
90259  -43.831  10.353  17.630 0.0000000000
90260  -44.359  10.708  17.988 0.0000000000
90274  -40.838  10.195  15.580 0.0000000000
90276  -42.192  10.647  16.125 0.0000000000
90282  -39.068  10.344  14.259 0.0000000000
90283  -39.609  10.291  14.663 0.0000000000
90289  -38.466  10.345  13.779 0.0000000000
90305  -35.710  10.683  11.612 0.0000000000
90306  -36.276  10.303  11.896 0.0000000000
90322  -52.236  11.088  8.021 0.0000000000
90336  -50.907  11.963  7.394 0.0000000000
90341  -36.826  10.773  7.655 0.0000000000
90349  -46.382  11.527  7.342 0.0000000000
90371  -50.073  12.262  6.772 0.0000000000
91142  -38.271  11.157  13.648 0.0000000000
91183  -50.348  12.329  7.088 0.0000000000
91185  -51.248  12.000  7.055 0.0000000000
91197  -49.818  12.328  6.800 0.0000000000
91199  -50.811  12.213  6.950 0.0000000000
91207  -37.345  12.028  5.672 0.0000000000
91213  -46.812  12.634  5.802 0.0000000000
91214  -47.249  12.615  5.736 0.0000000000
91225  -37.747  13.536  4.236 0.0000000000
91232  -46.296  12.299  4.666 0.0000000000
91234  -46.889  12.713  5.441 0.0000000000
91245  -45.052  12.659  3.932 0.0000000000
91247  -46.250  12.718  4.897 0.0000000000
91256  -43.132  12.546  2.228 0.0000000000
91993  -40.212  11.902  14.543 0.0000000000
92042  -33.554  13.365  6.986 0.0000000000
92055  -47.023  12.885  5.356 0.0000000000
92065  -46.639  12.785  5.182 0.0000000000
92085  -39.165  13.913  2.678 0.0000000000
92088  -41.871  13.573  2.119 0.0000000000
92092  -40.395  13.567  1.736 0.0000000000
92094  -41.932  13.301  1.756 0.0000000000
92098  -41.118  13.536  1.679 0.0000000000
92791  -34.639  13.823  6.347 0.0000000000
92793  -36.256  13.711  5.250 0.0000000000
92797  -35.278  13.387  5.596 0.0000000000
92803  -36.211  13.556  4.603 0.0000000000
92804  -36.649  13.823  4.425 0.0000000000
92811  -40.911  13.963  2.004 0.0000000000
122716  -39.472  -13.600  16.763 0.0000000000
124668  -45.297  5.843  14.860 0.0000000000
124840  -43.857  6.360  12.905 0.0000000000
127495  -38.224  9.217  12.664 0.0000000000
128395  -42.562  -9.775  21.053 0.0000000000
132057  -46.417  1.804  9.464 0.0000000000
133092  -43.993  9.165  9.791 0.0000000000
133332  -41.459  -5.796  12.330 0.0000000000
133462  -50.511  8.196  0.996 0.0000000000
135626  -41.011  7.675  13.073 0.0000000000
137169  -45.123  10.010  20.096 0.0000000000
138459  -47.056  -1.770  7.621 0.0000000000
139506  -40.113  -8.583  9.495 0.0000000000
139894  -47.473  -3.634  9.886 0.0000000000
139900  -51.608  8.214  12.878 0.0000000000
141305  -41.796  -14.269  13.621 0.0000000000
141770  -44.305  11.431  6.761 0.0000000000
142335  -49.083  6.744  21.211 0.0000000000
142740  -52.097  -6.813  2.556 0.0000000000
142983  -41.530  -3.690  12.435 0.0000000000
143188  -42.115  -7.116  10.120 0.0000000000
143474  -39.959  -14.097  11.535 0.0000000000
146791  -45.192  8.697  10.131 0.0000000000
147083  -41.219  -13.010  19.369 0.0000000000
147190  -44.882  -7.211  10.728 0.0000000000
147493  -46.423  -0.163  13.635 0.0000000000
147752  -38.087  10.033  13.405 0.0000000000
