#!ascii label  , from subject sub-v1s10x0050967_ses-1 vox2ras=TkReg
1448
42349  -33.121  -24.930  39.295 0.0000000000
52732  -45.117  -13.965  24.176 0.0000000000
99819  -35.040  -12.010  33.115 0.0000000000
37652  -8.176  -30.256  30.086 0.0000000000
115135  -21.229  -29.496  38.331 0.0000000000
44137  -8.154  -23.110  34.776 0.0000000000
108001  -9.545  -26.588  42.070 0.0000000000
49177  -39.414  -17.680  28.402 0.0000000000
48256  -3.544  -18.037  29.240 0.0000000000
37578  -3.028  -29.717  36.543 0.0000000000
108674  -30.321  -21.625  34.341 0.0000000000
99658  -28.735  -27.721  36.395 0.0000000000
37562  -26.729  -30.000  38.700 0.0000000000
56202  -46.998  -9.502  23.358 0.0000000000
51787  -37.235  -14.869  30.843 0.0000000000
39542  -17.068  -28.299  34.673 0.0000000000
107071  -5.282  -17.214  36.123 0.0000000000
110484  -12.327  -25.609  32.076 0.0000000000
43340  -9.517  -24.229  28.663 0.0000000000
37719  -8.758  -30.599  26.581 0.0000000000
35929  -9.163  -32.380  41.489 0.0000000000
100249  -5.302  -31.326  43.497 0.0000000000
51743  -32.932  -14.023  35.068 0.0000000000
37527  -24.962  -29.778  41.271 0.0000000000
118098  -23.164  -31.250  34.756 0.0000000000
42354  -8.911  -25.059  38.097 0.0000000000
104522  -10.041  -28.307  35.844 0.0000000000
49223  -42.320  -17.082  26.065 0.0000000000
37532  -12.389  -30.583  39.828 0.0000000000
38514  -14.728  -29.232  37.374 0.0000000000
45896  -5.928  -21.037  32.234 0.0000000000
117826  -4.876  -23.663  27.567 0.0000000000
40385  -7.532  -26.980  46.886 0.0000000000
100292  -7.262  -29.563  40.329 0.0000000000
39573  -4.491  -29.110  33.429 0.0000000000
44098  -33.533  -23.478  38.804 0.0000000000
42384  -32.183  -25.103  36.675 0.0000000000
44117  -32.126  -23.622  36.330 0.0000000000
40445  -31.000  -27.103  37.560 0.0000000000
41459  -30.617  -26.540  35.575 0.0000000000
39483  -30.374  -28.168  39.040 0.0000000000
54453  -45.904  -11.646  23.316 0.0000000000
51861  -41.747  -14.508  22.915 0.0000000000
53644  -43.443  -12.417  21.540 0.0000000000
55324  -44.514  -10.341  21.219 0.0000000000
52637  -36.747  -13.204  32.236 0.0000000000
52648  -32.500  -12.914  31.705 0.0000000000
99627  -33.814  -13.031  30.122 0.0000000000
51799  -34.733  -14.318  29.392 0.0000000000
40510  -10.403  -27.706  31.109 0.0000000000
39649  -11.238  -28.095  28.348 0.0000000000
37689  -8.980  -30.892  28.366 0.0000000000
35247  -6.688  -32.986  26.578 0.0000000000
35235  -7.514  -32.927  28.379 0.0000000000
35959  -9.544  -32.614  38.922 0.0000000000
35100  -8.455  -32.910  40.432 0.0000000000
118628  -32.413  -15.642  36.227 0.0000000000
47432  -32.370  -19.171  35.742 0.0000000000
46689  -30.232  -20.196  33.516 0.0000000000
49083  -31.940  -17.707  34.352 0.0000000000
49984  -31.625  -16.389  33.579 0.0000000000
38428  -27.144  -29.387  43.240 0.0000000000
38553  -25.294  -29.883  35.646 0.0000000000
37585  -25.199  -31.081  36.854 0.0000000000
58803  -46.065  -6.571  19.814 0.0000000000
59651  -47.104  -5.194  19.038 0.0000000000
42315  -8.627  -25.774  40.254 0.0000000000
41441  -11.183  -26.421  37.465 0.0000000000
103224  -10.851  -27.960  39.452 0.0000000000
49193  -40.718  -17.655  27.060 0.0000000000
49191  -36.452  -17.798  27.871 0.0000000000
100274  -37.706  -18.805  26.163 0.0000000000
48318  -39.237  -17.913  24.915 0.0000000000
38418  -12.738  -29.458  42.383 0.0000000000
38439  -13.590  -29.335  41.086 0.0000000000
45848  -5.113  -22.155  36.302 0.0000000000
45855  -4.683  -21.284  35.073 0.0000000000
45049  -7.069  -22.295  33.461 0.0000000000
40572  -6.800  -27.213  26.489 0.0000000000
119771  -7.175  -24.157  28.139 0.0000000000
41579  -4.870  -26.259  26.175 0.0000000000
39400  -7.771  -28.053  47.533 0.0000000000
117095  -3.222  -29.878  40.298 0.0000000000
101239  -5.114  -29.859  42.544 0.0000000000
107449  -3.879  -28.814  38.666 0.0000000000
39504  -5.823  -28.794  36.207 0.0000000000
38546  -3.654  -28.694  35.312 0.0000000000
45861  -31.778  -21.233  36.045 0.0000000000
37530  -28.262  -29.630  41.783 0.0000000000
38482  -29.539  -29.198  40.564 0.0000000000
39495  -27.973  -28.986  37.839 0.0000000000
57908  -47.609  -7.226  22.619 0.0000000000
56247  -45.205  -8.762  21.014 0.0000000000
50048  -38.247  -16.820  29.746 0.0000000000
50065  -35.624  -16.483  28.382 0.0000000000
39527  -19.907  -28.947  34.811 0.0000000000
39511  -19.217  -28.636  36.278 0.0000000000
104411  -3.949  -17.327  32.869 0.0000000000
44140  -11.200  -23.846  33.926 0.0000000000
44176  -10.099  -23.070  31.950 0.0000000000
43329  -11.559  -24.731  29.637 0.0000000000
40555  -9.729  -27.316  27.046 0.0000000000
38719  -5.978  -29.590  25.627 0.0000000000
36766  -9.373  -30.937  44.173 0.0000000000
37503  -7.628  -30.486  45.680 0.0000000000
106581  -7.158  -32.424  43.069 0.0000000000
35942  -5.455  -32.265  40.556 0.0000000000
53529  -33.970  -12.603  33.995 0.0000000000
51761  -32.170  -14.066  33.015 0.0000000000
37534  -23.262  -29.955  39.892 0.0000000000
37548  -26.346  -30.039  39.905 0.0000000000
101722  -23.776  -31.234  37.701 0.0000000000
37592  -21.748  -30.150  35.853 0.0000000000
44099  -5.743  -23.380  37.400 0.0000000000
43210  -6.115  -24.180  38.975 0.0000000000
43246  -8.775  -24.364  36.846 0.0000000000
43249  -11.335  -24.867  36.145 0.0000000000
40471  -11.479  -26.726  34.382 0.0000000000
40479  -8.752  -27.786  32.684 0.0000000000
116001  -43.748  -15.430  24.787 0.0000000000
50127  -40.562  -16.078  23.989 0.0000000000
37512  -11.363  -30.164  43.152 0.0000000000
36785  -10.636  -31.647  40.372 0.0000000000
35961  -10.575  -31.978  38.345 0.0000000000
39480  -18.000  -28.461  38.004 0.0000000000
38497  -16.304  -28.561  38.728 0.0000000000
38456  -15.509  -28.724  40.648 0.0000000000
113417  -13.352  -30.038  38.336 0.0000000000
36818  -12.201  -31.203  36.574 0.0000000000
48175  -5.271  -18.342  37.188 0.0000000000
119328  -4.363  -19.440  33.815 0.0000000000
118642  -4.797  -19.990  31.109 0.0000000000
107421  -7.985  -22.357  30.268 0.0000000000
45088  -6.468  -22.185  29.499 0.0000000000
45930  -4.376  -21.637  27.967 0.0000000000
41338  -8.687  -26.865  44.682 0.0000000000
38378  -6.116  -29.857  44.915 0.0000000000
39448  -8.538  -28.810  43.504 0.0000000000
103244  -9.922  -28.588  41.637 0.0000000000
38513  -9.165  -29.159  38.199 0.0000000000
39537  -7.449  -28.440  34.434 0.0000000000
38601  -6.879  -29.204  31.459 0.0000000000
105574  -3.056  -31.684  34.127 0.0000000000
36026  -3.687  -32.114  32.582 0.0000000000
35200  -7.243  -33.217  31.127 0.0000000000
43225  -33.415  -24.228  39.015 0.0000000000
43216  -33.377  -24.481  40.058 0.0000000000
42368  -32.362  -25.406  37.596 0.0000000000
43238  -32.629  -24.572  37.421 0.0000000000
41449  -32.157  -26.064  38.179 0.0000000000
42367  -31.845  -26.055  37.450 0.0000000000
41423  -32.791  -26.110  40.302 0.0000000000
41422  -32.203  -26.806  39.735 0.0000000000
114789  -45.567  -12.690  23.612 0.0000000000
50989  -43.406  -14.571  23.700 0.0000000000
52739  -42.641  -13.611  22.237 0.0000000000
52741  -44.371  -13.168  22.730 0.0000000000
53637  -44.689  -12.507  22.478 0.0000000000
53546  -36.286  -12.467  32.675 0.0000000000
53547  -37.097  -12.842  32.980 0.0000000000
53532  -36.112  -11.822  33.845 0.0000000000
53570  -32.799  -12.653  30.718 0.0000000000
53560  -34.174  -12.505  31.393 0.0000000000
52650  -35.627  -13.173  31.221 0.0000000000
38622  -9.347  -29.162  30.160 0.0000000000
38643  -9.795  -29.543  29.340 0.0000000000
37671  -8.609  -30.670  29.259 0.0000000000
36886  -7.840  -32.068  28.593 0.0000000000
36875  -7.758  -31.811  29.420 0.0000000000
106977  -9.562  -32.672  38.057 0.0000000000
113270  -9.210  -32.805  38.546 0.0000000000
48189  -32.565  -18.771  36.254 0.0000000000
48208  -32.011  -18.383  34.693 0.0000000000
49070  -32.515  -17.903  35.842 0.0000000000
110361  -32.372  -16.970  35.747 0.0000000000
59619  -47.877  -5.804  21.592 0.0000000000
59638  -46.604  -5.821  19.450 0.0000000000
60420  -48.356  -4.375  19.903 0.0000000000
41393  -8.918  -26.073  40.876 0.0000000000
41409  -10.336  -26.581  39.680 0.0000000000
41378  -10.330  -27.090  41.308 0.0000000000
49192  -40.059  -17.694  27.802 0.0000000000
49179  -41.484  -17.608  29.129 0.0000000000
48266  -37.909  -18.051  28.121 0.0000000000
48288  -37.136  -18.648  26.808 0.0000000000
48278  -38.344  -18.277  27.488 0.0000000000
48290  -39.349  -18.114  26.319 0.0000000000
38420  -14.445  -28.747  42.398 0.0000000000
100454  -15.221  -28.721  42.049 0.0000000000
38478  -21.383  -29.541  39.260 0.0000000000
38500  -20.338  -29.148  39.057 0.0000000000
49125  -3.528  -16.699  30.657 0.0000000000
44135  -6.677  -22.928  35.198 0.0000000000
45033  -5.541  -22.272  34.933 0.0000000000
45035  -7.630  -22.678  34.136 0.0000000000
39678  -5.409  -27.896  25.818 0.0000000000
112129  -5.698  -26.734  26.437 0.0000000000
114567  -4.724  -27.611  25.218 0.0000000000
40376  -9.138  -27.445  48.114 0.0000000000
39411  -9.308  -28.943  46.978 0.0000000000
37555  -3.017  -29.699  38.714 0.0000000000
100176  -3.632  -29.136  39.710 0.0000000000
37554  -3.085  -28.909  38.085 0.0000000000
39502  -3.599  -28.630  36.502 0.0000000000
38528  -3.242  -28.892  36.181 0.0000000000
45006  -32.749  -22.664  37.432 0.0000000000
45015  -32.328  -22.241  36.768 0.0000000000
45845  -32.853  -21.019  37.395 0.0000000000
46669  -32.658  -20.436  37.005 0.0000000000
40443  -29.853  -27.814  37.429 0.0000000000
39482  -29.177  -28.828  38.798 0.0000000000
39514  -28.179  -28.390  37.079 0.0000000000
39513  -27.342  -28.540  36.753 0.0000000000
57077  -47.359  -8.096  22.917 0.0000000000
56214  -45.966  -9.794  22.335 0.0000000000
56228  -44.825  -9.628  21.166 0.0000000000
56230  -46.113  -9.004  22.107 0.0000000000
57907  -46.851  -7.815  22.140 0.0000000000
50893  -37.620  -15.550  30.546 0.0000000000
50881  -38.805  -15.602  31.664 0.0000000000
51776  -38.569  -15.056  32.033 0.0000000000
51801  -36.196  -15.034  29.881 0.0000000000
50907  -35.345  -15.548  28.791 0.0000000000
50908  -36.575  -15.693  29.598 0.0000000000
102227  -36.872  -16.294  29.394 0.0000000000
49947  -5.774  -16.712  35.899 0.0000000000
49965  -4.646  -16.592  33.764 0.0000000000
49071  -4.611  -17.354  34.788 0.0000000000
43294  -12.167  -24.756  33.148 0.0000000000
44168  -11.391  -23.816  32.098 0.0000000000
43309  -12.266  -24.917  30.963 0.0000000000
38685  -10.009  -29.736  27.131 0.0000000000
40556  -10.637  -27.586  27.467 0.0000000000
39682  -9.244  -28.762  26.469 0.0000000000
39681  -8.229  -28.368  26.194 0.0000000000
37728  -6.796  -30.169  25.697 0.0000000000
36906  -6.082  -31.817  25.737 0.0000000000
36771  -9.714  -31.332  43.180 0.0000000000
36770  -8.740  -31.560  43.644 0.0000000000
35928  -8.727  -32.260  42.266 0.0000000000
35956  -6.765  -32.649  39.074 0.0000000000
35943  -6.624  -32.608  40.148 0.0000000000
100926  -5.642  -32.321  39.478 0.0000000000
114699  -4.465  -31.959  38.937 0.0000000000
52610  -33.421  -13.321  34.607 0.0000000000
50849  -32.235  -15.419  34.891 0.0000000000
50855  -31.669  -15.674  33.489 0.0000000000
51751  -32.325  -14.393  33.784 0.0000000000
52621  -32.648  -13.637  33.462 0.0000000000
37516  -24.407  -29.672  42.014 0.0000000000
37525  -23.496  -29.783  40.787 0.0000000000
37535  -24.111  -30.056  40.093 0.0000000000
37549  -27.697  -29.759  40.345 0.0000000000
37539  -27.611  -29.780  41.000 0.0000000000
109047  -26.467  -30.098  39.404 0.0000000000
36820  -24.192  -31.693  36.025 0.0000000000
37571  -24.586  -31.435  37.517 0.0000000000
37583  -23.367  -31.444  36.077 0.0000000000
102751  -23.131  -31.111  37.006 0.0000000000
37593  -22.691  -31.069  35.322 0.0000000000
37605  -21.886  -30.538  34.806 0.0000000000
104021  -7.320  -25.219  39.626 0.0000000000
43219  -7.054  -24.931  38.587 0.0000000000
43229  -7.377  -24.679  37.702 0.0000000000
43230  -8.381  -24.747  37.531 0.0000000000
43247  -9.770  -24.379  36.685 0.0000000000
43232  -10.346  -24.899  37.188 0.0000000000
40450  -11.107  -27.711  36.968 0.0000000000
40460  -11.417  -26.909  35.827 0.0000000000
106681  -10.470  -27.797  35.120 0.0000000000
102722  -10.055  -27.645  33.668 0.0000000000
40469  -9.933  -27.881  34.353 0.0000000000
50112  -42.821  -16.302  25.164 0.0000000000
50101  -44.780  -16.186  26.146 0.0000000000
50089  -43.357  -16.925  26.397 0.0000000000
49221  -40.573  -17.455  25.539 0.0000000000
50110  -40.356  -16.723  24.508 0.0000000000
50111  -41.522  -16.446  24.748 0.0000000000
117364  -42.178  -15.610  24.196 0.0000000000
38395  -11.573  -29.565  44.095 0.0000000000
37524  -12.112  -30.410  41.110 0.0000000000
37523  -11.365  -30.843  41.549 0.0000000000
36786  -11.600  -31.163  40.072 0.0000000000
36789  -10.963  -31.604  39.590 0.0000000000
36797  -11.146  -31.586  38.781 0.0000000000
100632  -17.803  -28.424  35.123 0.0000000000
39492  -18.221  -28.481  37.189 0.0000000000
39509  -17.589  -28.457  36.631 0.0000000000
38534  -15.305  -28.936  36.808 0.0000000000
38516  -16.149  -28.607  37.935 0.0000000000
38496  -15.503  -28.765  38.382 0.0000000000
108004  -15.658  -28.665  39.100 0.0000000000
38495  -14.695  -29.030  38.886 0.0000000000
117157  -14.491  -29.041  39.753 0.0000000000
37556  -14.140  -29.532  37.997 0.0000000000
36819  -12.894  -30.646  36.252 0.0000000000
47412  -5.184  -19.221  37.369 0.0000000000
105580  -5.046  -21.522  33.992 0.0000000000
46678  -4.508  -20.369  34.757 0.0000000000
46691  -4.781  -20.076  32.871 0.0000000000
47447  -4.468  -19.264  32.260 0.0000000000
46702  -5.589  -20.652  31.490 0.0000000000
44202  -10.081  -23.579  29.897 0.0000000000
45080  -8.711  -22.413  31.566 0.0000000000
44200  -8.581  -23.316  29.188 0.0000000000
43352  -5.529  -24.479  27.523 0.0000000000
44198  -6.769  -22.861  28.935 0.0000000000
45109  -5.399  -23.198  28.300 0.0000000000
45931  -4.879  -21.838  28.640 0.0000000000
45107  -4.589  -22.420  27.870 0.0000000000
45118  -4.505  -22.130  27.382 0.0000000000
41329  -7.892  -26.856  45.911 0.0000000000
36763  -6.261  -31.088  44.651 0.0000000000
37502  -6.879  -30.109  45.601 0.0000000000
37506  -5.808  -30.428  44.488 0.0000000000
114447  -6.587  -29.549  41.169 0.0000000000
38415  -7.077  -29.536  42.892 0.0000000000
118907  -7.708  -29.570  42.071 0.0000000000
39454  -9.267  -28.646  42.889 0.0000000000
38453  -8.434  -29.530  40.640 0.0000000000
39469  -9.465  -29.182  39.522 0.0000000000
38470  -8.393  -29.496  39.543 0.0000000000
39535  -5.108  -28.513  34.669 0.0000000000
39505  -6.975  -28.859  36.091 0.0000000000
103428  -5.867  -28.507  33.957 0.0000000000
39558  -6.853  -28.226  32.984 0.0000000000
39592  -5.565  -29.003  32.235 0.0000000000
35168  -3.267  -33.708  33.253 0.0000000000
36013  -3.239  -32.084  33.325 0.0000000000
111224  -33.515  -21.878  38.488 0.0000000000
105747  -31.487  -25.400  35.029 0.0000000000
101066  -31.688  -24.292  35.133 0.0000000000
43257  -32.304  -24.384  36.568 0.0000000000
44104  -32.668  -23.640  37.262 0.0000000000
102625  -29.560  -27.555  36.565 0.0000000000
41453  -30.722  -26.794  36.390 0.0000000000
41460  -31.296  -26.221  36.082 0.0000000000
40444  -30.544  -27.669  38.081 0.0000000000
55313  -46.543  -10.163  23.118 0.0000000000
53642  -42.094  -12.825  21.289 0.0000000000
53655  -42.779  -12.134  21.003 0.0000000000
119243  -43.404  -11.052  20.668 0.0000000000
53645  -44.248  -12.081  21.798 0.0000000000
54463  -45.239  -11.066  22.170 0.0000000000
51774  -36.803  -14.246  31.166 0.0000000000
51762  -37.977  -14.468  32.125 0.0000000000
52638  -37.554  -13.635  32.557 0.0000000000
117890  -37.903  -12.612  34.484 0.0000000000
51784  -31.335  -13.687  30.791 0.0000000000
117006  -31.690  -13.191  30.162 0.0000000000
52677  -32.479  -13.309  29.293 0.0000000000
52678  -33.455  -13.427  29.448 0.0000000000
51810  -33.644  -14.710  28.231 0.0000000000
52679  -34.287  -13.674  29.653 0.0000000000
52665  -36.090  -13.890  30.817 0.0000000000
41505  -11.528  -26.689  31.972 0.0000000000
107540  -11.652  -26.826  30.158 0.0000000000
117653  -10.776  -28.271  29.786 0.0000000000
38665  -10.622  -29.292  28.148 0.0000000000
36909  -9.036  -31.016  26.963 0.0000000000
36907  -7.360  -31.785  26.285 0.0000000000
36086  -8.125  -32.087  27.056 0.0000000000
35242  -6.989  -33.538  27.493 0.0000000000
35939  -9.289  -32.628  40.404 0.0000000000
35938  -8.915  -32.802  40.851 0.0000000000
35101  -9.021  -32.825  40.071 0.0000000000
51735  -32.558  -14.800  35.430 0.0000000000
45873  -30.985  -21.131  34.911 0.0000000000
45872  -30.563  -20.650  34.256 0.0000000000
47439  -31.434  -19.369  34.349 0.0000000000
47446  -31.261  -19.003  33.631 0.0000000000
48219  -31.244  -18.288  33.231 0.0000000000
49974  -31.791  -16.989  33.976 0.0000000000
111852  -32.208  -16.207  35.253 0.0000000000
37518  -26.059  -29.626  42.403 0.0000000000
38540  -26.131  -29.972  37.362 0.0000000000
37572  -25.564  -30.779  37.847 0.0000000000
37596  -25.056  -30.911  35.894 0.0000000000
37595  -24.460  -31.327  35.437 0.0000000000
107160  -45.585  -6.669  19.287 0.0000000000
59650  -46.486  -5.548  18.667 0.0000000000
59665  -46.986  -4.962  18.217 0.0000000000
60445  -46.867  -4.743  17.406 0.0000000000
42326  -8.341  -25.475  39.453 0.0000000000
99949  -10.282  -25.739  38.321 0.0000000000
42339  -10.267  -26.148  38.945 0.0000000000
41410  -10.923  -27.097  39.010 0.0000000000
39489  -10.753  -28.260  37.701 0.0000000000
49208  -41.725  -17.429  26.644 0.0000000000
100464  -42.075  -17.626  28.263 0.0000000000
48299  -36.488  -18.793  25.129 0.0000000000
48316  -37.167  -18.847  24.800 0.0000000000
48330  -37.715  -17.938  23.966 0.0000000000
48317  -38.621  -18.342  25.027 0.0000000000
48303  -40.011  -17.830  25.869 0.0000000000
38397  -13.134  -28.898  43.187 0.0000000000
109752  -13.583  -28.942  42.574 0.0000000000
38419  -13.565  -29.167  41.888 0.0000000000
37533  -12.830  -29.964  40.535 0.0000000000
38563  -14.852  -28.937  35.030 0.0000000000
37580  -13.999  -29.742  36.450 0.0000000000
115176  -5.026  -21.776  36.824 0.0000000000
46665  -4.855  -20.642  36.395 0.0000000000
45856  -5.012  -21.955  35.441 0.0000000000
45047  -5.533  -21.984  34.148 0.0000000000
45881  -6.099  -21.473  32.900 0.0000000000
41565  -8.472  -26.017  27.253 0.0000000000
43339  -7.856  -24.531  27.926 0.0000000000
41564  -7.243  -25.884  27.140 0.0000000000
42451  -5.679  -25.208  27.148 0.0000000000
42450  -4.948  -24.740  26.968 0.0000000000
41307  -9.252  -25.737  48.886 0.0000000000
119717  -7.744  -26.637  48.317 0.0000000000
39399  -7.557  -27.851  47.311 0.0000000000
36777  -4.131  -31.028  42.042 0.0000000000
37513  -4.764  -30.592  42.905 0.0000000000
38450  -3.753  -29.874  41.473 0.0000000000
38467  -4.653  -29.255  40.224 0.0000000000
38468  -6.241  -29.434  39.753 0.0000000000
38491  -6.385  -29.303  38.221 0.0000000000
110815  -5.130  -29.004  38.087 0.0000000000
39503  -4.538  -28.619  36.215 0.0000000000
38574  -3.951  -29.288  33.825 0.0000000000
45041  -30.462  -22.594  34.240 0.0000000000
44131  -31.553  -23.433  35.384 0.0000000000
45026  -31.345  -22.414  35.533 0.0000000000
45860  -31.333  -21.589  35.533 0.0000000000
46677  -32.185  -20.520  36.238 0.0000000000
47425  -32.541  -19.661  36.505 0.0000000000
38480  -27.938  -29.689  39.710 0.0000000000
39471  -29.781  -28.761  39.633 0.0000000000
38502  -28.292  -29.396  38.986 0.0000000000
38522  -27.136  -29.620  38.074 0.0000000000
38541  -26.786  -29.325  37.240 0.0000000000
56262  -44.158  -9.062  20.133 0.0000000000
57922  -45.871  -7.576  20.829 0.0000000000
57924  -46.980  -7.075  21.671 0.0000000000
49156  -38.568  -17.332  29.285 0.0000000000
49138  -39.967  -17.241  30.258 0.0000000000
50032  -39.535  -16.741  30.760 0.0000000000
50918  -34.032  -15.546  27.754 0.0000000000
49173  -35.927  -17.207  28.102 0.0000000000
49175  -37.240  -17.659  28.432 0.0000000000
38537  -20.439  -29.129  36.333 0.0000000000
119476  -20.089  -28.890  37.329 0.0000000000
38536  -19.821  -28.831  36.087 0.0000000000
39544  -18.551  -28.546  34.804 0.0000000000
49098  -3.910  -16.500  32.573 0.0000000000
48232  -3.599  -17.578  31.197 0.0000000000
44138  -9.313  -23.397  34.690 0.0000000000
44153  -8.640  -22.923  33.949 0.0000000000
44167  -10.729  -23.400  32.476 0.0000000000
44190  -10.737  -23.577  30.644 0.0000000000
43341  -10.952  -24.664  29.039 0.0000000000
42444  -11.811  -26.140  29.033 0.0000000000
41547  -11.347  -26.019  28.364 0.0000000000
42454  -9.637  -25.744  27.603 0.0000000000
40554  -8.790  -26.963  26.846 0.0000000000
38367  -9.017  -30.030  46.153 0.0000000000
37508  -8.985  -30.645  45.011 0.0000000000
113690  -7.072  -32.033  43.929 0.0000000000
35921  -6.352  -32.271  43.391 0.0000000000
99980  -8.220  -32.792  41.359 0.0000000000
35931  -6.109  -32.577  42.214 0.0000000000
35930  -5.352  -32.162  42.474 0.0000000000
36783  -4.320  -31.626  41.081 0.0000000000
36795  -3.335  -30.564  39.488 0.0000000000
36804  -3.157  -30.808  37.936 0.0000000000
53530  -34.666  -12.157  33.748 0.0000000000
53531  -35.395  -11.868  33.963 0.0000000000
101354  -34.697  -12.463  35.474 0.0000000000
46688  -29.571  -20.563  33.083 0.0000000000
51773  -31.360  -14.273  31.604 0.0000000000
53543  -33.625  -12.544  33.042 0.0000000000
38462  -22.500  -29.666  40.618 0.0000000000
37557  -22.136  -29.887  38.648 0.0000000000
38446  -28.233  -29.508  42.529 0.0000000000
37529  -26.561  -29.753  41.654 0.0000000000
37537  -26.116  -29.911  40.671 0.0000000000
37560  -25.624  -30.652  38.475 0.0000000000
105676  -25.305  -30.653  38.822 0.0000000000
37546  -24.737  -30.406  39.411 0.0000000000
37558  -23.609  -30.727  38.518 0.0000000000
37570  -22.862  -30.546  37.971 0.0000000000
37581  -21.831  -30.041  36.865 0.0000000000
108322  -20.967  -29.504  35.900 0.0000000000
113382  -48.248  -3.827  16.646 0.0000000000
61213  -48.776  -3.494  16.008 0.0000000000
61995  -48.906  -3.071  14.982 0.0000000000
108869  -5.474  -22.894  37.117 0.0000000000
44111  -6.937  -23.834  36.394 0.0000000000
118539  -6.075  -24.081  38.358 0.0000000000
43244  -6.635  -24.061  37.056 0.0000000000
44123  -8.571  -23.585  35.485 0.0000000000
44124  -9.483  -23.726  35.490 0.0000000000
43280  -11.091  -24.000  34.820 0.0000000000
42403  -12.160  -25.606  34.126 0.0000000000
42357  -11.194  -25.757  37.091 0.0000000000
41457  -11.731  -26.309  35.247 0.0000000000
41473  -11.945  -26.265  33.666 0.0000000000
40495  -11.007  -27.068  32.588 0.0000000000
104266  -9.896  -27.660  31.694 0.0000000000
39595  -8.129  -28.311  31.460 0.0000000000
50972  -44.050  -14.850  24.390 0.0000000000
49245  -38.307  -17.173  23.762 0.0000000000
108592  -38.772  -16.483  23.494 0.0000000000
50985  -40.094  -15.629  23.377 0.0000000000
50986  -40.894  -15.433  23.507 0.0000000000
50988  -42.679  -15.144  23.924 0.0000000000
100710  -10.490  -30.457  43.858 0.0000000000
117487  -10.124  -31.353  42.563 0.0000000000
37515  -11.922  -29.948  42.583 0.0000000000
36776  -10.520  -31.298  42.015 0.0000000000
36779  -9.794  -31.892  41.384 0.0000000000
35960  -10.022  -32.316  38.745 0.0000000000
38519  -19.632  -28.738  37.524 0.0000000000
38499  -18.680  -28.561  38.598 0.0000000000
105144  -18.471  -28.586  39.415 0.0000000000
39490  -16.767  -28.508  36.829 0.0000000000
38517  -17.040  -28.441  38.214 0.0000000000
38475  -17.592  -28.533  39.765 0.0000000000
38457  -17.076  -28.599  40.538 0.0000000000
38442  -16.690  -28.695  41.235 0.0000000000
38441  -15.204  -28.784  41.230 0.0000000000
38455  -14.771  -28.898  40.443 0.0000000000
38454  -13.833  -29.343  40.242 0.0000000000
37541  -12.658  -30.449  38.912 0.0000000000
37579  -13.460  -30.170  36.764 0.0000000000
113542  -12.719  -30.626  37.961 0.0000000000
36798  -11.954  -31.110  38.385 0.0000000000
36817  -11.475  -31.668  36.981 0.0000000000
48183  -5.104  -18.107  36.379 0.0000000000
47419  -4.892  -19.900  36.173 0.0000000000
48182  -4.795  -18.971  35.742 0.0000000000
48190  -4.481  -18.497  34.815 0.0000000000
48209  -4.129  -18.014  33.405 0.0000000000
48233  -3.968  -18.396  31.743 0.0000000000
47463  -4.230  -19.333  30.408 0.0000000000
45067  -8.446  -22.406  32.442 0.0000000000
45079  -7.950  -22.003  31.781 0.0000000000
45912  -6.888  -21.512  31.157 0.0000000000
44199  -7.687  -23.054  29.040 0.0000000000
45098  -7.426  -22.486  29.631 0.0000000000
45919  -6.387  -21.539  30.320 0.0000000000
45918  -5.535  -20.993  30.357 0.0000000000
46709  -4.756  -20.475  29.928 0.0000000000
46713  -3.878  -19.744  28.330 0.0000000000
46721  -4.389  -20.650  27.634 0.0000000000
38360  -7.655  -29.347  46.720 0.0000000000
38359  -7.315  -29.063  46.485 0.0000000000
39421  -7.336  -28.838  46.360 0.0000000000
38392  -5.639  -29.997  44.108 0.0000000000
38393  -6.411  -29.544  44.579 0.0000000000
39436  -8.319  -28.257  45.093 0.0000000000
39437  -9.097  -28.214  43.905 0.0000000000
39455  -9.842  -28.064  42.950 0.0000000000
40418  -10.313  -27.528  41.732 0.0000000000
39466  -10.506  -28.229  40.394 0.0000000000
39470  -10.232  -28.628  39.519 0.0000000000
39507  -9.640  -28.617  36.680 0.0000000000
38511  -7.136  -29.282  37.531 0.0000000000
99611  -8.035  -28.842  35.989 0.0000000000
112037  -9.299  -28.426  35.292 0.0000000000
105878  -8.436  -28.014  33.566 0.0000000000
39594  -7.354  -28.490  31.650 0.0000000000
38620  -7.632  -29.723  30.786 0.0000000000
107121  -3.186  -31.615  35.652 0.0000000000
102147  -3.077  -31.856  34.850 0.0000000000
36832  -3.026  -30.909  34.766 0.0000000000
37602  -3.270  -30.009  34.235 0.0000000000
37625  -3.589  -30.694  33.052 0.0000000000
37626  -3.881  -30.488  32.799 0.0000000000
36038  -4.041  -32.777  32.165 0.0000000000
37635  -5.060  -30.400  32.005 0.0000000000
37636  -6.182  -30.660  31.573 0.0000000000
108068  -6.933  -30.934  31.195 0.0000000000
36864  -7.542  -31.632  30.235 0.0000000000
35214  -7.516  -33.151  30.193 0.0000000000
115919  -7.490  -34.263  29.188 0.0000000000
42348  -32.661  -25.463  38.640 0.0000000000
43224  -32.947  -24.757  38.332 0.0000000000
42334  -32.829  -25.565  39.511 0.0000000000
41436  -32.426  -26.117  39.148 0.0000000000
42335  -33.156  -25.280  40.269 0.0000000000
52737  -45.386  -13.308  23.857 0.0000000000
53626  -46.003  -12.863  24.369 0.0000000000
52733  -45.739  -13.649  24.659 0.0000000000
51863  -44.350  -14.260  23.898 0.0000000000
52735  -43.863  -13.915  23.219 0.0000000000
52736  -44.635  -13.591  23.421 0.0000000000
53633  -45.054  -12.928  23.158 0.0000000000
53545  -35.447  -12.276  32.493 0.0000000000
107028  -36.574  -12.219  33.444 0.0000000000
99589  -35.803  -12.003  33.232 0.0000000000
53544  -34.565  -12.269  32.333 0.0000000000
53561  -35.085  -12.529  31.683 0.0000000000
38621  -8.435  -29.401  30.447 0.0000000000
38642  -8.962  -29.913  29.707 0.0000000000
37670  -7.954  -31.075  29.724 0.0000000000
35971  -9.620  -32.713  37.085 0.0000000000
41376  -8.663  -26.109  41.571 0.0000000000
41377  -9.775  -26.585  41.247 0.0000000000
49178  -40.329  -17.573  28.716 0.0000000000
49157  -39.512  -17.444  29.312 0.0000000000
48267  -38.631  -17.893  28.191 0.0000000000
48279  -39.196  -17.936  27.650 0.0000000000
38421  -15.868  -28.672  42.813 0.0000000000
115875  -15.167  -28.646  42.573 0.0000000000
38520  -20.366  -29.045  37.881 0.0000000000
48245  -3.565  -17.767  30.207 0.0000000000
109759  -3.503  -16.974  29.620 0.0000000000
44136  -7.281  -22.894  34.820 0.0000000000
40584  -4.908  -27.740  25.498 0.0000000000
37566  -2.953  -29.739  37.607 0.0000000000
38507  -3.083  -28.890  37.141 0.0000000000
45846  -33.308  -21.277  38.022 0.0000000000
107154  -32.796  -21.775  37.425 0.0000000000
46663  -33.092  -20.437  37.713 0.0000000000
40453  -29.060  -28.115  37.130 0.0000000000
57064  -47.154  -8.852  23.163 0.0000000000
56215  -46.579  -9.319  22.748 0.0000000000
57076  -46.703  -8.566  22.474 0.0000000000
51775  -37.976  -15.166  31.380 0.0000000000
50892  -36.898  -15.285  30.210 0.0000000000
50909  -37.260  -15.908  29.861 0.0000000000
112690  -5.653  -16.935  36.596 0.0000000000
49060  -5.072  -16.933  35.349 0.0000000000
42413  -12.330  -25.301  32.775 0.0000000000
43304  -12.269  -24.829  32.323 0.0000000000
37720  -9.474  -30.460  26.972 0.0000000000
109305  -9.815  -29.127  26.782 0.0000000000
38709  -9.239  -29.713  26.553 0.0000000000
38708  -8.062  -29.844  25.968 0.0000000000
37717  -6.439  -31.026  25.716 0.0000000000
37718  -7.698  -30.838  26.124 0.0000000000
36775  -9.544  -31.788  42.211 0.0000000000
36774  -8.936  -31.811  42.839 0.0000000000
52599  -33.537  -13.495  35.496 0.0000000000
52590  -33.610  -13.625  36.451 0.0000000000
45059  -29.698  -22.101  33.641 0.0000000000
51742  -32.456  -14.622  34.587 0.0000000000
52609  -32.795  -13.850  34.249 0.0000000000
37517  -25.210  -29.652  42.230 0.0000000000
37526  -24.251  -29.812  41.019 0.0000000000
113979  -26.997  -29.918  39.432 0.0000000000
100558  -26.997  -29.881  40.114 0.0000000000
37594  -23.687  -31.422  35.172 0.0000000000
37606  -22.699  -30.999  34.434 0.0000000000
42336  -7.609  -25.196  38.989 0.0000000000
42337  -7.910  -25.043  38.259 0.0000000000
43231  -9.376  -24.737  37.391 0.0000000000
39521  -10.968  -27.688  36.026 0.0000000000
40459  -9.809  -28.190  35.025 0.0000000000
113885  -42.809  -16.692  25.713 0.0000000000
49222  -41.410  -17.255  25.793 0.0000000000
49234  -41.035  -16.936  25.055 0.0000000000
50099  -42.010  -16.727  25.312 0.0000000000
100660  -12.099  -30.665  40.465 0.0000000000
36790  -11.797  -31.098  39.273 0.0000000000
39524  -17.752  -28.451  35.889 0.0000000000
115862  -17.213  -28.385  35.414 0.0000000000
38515  -15.415  -28.857  37.621 0.0000000000
104188  -14.885  -29.069  38.049 0.0000000000
37568  -14.063  -29.696  37.134 0.0000000000
108031  -4.959  -19.850  38.092 0.0000000000
104221  -5.585  -21.128  32.967 0.0000000000
45879  -5.003  -20.928  33.458 0.0000000000
46692  -5.370  -20.621  32.530 0.0000000000
44201  -9.434  -23.661  29.251 0.0000000000
44188  -9.188  -23.160  29.906 0.0000000000
43337  -5.354  -23.785  27.895 0.0000000000
44207  -4.814  -23.193  27.808 0.0000000000
110820  -4.573  -22.810  27.405 0.0000000000
44220  -4.652  -23.485  27.197 0.0000000000
41322  -7.445  -26.275  47.232 0.0000000000
36768  -5.882  -31.826  43.706 0.0000000000
36767  -5.748  -31.244  44.121 0.0000000000
38435  -7.589  -29.593  41.290 0.0000000000
38436  -8.525  -29.446  41.603 0.0000000000
38469  -7.342  -29.533  39.462 0.0000000000
39556  -5.102  -28.689  33.688 0.0000000000
39574  -5.267  -28.840  32.881 0.0000000000
32608  -3.349  -35.939  33.978 0.0000000000
101555  -3.123  -34.497  33.805 0.0000000000
44998  -33.551  -22.622  38.662 0.0000000000
42394  -31.721  -25.492  35.855 0.0000000000
42395  -32.033  -24.862  36.034 0.0000000000
43239  -33.155  -23.985  38.159 0.0000000000
44105  -33.231  -23.118  38.102 0.0000000000
115405  -30.483  -27.391  37.348 0.0000000000
111426  -30.247  -27.291  36.774 0.0000000000
40454  -30.748  -27.026  36.997 0.0000000000
42383  -31.785  -25.772  36.759 0.0000000000
40437  -31.244  -27.195  38.321 0.0000000000
105427  -31.526  -27.295  39.199 0.0000000000
106386  -46.207  -11.032  23.219 0.0000000000
55297  -46.806  -10.770  23.889 0.0000000000
54454  -46.399  -11.518  23.855 0.0000000000
51001  -41.124  -14.839  23.032 0.0000000000
51881  -40.908  -14.100  22.185 0.0000000000
51869  -41.237  -14.400  22.603 0.0000000000
52751  -43.185  -13.065  21.885 0.0000000000
105261  -42.053  -13.396  21.794 0.0000000000
53643  -42.804  -12.722  21.468 0.0000000000
54468  -43.642  -11.592  21.146 0.0000000000
53638  -45.428  -12.175  23.013 0.0000000000
107857  -44.977  -11.751  22.266 0.0000000000
54464  -45.611  -11.392  22.749 0.0000000000
52651  -36.409  -13.536  31.522 0.0000000000
52652  -37.181  -13.921  31.811 0.0000000000
53533  -37.434  -12.532  33.886 0.0000000000
53521  -37.481  -12.084  34.784 0.0000000000
52647  -31.794  -13.601  31.623 0.0000000000
104482  -32.016  -13.017  30.827 0.0000000000
53571  -33.532  -12.663  30.719 0.0000000000
52662  -33.036  -12.862  30.042 0.0000000000
107824  -34.561  -13.306  30.289 0.0000000000
52664  -35.319  -13.578  30.534 0.0000000000
40511  -10.837  -27.257  31.639 0.0000000000
40526  -11.084  -27.415  30.683 0.0000000000
39616  -10.486  -28.102  30.408 0.0000000000
103069  -9.410  -30.248  28.855 0.0000000000
38664  -10.091  -29.786  28.499 0.0000000000
37690  -9.684  -30.374  28.092 0.0000000000
37708  -9.757  -30.286  27.515 0.0000000000
36888  -9.205  -30.873  27.515 0.0000000000
36899  -8.731  -31.416  27.177 0.0000000000
36887  -8.491  -31.599  27.841 0.0000000000
36075  -7.848  -32.257  27.837 0.0000000000
34395  -6.906  -34.016  27.834 0.0000000000
34391  -7.274  -33.925  28.413 0.0000000000
35946  -9.302  -32.663  39.719 0.0000000000
51729  -32.592  -15.027  36.373 0.0000000000
46682  -31.350  -20.097  34.816 0.0000000000
47440  -31.939  -19.156  34.998 0.0000000000
119713  -31.644  -18.843  34.337 0.0000000000
48207  -31.619  -18.324  33.968 0.0000000000
49096  -31.545  -17.663  33.587 0.0000000000
116608  -32.312  -16.131  36.042 0.0000000000
38427  -26.341  -29.450  43.158 0.0000000000
37519  -26.898  -29.620  42.572 0.0000000000
38539  -25.615  -30.206  36.606 0.0000000000
37586  -25.676  -30.536  37.390 0.0000000000
58811  -45.467  -7.070  19.668 0.0000000000
59639  -47.249  -5.413  19.851 0.0000000000
59664  -46.347  -5.295  17.872 0.0000000000
60430  -47.606  -4.591  18.630 0.0000000000
42327  -9.460  -25.891  39.574 0.0000000000
108098  -10.718  -27.247  39.761 0.0000000000
40435  -11.035  -27.829  38.497 0.0000000000
49207  -40.762  -17.590  26.203 0.0000000000
49194  -41.620  -17.564  27.458 0.0000000000
48276  -36.362  -18.274  26.952 0.0000000000
100109  -36.780  -18.735  26.100 0.0000000000
48300  -37.178  -18.894  25.481 0.0000000000
100509  -37.864  -18.743  25.267 0.0000000000
48301  -38.592  -18.506  25.796 0.0000000000
48291  -40.115  -17.783  26.462 0.0000000000
38398  -14.157  -28.631  43.224 0.0000000000
38440  -14.379  -28.921  41.571 0.0000000000
38562  -14.226  -29.357  34.743 0.0000000000
45847  -4.817  -21.408  36.070 0.0000000000
45034  -6.459  -22.491  34.424 0.0000000000
45048  -6.195  -21.974  33.542 0.0000000000
41581  -7.680  -26.637  26.802 0.0000000000
104990  -7.653  -25.251  27.516 0.0000000000
42463  -5.599  -25.943  26.700 0.0000000000
42462  -4.943  -25.423  26.553 0.0000000000
41595  -4.718  -26.132  25.701 0.0000000000
39401  -8.636  -28.184  47.601 0.0000000000
41313  -8.419  -26.508  48.615 0.0000000000
40375  -7.920  -27.348  48.141 0.0000000000
40374  -7.617  -27.414  47.686 0.0000000000
36782  -3.816  -30.857  41.471 0.0000000000
37521  -3.844  -30.385  41.750 0.0000000000
37531  -3.414  -29.969  40.974 0.0000000000
38490  -5.253  -29.179  39.084 0.0000000000
39501  -3.517  -28.683  35.946 0.0000000000
39517  -3.793  -28.599  35.675 0.0000000000
39534  -3.976  -28.584  34.943 0.0000000000
38560  -3.732  -28.913  34.626 0.0000000000
44161  -30.606  -23.380  33.688 0.0000000000
44148  -31.063  -23.371  34.439 0.0000000000
43275  -31.943  -24.287  35.801 0.0000000000
45852  -31.731  -21.925  36.159 0.0000000000
46676  -31.570  -20.744  35.552 0.0000000000
41458  -29.833  -26.768  35.203 0.0000000000
38464  -29.588  -29.333  41.465 0.0000000000
38481  -28.638  -29.554  40.670 0.0000000000
39472  -30.646  -28.438  40.075 0.0000000000
39481  -28.512  -28.932  38.282 0.0000000000
38523  -27.862  -29.372  38.456 0.0000000000
39494  -27.489  -28.977  37.415 0.0000000000
39512  -26.600  -28.784  36.462 0.0000000000
115825  -48.152  -6.590  22.717 0.0000000000
55340  -43.961  -10.762  20.903 0.0000000000
55339  -43.466  -10.449  20.369 0.0000000000
56246  -44.599  -9.144  20.650 0.0000000000
57107  -44.759  -8.480  20.329 0.0000000000
57108  -45.371  -7.984  20.562 0.0000000000
57091  -45.758  -8.136  21.199 0.0000000000
58793  -47.649  -6.500  22.021 0.0000000000
49137  -39.054  -17.092  29.997 0.0000000000
50031  -38.702  -16.507  30.464 0.0000000000
50866  -39.225  -15.361  32.421 0.0000000000
50882  -39.601  -15.931  32.056 0.0000000000
52639  -38.358  -14.091  32.995 0.0000000000
51798  -34.088  -14.274  28.964 0.0000000000
50919  -34.477  -15.150  28.446 0.0000000000
50080  -35.260  -16.822  27.712 0.0000000000
50066  -36.227  -16.854  28.565 0.0000000000
50047  -37.495  -16.568  29.523 0.0000000000
49154  -36.869  -16.933  28.956 0.0000000000
49155  -37.738  -17.192  29.121 0.0000000000
109247  -20.322  -29.128  35.484 0.0000000000
39545  -19.309  -28.678  34.441 0.0000000000
49966  -5.329  -16.488  34.152 0.0000000000
49085  -4.205  -16.957  33.426 0.0000000000
49975  -4.375  -16.392  32.902 0.0000000000
49110  -3.545  -16.686  31.487 0.0000000000
48220  -3.611  -17.137  32.141 0.0000000000
44139  -10.402  -23.569  34.289 0.0000000000
44154  -9.646  -23.185  33.687 0.0000000000
44155  -10.589  -23.437  33.363 0.0000000000
43318  -11.913  -24.417  30.860 0.0000000000
44178  -11.472  -23.905  31.178 0.0000000000
43317  -11.489  -24.207  30.364 0.0000000000
43328  -10.893  -24.082  29.763 0.0000000000
39634  -11.426  -27.748  28.967 0.0000000000
41532  -11.972  -26.165  29.820 0.0000000000
40543  -11.452  -27.409  28.561 0.0000000000
41567  -11.072  -26.707  27.826 0.0000000000
41566  -10.247  -26.621  27.447 0.0000000000
42455  -10.645  -25.925  27.883 0.0000000000
119161  -9.400  -26.536  27.230 0.0000000000
40574  -9.089  -27.854  26.559 0.0000000000
38720  -6.935  -29.319  25.768 0.0000000000
39680  -7.118  -28.537  25.992 0.0000000000
36093  -7.369  -32.455  26.698 0.0000000000
107930  -6.749  -32.380  26.205 0.0000000000
37505  -9.432  -30.236  45.527 0.0000000000
35923  -7.467  -32.199  43.420 0.0000000000
36769  -7.794  -31.769  44.023 0.0000000000
35922  -6.850  -32.241  43.618 0.0000000000
35937  -6.368  -32.622  41.252 0.0000000000
35936  -5.266  -32.282  41.650 0.0000000000
36778  -4.502  -31.625  41.954 0.0000000000
36788  -4.347  -31.647  39.998 0.0000000000
36796  -3.635  -31.406  38.457 0.0000000000
118365  -3.178  -30.647  38.703 0.0000000000
53518  -34.669  -12.298  34.534 0.0000000000
45888  -29.829  -21.094  33.748 0.0000000000
51750  -31.829  -14.840  33.272 0.0000000000
50865  -31.444  -15.355  32.698 0.0000000000
51760  -31.667  -14.408  32.381 0.0000000000
52622  -33.202  -13.135  33.783 0.0000000000
52635  -32.980  -13.016  33.105 0.0000000000
38479  -22.311  -29.768  39.598 0.0000000000
37538  -26.895  -29.849  40.840 0.0000000000
108283  -25.085  -31.297  37.384 0.0000000000
101130  -25.156  -31.058  38.068 0.0000000000
37559  -24.481  -30.946  38.457 0.0000000000
37545  -23.894  -30.435  39.240 0.0000000000
37582  -22.501  -30.756  36.387 0.0000000000
112486  -22.439  -30.495  37.194 0.0000000000
37569  -21.960  -29.924  37.746 0.0000000000
38538  -21.117  -29.542  36.589 0.0000000000
38565  -21.276  -30.080  34.217 0.0000000000
38551  -21.150  -29.772  35.120 0.0000000000
60454  -48.186  -3.971  17.357 0.0000000000
60453  -47.511  -4.215  16.833 0.0000000000
105633  -48.060  -3.375  15.308 0.0000000000
61996  -49.721  -3.102  15.616 0.0000000000
45000  -5.382  -22.954  37.813 0.0000000000
44109  -5.751  -23.087  36.598 0.0000000000
44110  -6.227  -23.610  36.837 0.0000000000
43211  -6.563  -24.686  38.944 0.0000000000
106404  -7.926  -24.467  37.028 0.0000000000
43228  -6.757  -24.342  37.516 0.0000000000
43245  -7.244  -24.280  36.968 0.0000000000
44112  -7.978  -24.018  36.311 0.0000000000
43262  -9.125  -23.978  36.137 0.0000000000
43248  -10.666  -24.556  36.452 0.0000000000
43264  -10.918  -24.259  35.667 0.0000000000
43265  -11.590  -24.663  35.219 0.0000000000
120101  -11.883  -24.794  34.639 0.0000000000
42356  -10.724  -25.628  37.603 0.0000000000
41452  -11.617  -26.295  36.124 0.0000000000
41464  -11.975  -26.088  34.480 0.0000000000
40482  -11.222  -26.931  33.488 0.0000000000
40480  -9.700  -27.618  32.969 0.0000000000
40493  -9.455  -27.644  32.286 0.0000000000
40492  -8.914  -27.937  31.695 0.0000000000
50973  -44.635  -15.195  25.059 0.0000000000
54354  -36.121  -11.687  34.520 0.0000000000
116888  -38.621  -17.739  24.423 0.0000000000
49246  -39.005  -17.024  24.012 0.0000000000
50126  -39.678  -16.430  23.859 0.0000000000
50145  -39.254  -15.776  23.167 0.0000000000
50971  -42.903  -15.692  24.584 0.0000000000
118029  -43.345  -15.135  24.281 0.0000000000
37511  -10.600  -30.863  42.845 0.0000000000
38396  -12.227  -29.479  43.217 0.0000000000
36781  -11.442  -31.062  40.785 0.0000000000
36780  -10.631  -31.478  41.156 0.0000000000
36784  -9.959  -31.935  40.815 0.0000000000
35948  -10.387  -31.980  39.157 0.0000000000
114042  -10.221  -32.279  38.093 0.0000000000
35973  -10.706  -32.116  37.454 0.0000000000
102296  -19.825  -28.799  36.805 0.0000000000
39493  -19.039  -28.580  36.986 0.0000000000
38518  -18.864  -28.557  37.775 0.0000000000
99667  -16.971  -28.457  36.059 0.0000000000
38549  -16.017  -28.604  36.172 0.0000000000
116218  -17.038  -28.483  39.056 0.0000000000
38474  -16.464  -28.541  39.664 0.0000000000
38473  -15.378  -28.704  39.862 0.0000000000
101713  -16.188  -28.611  40.529 0.0000000000
115827  -15.962  -28.691  41.114 0.0000000000
37543  -13.868  -29.545  38.701 0.0000000000
38472  -13.883  -29.426  39.366 0.0000000000
37542  -13.369  -29.866  38.990 0.0000000000
103693  -13.152  -29.938  39.649 0.0000000000
103002  -13.588  -30.096  35.986 0.0000000000
36808  -12.775  -30.648  37.101 0.0000000000
36807  -12.065  -31.162  37.479 0.0000000000
47405  -5.154  -18.696  37.969 0.0000000000
49035  -5.428  -17.552  37.903 0.0000000000
46670  -4.665  -20.627  35.640 0.0000000000
46683  -4.502  -20.177  33.801 0.0000000000
47426  -4.523  -19.464  35.035 0.0000000000
107719  -4.246  -18.723  33.967 0.0000000000
46701  -4.992  -20.063  31.774 0.0000000000
47455  -4.448  -19.417  31.246 0.0000000000
46708  -4.585  -19.937  30.525 0.0000000000
45051  -9.007  -22.768  33.071 0.0000000000
45068  -9.292  -22.714  32.207 0.0000000000
45090  -8.825  -22.638  30.629 0.0000000000
100769  -8.072  -22.104  30.945 0.0000000000
45898  -7.228  -21.687  31.949 0.0000000000
120306  -7.506  -21.779  31.234 0.0000000000
44210  -7.983  -23.776  28.505 0.0000000000
44209  -7.000  -23.559  28.519 0.0000000000
103721  -5.910  -22.757  28.769 0.0000000000
45097  -5.660  -21.642  29.539 0.0000000000
45925  -4.897  -21.127  29.322 0.0000000000
45924  -4.444  -21.158  28.434 0.0000000000
46714  -4.329  -20.482  28.852 0.0000000000
46717  -4.169  -20.667  27.839 0.0000000000
45939  -4.465  -21.363  27.472 0.0000000000
41350  -9.212  -26.853  43.757 0.0000000000
37504  -8.579  -30.450  45.734 0.0000000000
37500  -8.040  -30.046  46.319 0.0000000000
38364  -6.542  -29.767  45.393 0.0000000000
38366  -7.313  -29.727  46.140 0.0000000000
38365  -7.025  -29.484  45.854 0.0000000000
39435  -6.969  -29.288  45.512 0.0000000000
113821  -4.581  -30.154  42.613 0.0000000000
38413  -5.061  -30.196  43.258 0.0000000000
38394  -7.479  -29.214  43.673 0.0000000000
104231  -6.274  -29.572  43.800 0.0000000000
39447  -7.881  -28.815  44.543 0.0000000000
116723  -9.776  -28.452  42.341 0.0000000000
40411  -10.001  -27.536  42.559 0.0000000000
39456  -10.206  -28.023  42.163 0.0000000000
39462  -10.410  -28.096  41.340 0.0000000000
38494  -9.053  -29.285  38.908 0.0000000000
39478  -9.785  -28.957  38.798 0.0000000000
39488  -10.021  -28.797  38.009 0.0000000000
39487  -9.326  -28.902  37.419 0.0000000000
38510  -6.121  -29.148  37.552 0.0000000000
38531  -6.533  -29.059  36.867 0.0000000000
39520  -7.282  -28.651  35.270 0.0000000000
100705  -9.039  -28.658  35.949 0.0000000000
99883  -8.373  -28.554  35.082 0.0000000000
39538  -8.204  -28.304  34.237 0.0000000000
39593  -6.446  -28.738  31.894 0.0000000000
39576  -7.055  -28.247  32.222 0.0000000000
34311  -3.093  -33.690  34.386 0.0000000000
36002  -3.055  -32.583  34.418 0.0000000000
37589  -3.159  -29.656  35.343 0.0000000000
36839  -3.258  -30.976  33.616 0.0000000000
36846  -3.528  -31.419  32.927 0.0000000000
36847  -3.861  -31.265  32.575 0.0000000000
36852  -4.357  -31.294  32.209 0.0000000000
102606  -4.670  -32.154  32.054 0.0000000000
36853  -5.465  -31.369  31.832 0.0000000000
36040  -6.938  -32.412  31.325 0.0000000000
36855  -7.213  -31.626  30.999 0.0000000000
36041  -7.378  -32.420  30.708 0.0000000000
36050  -7.562  -32.317  29.989 0.0000000000
44991  -33.530  -23.066  39.354 0.0000000000
116502  -33.512  -23.812  39.483 0.0000000000
44088  -33.432  -23.904  40.047 0.0000000000
41448  -31.545  -26.587  37.850 0.0000000000
41454  -31.265  -26.487  37.008 0.0000000000
41435  -31.831  -26.672  38.707 0.0000000000
41408  -33.172  -25.695  40.977 0.0000000000
53634  -45.955  -12.162  23.759 0.0000000000
111009  -46.478  -12.109  24.539 0.0000000000
51862  -42.482  -14.579  23.277 0.0000000000
51870  -42.323  -14.138  22.702 0.0000000000
51871  -43.059  -14.061  22.912 0.0000000000
52740  -43.611  -13.473  22.546 0.0000000000
53636  -43.964  -12.830  22.099 0.0000000000
52636  -35.940  -12.758  31.939 0.0000000000
53520  -36.729  -11.908  34.196 0.0000000000
53559  -33.350  -12.507  31.443 0.0000000000
52663  -34.148  -12.795  30.683 0.0000000000
52649  -34.811  -12.874  30.931 0.0000000000
39615  -9.723  -28.556  30.502 0.0000000000
39632  -10.262  -28.767  29.778 0.0000000000
36876  -8.277  -31.387  28.844 0.0000000000
36064  -7.605  -32.615  29.321 0.0000000000
35970  -8.942  -32.842  37.727 0.0000000000
48198  -32.352  -18.526  35.418 0.0000000000
49084  -32.325  -17.849  35.051 0.0000000000
105303  -32.209  -17.063  34.830 0.0000000000
38411  -27.632  -29.005  43.533 0.0000000000
58792  -47.162  -6.326  21.167 0.0000000000
58804  -46.799  -6.102  20.281 0.0000000000
59628  -47.478  -5.594  20.728 0.0000000000
60409  -48.658  -4.504  20.768 0.0000000000
41394  -9.635  -26.294  40.340 0.0000000000
41395  -10.425  -26.938  40.511 0.0000000000
106283  -10.687  -27.601  40.207 0.0000000000
100231  -41.025  -17.616  28.049 0.0000000000
48277  -37.269  -18.276  27.586 0.0000000000
103426  -37.801  -18.594  26.989 0.0000000000
48289  -38.507  -18.488  26.638 0.0000000000
117195  -39.050  -18.190  27.032 0.0000000000
48280  -39.742  -17.859  27.033 0.0000000000
99682  -15.085  -28.579  43.147 0.0000000000
107148  -21.567  -29.518  40.113 0.0000000000
50018  -3.738  -16.032  30.809 0.0000000000
50019  -3.914  -15.872  30.599 0.0000000000
50034  -3.691  -16.157  30.037 0.0000000000
45020  -5.551  -22.615  35.835 0.0000000000
45021  -6.085  -22.683  35.267 0.0000000000
40571  -5.806  -27.394  26.229 0.0000000000
41580  -6.570  -26.364  26.781 0.0000000000
40570  -5.106  -27.157  25.988 0.0000000000
41596  -4.871  -26.955  25.606 0.0000000000
38466  -3.274  -29.455  40.308 0.0000000000
37540  -3.191  -29.358  39.678 0.0000000000
38489  -3.313  -28.977  38.894 0.0000000000
115779  -3.409  -28.791  38.216 0.0000000000
38509  -4.006  -28.678  37.817 0.0000000000
38508  -3.412  -28.697  37.397 0.0000000000
38529  -3.379  -28.686  36.657 0.0000000000
38545  -3.447  -28.849  35.336 0.0000000000
108552  -32.350  -23.000  36.793 0.0000000000
45853  -32.357  -21.294  36.710 0.0000000000
41467  -30.449  -26.312  34.702 0.0000000000
39497  -29.816  -28.237  38.341 0.0000000000
119965  -29.777  -28.502  38.920 0.0000000000
39496  -29.169  -28.409  37.935 0.0000000000
107819  -28.588  -28.561  37.659 0.0000000000
103924  -45.235  -10.295  21.793 0.0000000000
56229  -45.516  -9.366  21.653 0.0000000000
113865  -45.754  -8.706  21.551 0.0000000000
57092  -46.243  -8.307  21.810 0.0000000000
50030  -37.944  -16.217  30.167 0.0000000000
50894  -38.364  -15.874  30.898 0.0000000000
50906  -34.822  -14.816  28.997 0.0000000000
101885  -35.941  -15.477  29.364 0.0000000000
50046  -36.199  -16.215  29.014 0.0000000000
39546  -20.055  -28.884  34.000 0.0000000000
49956  -5.570  -16.609  34.970 0.0000000000
49072  -4.872  -16.731  34.553 0.0000000000
112864  -4.437  -16.957  34.160 0.0000000000
43293  -11.728  -24.281  33.541 0.0000000000
44156  -11.325  -23.777  33.028 0.0000000000
43303  -11.827  -24.266  32.640 0.0000000000
43308  -11.979  -24.404  31.658 0.0000000000
42425  -12.032  -24.832  30.273 0.0000000000
39648  -10.929  -28.695  27.921 0.0000000000
39657  -11.046  -28.095  27.798 0.0000000000
39656  -10.597  -28.511  27.466 0.0000000000
39683  -9.968  -28.322  26.922 0.0000000000
108484  -8.564  -29.145  26.181 0.0000000000
106094  -7.847  -29.031  25.881 0.0000000000
35924  -8.229  -32.061  43.120 0.0000000000
35927  -7.981  -32.394  42.611 0.0000000000
35944  -7.672  -32.864  39.786 0.0000000000
101493  -7.497  -32.817  40.841 0.0000000000
52611  -34.067  -12.876  35.006 0.0000000000
52600  -34.118  -13.035  35.954 0.0000000000
47445  -30.595  -19.430  33.191 0.0000000000
50856  -32.028  -15.177  34.077 0.0000000000
113261  -28.211  -29.684  41.094 0.0000000000
114194  -24.710  -31.436  36.159 0.0000000000
37584  -24.695  -31.576  36.762 0.0000000000
36809  -23.979  -31.640  36.812 0.0000000000
59662  -44.898  -5.748  17.254 0.0000000000
43218  -6.521  -24.464  38.270 0.0000000000
40442  -11.272  -27.019  37.094 0.0000000000
40451  -11.329  -27.030  36.479 0.0000000000
104806  -11.188  -27.178  35.144 0.0000000000
40470  -10.712  -27.386  34.207 0.0000000000
39560  -9.306  -27.858  33.609 0.0000000000
50113  -43.438  -15.917  25.122 0.0000000000
50960  -44.221  -15.784  25.411 0.0000000000
50100  -43.652  -16.374  25.730 0.0000000000
49220  -39.857  -17.667  25.240 0.0000000000
49233  -39.584  -17.263  24.569 0.0000000000
114184  -40.312  -17.268  24.978 0.0000000000
102158  -40.977  -16.424  24.493 0.0000000000
50128  -41.421  -15.887  24.185 0.0000000000
50970  -42.146  -16.138  24.696 0.0000000000
101161  -12.030  -30.133  41.892 0.0000000000
39525  -18.454  -28.524  35.622 0.0000000000
39510  -18.449  -28.506  36.369 0.0000000000
38548  -15.108  -28.947  35.905 0.0000000000
38535  -16.044  -28.684  37.152 0.0000000000
36826  -11.657  -31.713  36.077 0.0000000000
45867  -4.668  -21.105  34.252 0.0000000000
47441  -4.395  -19.168  33.249 0.0000000000
115768  -10.220  -23.184  31.240 0.0000000000
45081  -9.511  -22.815  31.365 0.0000000000
44189  -9.783  -23.145  30.623 0.0000000000
45099  -8.295  -22.777  29.763 0.0000000000
43338  -6.301  -24.149  28.009 0.0000000000
44208  -6.095  -23.417  28.444 0.0000000000
117241  -5.624  -22.211  28.990 0.0000000000
45108  -5.127  -22.636  28.421 0.0000000000
36762  -6.903  -30.829  45.157 0.0000000000
37501  -6.302  -30.294  45.095 0.0000000000
38434  -5.437  -29.610  41.617 0.0000000000
38414  -5.803  -29.771  43.192 0.0000000000
102240  -6.523  -29.614  42.089 0.0000000000
38416  -8.374  -29.277  42.636 0.0000000000
38417  -9.286  -29.044  42.033 0.0000000000
38437  -9.390  -29.185  41.038 0.0000000000
39461  -10.088  -28.632  40.929 0.0000000000
38471  -9.157  -29.355  40.186 0.0000000000
38493  -8.385  -29.402  38.560 0.0000000000
39518  -5.240  -28.596  35.559 0.0000000000
39519  -6.197  -28.637  35.404 0.0000000000
39536  -6.455  -28.511  34.582 0.0000000000
100279  -6.703  -28.363  33.794 0.0000000000
39557  -5.977  -28.499  33.229 0.0000000000
39575  -6.164  -28.563  32.485 0.0000000000
109594  -5.991  -29.168  31.860 0.0000000000
100966  -3.142  -33.002  33.594 0.0000000000
99878  -3.494  -32.913  32.789 0.0000000000
35185  -3.641  -33.701  32.461 0.0000000000
36039  -5.919  -32.313  31.707 0.0000000000
43287  -31.514  -24.799  34.515 0.0000000000
43274  -31.767  -24.886  35.375 0.0000000000
45007  -33.294  -22.212  38.059 0.0000000000
40464  -30.076  -27.085  36.011 0.0000000000
41468  -31.171  -25.982  35.219 0.0000000000
40431  -31.129  -27.883  39.645 0.0000000000
40436  -30.960  -27.651  38.812 0.0000000000
56203  -47.520  -9.156  23.985 0.0000000000
55304  -47.206  -9.962  23.980 0.0000000000
52738  -41.727  -13.924  22.285 0.0000000000
52749  -41.272  -13.407  21.582 0.0000000000
52762  -41.298  -12.714  20.899 0.0000000000
54480  -43.043  -11.473  20.688 0.0000000000
54469  -44.558  -11.146  21.588 0.0000000000
55312  -45.812  -10.629  22.560 0.0000000000
119867  -37.440  -14.537  31.455 0.0000000000
52623  -37.893  -13.354  33.396 0.0000000000
52661  -32.292  -12.941  30.047 0.0000000000
52691  -32.263  -13.711  28.432 0.0000000000
52692  -33.125  -13.864  28.699 0.0000000000
52680  -35.026  -13.996  29.900 0.0000000000
51785  -35.763  -14.350  30.195 0.0000000000
51786  -36.508  -14.613  30.510 0.0000000000
49939  -5.741  -16.983  37.325 0.0000000000
116407  -12.034  -26.259  32.239 0.0000000000
41506  -12.103  -26.215  31.525 0.0000000000
41519  -11.608  -26.761  31.090 0.0000000000
40536  -11.236  -27.709  29.755 0.0000000000
39633  -11.015  -28.408  29.142 0.0000000000
38644  -10.492  -29.132  28.901 0.0000000000
119654  -10.915  -28.752  28.457 0.0000000000
37691  -10.191  -29.847  27.838 0.0000000000
36908  -8.420  -31.370  26.718 0.0000000000
36085  -7.462  -32.749  27.369 0.0000000000
35935  -9.432  -32.405  40.900 0.0000000000
35934  -9.091  -32.624  41.018 0.0000000000
35945  -8.561  -32.952  39.508 0.0000000000
103716  -9.100  -32.846  39.256 0.0000000000
35957  -7.796  -32.860  38.793 0.0000000000
51736  -33.034  -14.177  35.963 0.0000000000
51730  -33.130  -14.287  36.969 0.0000000000
46690  -30.921  -19.774  33.943 0.0000000000
48218  -30.812  -18.771  32.868 0.0000000000
115606  -30.902  -18.219  32.649 0.0000000000
49109  -31.188  -17.670  32.842 0.0000000000
101884  -31.456  -16.992  33.184 0.0000000000
118639  -31.913  -16.120  34.316 0.0000000000
37528  -25.725  -29.767  41.476 0.0000000000
37573  -26.216  -30.200  38.024 0.0000000000
37607  -23.567  -31.065  34.303 0.0000000000
58821  -45.403  -6.456  18.704 0.0000000000
58822  -46.003  -6.155  19.044 0.0000000000
59649  -45.855  -5.863  18.294 0.0000000000
59663  -45.645  -5.550  17.559 0.0000000000
59670  -46.127  -4.995  17.120 0.0000000000
60446  -47.543  -4.415  17.766 0.0000000000
60431  -48.242  -4.223  19.065 0.0000000000
111525  -8.432  -25.261  38.708 0.0000000000
42355  -9.857  -25.223  37.904 0.0000000000
42338  -9.379  -25.494  38.728 0.0000000000
41426  -10.902  -26.500  38.231 0.0000000000
40441  -11.158  -27.355  37.760 0.0000000000
39508  -10.513  -28.255  36.763 0.0000000000
49209  -42.668  -17.265  26.695 0.0000000000
105353  -37.846  -18.425  24.576 0.0000000000
48302  -39.288  -18.085  25.508 0.0000000000
39449  -13.739  -28.527  44.052 0.0000000000
38438  -12.796  -29.705  41.466 0.0000000000
101703  -16.162  -28.286  34.251 0.0000000000
39522  -15.637  -28.593  35.161 0.0000000000
38533  -14.589  -29.339  36.574 0.0000000000
38547  -13.672  -29.885  35.156 0.0000000000
46659  -4.958  -20.914  38.005 0.0000000000
108846  -4.974  -21.097  36.998 0.0000000000
45868  -4.993  -21.734  34.613 0.0000000000
45880  -5.542  -21.534  33.514 0.0000000000
42453  -8.676  -25.127  27.723 0.0000000000
42441  -8.718  -24.378  28.262 0.0000000000
43353  -6.950  -24.696  27.768 0.0000000000
41563  -6.328  -25.736  27.046 0.0000000000
42452  -6.681  -25.285  27.405 0.0000000000
119725  -6.212  -24.772  27.580 0.0000000000
43351  -4.903  -24.084  27.329 0.0000000000
43350  -4.757  -24.212  26.747 0.0000000000
115194  -7.650  -25.966  48.326 0.0000000000
41312  -7.475  -26.656  47.923 0.0000000000
40384  -7.505  -27.206  47.422 0.0000000000
36773  -4.777  -31.407  42.675 0.0000000000
36772  -4.271  -30.676  42.307 0.0000000000
37522  -4.192  -30.237  42.158 0.0000000000
38433  -4.314  -29.891  42.004 0.0000000000
102430  -3.608  -29.486  40.654 0.0000000000
38451  -4.390  -29.534  41.149 0.0000000000
38452  -5.802  -29.471  40.688 0.0000000000
106066  -6.802  -29.452  38.924 0.0000000000
38530  -5.156  -28.805  37.135 0.0000000000
39486  -4.001  -28.603  37.066 0.0000000000
112806  -4.382  -28.541  35.341 0.0000000000
39555  -4.271  -28.797  34.203 0.0000000000
45014  -31.818  -22.760  36.192 0.0000000000
101692  -31.064  -22.756  34.892 0.0000000000
45042  -30.864  -22.032  34.932 0.0000000000
47431  -32.046  -19.862  35.635 0.0000000000
38463  -28.929  -29.505  41.634 0.0000000000
38503  -28.868  -29.303  39.710 0.0000000000
38501  -27.457  -29.733  38.938 0.0000000000
119188  -26.544  -29.805  37.727 0.0000000000
115515  -26.202  -29.510  36.795 0.0000000000
38554  -25.905  -29.204  36.134 0.0000000000
56245  -44.142  -9.884  20.605 0.0000000000
55356  -43.525  -9.695  19.954 0.0000000000
57937  -45.685  -7.301  20.235 0.0000000000
57938  -46.380  -6.924  20.767 0.0000000000
57923  -46.315  -7.622  21.403 0.0000000000
102956  -38.842  -17.602  28.771 0.0000000000
50011  -39.142  -16.219  31.245 0.0000000000
51763  -38.814  -14.769  32.702 0.0000000000
49174  -36.520  -17.331  28.406 0.0000000000
49176  -38.146  -17.645  28.666 0.0000000000
108544  -20.491  -29.135  37.077 0.0000000000
39526  -19.298  -28.724  35.453 0.0000000000
114272  -18.857  -28.567  35.940 0.0000000000
39564  -17.056  -28.188  33.696 0.0000000000
49999  -3.660  -16.175  31.303 0.0000000000
44166  -9.907  -23.061  32.793 0.0000000000
44177  -10.822  -23.449  31.603 0.0000000000
43327  -10.212  -24.119  29.181 0.0000000000
112431  -10.242  -24.714  28.547 0.0000000000
41520  -12.105  -26.173  30.673 0.0000000000
42426  -12.200  -25.515  30.408 0.0000000000
42434  -11.932  -25.451  29.664 0.0000000000
40557  -11.278  -27.446  27.989 0.0000000000
43342  -11.507  -25.366  28.982 0.0000000000
42443  -10.877  -25.302  28.434 0.0000000000
114363  -10.209  -25.293  28.075 0.0000000000
42442  -9.515  -24.892  28.107 0.0000000000
106650  -7.341  -27.898  26.256 0.0000000000
39679  -6.383  -27.941  26.122 0.0000000000
37507  -8.279  -30.831  45.239 0.0000000000
36765  -8.471  -31.195  44.527 0.0000000000
36764  -7.683  -31.165  44.890 0.0000000000
108448  -7.003  -31.536  44.459 0.0000000000
113932  -6.409  -31.857  44.009 0.0000000000
116080  -8.608  -32.586  41.632 0.0000000000
35933  -7.704  -32.598  42.250 0.0000000000
35932  -7.146  -32.754  41.839 0.0000000000
35926  -6.729  -32.546  42.701 0.0000000000
115866  -6.019  -32.403  42.866 0.0000000000
35925  -5.621  -31.993  43.174 0.0000000000
36787  -3.529  -30.710  40.629 0.0000000000
53519  -35.401  -11.924  34.978 0.0000000000
45887  -29.278  -21.413  33.151 0.0000000000
52634  -32.565  -13.321  32.687 0.0000000000
53542  -33.118  -12.645  32.349 0.0000000000
113403  -34.309  -12.239  33.158 0.0000000000
112187  -23.652  -29.664  41.707 0.0000000000
115737  -22.963  -29.636  41.380 0.0000000000
114497  -27.584  -29.525  42.733 0.0000000000
37520  -27.472  -29.710  41.904 0.0000000000
104758  -25.434  -29.910  40.662 0.0000000000
37561  -26.163  -30.323  38.715 0.0000000000
106838  -25.930  -30.379  39.116 0.0000000000
37547  -25.557  -30.192  39.762 0.0000000000
37536  -24.836  -30.010  40.330 0.0000000000
37544  -23.026  -30.220  39.001 0.0000000000
38521  -21.170  -29.504  37.421 0.0000000000
60452  -46.627  -4.466  16.612 0.0000000000
60465  -47.066  -3.954  16.023 0.0000000000
61212  -47.871  -3.761  16.068 0.0000000000
61221  -47.403  -3.587  15.484 0.0000000000
117427  -49.263  -2.774  14.449 0.0000000000
44999  -5.221  -22.364  37.201 0.0000000000
45009  -5.415  -22.626  36.598 0.0000000000
44121  -6.310  -23.239  35.910 0.0000000000
44122  -7.406  -23.410  35.525 0.0000000000
43217  -6.178  -23.983  37.690 0.0000000000
44125  -10.280  -23.780  35.177 0.0000000000
43263  -10.080  -24.053  35.958 0.0000000000
43281  -11.612  -24.385  34.380 0.0000000000
42399  -12.113  -24.870  34.059 0.0000000000
42404  -12.259  -25.451  33.454 0.0000000000
42372  -11.039  -25.146  36.860 0.0000000000
41442  -11.379  -26.359  36.803 0.0000000000
42373  -11.443  -25.591  36.505 0.0000000000
42388  -11.746  -25.474  35.733 0.0000000000
42398  -12.010  -25.366  34.834 0.0000000000
41474  -12.233  -25.989  32.843 0.0000000000
41489  -11.658  -26.556  32.799 0.0000000000
40481  -10.504  -27.356  33.225 0.0000000000
40494  -10.239  -27.417  32.389 0.0000000000
39596  -9.697  -28.084  31.062 0.0000000000
39614  -8.825  -28.571  30.888 0.0000000000
51856  -45.505  -14.237  24.878 0.0000000000
51855  -44.889  -14.567  24.630 0.0000000000
49158  -40.598  -17.480  29.697 0.0000000000
106381  -36.744  -11.703  34.877 0.0000000000
50125  -38.070  -16.609  23.309 0.0000000000
50999  -39.722  -15.118  22.778 0.0000000000
51000  -40.453  -15.001  22.948 0.0000000000
50987  -41.776  -15.156  23.564 0.0000000000
37514  -11.315  -30.558  42.341 0.0000000000
35940  -9.795  -32.208  40.339 0.0000000000
35947  -9.739  -32.390  39.610 0.0000000000
35941  -10.235  -31.973  39.822 0.0000000000
119271  -9.881  -32.474  38.304 0.0000000000
35972  -10.086  -32.494  37.638 0.0000000000
105181  -19.552  -28.755  38.342 0.0000000000
100388  -19.325  -28.755  39.183 0.0000000000
115789  -18.366  -28.649  40.093 0.0000000000
39491  -17.376  -28.450  37.395 0.0000000000
115014  -16.664  -28.511  37.507 0.0000000000
38498  -17.801  -28.474  38.853 0.0000000000
38458  -17.950  -28.679  40.631 0.0000000000
100115  -17.538  -28.765  41.302 0.0000000000
100121  -16.155  -28.733  41.873 0.0000000000
109396  -14.342  -29.051  40.911 0.0000000000
37567  -13.416  -30.125  37.550 0.0000000000
36806  -11.299  -31.606  37.892 0.0000000000
49047  -5.437  -17.416  36.912 0.0000000000
47411  -5.132  -20.100  37.088 0.0000000000
47420  -5.118  -19.121  36.665 0.0000000000
109802  -4.652  -19.877  35.481 0.0000000000
113196  -4.835  -17.776  35.563 0.0000000000
48199  -4.277  -17.666  34.126 0.0000000000
48221  -4.090  -18.248  32.621 0.0000000000
48246  -3.912  -18.598  30.795 0.0000000000
47462  -3.837  -18.764  29.835 0.0000000000
45050  -8.069  -22.520  33.295 0.0000000000
45066  -7.570  -22.112  32.630 0.0000000000
45065  -6.764  -21.820  32.785 0.0000000000
45897  -6.548  -21.376  32.073 0.0000000000
44211  -8.882  -23.812  28.739 0.0000000000
45089  -7.267  -21.952  30.397 0.0000000000
45911  -6.195  -21.116  31.233 0.0000000000
109563  -5.081  -20.366  30.851 0.0000000000
47466  -4.150  -19.703  29.514 0.0000000000
47465  -3.692  -18.984  28.855 0.0000000000
46734  -4.577  -21.262  27.392 0.0000000000
41362  -9.644  -26.868  42.900 0.0000000000
38361  -8.561  -29.557  46.677 0.0000000000
39410  -8.138  -28.879  47.205 0.0000000000
39409  -7.508  -28.563  47.049 0.0000000000
39408  -7.453  -28.093  46.953 0.0000000000
40392  -7.607  -27.751  46.502 0.0000000000
37510  -5.357  -30.588  43.775 0.0000000000
116539  -7.578  -28.329  46.019 0.0000000000
40396  -8.324  -27.580  45.432 0.0000000000
40397  -8.890  -27.699  44.509 0.0000000000
40404  -9.452  -27.454  43.585 0.0000000000
41363  -10.097  -27.022  42.024 0.0000000000
40426  -10.551  -27.554  40.930 0.0000000000
39465  -9.865  -28.916  40.258 0.0000000000
39479  -10.513  -28.434  38.658 0.0000000000
108457  -10.099  -28.590  37.315 0.0000000000
107821  -7.732  -29.516  38.927 0.0000000000
38492  -7.503  -29.427  38.275 0.0000000000
38512  -8.296  -29.250  37.621 0.0000000000
38532  -7.657  -29.098  36.793 0.0000000000
39506  -8.679  -28.908  36.744 0.0000000000
39539  -9.070  -28.229  34.450 0.0000000000
100339  -7.560  -28.187  33.633 0.0000000000
39559  -7.725  -27.944  32.762 0.0000000000
39577  -7.914  -27.925  32.006 0.0000000000
38602  -7.837  -28.885  31.076 0.0000000000
36814  -3.163  -30.693  36.957 0.0000000000
36825  -3.042  -30.704  35.974 0.0000000000
35145  -3.359  -33.232  35.255 0.0000000000
35990  -3.335  -32.378  35.367 0.0000000000
112020  -3.417  -29.269  34.657 0.0000000000
37614  -3.473  -30.184  33.571 0.0000000000
38559  -3.585  -29.514  33.998 0.0000000000
37615  -3.768  -29.913  33.279 0.0000000000
107041  -4.140  -29.538  33.203 0.0000000000
106769  -4.132  -29.962  32.772 0.0000000000
36037  -3.804  -32.983  32.353 0.0000000000
36027  -3.943  -32.102  32.339 0.0000000000
37634  -4.232  -30.569  32.443 0.0000000000
38599  -4.584  -29.953  32.380 0.0000000000
38600  -5.254  -29.548  32.105 0.0000000000
110702  -6.028  -29.765  31.703 0.0000000000
36854  -6.509  -31.553  31.455 0.0000000000
37637  -6.914  -30.117  31.234 0.0000000000
37651  -7.496  -30.729  30.583 0.0000000000
33523  -7.181  -34.910  28.671 0.0000000000
38587  -4.698  -29.405  32.696 0.0000000000
38686  -10.475  -29.214  27.615 0.0000000000
38710  -10.243  -29.008  27.125 0.0000000000
40573  -8.075  -27.474  26.476 0.0000000000
41548  -11.519  -26.779  28.447 0.0000000000
42420  -12.315  -25.579  31.198 0.0000000000
47433  -4.378  -19.493  34.360 0.0000000000
49097  -3.675  -16.170  31.915 0.0000000000
50000  -3.830  -15.905  31.432 0.0000000000
52750  -42.553  -13.141  21.707 0.0000000000
103161  -11.698  -26.968  29.191 0.0000000000
112649  -12.354  -25.020  31.628 0.0000000000
116591  -44.126  -13.544  22.954 0.0000000000
117488  -32.377  -17.468  35.344 0.0000000000
119560  -34.079  -12.286  32.672 0.0000000000
120239  -11.081  -27.233  38.377 0.0000000000
