#!ascii label  , from subject sub-v1s10x0050978_ses-1 vox2ras=TkReg
1074
43081  5.850  -36.646  23.724 0.0000000000
41885  16.886  -35.520  31.288 0.0000000000
60119  27.384  -19.309  3.969 0.0000000000
53474  16.039  -26.008  14.726 0.0000000000
48442  19.266  -31.624  24.216 0.0000000000
66915  40.197  -11.934  -3.210 0.0000000000
59110  27.178  -20.243  7.947 0.0000000000
57286  20.754  -21.830  7.755 0.0000000000
43111  1.353  -35.953  22.135 0.0000000000
45220  11.283  -33.476  26.759 0.0000000000
43106  12.855  -36.138  23.051 0.0000000000
46350  7.566  -33.277  21.121 0.0000000000
65014  33.506  -14.368  0.530 0.0000000000
42988  7.032  -35.200  28.764 0.0000000000
116354  3.439  -36.712  26.870 0.0000000000
62071  32.489  -16.770  4.493 0.0000000000
43024  -1.609  -35.834  26.649 0.0000000000
124703  -5.223  -38.918  25.133 0.0000000000
54482  21.701  -24.948  12.739 0.0000000000
51538  17.282  -27.951  20.442 0.0000000000
47485  16.097  -32.253  17.671 0.0000000000
44278  14.231  -35.004  19.778 0.0000000000
132278  26.212  -19.829  11.199 0.0000000000
59096  23.786  -20.257  8.266 0.0000000000
58123  23.528  -21.508  10.518 0.0000000000
131065  28.902  -19.262  10.848 0.0000000000
43132  5.045  -36.407  20.624 0.0000000000
42056  3.252  -37.313  20.042 0.0000000000
43083  3.713  -37.347  22.890 0.0000000000
44186  7.485  -34.335  25.421 0.0000000000
114826  9.001  -33.345  24.026 0.0000000000
45275  6.578  -34.697  22.190 0.0000000000
44280  5.983  -35.015  19.877 0.0000000000
62102  27.567  -17.457  2.043 0.0000000000
59142  30.097  -20.418  6.025 0.0000000000
61118  29.346  -18.111  3.886 0.0000000000
63057  29.875  -16.347  2.260 0.0000000000
41923  1.655  -35.677  29.548 0.0000000000
43022  1.856  -36.185  26.874 0.0000000000
42991  -0.576  -35.649  28.962 0.0000000000
39907  -6.190  -38.369  29.623 0.0000000000
40948  -4.666  -37.335  27.901 0.0000000000
39928  -6.025  -39.344  27.268 0.0000000000
37808  -6.885  -41.319  26.710 0.0000000000
36656  -8.097  -41.855  28.907 0.0000000000
52448  19.612  -27.398  22.686 0.0000000000
121262  18.393  -30.203  21.650 0.0000000000
49490  17.694  -30.958  19.138 0.0000000000
47463  18.403  -32.422  20.421 0.0000000000
45296  10.926  -34.805  20.162 0.0000000000
43149  13.650  -36.309  20.874 0.0000000000
127001  12.536  -35.351  18.711 0.0000000000
116501  13.790  -35.047  16.581 0.0000000000
54484  18.914  -25.140  12.863 0.0000000000
54528  19.405  -25.124  10.418 0.0000000000
53503  16.733  -26.188  10.994 0.0000000000
69821  42.913  -9.832  -6.003 0.0000000000
68876  40.784  -10.923  -5.805 0.0000000000
58200  27.306  -20.751  5.709 0.0000000000
58203  24.748  -20.637  5.254 0.0000000000
58145  30.049  -20.740  7.889 0.0000000000
125418  14.178  -34.578  28.887 0.0000000000
43017  15.026  -35.627  26.339 0.0000000000
44184  12.940  -34.668  25.172 0.0000000000
45271  10.540  -34.127  22.484 0.0000000000
46372  9.176  -33.051  19.080 0.0000000000
64017  36.055  -14.992  3.756 0.0000000000
65011  36.199  -13.682  0.991 0.0000000000
65964  36.933  -12.754  -1.068 0.0000000000
66917  37.468  -12.488  -3.710 0.0000000000
43036  6.412  -35.688  25.992 0.0000000000
41995  4.414  -37.610  25.102 0.0000000000
41937  4.932  -36.306  27.678 0.0000000000
44148  8.503  -34.113  28.009 0.0000000000
64031  33.188  -15.552  2.676 0.0000000000
42012  2.189  -36.876  24.754 0.0000000000
44202  -0.036  -35.628  24.392 0.0000000000
43087  -2.390  -36.362  23.490 0.0000000000
42978  -2.288  -35.968  29.074 0.0000000000
41983  -3.761  -36.863  26.248 0.0000000000
35522  -10.492  -43.464  28.546 0.0000000000
56412  23.666  -24.166  12.086 0.0000000000
54403  19.025  -25.641  16.197 0.0000000000
53396  19.372  -26.361  19.410 0.0000000000
53438  16.496  -26.603  17.618 0.0000000000
50552  16.643  -29.848  17.219 0.0000000000
48507  16.286  -31.240  16.207 0.0000000000
47506  15.580  -32.544  14.978 0.0000000000
122847  16.193  -36.315  24.851 0.0000000000
43100  17.667  -35.643  23.579 0.0000000000
45295  17.975  -33.999  21.496 0.0000000000
45321  15.240  -33.981  18.928 0.0000000000
46408  14.768  -34.213  15.812 0.0000000000
56446  21.278  -23.576  9.730 0.0000000000
55590  19.459  -24.785  7.637 0.0000000000
59050  25.533  -20.449  11.865 0.0000000000
59065  24.637  -20.380  10.609 0.0000000000
58116  24.402  -21.544  11.740 0.0000000000
60025  27.107  -19.614  12.171 0.0000000000
44232  5.668  -36.320  22.131 0.0000000000
121052  4.280  -37.082  21.679 0.0000000000
120759  4.634  -37.318  22.873 0.0000000000
44201  6.284  -35.944  24.203 0.0000000000
45262  7.048  -34.437  23.638 0.0000000000
44231  6.180  -35.540  22.579 0.0000000000
44247  6.093  -35.441  21.719 0.0000000000
61121  26.798  -18.742  3.161 0.0000000000
60104  28.323  -19.651  4.525 0.0000000000
60102  29.770  -18.845  4.579 0.0000000000
60118  28.119  -18.842  3.972 0.0000000000
61135  27.965  -17.677  2.886 0.0000000000
38821  -7.235  -39.503  29.635 0.0000000000
39915  -6.143  -38.689  28.842 0.0000000000
38840  -6.609  -40.268  27.813 0.0000000000
38851  -6.553  -40.525  27.104 0.0000000000
37788  -6.824  -40.998  27.744 0.0000000000
37789  -7.228  -41.715  27.592 0.0000000000
49437  18.835  -29.414  24.025 0.0000000000
49457  18.983  -31.068  22.686 0.0000000000
48456  18.851  -31.541  21.052 0.0000000000
123049  19.423  -32.361  21.972 0.0000000000
41899  17.477  -35.553  30.063 0.0000000000
45326  10.670  -33.967  18.683 0.0000000000
45309  11.838  -35.109  18.978 0.0000000000
45325  11.373  -34.427  18.426 0.0000000000
116668  11.939  -34.099  16.660 0.0000000000
131281  17.551  -25.344  14.101 0.0000000000
117674  17.672  -25.394  11.763 0.0000000000
66907  39.656  -12.229  -2.481 0.0000000000
67882  41.061  -11.821  -2.844 0.0000000000
67899  41.300  -11.301  -4.110 0.0000000000
68868  41.785  -10.914  -4.718 0.0000000000
67906  40.169  -11.374  -5.214 0.0000000000
58165  26.957  -20.515  6.975 0.0000000000
58202  25.602  -20.668  5.576 0.0000000000
135299  25.569  -20.493  6.451 0.0000000000
118585  22.162  -20.639  7.973 0.0000000000
58186  22.400  -20.564  6.526 0.0000000000
58187  21.373  -21.030  6.389 0.0000000000
59077  27.778  -19.920  9.466 0.0000000000
59109  28.201  -20.446  7.770 0.0000000000
58164  28.602  -20.724  6.867 0.0000000000
43135  2.671  -36.718  21.372 0.0000000000
42046  0.820  -36.304  21.348 0.0000000000
44160  12.572  -33.820  27.983 0.0000000000
44159  13.369  -34.375  27.248 0.0000000000
44185  12.298  -33.852  25.976 0.0000000000
133044  8.096  -33.506  22.737 0.0000000000
45261  9.757  -33.479  23.117 0.0000000000
46348  9.024  -33.463  21.756 0.0000000000
130402  9.710  -33.818  21.368 0.0000000000
46361  8.113  -32.899  20.372 0.0000000000
46385  6.997  -33.701  18.801 0.0000000000
50577  16.795  -29.698  15.041 0.0000000000
64030  34.499  -14.884  2.119 0.0000000000
64996  36.161  -14.355  2.393 0.0000000000
65013  34.501  -14.166  0.704 0.0000000000
65960  35.467  -13.285  -0.795 0.0000000000
65974  36.138  -12.810  -2.345 0.0000000000
66901  36.907  -12.593  -2.349 0.0000000000
43004  6.733  -35.294  27.523 0.0000000000
43006  5.474  -36.333  26.847 0.0000000000
42989  6.350  -35.491  28.031 0.0000000000
44149  7.943  -34.519  28.329 0.0000000000
44162  7.106  -35.002  27.181 0.0000000000
63037  34.624  -15.736  4.402 0.0000000000
63039  32.459  -16.370  3.788 0.0000000000
63073  30.232  -15.910  1.784 0.0000000000
41979  3.689  -37.126  26.229 0.0000000000
134543  2.964  -37.410  24.771 0.0000000000
129109  3.092  -37.156  25.767 0.0000000000
134477  0.015  -35.830  26.845 0.0000000000
43039  1.015  -36.158  25.612 0.0000000000
44188  -0.421  -35.828  25.154 0.0000000000
44219  -1.154  -35.568  23.670 0.0000000000
43062  -1.982  -35.811  24.992 0.0000000000
41910  -3.164  -36.081  29.511 0.0000000000
40964  -4.980  -38.067  26.592 0.0000000000
122856  -4.068  -36.984  26.845 0.0000000000
40963  -4.392  -37.541  26.204 0.0000000000
42013  -3.815  -37.338  24.679 0.0000000000
54402  20.010  -25.909  16.014 0.0000000000
52465  18.038  -27.733  21.624 0.0000000000
53382  18.733  -26.723  20.759 0.0000000000
53384  17.508  -26.796  19.700 0.0000000000
53417  17.539  -26.352  18.810 0.0000000000
52523  16.833  -27.037  19.048 0.0000000000
51568  16.350  -27.935  17.894 0.0000000000
114756  16.804  -28.727  18.898 0.0000000000
47484  16.741  -31.725  18.390 0.0000000000
48494  16.755  -31.071  17.992 0.0000000000
47491  16.345  -31.461  17.313 0.0000000000
47505  15.909  -31.821  15.613 0.0000000000
47493  15.528  -32.694  15.982 0.0000000000
43034  14.100  -35.682  25.135 0.0000000000
41975  15.790  -35.950  25.977 0.0000000000
43078  14.446  -36.358  23.970 0.0000000000
43148  14.198  -36.066  20.830 0.0000000000
115712  15.394  -36.026  22.676 0.0000000000
136807  15.727  -35.308  21.951 0.0000000000
44242  18.293  -34.731  22.656 0.0000000000
44276  15.945  -34.575  20.765 0.0000000000
45308  16.448  -33.982  20.319 0.0000000000
44293  14.711  -34.513  19.265 0.0000000000
45352  13.610  -34.815  15.843 0.0000000000
119406  14.339  -34.812  16.385 0.0000000000
55515  22.924  -25.003  12.308 0.0000000000
56421  22.630  -24.083  11.179 0.0000000000
55549  21.363  -24.460  10.800 0.0000000000
54549  18.573  -25.790  9.244 0.0000000000
55565  19.685  -25.029  9.153 0.0000000000
69828  43.428  -9.188  -7.438 0.0000000000
116369  25.876  -19.899  9.219 0.0000000000
59094  25.417  -20.054  8.373 0.0000000000
119762  25.074  -19.996  9.249 0.0000000000
120277  23.478  -20.447  8.966 0.0000000000
58148  22.237  -20.954  8.665 0.0000000000
60024  28.324  -19.118  12.254 0.0000000000
60037  27.579  -19.392  11.207 0.0000000000
43133  4.391  -36.824  20.948 0.0000000000
43134  3.562  -36.914  21.219 0.0000000000
43110  2.252  -36.484  22.136 0.0000000000
134670  9.273  -33.554  26.632 0.0000000000
117798  9.770  -33.419  25.530 0.0000000000
45252  8.218  -33.718  24.747 0.0000000000
45273  7.714  -33.762  23.332 0.0000000000
45285  7.063  -33.842  21.707 0.0000000000
45298  6.497  -34.268  20.071 0.0000000000
45286  6.460  -34.563  21.321 0.0000000000
44264  5.510  -35.809  20.248 0.0000000000
65020  32.379  -14.245  -0.700 0.0000000000
128852  6.469  -35.392  29.800 0.0000000000
60081  31.185  -19.659  6.113 0.0000000000
61093  31.176  -18.768  5.471 0.0000000000
62073  30.983  -17.726  4.280 0.0000000000
63041  31.079  -16.596  3.240 0.0000000000
120724  29.784  -17.375  3.457 0.0000000000
62101  28.461  -17.020  2.277 0.0000000000
115018  2.752  -36.184  28.185 0.0000000000
130135  2.615  -36.440  26.821 0.0000000000
41941  1.889  -35.938  28.123 0.0000000000
41963  0.358  -35.581  28.210 0.0000000000
114556  -0.771  -35.634  28.091 0.0000000000
41928  -4.835  -37.097  29.544 0.0000000000
40944  -5.511  -37.819  29.173 0.0000000000
39927  -5.815  -38.645  27.866 0.0000000000
39943  -5.787  -39.395  26.357 0.0000000000
38862  -5.990  -40.142  25.783 0.0000000000
51513  18.342  -28.310  22.461 0.0000000000
50522  17.926  -29.700  20.989 0.0000000000
50537  17.277  -29.658  19.250 0.0000000000
49474  18.345  -30.880  20.202 0.0000000000
48481  18.106  -31.517  19.684 0.0000000000
125320  17.506  -32.000  19.285 0.0000000000
120998  12.123  -35.845  21.806 0.0000000000
43105  13.468  -36.487  22.693 0.0000000000
44261  12.258  -35.718  20.430 0.0000000000
44260  13.122  -36.040  20.246 0.0000000000
44295  13.519  -35.188  18.537 0.0000000000
44294  14.042  -34.777  18.599 0.0000000000
44307  13.482  -35.098  17.225 0.0000000000
127410  12.965  -34.725  16.397 0.0000000000
115212  19.951  -25.019  13.113 0.0000000000
54503  20.481  -24.779  11.637 0.0000000000
115211  18.692  -25.117  11.951 0.0000000000
54529  17.840  -25.696  10.346 0.0000000000
68870  43.094  -10.085  -5.090 0.0000000000
68875  41.515  -10.540  -6.084 0.0000000000
121785  26.927  -20.443  4.842 0.0000000000
132753  25.689  -19.799  3.340 0.0000000000
58218  26.269  -20.634  4.949 0.0000000000
59128  24.313  -20.321  6.820 0.0000000000
117504  22.923  -20.751  5.014 0.0000000000
60047  30.566  -19.318  10.457 0.0000000000
59061  31.084  -19.966  9.850 0.0000000000
58144  31.403  -20.759  8.349 0.0000000000
58179  29.899  -20.861  6.825 0.0000000000
59144  28.497  -20.587  5.529 0.0000000000
42973  15.218  -35.119  29.086 0.0000000000
41936  15.741  -35.349  28.837 0.0000000000
42987  14.820  -35.147  27.815 0.0000000000
43018  13.731  -35.121  25.561 0.0000000000
44198  12.847  -35.286  24.243 0.0000000000
45250  10.694  -33.411  24.763 0.0000000000
133263  11.618  -34.413  23.499 0.0000000000
44212  11.948  -35.206  23.082 0.0000000000
125074  10.886  -34.891  21.057 0.0000000000
45311  10.423  -34.097  19.570 0.0000000000
46383  9.426  -33.192  18.239 0.0000000000
133694  37.634  -13.309  1.143 0.0000000000
65955  34.983  -13.729  0.011 0.0000000000
65953  36.658  -13.262  0.367 0.0000000000
65957  37.963  -12.754  -0.029 0.0000000000
66899  38.475  -12.451  -1.620 0.0000000000
66908  38.852  -12.335  -2.469 0.0000000000
66916  39.249  -12.176  -3.221 0.0000000000
67901  39.486  -11.748  -4.682 0.0000000000
43056  5.990  -36.535  24.628 0.0000000000
43057  5.502  -37.086  24.353 0.0000000000
129178  5.447  -36.976  25.499 0.0000000000
41957  4.860  -36.790  26.580 0.0000000000
41959  3.794  -36.641  27.248 0.0000000000
41902  5.697  -35.668  29.442 0.0000000000
41939  3.463  -36.382  27.983 0.0000000000
41905  2.544  -35.765  29.735 0.0000000000
42945  15.504  -35.154  31.318 0.0000000000
116256  14.659  -34.839  30.670 0.0000000000
44135  13.497  -34.302  29.343 0.0000000000
45199  11.563  -33.607  28.662 0.0000000000
45195  10.638  -33.711  29.282 0.0000000000
45209  10.215  -33.398  27.472 0.0000000000
137857  8.064  -34.156  27.167 0.0000000000
120506  6.821  -35.190  25.708 0.0000000000
64013  35.555  -15.351  4.452 0.0000000000
127925  34.077  -15.332  2.722 0.0000000000
114399  32.975  -15.237  1.950 0.0000000000
63056  31.623  -16.045  2.797 0.0000000000
119428  31.659  -15.371  1.526 0.0000000000
64059  31.839  -14.967  0.767 0.0000000000
42024  4.215  -37.507  23.592 0.0000000000
42025  3.281  -37.411  23.701 0.0000000000
43085  1.781  -36.244  23.062 0.0000000000
41997  1.974  -36.529  25.540 0.0000000000
116707  1.464  -36.371  24.784 0.0000000000
44216  0.817  -35.653  22.917 0.0000000000
44233  -0.040  -35.346  22.899 0.0000000000
43114  -1.285  -36.027  22.472 0.0000000000
42977  -1.329  -35.728  29.473 0.0000000000
43008  -1.705  -35.838  27.886 0.0000000000
41964  -3.328  -36.483  27.033 0.0000000000
43025  -2.470  -36.078  26.819 0.0000000000
43064  -3.242  -36.687  24.699 0.0000000000
36658  -9.212  -42.505  28.908 0.0000000000
57243  24.601  -22.697  12.784 0.0000000000
116379  21.118  -25.297  13.996 0.0000000000
54466  20.199  -25.247  14.012 0.0000000000
135713  18.877  -25.448  14.916 0.0000000000
54426  17.245  -25.518  15.771 0.0000000000
53435  19.158  -25.934  17.858 0.0000000000
54381  17.518  -25.761  17.280 0.0000000000
54406  16.378  -25.912  16.038 0.0000000000
115350  15.835  -27.452  16.380 0.0000000000
50563  16.481  -29.034  16.558 0.0000000000
49507  16.642  -29.828  15.994 0.0000000000
123910  16.862  -30.298  18.071 0.0000000000
126584  16.573  -30.344  16.654 0.0000000000
48523  16.575  -30.543  15.711 0.0000000000
48524  16.497  -31.148  15.054 0.0000000000
126916  16.233  -32.058  13.717 0.0000000000
47412  19.675  -32.834  24.844 0.0000000000
41955  16.235  -35.682  27.381 0.0000000000
41954  16.928  -35.769  26.892 0.0000000000
41972  17.678  -35.963  25.825 0.0000000000
42023  14.956  -36.471  23.356 0.0000000000
42021  16.543  -36.233  24.250 0.0000000000
43031  18.606  -35.471  25.381 0.0000000000
44197  19.045  -35.061  24.390 0.0000000000
124960  19.545  -33.893  23.641 0.0000000000
47426  19.522  -32.929  22.556 0.0000000000
46358  18.563  -33.007  21.013 0.0000000000
46370  17.401  -32.961  20.034 0.0000000000
46392  15.641  -33.080  17.883 0.0000000000
45323  14.251  -34.695  17.560 0.0000000000
45351  14.802  -34.423  16.628 0.0000000000
46407  15.199  -33.651  16.289 0.0000000000
46423  15.168  -33.381  15.356 0.0000000000
135963  23.413  -22.780  11.156 0.0000000000
57267  22.198  -22.272  9.741 0.0000000000
57277  21.093  -22.160  8.618 0.0000000000
55564  20.345  -24.581  9.697 0.0000000000
56457  20.353  -23.641  8.538 0.0000000000
56466  20.075  -23.388  7.678 0.0000000000
67907  39.360  -11.664  -5.659 0.0000000000
59043  25.924  -20.519  12.480 0.0000000000
58115  24.914  -21.097  12.072 0.0000000000
59042  26.549  -20.289  12.795 0.0000000000
43082  5.435  -36.874  22.877 0.0000000000
132478  4.961  -37.087  22.171 0.0000000000
135213  6.081  -36.112  23.610 0.0000000000
44214  6.344  -35.488  23.477 0.0000000000
44215  5.938  -36.198  23.068 0.0000000000
60120  26.473  -19.520  3.656 0.0000000000
61120  27.620  -18.417  3.384 0.0000000000
38832  -7.421  -40.226  29.279 0.0000000000
38831  -6.881  -39.568  29.017 0.0000000000
38841  -6.980  -40.441  28.547 0.0000000000
37774  -7.232  -41.357  28.426 0.0000000000
115351  19.116  -30.719  24.770 0.0000000000
49447  18.923  -30.558  24.011 0.0000000000
122403  19.162  -31.439  23.365 0.0000000000
120276  19.265  -31.717  22.062 0.0000000000
48448  19.405  -31.996  22.614 0.0000000000
42944  17.620  -35.567  31.830 0.0000000000
41900  16.730  -35.448  30.375 0.0000000000
46382  10.198  -33.479  18.056 0.0000000000
46381  10.933  -33.797  17.832 0.0000000000
46394  11.125  -33.719  16.957 0.0000000000
54452  16.749  -25.546  14.281 0.0000000000
54469  17.130  -25.403  13.372 0.0000000000
66906  40.454  -12.112  -2.302 0.0000000000
125056  40.907  -11.606  -3.543 0.0000000000
67900  40.378  -11.551  -4.205 0.0000000000
58166  26.038  -20.454  6.775 0.0000000000
59111  26.238  -20.210  7.643 0.0000000000
58149  21.465  -21.202  8.135 0.0000000000
58167  21.793  -20.721  7.305 0.0000000000
58168  21.087  -21.184  7.316 0.0000000000
58207  20.764  -21.800  5.849 0.0000000000
58188  20.652  -21.718  6.840 0.0000000000
59092  27.850  -20.171  8.651 0.0000000000
130546  28.351  -20.100  9.081 0.0000000000
122640  27.743  -20.542  7.148 0.0000000000
43136  1.756  -36.461  21.370 0.0000000000
43154  2.136  -36.929  20.661 0.0000000000
45208  11.414  -33.530  27.690 0.0000000000
44174  12.420  -33.815  26.953 0.0000000000
131631  8.424  -33.383  22.109 0.0000000000
46337  8.979  -33.461  22.585 0.0000000000
46349  8.284  -33.138  21.396 0.0000000000
46360  9.148  -33.331  20.754 0.0000000000
130428  7.568  -33.138  19.526 0.0000000000
46362  7.413  -33.281  20.325 0.0000000000
65008  34.065  -14.626  1.383 0.0000000000
65007  34.927  -14.415  1.488 0.0000000000
65980  35.902  -12.909  -3.420 0.0000000000
129531  6.989  -35.150  28.152 0.0000000000
44150  7.476  -34.873  28.607 0.0000000000
126755  7.290  -34.873  27.895 0.0000000000
122783  32.253  -17.306  5.026 0.0000000000
63027  33.270  -16.419  4.659 0.0000000000
41980  3.073  -36.742  26.512 0.0000000000
115325  -0.753  -35.804  26.527 0.0000000000
43040  -0.031  -35.977  25.963 0.0000000000
135481  -1.182  -35.776  25.716 0.0000000000
41911  -4.058  -36.410  29.999 0.0000000000
40970  -4.841  -38.259  25.642 0.0000000000
40969  -4.394  -37.846  25.180 0.0000000000
51526  17.656  -27.611  20.945 0.0000000000
52485  18.052  -27.123  20.973 0.0000000000
52506  17.107  -27.490  19.798 0.0000000000
124845  16.792  -27.879  19.253 0.0000000000
51560  16.568  -27.850  18.615 0.0000000000
51550  17.041  -28.463  19.675 0.0000000000
47492  15.850  -31.974  16.657 0.0000000000
43055  13.724  -35.945  24.323 0.0000000000
43054  14.547  -36.053  24.764 0.0000000000
43079  13.560  -36.284  23.467 0.0000000000
43165  14.639  -35.530  20.877 0.0000000000
43147  15.271  -35.638  21.918 0.0000000000
44259  15.436  -35.116  21.318 0.0000000000
44258  16.301  -34.917  21.781 0.0000000000
44277  15.031  -34.825  20.315 0.0000000000
54501  22.208  -24.862  12.178 0.0000000000
55531  21.785  -24.629  11.488 0.0000000000
54502  21.386  -24.790  11.947 0.0000000000
117115  26.283  -19.758  10.146 0.0000000000
59079  25.266  -19.928  10.011 0.0000000000
59066  23.918  -20.666  10.249 0.0000000000
59081  23.847  -20.406  9.554 0.0000000000
58132  23.248  -20.955  9.725 0.0000000000
130971  22.851  -20.796  9.031 0.0000000000
58133  22.518  -21.394  9.399 0.0000000000
60023  28.990  -18.935  12.687 0.0000000000
60038  26.826  -19.624  11.453 0.0000000000
60051  26.977  -19.624  10.684 0.0000000000
59063  27.164  -19.751  9.926 0.0000000000
43108  4.198  -37.283  22.317 0.0000000000
43109  3.322  -37.039  22.059 0.0000000000
45239  8.118  -33.982  26.063 0.0000000000
116891  8.650  -33.683  25.481 0.0000000000
45263  6.629  -34.802  22.945 0.0000000000
45274  7.236  -33.967  22.694 0.0000000000
44248  5.618  -36.025  21.178 0.0000000000
59126  30.571  -20.529  6.498 0.0000000000
59141  30.745  -20.196  6.181 0.0000000000
121558  30.388  -19.128  5.122 0.0000000000
61103  30.648  -18.437  4.714 0.0000000000
61102  31.261  -18.062  4.821 0.0000000000
61117  30.204  -17.958  4.126 0.0000000000
62086  30.624  -17.246  3.684 0.0000000000
115204  2.097  -35.919  28.553 0.0000000000
135428  1.455  -35.681  29.076 0.0000000000
41942  1.105  -35.664  28.693 0.0000000000
41943  0.288  -35.590  29.312 0.0000000000
40941  -5.547  -37.665  29.978 0.0000000000
39916  -6.398  -39.555  28.159 0.0000000000
39942  -5.560  -38.647  26.937 0.0000000000
38850  -6.193  -39.992  26.699 0.0000000000
38863  -6.445  -40.686  26.218 0.0000000000
36669  -7.635  -41.949  28.335 0.0000000000
36680  -7.791  -42.382  27.440 0.0000000000
36670  -8.352  -42.545  28.358 0.0000000000
50505  18.472  -29.156  23.072 0.0000000000
51496  18.714  -28.409  23.158 0.0000000000
124316  18.178  -29.336  22.084 0.0000000000
134088  17.916  -28.629  21.705 0.0000000000
48470  18.556  -31.942  20.259 0.0000000000
48462  18.643  -31.530  20.453 0.0000000000
47475  18.180  -31.983  19.837 0.0000000000
135695  17.903  -31.707  19.529 0.0000000000
47464  17.889  -32.445  19.929 0.0000000000
44246  11.505  -35.363  20.668 0.0000000000
134303  12.003  -35.750  21.101 0.0000000000
120042  12.566  -35.582  19.509 0.0000000000
44279  13.450  -35.644  19.526 0.0000000000
128870  13.095  -35.532  18.840 0.0000000000
44296  13.055  -35.294  18.064 0.0000000000
117286  19.722  -24.908  12.225 0.0000000000
54506  17.388  -25.709  10.970 0.0000000000
68872  41.460  -10.778  -5.387 0.0000000000
129572  41.481  -10.434  -6.939 0.0000000000
133341  40.979  -10.694  -6.519 0.0000000000
58217  26.942  -20.640  5.283 0.0000000000
58219  25.621  -20.692  5.060 0.0000000000
116897  23.774  -20.712  4.455 0.0000000000
59113  24.589  -20.192  7.743 0.0000000000
59114  23.597  -20.277  7.525 0.0000000000
58205  22.203  -20.819  5.635 0.0000000000
58185  23.110  -20.541  5.837 0.0000000000
58221  22.124  -21.107  4.796 0.0000000000
118195  22.714  -21.019  4.185 0.0000000000
60035  29.066  -18.909  11.551 0.0000000000
60034  30.051  -18.844  11.207 0.0000000000
117741  29.627  -19.267  10.634 0.0000000000
59090  29.470  -20.382  8.498 0.0000000000
59062  30.143  -19.747  9.915 0.0000000000
59089  30.322  -20.507  8.661 0.0000000000
58131  31.165  -20.706  8.805 0.0000000000
132626  30.794  -20.776  8.117 0.0000000000
58162  30.423  -20.822  7.406 0.0000000000
58163  29.837  -20.875  7.270 0.0000000000
58181  27.745  -20.769  6.347 0.0000000000
129105  28.547  -20.816  6.212 0.0000000000
126545  28.138  -20.799  5.821 0.0000000000
59145  27.687  -20.586  5.286 0.0000000000
129340  14.813  -34.909  28.814 0.0000000000
44145  14.407  -34.760  28.263 0.0000000000
125080  13.179  -34.455  26.214 0.0000000000
44173  13.987  -34.935  26.541 0.0000000000
43035  13.424  -35.453  24.766 0.0000000000
45251  9.419  -33.392  24.783 0.0000000000
119433  10.671  -33.412  25.517 0.0000000000
117904  10.179  -33.372  23.979 0.0000000000
45260  10.838  -33.865  23.268 0.0000000000
45270  11.327  -34.669  22.747 0.0000000000
45282  11.041  -34.838  21.939 0.0000000000
45283  10.350  -34.292  21.605 0.0000000000
46359  9.656  -33.494  19.793 0.0000000000
46371  9.950  -33.471  18.908 0.0000000000
45312  6.430  -34.359  19.291 0.0000000000
44297  5.957  -35.185  18.790 0.0000000000
122891  37.058  -14.650  4.724 0.0000000000
65005  36.606  -13.891  1.738 0.0000000000
64995  37.117  -14.055  2.560 0.0000000000
65947  37.396  -13.610  1.733 0.0000000000
65948  37.001  -13.517  1.079 0.0000000000
65962  33.762  -13.709  -1.043 0.0000000000
65018  34.103  -13.917  -0.149 0.0000000000
65965  36.172  -12.915  -1.344 0.0000000000
65959  36.364  -13.070  -0.462 0.0000000000
65958  37.166  -12.865  -0.233 0.0000000000
66892  37.766  -12.635  -0.895 0.0000000000
66909  37.503  -12.477  -2.754 0.0000000000
130102  38.126  -12.422  -2.373 0.0000000000
123603  38.310  -12.352  -3.213 0.0000000000
135194  38.115  -12.345  -3.899 0.0000000000
43037  5.925  -36.407  25.525 0.0000000000
42990  5.543  -36.039  27.514 0.0000000000
133196  4.992  -36.486  27.134 0.0000000000
41958  4.399  -36.681  27.048 0.0000000000
41903  4.890  -35.829  29.610 0.0000000000
41920  3.775  -36.103  28.928 0.0000000000
41921  3.001  -36.042  28.970 0.0000000000
42946  14.974  -34.963  30.929 0.0000000000
44147  12.643  -33.896  28.993 0.0000000000
44137  8.717  -34.200  28.701 0.0000000000
45196  9.625  -33.869  28.985 0.0000000000
45200  10.431  -33.518  28.366 0.0000000000
45201  9.328  -33.691  28.136 0.0000000000
45222  8.886  -33.696  27.324 0.0000000000
43019  6.567  -35.495  26.788 0.0000000000
44176  6.936  -35.136  26.488 0.0000000000
44187  6.353  -35.876  25.122 0.0000000000
59175  25.266  -20.365  3.805 0.0000000000
64019  33.708  -15.659  3.269 0.0000000000
64018  34.388  -15.523  3.481 0.0000000000
62099  30.250  -16.700  3.031 0.0000000000
63072  30.772  -16.110  2.449 0.0000000000
64049  30.205  -15.582  1.034 0.0000000000
64048  30.883  -15.628  1.653 0.0000000000
117901  31.014  -15.239  0.857 0.0000000000
64060  31.228  -14.879  0.025 0.0000000000
41994  5.134  -37.311  25.005 0.0000000000
42010  4.719  -37.478  24.315 0.0000000000
42026  2.431  -36.939  23.858 0.0000000000
43059  1.765  -36.500  24.042 0.0000000000
41981  2.515  -36.587  26.200 0.0000000000
130668  1.723  -36.262  26.189 0.0000000000
43061  0.227  -36.004  25.179 0.0000000000
43060  0.708  -36.003  24.688 0.0000000000
130244  0.493  -35.733  24.107 0.0000000000
43086  1.046  -35.976  23.858 0.0000000000
44217  0.300  -35.518  23.599 0.0000000000
44218  -0.471  -35.457  23.633 0.0000000000
134512  -1.831  -35.752  24.040 0.0000000000
44235  -1.605  -35.842  23.216 0.0000000000
43115  -1.979  -36.525  22.703 0.0000000000
42992  -1.530  -35.820  28.644 0.0000000000
42993  -2.440  -36.039  28.290 0.0000000000
40943  -4.771  -37.223  28.709 0.0000000000
41945  -4.046  -36.672  28.266 0.0000000000
41965  -4.029  -36.817  27.509 0.0000000000
41982  -3.033  -36.365  26.170 0.0000000000
43041  -2.792  -36.261  25.285 0.0000000000
43042  -3.481  -36.762  25.443 0.0000000000
35521  -9.823  -43.078  28.688 0.0000000000
54480  23.261  -25.300  12.930 0.0000000000
54448  20.765  -25.551  14.587 0.0000000000
54424  19.433  -25.601  15.291 0.0000000000
54425  18.333  -25.444  15.415 0.0000000000
54404  17.933  -25.546  16.412 0.0000000000
137667  18.775  -26.509  20.092 0.0000000000
53416  18.663  -26.125  18.719 0.0000000000
53418  16.825  -26.610  18.376 0.0000000000
53437  17.123  -26.123  17.951 0.0000000000
53452  16.812  -26.038  17.297 0.0000000000
54405  16.942  -25.746  16.648 0.0000000000
53453  16.338  -26.309  16.797 0.0000000000
123589  15.812  -26.673  16.097 0.0000000000
52540  15.940  -26.998  16.972 0.0000000000
124716  16.505  -28.893  17.530 0.0000000000
51577  16.126  -27.998  17.025 0.0000000000
133472  17.673  -30.546  19.290 0.0000000000
49482  17.281  -30.384  18.746 0.0000000000
48506  16.497  -30.848  16.885 0.0000000000
49498  16.685  -30.554  17.545 0.0000000000
47517  16.080  -31.878  14.565 0.0000000000
47518  15.670  -32.524  13.932 0.0000000000
46441  15.186  -33.118  13.346 0.0000000000
43001  15.478  -35.530  27.593 0.0000000000
116284  15.691  -35.520  27.944 0.0000000000
41956  15.754  -35.695  26.962 0.0000000000
41992  15.787  -36.145  25.254 0.0000000000
41974  16.332  -35.962  26.154 0.0000000000
116380  16.685  -36.203  25.215 0.0000000000
117121  17.608  -35.731  26.687 0.0000000000
122456  17.238  -36.171  25.242 0.0000000000
43130  13.638  -36.496  21.776 0.0000000000
43104  14.269  -36.620  22.545 0.0000000000
128799  14.431  -36.554  21.948 0.0000000000
119951  16.294  -35.962  23.281 0.0000000000
42035  16.145  -36.216  23.674 0.0000000000
43077  16.866  -36.008  23.785 0.0000000000
43052  17.858  -35.914  24.487 0.0000000000
128057  18.991  -35.147  25.066 0.0000000000
43076  18.106  -35.578  23.814 0.0000000000
44256  18.040  -34.473  22.183 0.0000000000
45269  18.813  -34.399  22.668 0.0000000000
45268  19.303  -34.033  22.740 0.0000000000
46326  19.519  -33.742  22.895 0.0000000000
45280  19.012  -33.793  22.183 0.0000000000
46346  19.059  -33.129  21.640 0.0000000000
46347  18.586  -33.604  21.573 0.0000000000
45320  16.061  -33.704  19.532 0.0000000000
126371  16.764  -33.431  20.010 0.0000000000
46379  16.618  -33.081  19.414 0.0000000000
46380  15.840  -33.375  18.735 0.0000000000
44305  13.905  -34.924  17.854 0.0000000000
45337  14.106  -35.064  17.135 0.0000000000
115577  14.123  -34.506  15.360 0.0000000000
46393  15.130  -33.790  17.128 0.0000000000
46424  14.622  -33.867  14.827 0.0000000000
56411  24.169  -23.460  12.383 0.0000000000
57245  24.181  -22.464  12.070 0.0000000000
56419  23.628  -23.206  11.645 0.0000000000
56436  21.656  -24.000  10.421 0.0000000000
57256  22.609  -22.810  10.389 0.0000000000
56445  21.924  -23.191  10.074 0.0000000000
57268  21.509  -22.659  9.389 0.0000000000
54527  20.211  -24.799  10.804 0.0000000000
54547  19.985  -24.961  10.013 0.0000000000
55578  19.638  -24.771  8.424 0.0000000000
55577  20.098  -24.399  8.900 0.0000000000
55589  19.832  -24.156  8.079 0.0000000000
115260  44.072  -8.817  -7.914 0.0000000000
133809  43.994  -8.931  -8.675 0.0000000000
67911  38.629  -12.061  -6.194 0.0000000000
59064  25.417  -20.062  10.933 0.0000000000
59051  24.805  -20.722  11.417 0.0000000000
58122  24.161  -21.135  10.996 0.0000000000
59049  26.319  -19.981  12.019 0.0000000000
43107  5.073  -36.708  21.443 0.0000000000
44200  6.700  -35.187  24.867 0.0000000000
45253  7.231  -34.388  24.515 0.0000000000
44213  6.631  -35.102  24.172 0.0000000000
61136  27.168  -18.063  2.596 0.0000000000
59159  28.867  -20.191  5.098 0.0000000000
60089  29.721  -19.804  5.275 0.0000000000
60103  29.125  -19.529  4.718 0.0000000000
61104  28.857  -18.840  4.232 0.0000000000
61119  28.462  -18.197  3.598 0.0000000000
41907  1.283  -35.629  30.472 0.0000000000
117270  1.158  -35.636  29.899 0.0000000000
41908  0.763  -35.625  30.500 0.0000000000
134400  -6.348  -39.929  27.427 0.0000000000
49448  18.679  -30.164  23.299 0.0000000000
49458  18.526  -30.134  22.450 0.0000000000
49468  18.576  -30.858  20.943 0.0000000000
49467  18.887  -31.075  21.737 0.0000000000
48455  19.150  -31.920  21.488 0.0000000000
47450  18.772  -32.502  20.930 0.0000000000
45310  11.118  -34.652  19.275 0.0000000000
44262  11.668  -35.250  19.840 0.0000000000
45324  12.119  -34.935  18.168 0.0000000000
45339  11.669  -34.201  17.569 0.0000000000
54468  18.133  -25.250  13.534 0.0000000000
54485  17.867  -25.263  12.657 0.0000000000
54486  16.973  -25.508  12.446 0.0000000000
66898  39.877  -12.314  -1.733 0.0000000000
66897  40.605  -12.201  -1.466 0.0000000000
67905  40.985  -11.140  -4.898 0.0000000000
58201  26.386  -20.701  5.520 0.0000000000
58182  26.749  -20.724  6.184 0.0000000000
119918  25.933  -20.658  6.071 0.0000000000
58183  25.078  -20.520  6.134 0.0000000000
58147  22.932  -20.450  8.270 0.0000000000
59115  22.676  -20.429  7.389 0.0000000000
58206  21.421  -21.327  5.326 0.0000000000
60056  28.596  -19.840  9.704 0.0000000000
60048  29.225  -19.639  10.164 0.0000000000
59076  28.945  -20.085  9.007 0.0000000000
58146  29.193  -20.630  7.640 0.0000000000
43153  2.967  -36.984  20.609 0.0000000000
42047  0.374  -37.277  20.879 0.0000000000
43137  -0.132  -36.402  21.500 0.0000000000
44146  13.609  -34.344  28.323 0.0000000000
120737  12.193  -33.900  25.275 0.0000000000
46327  8.582  -33.483  23.338 0.0000000000
45272  9.740  -33.800  22.179 0.0000000000
115731  8.901  -33.085  19.855 0.0000000000
46373  8.333  -32.907  19.300 0.0000000000
51587  16.598  -29.082  15.580 0.0000000000
64993  35.693  -14.840  3.006 0.0000000000
64992  36.498  -14.543  3.135 0.0000000000
64997  35.318  -14.633  2.251 0.0000000000
65006  35.759  -14.141  1.628 0.0000000000
65012  35.358  -13.906  0.858 0.0000000000
65967  34.866  -13.327  -1.527 0.0000000000
135304  34.991  -13.237  -2.062 0.0000000000
121665  36.716  -12.697  -1.761 0.0000000000
66910  36.738  -12.613  -3.088 0.0000000000
66918  36.590  -12.717  -3.985 0.0000000000
43020  5.995  -36.056  26.412 0.0000000000
43005  6.125  -35.795  27.185 0.0000000000
41918  5.644  -35.825  28.313 0.0000000000
44161  7.839  -34.425  27.563 0.0000000000
63026  33.928  -16.147  4.742 0.0000000000
63038  33.727  -15.941  4.022 0.0000000000
63054  33.089  -15.946  3.490 0.0000000000
119151  4.178  -37.443  25.803 0.0000000000
41996  3.683  -37.567  25.356 0.0000000000
135058  2.574  -36.984  25.448 0.0000000000
43007  0.813  -35.861  27.254 0.0000000000
115642  0.929  -36.056  26.491 0.0000000000
44203  -1.036  -35.604  24.497 0.0000000000
40957  -5.200  -37.949  27.463 0.0000000000
40956  -4.560  -37.453  27.102 0.0000000000
41998  -4.022  -37.263  25.578 0.0000000000
54423  20.378  -25.764  15.267 0.0000000000
53464  20.882  -25.967  15.900 0.0000000000
53451  19.761  -25.896  16.972 0.0000000000
52449  18.784  -27.496  22.248 0.0000000000
52464  19.649  -27.047  21.931 0.0000000000
131734  18.715  -27.073  21.500 0.0000000000
53383  18.087  -26.729  20.301 0.0000000000
53397  18.278  -26.424  19.543 0.0000000000
52524  16.483  -27.132  18.226 0.0000000000
52534  16.230  -27.283  17.570 0.0000000000
134879  16.583  -28.651  18.242 0.0000000000
50544  16.834  -29.591  18.273 0.0000000000
48482  17.464  -31.379  19.023 0.0000000000
119235  17.103  -30.788  18.468 0.0000000000
43033  14.808  -35.794  25.493 0.0000000000
41976  15.445  -35.694  26.662 0.0000000000
116581  15.232  -36.075  25.093 0.0000000000
42009  15.700  -36.272  24.730 0.0000000000
43128  14.713  -36.152  21.755 0.0000000000
43126  16.833  -35.528  22.960 0.0000000000
44228  17.916  -35.302  23.084 0.0000000000
44244  16.849  -35.111  22.478 0.0000000000
44257  17.321  -34.599  21.963 0.0000000000
44275  16.938  -34.290  21.132 0.0000000000
44292  15.554  -34.269  19.844 0.0000000000
45368  13.917  -34.199  14.322 0.0000000000
55529  23.192  -24.663  11.960 0.0000000000
56420  23.156  -24.081  11.541 0.0000000000
55530  22.576  -24.609  11.658 0.0000000000
55548  22.062  -24.349  11.030 0.0000000000
54548  19.287  -25.322  9.627 0.0000000000
122778  19.117  -25.548  8.947 0.0000000000
119037  42.186  -10.161  -6.471 0.0000000000
69825  42.793  -9.636  -6.952 0.0000000000
59078  26.934  -19.889  9.108 0.0000000000
59093  26.320  -20.021  8.453 0.0000000000
59095  24.368  -20.136  8.847 0.0000000000
59080  24.481  -20.173  9.786 0.0000000000
133343  27.790  -19.280  11.949 0.0000000000
60036  28.324  -19.193  11.392 0.0000000000
60049  28.396  -19.449  10.586 0.0000000000
60050  27.756  -19.621  10.251 0.0000000000
43152  3.754  -36.976  20.460 0.0000000000
45221  10.123  -33.360  26.690 0.0000000000
45237  10.024  -33.396  26.111 0.0000000000
122059  7.885  -33.757  24.001 0.0000000000
46338  7.755  -33.442  21.979 0.0000000000
45297  6.870  -33.836  20.737 0.0000000000
129424  6.338  -34.565  20.587 0.0000000000
44263  5.984  -35.250  20.840 0.0000000000
134338  32.765  -14.398  0.020 0.0000000000
65019  33.221  -14.056  -0.452 0.0000000000
42974  7.064  -35.222  29.612 0.0000000000
60080  31.709  -19.601  6.688 0.0000000000
61083  31.628  -18.976  6.207 0.0000000000
60088  30.575  -19.707  5.675 0.0000000000
61101  31.779  -17.881  5.247 0.0000000000
62072  31.713  -17.379  4.542 0.0000000000
62084  31.952  -16.808  4.049 0.0000000000
62085  31.350  -17.046  3.888 0.0000000000
62087  28.881  -17.491  3.165 0.0000000000
62100  29.392  -16.879  2.727 0.0000000000
63058  29.164  -16.566  2.025 0.0000000000
63075  28.649  -16.566  1.432 0.0000000000
115203  3.159  -36.468  27.402 0.0000000000
41960  2.889  -36.481  27.075 0.0000000000
41940  2.551  -36.225  27.672 0.0000000000
41961  2.313  -36.215  27.334 0.0000000000
41962  1.479  -35.897  27.711 0.0000000000
130965  -0.090  -35.641  27.518 0.0000000000
43023  -0.979  -35.721  27.290 0.0000000000
40949  -5.398  -37.896  28.340 0.0000000000
39954  -5.353  -38.756  26.018 0.0000000000
51495  19.161  -28.208  23.580 0.0000000000
51512  18.938  -27.855  22.964 0.0000000000
51525  17.559  -28.372  21.075 0.0000000000
50530  17.392  -29.061  20.245 0.0000000000
50536  17.805  -30.215  19.868 0.0000000000
49481  18.100  -31.024  19.649 0.0000000000
118843  18.416  -31.442  19.993 0.0000000000
47476  16.521  -32.558  18.693 0.0000000000
44229  12.248  -35.821  22.660 0.0000000000
43131  12.797  -36.215  22.182 0.0000000000
44245  12.769  -36.137  21.177 0.0000000000
43167  13.737  -36.008  20.268 0.0000000000
43166  13.971  -35.599  20.114 0.0000000000
132519  13.768  -35.210  19.305 0.0000000000
44306  13.674  -35.096  17.753 0.0000000000
45338  12.568  -34.694  17.345 0.0000000000
131740  12.865  -34.656  15.510 0.0000000000
54483  20.746  -24.864  12.492 0.0000000000
54504  19.532  -24.949  11.298 0.0000000000
54505  18.462  -25.315  10.955 0.0000000000
116409  18.599  -25.519  10.029 0.0000000000
68867  42.571  -10.629  -4.523 0.0000000000
68871  42.231  -10.437  -5.464 0.0000000000
60105  26.889  -19.960  4.328 0.0000000000
59161  26.130  -20.224  4.266 0.0000000000
59162  25.515  -20.553  4.524 0.0000000000
59112  25.495  -20.208  7.474 0.0000000000
59127  25.185  -20.332  6.891 0.0000000000
58184  24.070  -20.473  5.985 0.0000000000
59129  23.356  -20.373  6.673 0.0000000000
58204  23.748  -20.627  5.278 0.0000000000
58161  31.114  -20.755  7.732 0.0000000000
58178  30.687  -20.768  7.000 0.0000000000
58197  30.146  -20.710  6.566 0.0000000000
58180  29.174  -20.800  6.477 0.0000000000
58199  28.855  -20.806  6.012 0.0000000000
59143  29.245  -20.534  5.724 0.0000000000
59160  28.221  -20.349  4.994 0.0000000000
116276  27.594  -20.145  4.661 0.0000000000
42959  15.407  -35.097  30.311 0.0000000000
41917  15.892  -35.281  29.797 0.0000000000
42972  15.407  -35.162  29.336 0.0000000000
42986  15.264  -35.316  28.168 0.0000000000
43002  15.189  -35.473  27.251 0.0000000000
44158  14.212  -34.819  27.507 0.0000000000
43003  14.652  -35.301  26.902 0.0000000000
134149  14.422  -35.444  25.973 0.0000000000
135781  13.260  -35.673  24.294 0.0000000000
44211  12.500  -35.601  23.428 0.0000000000
45236  11.180  -33.480  25.905 0.0000000000
45249  11.551  -33.660  25.056 0.0000000000
137839  11.110  -33.690  23.949 0.0000000000
45259  11.747  -34.000  24.260 0.0000000000
44199  12.318  -34.438  24.613 0.0000000000
118291  12.199  -34.912  23.844 0.0000000000
44230  11.689  -35.342  22.296 0.0000000000
129050  11.524  -35.393  21.460 0.0000000000
45284  10.193  -34.104  20.612 0.0000000000
46374  6.939  -33.705  19.799 0.0000000000
65951  38.138  -12.981  0.756 0.0000000000
65954  35.832  -13.465  0.183 0.0000000000
65952  37.423  -13.097  0.532 0.0000000000
65950  38.885  -12.857  1.018 0.0000000000
66885  38.738  -12.670  0.200 0.0000000000
66891  38.598  -12.554  -0.648 0.0000000000
118058  39.265  -12.428  -1.200 0.0000000000
66900  37.484  -12.541  -1.828 0.0000000000
130249  39.231  -12.349  -1.905 0.0000000000
67890  39.616  -11.896  -3.869 0.0000000000
66927  38.764  -12.134  -4.087 0.0000000000
43038  5.678  -36.922  25.003 0.0000000000
43021  5.438  -36.669  26.128 0.0000000000
41977  4.822  -37.223  25.805 0.0000000000
41978  4.297  -37.057  26.388 0.0000000000
116311  3.940  -36.864  26.770 0.0000000000
42975  6.417  -35.488  28.985 0.0000000000
41919  4.995  -36.080  28.618 0.0000000000
120025  5.320  -35.586  30.264 0.0000000000
41938  4.275  -36.398  27.931 0.0000000000
41922  2.299  -35.849  29.146 0.0000000000
41906  1.922  -35.661  30.067 0.0000000000
136215  16.899  -35.533  31.919 0.0000000000
41901  16.076  -35.321  30.792 0.0000000000
42961  14.791  -34.864  29.792 0.0000000000
44134  14.250  -34.610  29.624 0.0000000000
45223  8.258  -33.950  26.705 0.0000000000
44175  7.463  -34.572  26.263 0.0000000000
122658  7.543  -34.592  26.913 0.0000000000
64985  36.341  -14.969  4.522 0.0000000000
122925  35.216  -15.294  3.649 0.0000000000
64029  34.873  -15.100  2.865 0.0000000000
64046  33.687  -15.090  2.032 0.0000000000
65009  33.218  -14.817  1.364 0.0000000000
63040  31.809  -16.468  3.486 0.0000000000
63055  32.402  -15.962  3.096 0.0000000000
64033  31.428  -15.707  2.153 0.0000000000
64032  32.247  -15.543  2.252 0.0000000000
64047  32.437  -15.099  1.442 0.0000000000
65015  32.633  -14.678  0.707 0.0000000000
65016  32.052  -14.609  -0.006 0.0000000000
43058  5.122  -37.223  23.582 0.0000000000
42011  3.857  -37.677  24.437 0.0000000000
43084  2.756  -36.977  22.917 0.0000000000
43112  0.413  -35.704  22.157 0.0000000000
43113  -0.496  -35.745  22.259 0.0000000000
44234  -0.852  -35.490  23.004 0.0000000000
43138  -0.980  -36.544  21.800 0.0000000000
121443  -1.885  -35.864  27.296 0.0000000000
41927  -4.081  -36.528  29.074 0.0000000000
41926  -3.222  -36.241  28.661 0.0000000000
41944  -3.275  -36.365  27.893 0.0000000000
43009  -2.541  -36.082  27.568 0.0000000000
117871  -2.212  -35.955  25.967 0.0000000000
43063  -2.634  -36.252  24.373 0.0000000000
42027  -3.217  -37.034  23.808 0.0000000000
36657  -8.722  -42.173  29.017 0.0000000000
35520  -8.997  -43.061  28.747 0.0000000000
35535  -9.826  -43.406  28.363 0.0000000000
58113  24.690  -21.779  12.455 0.0000000000
54481  22.530  -25.159  12.872 0.0000000000
117277  20.979  -25.023  13.331 0.0000000000
54467  19.138  -25.242  13.753 0.0000000000
122802  20.015  -25.549  14.737 0.0000000000
54449  19.339  -25.418  14.523 0.0000000000
54450  18.387  -25.341  14.446 0.0000000000
54451  17.451  -25.385  14.872 0.0000000000
54427  16.614  -25.644  15.197 0.0000000000
54380  18.583  -25.683  17.124 0.0000000000
53436  18.051  -25.873  18.011 0.0000000000
53465  16.017  -26.123  15.460 0.0000000000
52546  15.765  -27.524  15.599 0.0000000000
51588  16.141  -28.289  16.066 0.0000000000
135401  16.721  -30.102  15.340 0.0000000000
136020  16.720  -30.646  14.893 0.0000000000
48536  16.705  -31.475  14.028 0.0000000000
136890  19.486  -32.159  24.748 0.0000000000
41916  16.559  -35.423  29.416 0.0000000000
41935  16.348  -35.522  28.424 0.0000000000
41934  17.054  -35.642  27.950 0.0000000000
41933  17.890  -35.612  28.310 0.0000000000
43016  18.761  -35.363  26.740 0.0000000000
123375  14.100  -36.571  23.157 0.0000000000
42008  16.095  -36.345  24.485 0.0000000000
43103  15.019  -36.413  22.639 0.0000000000
42022  15.849  -36.346  23.893 0.0000000000
42007  16.522  -36.322  24.709 0.0000000000
41989  17.410  -36.145  24.961 0.0000000000
43032  18.026  -35.906  25.094 0.0000000000
44172  19.159  -35.071  26.579 0.0000000000
126567  19.075  -35.098  25.790 0.0000000000
44227  18.407  -35.089  23.197 0.0000000000
123628  19.374  -34.426  24.117 0.0000000000
134915  19.565  -33.902  24.374 0.0000000000
46315  19.610  -33.361  24.216 0.0000000000
123125  19.567  -33.211  23.420 0.0000000000
120976  19.462  -32.353  23.344 0.0000000000
133288  19.448  -32.930  21.932 0.0000000000
47449  19.191  -32.514  21.448 0.0000000000
45307  17.487  -33.559  20.664 0.0000000000
46369  17.992  -33.052  20.499 0.0000000000
124966  17.169  -32.560  19.487 0.0000000000
45322  14.544  -34.300  18.217 0.0000000000
120139  14.501  -34.801  16.944 0.0000000000
45336  14.655  -34.379  17.278 0.0000000000
45335  15.103  -33.785  18.036 0.0000000000
46406  15.513  -32.861  16.964 0.0000000000
46432  15.149  -33.174  14.343 0.0000000000
46433  14.551  -33.643  13.765 0.0000000000
57246  23.761  -22.131  11.291 0.0000000000
56434  23.039  -23.340  10.997 0.0000000000
57255  23.237  -22.438  10.705 0.0000000000
57266  22.902  -21.899  10.076 0.0000000000
57276  21.791  -21.721  9.028 0.0000000000
54526  21.012  -24.673  11.184 0.0000000000
55550  20.648  -24.604  10.448 0.0000000000
55563  21.003  -24.269  10.094 0.0000000000
56447  20.648  -23.953  9.354 0.0000000000
56456  20.864  -23.101  9.000 0.0000000000
57278  20.537  -22.739  8.163 0.0000000000
117557  39.993  -11.289  -6.138 0.0000000000
67910  39.280  -11.668  -6.655 0.0000000000
41883  18.155  -35.593  30.626 0.0000000000
41884  17.594  -35.569  30.956 0.0000000000
41886  16.285  -35.399  31.703 0.0000000000
41971  18.216  -35.708  25.788 0.0000000000
41973  17.085  -36.084  25.904 0.0000000000
41990  16.863  -36.282  24.895 0.0000000000
41991  16.205  -36.196  25.272 0.0000000000
41993  15.375  -35.877  25.792 0.0000000000
42006  17.035  -36.209  24.622 0.0000000000
42036  15.574  -36.319  23.322 0.0000000000
42960  15.073  -34.986  29.983 0.0000000000
42985  15.466  -35.354  28.473 0.0000000000
43051  18.539  -35.511  24.717 0.0000000000
43053  17.335  -36.001  24.108 0.0000000000
43075  18.594  -35.384  24.074 0.0000000000
43080  13.087  -35.852  23.803 0.0000000000
43101  17.218  -35.628  23.317 0.0000000000
43102  15.649  -36.217  23.190 0.0000000000
43127  16.053  -35.535  22.516 0.0000000000
43129  14.179  -36.446  21.363 0.0000000000
44171  19.360  -34.767  26.326 0.0000000000
44209  19.095  -34.812  23.707 0.0000000000
44210  18.671  -35.122  23.551 0.0000000000
44226  19.021  -34.608  23.154 0.0000000000
44243  17.607  -35.070  22.704 0.0000000000
45238  9.038  -33.639  26.153 0.0000000000
45258  19.383  -34.259  23.299 0.0000000000
45281  18.510  -34.139  22.118 0.0000000000
46336  19.407  -33.467  22.291 0.0000000000
47419  19.537  -32.643  24.116 0.0000000000
48461  18.971  -31.944  20.920 0.0000000000
52486  17.588  -27.213  20.404 0.0000000000
53481  16.109  -25.936  14.064 0.0000000000
56435  22.328  -23.691  10.676 0.0000000000
58198  29.540  -20.714  6.310 0.0000000000
59074  30.679  -20.305  9.330 0.0000000000
59091  28.662  -20.294  8.446 0.0000000000
61042  30.518  -18.606  11.701 0.0000000000
65941  37.822  -13.638  2.258 0.0000000000
116594  17.538  -35.640  27.486 0.0000000000
118712  15.393  -36.382  24.181 0.0000000000
124613  29.406  -20.854  6.941 0.0000000000
124657  19.681  -33.516  24.971 0.0000000000
126594  18.218  -33.419  21.070 0.0000000000
128707  17.429  -35.549  29.052 0.0000000000
128843  18.777  -35.334  26.032 0.0000000000
131498  17.675  -36.055  25.304 0.0000000000
131739  33.006  -16.269  4.097 0.0000000000
132412  16.489  -36.307  24.883 0.0000000000
134364  15.073  -36.263  24.559 0.0000000000
134571  40.470  -10.974  -6.548 0.0000000000
137172  18.903  -30.816  23.350 0.0000000000
