#!ascii label  , from subject sub-v1s10x0051006_ses-1 vox2ras=TkReg
1015
40000  28.707  -38.060  21.171 0.0000000000
56298  40.805  -19.852  5.864 0.0000000000
48197  31.842  -29.684  10.765 0.0000000000
33000  13.897  -45.812  25.687 0.0000000000
38030  26.074  -40.846  24.807 0.0000000000
52690  31.984  -24.862  10.589 0.0000000000
118406  20.789  -42.558  23.973 0.0000000000
32978  18.265  -45.656  26.260 0.0000000000
33027  23.483  -45.089  23.663 0.0000000000
57161  45.650  -19.100  5.840 0.0000000000
43383  31.118  -34.430  19.897 0.0000000000
109261  30.050  -34.817  16.962 0.0000000000
119667  32.846  -38.836  20.073 0.0000000000
117492  43.044  -15.620  5.195 0.0000000000
60760  46.914  -15.805  2.919 0.0000000000
113578  37.176  -19.321  8.268 0.0000000000
53637  40.342  -23.370  9.223 0.0000000000
52710  35.626  -24.372  8.706 0.0000000000
49122  36.505  -28.653  11.293 0.0000000000
36154  29.140  -42.394  22.678 0.0000000000
29227  12.748  -49.818  28.088 0.0000000000
28196  9.050  -50.773  27.195 0.0000000000
125435  6.438  -51.992  29.681 0.0000000000
40947  25.606  -37.458  23.272 0.0000000000
114182  26.749  -44.842  22.783 0.0000000000
46249  26.743  -30.356  15.202 0.0000000000
46202  33.145  -31.752  16.297 0.0000000000
64383  48.507  -11.705  1.315 0.0000000000
57152  43.045  -19.786  5.863 0.0000000000
55426  43.021  -20.904  7.859 0.0000000000
41838  30.804  -37.174  20.315 0.0000000000
123141  31.322  -37.333  18.994 0.0000000000
40015  31.362  -38.959  20.194 0.0000000000
58929  39.777  -17.823  6.732 0.0000000000
59806  42.101  -16.513  6.874 0.0000000000
127456  41.558  -17.498  5.479 0.0000000000
58013  43.945  -18.101  4.474 0.0000000000
20783  6.110  -56.817  28.857 0.0000000000
55411  35.633  -21.418  8.341 0.0000000000
55388  34.101  -21.601  9.895 0.0000000000
49146  31.679  -27.703  9.827 0.0000000000
50036  33.757  -27.393  9.477 0.0000000000
48208  34.096  -29.172  10.523 0.0000000000
47258  35.397  -30.793  13.243 0.0000000000
32073  16.519  -45.763  25.710 0.0000000000
31139  17.337  -46.839  27.888 0.0000000000
31141  15.313  -47.608  27.370 0.0000000000
30212  14.469  -48.558  28.321 0.0000000000
31161  13.250  -47.694  25.926 0.0000000000
31145  9.795  -47.964  27.548 0.0000000000
27186  7.237  -51.576  28.149 0.0000000000
38985  25.204  -39.443  24.141 0.0000000000
37143  25.534  -41.314  21.464 0.0000000000
36149  25.411  -42.740  22.758 0.0000000000
32071  22.832  -46.434  25.556 0.0000000000
120325  24.715  -47.066  25.490 0.0000000000
42628  33.532  -35.016  18.148 0.0000000000
107364  31.267  -32.536  16.631 0.0000000000
54490  33.401  -22.511  12.009 0.0000000000
124496  31.368  -25.671  11.954 0.0000000000
50019  29.717  -27.383  11.635 0.0000000000
32994  21.569  -45.399  25.620 0.0000000000
32962  20.511  -45.077  27.799 0.0000000000
34048  19.509  -43.944  24.884 0.0000000000
35090  17.459  -43.266  25.190 0.0000000000
35078  15.898  -43.667  26.473 0.0000000000
35099  25.388  -43.348  23.444 0.0000000000
35101  23.612  -43.325  24.078 0.0000000000
34076  21.879  -43.727  23.696 0.0000000000
45190  29.083  -32.722  20.823 0.0000000000
45220  27.442  -32.998  18.491 0.0000000000
43404  29.539  -34.640  18.665 0.0000000000
41855  32.404  -36.697  18.145 0.0000000000
63525  45.889  -13.168  2.944 0.0000000000
60751  44.160  -15.520  3.851 0.0000000000
58944  45.957  -17.629  4.266 0.0000000000
57155  38.539  -19.144  6.798 0.0000000000
55429  40.682  -21.394  7.428 0.0000000000
55432  37.674  -21.216  7.350 0.0000000000
53648  37.717  -23.473  8.593 0.0000000000
50899  38.096  -25.996  9.751 0.0000000000
52702  33.709  -24.452  9.075 0.0000000000
50902  35.879  -26.418  9.238 0.0000000000
39007  28.294  -39.575  22.334 0.0000000000
39005  30.272  -39.662  22.567 0.0000000000
57977  38.985  -18.074  8.829 0.0000000000
32966  12.291  -45.236  27.321 0.0000000000
31143  11.030  -47.484  26.664 0.0000000000
28194  11.315  -50.410  27.331 0.0000000000
26079  10.440  -52.600  28.762 0.0000000000
24952  8.870  -53.800  28.252 0.0000000000
24953  7.177  -54.092  27.972 0.0000000000
113149  5.431  -54.085  29.286 0.0000000000
23830  3.912  -54.493  30.601 0.0000000000
40973  27.279  -37.503  21.627 0.0000000000
38080  27.409  -40.632  21.345 0.0000000000
34082  28.806  -44.092  22.477 0.0000000000
33025  25.481  -45.195  23.267 0.0000000000
47286  28.965  -29.981  12.871 0.0000000000
44255  28.005  -33.144  15.892 0.0000000000
46222  30.221  -31.649  15.206 0.0000000000
47261  32.480  -31.118  13.178 0.0000000000
38078  32.701  -40.153  22.172 0.0000000000
64394  50.482  -11.491  0.386 0.0000000000
62659  47.701  -13.705  1.755 0.0000000000
62657  49.977  -13.434  1.295 0.0000000000
57164  42.197  -19.713  5.688 0.0000000000
56285  43.237  -20.185  6.558 0.0000000000
56297  41.497  -20.248  6.124 0.0000000000
40970  29.938  -37.519  20.810 0.0000000000
108262  30.492  -38.084  20.033 0.0000000000
39999  29.489  -38.623  21.076 0.0000000000
57993  39.869  -18.152  6.285 0.0000000000
58927  40.957  -17.303  6.196 0.0000000000
58004  41.156  -18.605  5.535 0.0000000000
111488  41.952  -18.945  5.314 0.0000000000
20784  5.135  -56.918  28.824 0.0000000000
56232  34.413  -21.092  10.345 0.0000000000
55366  34.288  -21.185  11.215 0.0000000000
48211  31.166  -29.084  10.434 0.0000000000
49135  32.724  -28.705  10.004 0.0000000000
48196  32.826  -29.805  10.909 0.0000000000
47295  34.275  -30.157  11.773 0.0000000000
47296  33.363  -30.258  11.661 0.0000000000
32999  15.362  -45.260  25.584 0.0000000000
118906  16.122  -46.422  26.038 0.0000000000
32054  15.200  -46.687  25.878 0.0000000000
31160  14.151  -47.753  26.390 0.0000000000
32076  13.614  -46.562  25.662 0.0000000000
38978  25.793  -39.830  25.026 0.0000000000
38060  25.124  -40.803  23.263 0.0000000000
37114  25.742  -41.518  24.111 0.0000000000
111657  22.694  -46.648  26.383 0.0000000000
46158  26.891  -31.122  19.617 0.0000000000
43402  34.442  -33.907  18.973 0.0000000000
117542  29.962  -26.777  11.912 0.0000000000
50860  29.442  -26.523  13.283 0.0000000000
34060  20.373  -43.963  24.687 0.0000000000
34036  20.239  -44.387  25.615 0.0000000000
34061  19.779  -43.269  24.561 0.0000000000
36132  17.711  -42.663  25.449 0.0000000000
36119  17.170  -42.868  26.302 0.0000000000
35077  16.573  -43.333  26.054 0.0000000000
35086  24.959  -43.957  25.013 0.0000000000
36141  21.459  -42.160  23.843 0.0000000000
124122  22.025  -42.944  23.657 0.0000000000
35102  21.287  -43.102  23.817 0.0000000000
33014  21.814  -45.317  24.782 0.0000000000
43394  29.140  -34.057  19.068 0.0000000000
43393  30.103  -34.298  19.397 0.0000000000
40997  31.679  -38.028  19.145 0.0000000000
128113  31.443  -36.833  18.457 0.0000000000
108758  32.475  -37.799  18.889 0.0000000000
40995  34.094  -37.083  19.429 0.0000000000
40012  34.099  -38.145  20.263 0.0000000000
60735  42.637  -15.963  6.281 0.0000000000
120254  44.280  -14.215  4.340 0.0000000000
60752  43.429  -15.680  4.527 0.0000000000
58001  44.318  -18.843  4.961 0.0000000000
58945  45.299  -17.797  4.287 0.0000000000
57999  46.116  -18.541  5.299 0.0000000000
57142  37.562  -19.403  7.561 0.0000000000
56277  37.962  -20.430  7.049 0.0000000000
110239  37.275  -20.600  7.374 0.0000000000
53650  35.854  -23.330  8.565 0.0000000000
54534  37.158  -22.734  8.243 0.0000000000
52708  37.264  -24.311  8.818 0.0000000000
52700  37.932  -24.806  9.183 0.0000000000
52701  37.184  -25.273  9.095 0.0000000000
53615  32.487  -23.733  10.925 0.0000000000
53627  32.640  -23.702  9.976 0.0000000000
51737  32.609  -25.035  9.569 0.0000000000
49142  34.913  -27.930  9.853 0.0000000000
50903  35.155  -26.749  9.297 0.0000000000
50027  36.432  -27.521  10.198 0.0000000000
50026  37.231  -27.286  10.478 0.0000000000
37128  28.871  -40.655  23.145 0.0000000000
38059  29.429  -40.195  23.638 0.0000000000
57118  37.162  -19.169  9.252 0.0000000000
57969  37.809  -18.751  8.733 0.0000000000
58913  38.675  -18.342  7.693 0.0000000000
32964  19.230  -45.388  27.018 0.0000000000
32040  19.079  -45.895  27.933 0.0000000000
29226  13.392  -49.459  28.508 0.0000000000
29198  13.858  -49.759  30.253 0.0000000000
28171  12.922  -50.005  28.978 0.0000000000
28182  12.320  -50.402  28.478 0.0000000000
113058  11.201  -46.068  27.832 0.0000000000
113513  11.765  -47.053  26.239 0.0000000000
32045  10.636  -46.824  27.431 0.0000000000
30215  8.968  -49.214  27.528 0.0000000000
119395  10.180  -49.485  26.881 0.0000000000
28195  9.898  -50.820  27.114 0.0000000000
27185  10.798  -51.938  28.354 0.0000000000
26095  10.098  -52.284  27.894 0.0000000000
26080  9.650  -53.138  28.244 0.0000000000
26096  9.156  -52.373  27.546 0.0000000000
27172  6.712  -51.878  28.931 0.0000000000
26081  6.958  -52.231  28.012 0.0000000000
24944  6.272  -53.111  28.607 0.0000000000
24955  5.957  -53.883  28.638 0.0000000000
24945  5.768  -53.308  29.552 0.0000000000
111594  27.086  -36.166  23.740 0.0000000000
107523  27.296  -36.109  23.017 0.0000000000
40957  26.225  -37.262  22.126 0.0000000000
39019  26.728  -39.096  21.244 0.0000000000
39020  25.887  -39.410  21.125 0.0000000000
35121  26.652  -43.482  21.819 0.0000000000
35133  27.310  -43.042  21.492 0.0000000000
34083  27.963  -44.336  22.323 0.0000000000
34073  24.207  -44.488  23.530 0.0000000000
34072  25.177  -44.389  23.210 0.0000000000
106479  24.805  -45.090  23.381 0.0000000000
32068  25.621  -46.829  25.162 0.0000000000
54531  40.268  -22.054  8.009 0.0000000000
55410  41.057  -21.796  8.064 0.0000000000
111432  41.722  -22.640  9.204 0.0000000000
49091  27.423  -28.482  14.465 0.0000000000
49105  28.174  -28.606  13.195 0.0000000000
47265  28.538  -30.320  13.543 0.0000000000
43420  28.075  -34.087  17.356 0.0000000000
45249  27.017  -32.948  16.979 0.0000000000
44242  29.072  -33.879  16.423 0.0000000000
45246  32.464  -31.943  16.967 0.0000000000
45260  30.517  -31.944  15.917 0.0000000000
46204  31.768  -31.661  15.907 0.0000000000
46244  30.973  -31.429  14.571 0.0000000000
113784  32.684  -31.555  14.845 0.0000000000
46241  34.446  -31.512  14.587 0.0000000000
38079  31.811  -40.065  22.105 0.0000000000
64395  49.765  -11.787  0.641 0.0000000000
60771  45.765  -14.824  2.836 0.0000000000
62650  46.439  -13.612  2.464 0.0000000000
116699  47.119  -14.744  2.346 0.0000000000
61734  49.174  -14.560  2.199 0.0000000000
61733  50.197  -14.253  2.310 0.0000000000
37117  20.272  -41.153  24.566 0.0000000000
36143  19.814  -41.787  24.459 0.0000000000
57162  44.649  -19.370  5.748 0.0000000000
57139  45.601  -19.694  7.240 0.0000000000
56284  43.868  -20.077  6.807 0.0000000000
42612  31.514  -35.616  20.148 0.0000000000
124909  30.798  -35.736  19.234 0.0000000000
113277  31.016  -37.237  19.658 0.0000000000
40998  30.968  -37.789  19.599 0.0000000000
40014  32.162  -39.011  20.064 0.0000000000
111248  41.963  -16.701  7.630 0.0000000000
59807  41.329  -16.957  7.234 0.0000000000
59813  42.002  -16.396  6.020 0.0000000000
59820  42.228  -16.579  5.390 0.0000000000
59830  43.300  -16.618  4.474 0.0000000000
58948  42.711  -17.644  4.777 0.0000000000
58002  43.425  -18.711  4.908 0.0000000000
21793  7.595  -56.106  29.178 0.0000000000
56251  35.907  -20.093  9.433 0.0000000000
56266  36.142  -20.637  8.154 0.0000000000
56267  35.421  -20.686  8.953 0.0000000000
54536  35.057  -22.018  8.708 0.0000000000
53651  34.794  -23.471  8.766 0.0000000000
128132  31.786  -26.105  9.883 0.0000000000
50905  32.404  -26.512  9.547 0.0000000000
50038  32.212  -27.271  9.620 0.0000000000
49134  33.656  -28.636  10.072 0.0000000000
48207  34.927  -29.060  10.672 0.0000000000
48183  35.620  -29.996  12.116 0.0000000000
47257  36.337  -30.527  13.324 0.0000000000
117211  29.996  -43.733  23.282 0.0000000000
32979  17.366  -45.686  25.832 0.0000000000
32052  17.647  -46.185  26.617 0.0000000000
115062  16.906  -46.258  26.247 0.0000000000
31140  16.611  -47.005  27.462 0.0000000000
31108  15.907  -47.841  28.759 0.0000000000
30229  14.170  -48.347  27.392 0.0000000000
30231  12.875  -48.846  26.937 0.0000000000
31122  10.074  -47.232  27.914 0.0000000000
120792  8.729  -48.764  28.248 0.0000000000
29228  8.301  -49.467  28.225 0.0000000000
28197  8.291  -50.817  27.495 0.0000000000
29229  7.783  -50.062  28.681 0.0000000000
28174  7.348  -50.627  29.252 0.0000000000
27171  6.698  -51.350  29.926 0.0000000000
40939  25.501  -37.725  23.994 0.0000000000
123295  24.900  -39.174  21.966 0.0000000000
109381  24.817  -40.045  22.356 0.0000000000
107052  25.315  -41.971  22.069 0.0000000000
34085  26.458  -44.100  22.333 0.0000000000
109545  23.013  -45.566  24.005 0.0000000000
32087  24.367  -46.277  24.194 0.0000000000
32070  23.488  -46.661  25.261 0.0000000000
52698  40.102  -24.124  9.572 0.0000000000
47215  26.307  -30.513  16.054 0.0000000000
42639  32.696  -35.065  17.611 0.0000000000
43429  30.717  -34.276  16.726 0.0000000000
43415  32.728  -33.997  17.599 0.0000000000
44231  33.081  -33.132  17.886 0.0000000000
64377  48.054  -11.261  1.971 0.0000000000
21787  2.796  -56.203  29.700 0.0000000000
53606  33.188  -23.327  12.366 0.0000000000
52671  32.558  -23.990  11.907 0.0000000000
51717  31.698  -25.162  11.163 0.0000000000
50894  30.765  -26.590  10.835 0.0000000000
50030  30.625  -27.428  10.595 0.0000000000
48212  30.538  -28.981  10.763 0.0000000000
112284  22.091  -46.230  26.771 0.0000000000
32039  21.719  -45.968  27.626 0.0000000000
32976  20.603  -44.901  27.108 0.0000000000
116198  20.163  -44.610  26.577 0.0000000000
34038  18.970  -45.060  25.921 0.0000000000
35088  18.697  -43.325  24.711 0.0000000000
34050  17.808  -43.837  24.993 0.0000000000
32996  17.889  -44.916  25.415 0.0000000000
34051  16.575  -44.512  25.475 0.0000000000
34052  15.799  -44.612  25.639 0.0000000000
34040  14.771  -44.482  26.291 0.0000000000
36138  25.732  -42.599  23.718 0.0000000000
35085  25.536  -43.451  24.146 0.0000000000
35100  24.595  -43.602  23.964 0.0000000000
34074  23.214  -44.118  23.572 0.0000000000
36139  23.052  -42.712  24.050 0.0000000000
35113  22.579  -43.516  23.615 0.0000000000
33028  22.714  -44.917  23.758 0.0000000000
33013  22.446  -45.466  24.374 0.0000000000
32072  22.165  -46.036  26.009 0.0000000000
45177  27.655  -31.797  21.003 0.0000000000
46166  27.213  -31.753  19.724 0.0000000000
45205  27.988  -32.917  19.817 0.0000000000
44222  28.379  -33.887  18.628 0.0000000000
43418  29.556  -34.889  17.501 0.0000000000
42622  30.596  -35.731  18.779 0.0000000000
42630  30.594  -35.776  18.235 0.0000000000
42641  30.980  -35.741  17.623 0.0000000000
42629  32.978  -35.960  18.018 0.0000000000
41845  34.575  -36.454  19.598 0.0000000000
62636  45.022  -13.253  4.152 0.0000000000
61729  45.054  -14.352  3.235 0.0000000000
60761  46.024  -15.674  2.971 0.0000000000
126399  44.477  -16.947  3.900 0.0000000000
58955  45.274  -17.142  3.850 0.0000000000
57154  39.229  -19.402  6.363 0.0000000000
56288  40.608  -20.375  6.267 0.0000000000
55442  39.574  -20.860  6.806 0.0000000000
117599  39.108  -21.385  7.255 0.0000000000
54532  39.016  -22.670  8.222 0.0000000000
110513  36.752  -21.126  7.601 0.0000000000
54533  38.098  -22.731  8.204 0.0000000000
53647  38.695  -23.470  8.747 0.0000000000
52699  39.520  -24.408  9.521 0.0000000000
51722  39.661  -25.447  10.349 0.0000000000
54503  33.243  -22.342  10.925 0.0000000000
53640  33.867  -23.043  9.207 0.0000000000
52711  34.608  -24.430  8.831 0.0000000000
113290  33.771  -25.977  9.163 0.0000000000
125728  34.591  -26.150  9.114 0.0000000000
51744  35.822  -25.242  8.804 0.0000000000
50900  37.205  -26.124  9.450 0.0000000000
39017  28.499  -38.841  21.948 0.0000000000
39016  29.564  -39.302  22.010 0.0000000000
38993  29.438  -39.657  23.019 0.0000000000
38058  30.248  -40.030  23.942 0.0000000000
58912  39.201  -17.878  8.058 0.0000000000
57994  39.228  -18.518  6.632 0.0000000000
32980  13.890  -44.862  26.404 0.0000000000
34026  12.897  -44.753  27.687 0.0000000000
32981  13.229  -45.483  26.221 0.0000000000
32057  12.425  -46.629  26.002 0.0000000000
30238  12.600  -48.241  26.153 0.0000000000
29240  11.936  -48.883  26.431 0.0000000000
122051  10.185  -48.269  27.056 0.0000000000
29241  11.214  -49.112  26.591 0.0000000000
28193  12.098  -50.123  27.672 0.0000000000
28173  11.806  -50.967  28.741 0.0000000000
26061  11.299  -51.917  29.653 0.0000000000
23837  8.668  -54.848  29.024 0.0000000000
26097  8.199  -52.345  27.517 0.0000000000
23854  7.996  -53.803  27.798 0.0000000000
22796  7.878  -55.225  28.542 0.0000000000
22797  6.984  -55.669  28.541 0.0000000000
22798  5.537  -55.719  28.672 0.0000000000
22790  4.768  -55.515  29.061 0.0000000000
119086  5.150  -53.739  30.300 0.0000000000
23838  4.829  -54.616  29.810 0.0000000000
23839  4.113  -55.248  29.866 0.0000000000
40971  28.969  -37.478  21.151 0.0000000000
41829  28.354  -36.708  21.730 0.0000000000
40972  28.085  -37.431  21.486 0.0000000000
39018  27.623  -38.948  21.764 0.0000000000
38073  27.582  -39.693  21.712 0.0000000000
36161  28.503  -42.042  22.015 0.0000000000
117978  26.631  -40.877  20.932 0.0000000000
36162  27.667  -42.191  21.364 0.0000000000
35118  29.059  -43.273  22.414 0.0000000000
35110  25.444  -43.568  22.947 0.0000000000
34086  25.763  -43.956  22.700 0.0000000000
33024  26.295  -45.333  23.248 0.0000000000
32086  25.306  -46.351  24.220 0.0000000000
115044  26.226  -46.361  24.407 0.0000000000
33010  26.714  -45.887  23.850 0.0000000000
55428  41.462  -21.255  7.513 0.0000000000
50000  28.800  -27.200  12.800 0.0000000000
49114  29.192  -28.739  11.898 0.0000000000
47299  30.460  -29.973  11.685 0.0000000000
45221  27.051  -32.347  18.396 0.0000000000
45250  26.673  -32.196  16.706 0.0000000000
46225  27.336  -31.668  15.293 0.0000000000
45248  29.800  -33.120  16.210 0.0000000000
46223  29.260  -31.866  15.245 0.0000000000
46246  28.731  -31.344  14.489 0.0000000000
125449  29.977  -31.018  13.655 0.0000000000
125856  30.717  -30.739  12.853 0.0000000000
47283  31.959  -30.672  12.292 0.0000000000
47260  33.691  -31.004  13.095 0.0000000000
108936  30.641  -39.524  21.605 0.0000000000
39014  32.317  -39.835  21.434 0.0000000000
39028  32.779  -39.377  20.759 0.0000000000
39002  34.461  -39.844  22.385 0.0000000000
39997  34.325  -38.767  21.052 0.0000000000
65251  51.207  -10.132  0.035 0.0000000000
63523  47.231  -12.427  2.140 0.0000000000
64384  47.838  -12.043  1.681 0.0000000000
61735  48.299  -14.703  2.158 0.0000000000
62658  48.423  -13.338  1.403 0.0000000000
63531  49.102  -12.142  0.865 0.0000000000
62665  50.175  -12.820  0.867 0.0000000000
62664  51.609  -12.858  0.801 0.0000000000
57165  41.370  -19.471  5.631 0.0000000000
40987  29.750  -38.021  20.575 0.0000000000
57166  40.586  -19.171  5.751 0.0000000000
58005  40.418  -18.302  5.864 0.0000000000
21796  4.399  -56.950  28.962 0.0000000000
120353  32.496  -29.335  10.402 0.0000000000
47297  32.390  -30.281  11.546 0.0000000000
116209  14.827  -45.928  25.528 0.0000000000
32075  14.302  -46.573  25.655 0.0000000000
38045  25.432  -40.403  24.207 0.0000000000
110598  22.490  -46.751  27.223 0.0000000000
31157  23.173  -47.186  26.851 0.0000000000
47176  26.923  -30.553  20.078 0.0000000000
35103  20.574  -43.271  24.232 0.0000000000
116895  20.140  -42.535  24.312 0.0000000000
106754  21.123  -44.002  24.151 0.0000000000
43392  30.798  -35.248  19.472 0.0000000000
40026  32.446  -38.427  19.487 0.0000000000
124507  33.094  -37.990  19.293 0.0000000000
40025  33.324  -38.366  19.819 0.0000000000
60742  42.612  -15.994  5.601 0.0000000000
60741  43.132  -15.452  5.803 0.0000000000
61711  43.409  -14.964  5.164 0.0000000000
61721  43.870  -14.794  4.422 0.0000000000
58000  45.232  -18.769  5.141 0.0000000000
22782  8.774  -55.285  30.329 0.0000000000
57143  37.025  -19.744  7.765 0.0000000000
111595  37.363  -20.001  7.327 0.0000000000
53649  36.819  -23.458  8.539 0.0000000000
114904  36.433  -24.084  8.677 0.0000000000
52709  36.480  -24.888  8.806 0.0000000000
115133  32.292  -24.341  10.379 0.0000000000
125653  32.486  -24.459  9.838 0.0000000000
52689  32.146  -24.934  10.014 0.0000000000
49132  35.302  -28.406  10.333 0.0000000000
50028  35.659  -27.753  10.000 0.0000000000
49131  36.095  -28.227  10.554 0.0000000000
37134  28.926  -41.504  22.906 0.0000000000
37127  29.325  -41.132  23.675 0.0000000000
36148  29.572  -42.190  23.411 0.0000000000
57979  37.996  -18.803  7.809 0.0000000000
32041  18.375  -46.101  27.227 0.0000000000
29232  13.161  -49.245  27.702 0.0000000000
29236  9.503  -49.909  27.038 0.0000000000
27209  9.540  -51.568  27.366 0.0000000000
27210  8.666  -51.558  27.370 0.0000000000
120014  6.553  -52.503  28.525 0.0000000000
26063  6.253  -52.537  29.408 0.0000000000
126453  5.873  -52.769  30.072 0.0000000000
40938  25.999  -37.018  23.756 0.0000000000
41789  26.605  -36.581  24.202 0.0000000000
41804  26.590  -36.480  23.343 0.0000000000
40946  26.061  -36.992  22.878 0.0000000000
39991  25.779  -38.055  21.785 0.0000000000
40958  25.601  -37.665  22.506 0.0000000000
34084  27.207  -44.451  22.405 0.0000000000
35120  27.299  -43.878  21.949 0.0000000000
34070  27.613  -44.910  22.834 0.0000000000
33026  24.247  -45.472  23.646 0.0000000000
53645  40.270  -22.684  8.636 0.0000000000
115819  40.784  -22.300  8.473 0.0000000000
54520  40.953  -22.742  8.976 0.0000000000
48146  26.833  -29.483  15.103 0.0000000000
48145  27.061  -28.823  14.990 0.0000000000
48159  27.146  -29.965  14.594 0.0000000000
47266  27.701  -29.993  13.930 0.0000000000
43430  29.271  -34.504  16.898 0.0000000000
43431  28.482  -34.204  16.868 0.0000000000
110298  29.893  -34.090  16.543 0.0000000000
45245  33.240  -32.027  17.119 0.0000000000
46203  32.402  -31.689  16.195 0.0000000000
46220  32.363  -31.592  15.451 0.0000000000
46219  32.995  -31.633  15.432 0.0000000000
46218  33.831  -31.687  15.436 0.0000000000
65248  49.340  -10.503  1.240 0.0000000000
64382  49.161  -11.357  0.955 0.0000000000
60770  46.558  -15.146  2.625 0.0000000000
61736  46.429  -14.394  2.501 0.0000000000
38046  20.634  -40.704  24.907 0.0000000000
38047  19.996  -40.746  25.118 0.0000000000
38032  20.523  -40.597  25.614 0.0000000000
37116  21.204  -41.128  24.391 0.0000000000
57163  43.690  -19.334  5.431 0.0000000000
57151  43.830  -19.779  6.142 0.0000000000
56275  42.732  -20.641  7.079 0.0000000000
56274  43.500  -20.468  7.289 0.0000000000
42603  31.328  -36.626  20.729 0.0000000000
42613  31.226  -36.293  19.818 0.0000000000
40028  31.113  -38.349  19.794 0.0000000000
40027  31.740  -38.595  19.666 0.0000000000
58919  39.831  -17.589  7.403 0.0000000000
59808  40.627  -17.255  7.676 0.0000000000
59815  40.557  -17.343  6.791 0.0000000000
59821  41.525  -16.988  5.776 0.0000000000
58936  42.064  -17.393  5.143 0.0000000000
59831  42.656  -16.934  4.816 0.0000000000
114323  42.812  -19.194  5.295 0.0000000000
21786  7.007  -56.829  29.340 0.0000000000
56231  35.123  -20.495  10.064 0.0000000000
55387  34.724  -21.122  9.547 0.0000000000
55413  34.509  -21.792  9.239 0.0000000000
54537  34.505  -22.545  8.986 0.0000000000
50906  31.692  -26.807  9.807 0.0000000000
48209  33.241  -29.271  10.427 0.0000000000
49133  34.497  -28.534  10.178 0.0000000000
48193  35.324  -29.508  11.364 0.0000000000
48194  34.551  -29.623  11.140 0.0000000000
47280  34.955  -30.461  12.475 0.0000000000
47279  35.769  -30.396  12.729 0.0000000000
47241  35.831  -31.105  13.932 0.0000000000
57106  36.568  -19.592  9.860 0.0000000000
31158  15.845  -47.073  26.785 0.0000000000
110164  15.987  -47.455  27.826 0.0000000000
116631  15.435  -47.808  28.102 0.0000000000
30237  13.448  -48.318  26.652 0.0000000000
30230  13.511  -48.745  27.373 0.0000000000
30198  8.408  -48.796  29.137 0.0000000000
28183  8.080  -50.221  27.924 0.0000000000
119584  7.946  -49.458  29.055 0.0000000000
117116  7.251  -50.421  30.159 0.0000000000
117747  25.892  -38.887  25.308 0.0000000000
39966  25.646  -38.232  24.742 0.0000000000
39976  25.200  -38.540  24.016 0.0000000000
38994  24.938  -39.061  23.022 0.0000000000
107608  25.011  -39.953  23.445 0.0000000000
37129  25.281  -41.779  23.059 0.0000000000
37135  25.028  -41.100  22.257 0.0000000000
36156  25.727  -42.619  21.935 0.0000000000
35122  25.943  -43.307  22.242 0.0000000000
32089  23.032  -46.094  24.674 0.0000000000
32088  23.695  -46.381  24.610 0.0000000000
48132  26.348  -29.864  16.652 0.0000000000
47205  26.282  -30.674  16.932 0.0000000000
118399  32.196  -34.502  17.288 0.0000000000
43414  33.301  -34.052  18.005 0.0000000000
44220  34.184  -33.310  18.761 0.0000000000
44221  33.738  -33.279  18.351 0.0000000000
113595  31.186  -25.859  11.089 0.0000000000
50883  30.581  -26.340  11.759 0.0000000000
50884  30.231  -26.994  11.243 0.0000000000
50018  30.132  -27.803  10.991 0.0000000000
49124  30.176  -28.525  10.947 0.0000000000
49125  29.668  -28.229  11.417 0.0000000000
32051  21.420  -45.473  26.718 0.0000000000
32995  20.764  -44.812  26.214 0.0000000000
34037  19.661  -44.494  25.778 0.0000000000
34049  18.725  -44.325  25.073 0.0000000000
123194  19.141  -41.782  24.706 0.0000000000
123420  19.311  -42.499  24.546 0.0000000000
36131  18.442  -42.322  24.851 0.0000000000
35089  17.964  -43.086  24.858 0.0000000000
122357  17.248  -44.410  25.308 0.0000000000
35092  16.178  -43.942  25.771 0.0000000000
34039  15.472  -44.187  26.082 0.0000000000
34053  15.173  -44.682  25.802 0.0000000000
36128  26.173  -43.090  24.417 0.0000000000
114132  24.041  -43.736  24.678 0.0000000000
114556  23.900  -43.724  23.758 0.0000000000
121657  22.647  -42.916  23.697 0.0000000000
34075  22.454  -44.207  23.632 0.0000000000
34059  21.868  -44.715  24.078 0.0000000000
34047  21.017  -44.754  24.951 0.0000000000
45191  28.182  -32.542  20.594 0.0000000000
44203  28.903  -33.037  20.140 0.0000000000
43405  28.863  -34.394  18.314 0.0000000000
107541  29.286  -34.762  18.024 0.0000000000
113971  31.101  -36.493  19.442 0.0000000000
41847  31.025  -36.520  18.832 0.0000000000
41856  31.762  -36.621  17.998 0.0000000000
41857  31.181  -36.307  18.106 0.0000000000
41865  31.561  -36.077  17.697 0.0000000000
41864  32.170  -36.071  17.676 0.0000000000
41846  33.965  -36.521  19.015 0.0000000000
111325  42.522  -16.446  7.571 0.0000000000
62637  44.596  -13.734  4.610 0.0000000000
61720  44.408  -14.627  3.782 0.0000000000
60762  45.035  -15.387  3.283 0.0000000000
58947  43.259  -17.444  4.511 0.0000000000
58946  43.899  -17.211  4.166 0.0000000000
58954  46.195  -17.031  3.788 0.0000000000
56289  39.345  -20.169  6.449 0.0000000000
56290  38.590  -19.889  6.675 0.0000000000
55431  38.386  -21.141  7.173 0.0000000000
54552  39.433  -22.060  7.779 0.0000000000
54553  38.459  -21.934  7.636 0.0000000000
128304  36.177  -21.256  7.933 0.0000000000
53638  39.495  -23.780  9.211 0.0000000000
53639  38.775  -24.382  9.286 0.0000000000
51732  38.456  -25.266  9.527 0.0000000000
51723  38.888  -25.754  10.007 0.0000000000
54502  33.808  -21.797  11.580 0.0000000000
111558  33.306  -23.661  9.401 0.0000000000
53641  33.182  -22.799  9.898 0.0000000000
116021  34.016  -23.806  8.989 0.0000000000
50904  33.321  -26.644  9.335 0.0000000000
112925  32.894  -25.813  9.360 0.0000000000
51734  35.357  -25.860  8.983 0.0000000000
51733  36.362  -25.801  9.059 0.0000000000
50901  36.450  -26.468  9.413 0.0000000000
39006  28.830  -39.528  22.613 0.0000000000
38071  28.832  -39.983  23.001 0.0000000000
37126  29.873  -40.657  24.265 0.0000000000
58911  40.034  -17.475  8.239 0.0000000000
57141  38.079  -19.085  7.253 0.0000000000
57987  38.586  -18.638  7.219 0.0000000000
32961  21.082  -45.255  27.554 0.0000000000
32951  21.068  -45.407  28.254 0.0000000000
32042  17.748  -46.486  27.412 0.0000000000
30196  14.725  -48.708  29.127 0.0000000000
34024  14.381  -44.235  26.989 0.0000000000
32965  12.973  -44.936  26.850 0.0000000000
32982  12.448  -45.737  26.507 0.0000000000
32056  13.083  -46.206  25.830 0.0000000000
109542  11.781  -47.975  26.076 0.0000000000
116539  10.373  -50.196  26.964 0.0000000000
29242  10.540  -48.848  26.746 0.0000000000
29235  10.850  -49.635  26.790 0.0000000000
29234  11.664  -49.645  26.967 0.0000000000
110076  11.789  -50.656  28.030 0.0000000000
27184  11.349  -51.620  28.870 0.0000000000
26078  10.939  -52.150  29.072 0.0000000000
24951  9.509  -53.860  28.989 0.0000000000
23836  9.197  -54.398  29.495 0.0000000000
23845  8.956  -54.292  28.821 0.0000000000
27211  7.890  -51.520  27.587 0.0000000000
113807  7.541  -52.066  27.663 0.0000000000
26082  6.746  -52.886  27.931 0.0000000000
24962  7.344  -53.367  27.768 0.0000000000
23847  7.693  -54.500  28.113 0.0000000000
107661  7.053  -54.859  28.245 0.0000000000
23849  5.565  -54.780  28.732 0.0000000000
26046  5.447  -52.990  30.719 0.0000000000
126447  5.089  -52.868  31.361 0.0000000000
23829  4.583  -53.891  30.713 0.0000000000
107934  3.077  -54.711  30.727 0.0000000000
41828  29.264  -36.993  21.357 0.0000000000
41817  27.505  -36.446  22.225 0.0000000000
41830  27.603  -36.909  21.725 0.0000000000
40001  27.742  -38.171  21.576 0.0000000000
40002  26.940  -38.276  21.475 0.0000000000
123240  28.524  -41.168  22.446 0.0000000000
37140  27.973  -41.339  21.663 0.0000000000
121591  25.161  -40.555  21.648 0.0000000000
38082  25.796  -40.498  21.052 0.0000000000
37142  26.294  -41.460  21.044 0.0000000000
35119  28.184  -43.539  21.918 0.0000000000
35132  28.117  -42.756  21.634 0.0000000000
120439  28.655  -42.805  22.080 0.0000000000
116637  29.468  -43.724  22.795 0.0000000000
34071  25.932  -44.629  22.881 0.0000000000
117710  24.802  -46.682  24.791 0.0000000000
32067  26.678  -46.713  25.242 0.0000000000
55441  40.308  -20.912  6.810 0.0000000000
56287  41.083  -20.840  6.811 0.0000000000
50861  28.686  -26.808  13.693 0.0000000000
50001  28.246  -27.610  13.421 0.0000000000
48185  28.736  -29.177  12.560 0.0000000000
48184  29.521  -29.705  12.119 0.0000000000
45206  27.427  -32.481  19.250 0.0000000000
45207  26.985  -31.714  19.032 0.0000000000
44244  27.549  -33.344  16.488 0.0000000000
118560  27.125  -32.714  16.270 0.0000000000
45263  26.851  -32.005  15.928 0.0000000000
109176  27.607  -32.476  15.653 0.0000000000
44240  31.396  -33.397  16.833 0.0000000000
44241  30.616  -33.309  16.512 0.0000000000
45247  30.600  -32.491  16.273 0.0000000000
45261  29.941  -32.012  15.663 0.0000000000
125508  29.562  -31.483  14.663 0.0000000000
46271  28.838  -30.852  13.885 0.0000000000
46245  30.164  -31.333  14.271 0.0000000000
46268  31.708  -31.320  13.856 0.0000000000
46269  30.741  -31.123  13.591 0.0000000000
47262  31.448  -30.938  12.986 0.0000000000
126095  33.144  -31.080  13.080 0.0000000000
46267  33.271  -31.259  13.601 0.0000000000
39004  31.100  -39.830  22.080 0.0000000000
39013  33.188  -39.789  21.552 0.0000000000
39012  34.023  -39.560  21.676 0.0000000000
65252  50.525  -10.563  0.355 0.0000000000
64393  51.322  -11.149  0.029 0.0000000000
63539  51.108  -12.116  0.372 0.0000000000
63517  45.605  -12.837  3.703 0.0000000000
62649  47.094  -13.257  2.063 0.0000000000
63524  46.573  -12.811  2.570 0.0000000000
63533  47.734  -12.878  1.593 0.0000000000
61742  49.162  -13.800  1.487 0.0000000000
61743  48.382  -14.149  1.741 0.0000000000
111789  49.258  -12.938  1.016 0.0000000000
63541  49.730  -12.388  0.759 0.0000000000
56286  42.447  -20.259  6.329 0.0000000000
56276  41.917  -20.746  6.906 0.0000000000
40986  30.477  -37.710  20.160 0.0000000000
40016  30.462  -38.625  20.437 0.0000000000
58928  40.380  -17.700  6.257 0.0000000000
58937  41.037  -17.696  5.733 0.0000000000
110954  41.680  -18.071  5.283 0.0000000000
56217  34.740  -20.715  10.894 0.0000000000
49136  31.408  -28.440  10.094 0.0000000000
119686  32.030  -28.419  9.878 0.0000000000
48210  31.926  -29.019  10.166 0.0000000000
48195  33.716  -29.738  11.022 0.0000000000
47281  33.986  -30.600  12.466 0.0000000000
32074  15.660  -45.895  25.622 0.0000000000
31159  14.969  -47.371  26.536 0.0000000000
32055  14.520  -47.169  25.950 0.0000000000
31171  13.811  -47.162  25.745 0.0000000000
29213  8.039  -49.340  29.823 0.0000000000
31170  23.339  -46.969  26.027 0.0000000000
47193  26.533  -30.546  18.407 0.0000000000
42627  34.199  -34.851  18.711 0.0000000000
115387  34.680  -34.618  19.195 0.0000000000
50872  30.060  -26.509  12.555 0.0000000000
50873  29.446  -26.942  12.321 0.0000000000
114775  18.255  -41.958  25.593 0.0000000000
35076  17.146  -43.134  25.670 0.0000000000
35091  16.944  -43.729  25.381 0.0000000000
37115  22.130  -41.611  24.341 0.0000000000
36140  22.375  -42.340  23.894 0.0000000000
44212  29.542  -33.543  19.784 0.0000000000
41009  31.932  -37.290  18.500 0.0000000000
41008  32.644  -37.217  18.539 0.0000000000
40996  33.358  -37.344  18.971 0.0000000000
106321  33.785  -37.720  19.616 0.0000000000
40985  34.571  -37.242  20.043 0.0000000000
60734  43.334  -15.489  6.662 0.0000000000
119307  44.638  -17.610  4.171 0.0000000000
58012  44.870  -18.277  4.566 0.0000000000
58011  45.678  -18.200  4.697 0.0000000000
58010  46.480  -17.995  4.782 0.0000000000
56291  37.952  -19.630  7.034 0.0000000000
54535  35.719  -22.355  8.383 0.0000000000
54555  36.402  -21.954  7.956 0.0000000000
111023  36.392  -22.773  8.349 0.0000000000
52707  38.087  -24.071  8.968 0.0000000000
124450  37.775  -25.517  9.391 0.0000000000
53614  32.868  -23.102  11.508 0.0000000000
53626  32.796  -23.081  10.621 0.0000000000
52703  32.930  -24.379  9.467 0.0000000000
49143  34.126  -28.018  9.746 0.0000000000
116946  34.593  -27.392  9.524 0.0000000000
50035  35.271  -27.391  9.618 0.0000000000
50034  35.976  -27.067  9.570 0.0000000000
50893  36.817  -26.860  9.823 0.0000000000
57957  37.934  -18.801  9.756 0.0000000000
57968  38.506  -18.411  9.269 0.0000000000
57978  38.491  -18.349  8.344 0.0000000000
32977  20.014  -44.793  27.284 0.0000000000
32963  19.822  -45.234  27.882 0.0000000000
29225  14.062  -49.097  28.841 0.0000000000
29212  13.610  -49.620  29.363 0.0000000000
28156  13.148  -50.184  29.885 0.0000000000
28172  12.429  -50.695  29.449 0.0000000000
120514  11.823  -45.551  27.769 0.0000000000
32967  11.696  -45.782  27.078 0.0000000000
32058  11.870  -46.289  26.532 0.0000000000
32044  11.249  -46.476  26.896 0.0000000000
30233  9.236  -48.396  27.860 0.0000000000
30232  9.745  -48.860  27.170 0.0000000000
121471  10.676  -50.874  27.323 0.0000000000
27208  10.464  -51.532  27.633 0.0000000000
24960  8.651  -53.121  27.703 0.0000000000
117514  7.124  -51.233  28.916 0.0000000000
24954  6.595  -53.605  28.090 0.0000000000
126320  6.436  -54.392  28.335 0.0000000000
23824  3.317  -54.015  31.053 0.0000000000
41818  26.736  -36.606  22.526 0.0000000000
40956  26.937  -36.963  21.895 0.0000000000
40974  26.527  -37.731  21.705 0.0000000000
40003  26.142  -38.558  21.393 0.0000000000
38081  26.649  -40.028  21.062 0.0000000000
36164  25.937  -42.122  21.386 0.0000000000
36163  26.778  -42.227  21.190 0.0000000000
34069  28.501  -44.783  22.927 0.0000000000
35111  24.791  -43.859  23.551 0.0000000000
32093  25.002  -45.759  23.633 0.0000000000
31168  25.379  -47.312  26.032 0.0000000000
54530  41.394  -22.180  8.640 0.0000000000
49974  27.352  -28.195  15.320 0.0000000000
49106  27.776  -28.103  13.852 0.0000000000
48175  27.675  -29.004  13.778 0.0000000000
48174  28.297  -29.541  13.285 0.0000000000
44223  27.751  -33.675  18.041 0.0000000000
45234  27.219  -33.012  17.768 0.0000000000
44233  27.518  -33.576  17.219 0.0000000000
44243  28.281  -33.672  16.374 0.0000000000
44239  31.951  -32.494  17.086 0.0000000000
110637  31.800  -31.930  16.647 0.0000000000
46221  31.069  -31.639  15.556 0.0000000000
46243  31.897  -31.521  14.891 0.0000000000
118818  32.615  -31.410  14.108 0.0000000000
46242  33.444  -31.498  14.502 0.0000000000
38070  30.960  -39.871  23.034 0.0000000000
38069  32.049  -40.205  22.953 0.0000000000
38068  33.115  -40.348  23.018 0.0000000000
65253  49.821  -10.971  0.652 0.0000000000
62651  45.726  -13.968  2.790 0.0000000000
118165  47.063  -14.038  2.141 0.0000000000
61741  49.823  -14.012  1.775 0.0000000000
61740  50.579  -13.776  1.737 0.0000000000
36142  20.592  -41.825  24.141 0.0000000000
37118  19.545  -41.226  24.837 0.0000000000
124605  22.621  -41.492  24.973 0.0000000000
57150  45.238  -19.546  6.500 0.0000000000
57140  44.474  -19.796  6.621 0.0000000000
56273  44.333  -20.209  7.433 0.0000000000
59814  41.385  -16.921  6.434 0.0000000000
60753  42.813  -16.187  4.967 0.0000000000
58003  42.527  -18.341  4.958 0.0000000000
58014  43.180  -18.092  4.686 0.0000000000
57119  36.518  -19.675  8.890 0.0000000000
57130  36.559  -19.922  8.194 0.0000000000
114039  36.104  -20.206  8.690 0.0000000000
55412  35.019  -21.360  8.914 0.0000000000
116268  35.165  -22.743  8.661 0.0000000000
51724  31.709  -25.498  10.381 0.0000000000
51738  32.196  -25.618  9.739 0.0000000000
50037  32.905  -27.332  9.485 0.0000000000
49145  32.469  -27.948  9.692 0.0000000000
49144  33.283  -28.044  9.698 0.0000000000
49123  35.725  -28.901  10.943 0.0000000000
48192  36.127  -29.400  11.728 0.0000000000
48182  36.465  -29.910  12.538 0.0000000000
47294  34.966  -30.005  11.787 0.0000000000
47256  37.205  -30.321  13.696 0.0000000000
35109  29.656  -43.043  22.986 0.0000000000
35108  30.153  -42.920  23.763 0.0000000000
112670  30.458  -43.796  23.757 0.0000000000
32043  17.148  -46.610  27.046 0.0000000000
32053  16.536  -46.681  26.710 0.0000000000
31142  14.710  -47.839  27.114 0.0000000000
30213  13.797  -48.903  28.047 0.0000000000
31123  9.564  -47.701  28.342 0.0000000000
29237  8.661  -50.059  27.429 0.0000000000
28184  7.608  -50.827  28.223 0.0000000000
29214  7.670  -49.935  29.531 0.0000000000
39984  25.202  -38.095  23.170 0.0000000000
39992  25.163  -38.433  22.190 0.0000000000
36155  26.371  -42.840  21.573 0.0000000000
33012  23.604  -45.893  24.039 0.0000000000
32069  24.136  -46.744  25.003 0.0000000000
31169  23.973  -47.158  25.717 0.0000000000
31155  24.583  -47.420  26.242 0.0000000000
53636  41.304  -23.364  9.532 0.0000000000
114861  26.460  -29.687  15.817 0.0000000000
43417  30.852  -35.100  17.093 0.0000000000
43416  31.529  -34.413  16.987 0.0000000000
44232  32.226  -33.406  17.322 0.0000000000
45233  32.691  -32.497  17.432 0.0000000000
45232  33.444  -32.533  17.693 0.0000000000
120489  47.235  -15.324  2.589 0.0000000000
22791  3.919  -56.234  29.316 0.0000000000
52681  32.168  -24.471  11.147 0.0000000000
118652  31.322  -26.281  10.327 0.0000000000
113243  31.127  -27.084  10.176 0.0000000000
50029  31.067  -27.815  10.162 0.0000000000
49137  30.685  -28.332  10.490 0.0000000000
108851  30.865  -29.564  11.005 0.0000000000
125071  19.757  -44.756  26.620 0.0000000000
32997  16.965  -45.098  25.475 0.0000000000
32998  16.146  -45.225  25.540 0.0000000000
120473  14.628  -45.131  25.766 0.0000000000
36137  26.265  -42.427  24.440 0.0000000000
35112  23.175  -43.292  23.699 0.0000000000
32993  22.306  -45.845  25.137 0.0000000000
46157  27.191  -31.245  20.449 0.0000000000
45192  27.562  -32.143  20.169 0.0000000000
44214  27.856  -33.308  18.968 0.0000000000
44213  28.592  -33.494  19.429 0.0000000000
43406  28.308  -34.190  17.946 0.0000000000
43419  28.806  -34.491  17.504 0.0000000000
42623  30.226  -35.107  18.920 0.0000000000
42631  29.919  -35.175  18.243 0.0000000000
42642  30.228  -35.319  17.610 0.0000000000
42640  31.717  -35.364  17.329 0.0000000000
42621  33.768  -35.809  18.559 0.0000000000
41854  33.204  -36.647  18.483 0.0000000000
42620  34.522  -35.594  19.191 0.0000000000
62643  45.244  -13.533  3.392 0.0000000000
62644  44.634  -13.874  3.846 0.0000000000
59829  43.951  -16.381  4.006 0.0000000000
59839  44.714  -16.309  3.624 0.0000000000
59838  45.612  -16.359  3.400 0.0000000000
59837  46.525  -16.387  3.366 0.0000000000
57153  40.020  -19.794  6.024 0.0000000000
115969  39.963  -20.442  6.400 0.0000000000
55443  38.799  -20.644  6.836 0.0000000000
55430  39.909  -21.477  7.338 0.0000000000
111414  39.719  -22.530  8.293 0.0000000000
56278  36.792  -20.304  7.683 0.0000000000
54554  37.399  -21.982  7.738 0.0000000000
53646  39.589  -23.096  8.734 0.0000000000
52688  39.960  -24.809  9.897 0.0000000000
51731  39.244  -25.048  9.711 0.0000000000
55373  33.845  -21.637  10.653 0.0000000000
55389  33.586  -22.083  10.160 0.0000000000
54521  33.892  -22.266  9.553 0.0000000000
51736  33.330  -25.155  9.207 0.0000000000
119366  34.217  -26.738  9.294 0.0000000000
51735  34.357  -25.319  8.955 0.0000000000
51745  35.168  -25.074  8.798 0.0000000000
50892  37.636  -26.632  10.087 0.0000000000
50891  38.482  -26.402  10.428 0.0000000000
124140  30.021  -39.767  23.357 0.0000000000
57986  39.168  -18.067  7.259 0.0000000000
57167  39.832  -18.871  6.036 0.0000000000
32952  20.373  -45.412  28.429 0.0000000000
35079  15.165  -43.984  26.767 0.0000000000
34025  13.597  -44.480  27.275 0.0000000000
31172  13.099  -47.001  25.674 0.0000000000
31162  12.478  -47.479  25.870 0.0000000000
29233  12.451  -49.474  27.277 0.0000000000
32031  10.597  -46.622  28.374 0.0000000000
31144  10.328  -47.603  27.192 0.0000000000
30240  10.629  -48.125  26.777 0.0000000000
30239  11.182  -48.432  26.474 0.0000000000
27170  11.793  -51.318  29.526 0.0000000000
27207  11.258  -51.231  27.979 0.0000000000
24950  10.137  -53.298  29.303 0.0000000000
23828  8.880  -54.908  29.759 0.0000000000
117453  8.408  -55.481  29.457 0.0000000000
26098  7.470  -52.671  27.683 0.0000000000
24961  7.956  -53.083  27.610 0.0000000000
23846  8.367  -54.445  28.347 0.0000000000
21794  6.813  -56.338  28.813 0.0000000000
23848  6.270  -55.224  28.471 0.0000000000
111790  6.211  -56.034  28.572 0.0000000000
21795  5.579  -56.364  28.686 0.0000000000
22799  4.873  -56.314  28.835 0.0000000000
26045  6.110  -52.300  30.392 0.0000000000
24929  4.805  -53.264  31.207 0.0000000000
22783  3.309  -55.327  30.208 0.0000000000
38072  28.261  -40.354  22.342 0.0000000000
40004  25.399  -38.863  21.532 0.0000000000
37141  27.132  -41.502  21.052 0.0000000000
33011  25.836  -45.861  23.693 0.0000000000
33023  27.167  -45.402  23.339 0.0000000000
33009  27.594  -45.821  24.054 0.0000000000
55427  42.244  -21.101  7.661 0.0000000000
55409  41.796  -21.614  8.203 0.0000000000
50010  29.121  -27.787  11.997 0.0000000000
49115  28.610  -28.195  12.555 0.0000000000
48198  29.998  -29.147  11.316 0.0000000000
47298  31.402  -30.176  11.518 0.0000000000
115867  26.684  -31.049  18.936 0.0000000000
46176  26.616  -31.488  18.195 0.0000000000
45235  26.755  -32.294  17.540 0.0000000000
46188  26.425  -31.514  17.239 0.0000000000
46205  26.425  -31.379  16.382 0.0000000000
46226  26.681  -31.189  15.598 0.0000000000
46248  27.137  -31.054  14.996 0.0000000000
44254  28.858  -33.179  16.008 0.0000000000
126088  30.090  -32.391  15.985 0.0000000000
124640  29.430  -32.508  15.796 0.0000000000
45262  28.564  -32.533  15.571 0.0000000000
46224  28.201  -31.887  15.102 0.0000000000
46247  27.783  -31.290  14.658 0.0000000000
47242  27.408  -30.606  14.524 0.0000000000
46272  28.109  -30.804  14.076 0.0000000000
47264  29.352  -30.637  13.374 0.0000000000
47263  30.113  -30.704  13.097 0.0000000000
118524  29.602  -30.302  12.726 0.0000000000
47285  30.212  -30.363  12.403 0.0000000000
47284  31.025  -30.519  12.245 0.0000000000
47282  33.020  -30.747  12.478 0.0000000000
47259  34.522  -30.914  13.154 0.0000000000
46266  34.074  -31.275  13.775 0.0000000000
46265  34.949  -31.219  13.859 0.0000000000
39031  30.219  -39.135  21.083 0.0000000000
39030  30.986  -39.322  20.830 0.0000000000
39015  31.482  -39.725  21.426 0.0000000000
39029  31.840  -39.461  20.734 0.0000000000
39003  33.619  -40.053  22.259 0.0000000000
39998  33.580  -39.325  21.095 0.0000000000
40013  33.513  -38.825  20.482 0.0000000000
64378  47.481  -11.670  2.405 0.0000000000
61744  47.706  -14.422  2.041 0.0000000000
63532  48.447  -12.514  1.238 0.0000000000
63540  50.361  -12.230  0.576 0.0000000000
115427  50.838  -12.664  0.720 0.0000000000
39021  25.164  -39.722  21.500 0.0000000000
41788  27.307  -36.301  24.438 0.0000000000
43403  33.920  -34.038  18.482 0.0000000000
43432  27.898  -33.893  16.835 0.0000000000
45259  31.152  -31.938  16.267 0.0000000000
46270  29.446  -31.125  14.035 0.0000000000
48158  27.280  -29.306  14.440 0.0000000000
115310  25.463  -38.963  24.711 0.0000000000
116897  44.946  -19.847  7.118 0.0000000000
126439  29.251  -41.829  23.175 0.0000000000
126480  27.551  -32.983  16.007 0.0000000000
