#!ascii label  , from subject sub-v1s10x0051159_ses-1 vox2ras=TkReg
1440
5835  -21.349  -80.267  -33.543 0.5000000000
127899  -20.683  -79.368  -33.566 0.6000000238
6464  -27.433  -79.240  -27.788 0.3000000119
6536  -19.289  -79.338  -33.451 0.5000000000
5799  -27.688  -81.503  -29.761 0.4000000060
5792  -28.276  -80.952  -29.317 0.4000000060
6487  -28.342  -79.943  -28.728 0.4000000060
6465  -28.408  -79.127  -27.960 0.3000000119
138252  -28.687  -81.030  -29.419 0.4000000060
7243  -21.438  -77.549  -32.816 0.5000000000
7254  -21.829  -77.955  -33.434 0.5000000000
5836  -22.185  -79.863  -33.436 0.5000000000
7225  -20.709  -77.767  -32.216 0.6000000238
7242  -20.539  -77.562  -32.934 0.5000000000
7253  -20.482  -78.259  -33.474 0.6000000238
7163  -27.899  -77.751  -26.437 0.3000000119
7931  -19.361  -77.938  -33.118 0.5000000000
5175  -26.577  -82.139  -31.098 0.5000000000
5172  -26.904  -82.007  -30.625 0.5000000000
7167  -27.649  -78.577  -27.001 0.3000000119
7928  -19.716  -77.691  -32.950 0.6000000238
128083  -19.985  -79.048  -33.551 0.5000000000
5807  -27.823  -81.451  -30.460 0.5000000000
5160  -27.621  -81.671  -30.205 0.4000000060
6488  -29.389  -79.916  -28.603 0.4000000060
129456  -29.168  -78.988  -28.032 0.3000000119
7168  -28.567  -78.387  -27.274 0.3000000119
5817  -27.562  -80.740  -31.392 0.4000000060
121230  -28.857  -80.956  -29.371 0.4000000060
5794  -29.868  -80.608  -28.933 0.4000000060
5809  -29.260  -80.611  -29.642 0.4000000060
6510  -22.883  -78.888  -30.222 0.6999999881
119205  -23.414  -78.364  -31.158 0.6999999881
7227  -23.025  -77.870  -32.378 0.6999999881
124081  -22.607  -80.680  -33.294 0.5000000000
6484  -22.799  -79.207  -28.461 0.6999999881
6499  -22.350  -79.216  -29.401 0.6999999881
7209  -21.631  -78.615  -31.242 0.8000000119
7226  -22.070  -77.890  -32.171 0.5000000000
127082  -20.806  -78.577  -31.313 0.6999999881
5183  -23.677  -81.926  -32.839 0.5000000000
6498  -21.427  -79.384  -29.563 0.6999999881
5184  -24.652  -81.767  -32.505 0.4000000060
5186  -26.127  -81.636  -31.755 0.5000000000
7863  -28.294  -77.049  -25.950 0.3000000119
6507  -20.043  -79.138  -30.618 0.6000000238
124236  -25.481  -80.581  -32.490 0.5000000000
5816  -26.846  -81.293  -31.544 0.5000000000
7208  -20.082  -78.216  -31.509 0.5000000000
5828  -26.963  -80.264  -31.982 0.5000000000
6520  -27.972  -79.553  -31.617 0.4000000060
5795  -30.329  -80.413  -28.992 0.4000000060
6489  -30.367  -80.197  -28.730 0.4000000060
6466  -30.056  -79.449  -28.210 0.4000000060
6521  -28.790  -79.385  -31.106 0.3000000119
6511  -28.940  -80.368  -30.386 0.4000000060
8560  -22.057  -76.111  -26.855 0.5000000000
8556  -22.520  -76.744  -26.246 0.6000000238
7862  -23.194  -77.079  -26.567 0.6000000238
6485  -23.516  -78.825  -28.329 0.6000000238
6500  -23.204  -79.028  -29.254 0.6000000238
9344  -20.430  -75.426  -27.502 0.5000000000
9338  -21.096  -75.935  -26.734 0.5000000000
8555  -21.761  -76.450  -26.034 0.6000000238
7161  -23.187  -77.874  -26.655 0.6000000238
6461  -23.177  -78.933  -27.691 0.6999999881
7255  -22.486  -77.771  -33.227 0.6000000238
6434  -29.033  -79.460  -24.446 0.3000000119
9336  -19.106  -75.535  -26.344 0.6999999881
9337  -20.108  -75.815  -26.394 0.6000000238
8554  -20.974  -76.253  -25.907 0.6000000238
137951  -22.119  -76.998  -25.733 0.6000000238
7160  -22.561  -78.354  -26.383 0.6999999881
6460  -22.565  -79.266  -27.577 0.6999999881
7257  -24.157  -78.114  -33.077 0.6000000238
6540  -24.167  -78.706  -33.174 0.6000000238
5825  -23.938  -80.867  -32.803 0.5000000000
9335  -18.279  -75.276  -26.325 0.6999999881
9322  -19.503  -75.905  -25.719 0.6000000238
8549  -20.342  -76.353  -25.350 0.6000000238
8550  -21.381  -76.857  -25.363 0.6000000238
7159  -21.908  -78.712  -26.135 0.6999999881
130746  -21.136  -79.658  -28.106 0.6999999881
5826  -24.495  -80.078  -32.822 0.5000000000
7859  -27.684  -77.648  -25.560 0.3000000119
9320  -17.614  -75.272  -25.728 0.6999999881
9321  -18.586  -75.701  -25.508 0.6000000238
8548  -19.400  -76.232  -25.017 0.6999999881
7155  -21.465  -78.327  -25.385 0.6000000238
6440  -21.224  -79.069  -25.829 0.6000000238
6497  -20.504  -79.510  -29.721 0.6999999881
130830  -24.761  -78.244  -33.082 0.5000000000
6531  -25.923  -79.148  -32.751 0.5000000000
117856  -20.036  -76.631  -24.676 0.6000000238
7148  -20.750  -78.296  -24.560 0.6000000238
6458  -20.774  -79.719  -27.361 0.6000000238
6496  -19.641  -79.543  -29.642 0.6000000238
6506  -19.080  -79.063  -30.271 0.6000000238
7247  -25.545  -78.109  -32.961 0.5000000000
7867  -28.933  -77.505  -26.811 0.3000000119
120580  -18.720  -76.326  -23.749 0.6999999881
7835  -19.633  -76.826  -23.352 0.6000000238
7847  -20.654  -77.547  -24.445 0.6000000238
7154  -20.825  -78.957  -25.067 0.6000000238
6439  -20.533  -79.446  -25.649 0.5000000000
6457  -19.886  -79.876  -26.930 0.5000000000
6495  -18.731  -79.388  -29.342 0.5000000000
7207  -19.368  -78.416  -31.074 0.5000000000
7249  -26.938  -78.613  -32.418 0.5000000000
7906  -29.809  -77.767  -30.677 0.3000000119
7214  -29.619  -78.679  -30.796 0.3000000119
7215  -30.469  -79.368  -29.950 0.3000000119
6502  -30.858  -80.034  -29.182 0.4000000060
6490  -30.868  -80.124  -28.896 0.4000000060
7195  -18.164  -78.714  -29.994 0.5000000000
7234  -28.670  -78.072  -31.308 0.3000000119
6501  -30.047  -80.236  -29.465 0.4000000060
10119  -19.867  -74.734  -28.307 0.5000000000
9354  -21.787  -75.114  -29.098 0.5000000000
9346  -22.365  -75.718  -27.992 0.5000000000
10125  -18.334  -73.576  -29.167 0.5000000000
10118  -18.784  -74.525  -27.918 0.5000000000
9345  -21.389  -75.584  -27.815 0.5000000000
8561  -22.958  -76.358  -26.951 0.5000000000
7166  -24.197  -77.609  -27.498 0.6000000238
7185  -24.273  -78.315  -28.229 0.6000000238
10106  -18.018  -74.778  -27.057 0.5000000000
7211  -23.840  -78.733  -30.015 0.6000000238
7228  -24.011  -77.895  -32.134 0.8000000119
132224  -30.072  -79.908  -24.330 0.3000000119
121429  -17.072  -74.475  -27.015 0.6000000238
10105  -17.585  -74.968  -26.429 0.6000000238
9342  -18.749  -75.103  -26.920 0.6000000238
7212  -24.696  -78.334  -30.281 0.4000000060
6436  -30.640  -79.323  -24.101 0.3000000119
10091  -16.851  -74.773  -26.131 0.6999999881
7918  -25.597  -77.691  -32.457 0.5000000000
7245  -23.713  -77.857  -32.935 0.6000000238
122430  -28.688  -77.261  -24.604 0.3000000119
9319  -16.692  -75.106  -25.156 0.6999999881
7230  -25.708  -77.672  -31.596 0.4000000060
8551  -28.703  -76.571  -25.406 0.3000000119
120122  -17.672  -75.621  -24.868 0.6000000238
8522  -17.756  -76.023  -24.072 0.6999999881
7169  -29.581  -78.539  -27.589 0.3000000119
9292  -17.209  -75.719  -23.581 0.6000000238
9293  -18.071  -76.045  -23.281 0.6999999881
7836  -20.153  -77.474  -23.492 0.6000000238
6432  -20.279  -79.128  -24.318 0.5000000000
5755  -19.798  -79.844  -25.489 0.5000000000
6481  -19.472  -79.707  -28.579 0.6000000238
7920  -26.869  -77.643  -32.077 0.4000000060
7231  -26.885  -77.979  -32.375 0.4000000060
8598  -29.480  -76.962  -30.490 0.3000000119
133555  -30.180  -77.180  -30.388 0.3000000119
8599  -30.855  -77.017  -30.205 0.3000000119
7907  -30.650  -77.814  -30.337 0.3000000119
7199  -31.420  -79.410  -29.304 0.4000000060
7868  -30.313  -78.053  -27.370 0.3000000119
7830  -20.059  -77.642  -22.692 0.6000000238
6417  -19.660  -79.683  -23.874 0.5000000000
5742  -19.126  -80.169  -24.339 0.5000000000
6444  -19.418  -79.983  -26.264 0.5000000000
140485  -18.408  -79.787  -27.748 0.5000000000
139792  -17.795  -79.481  -28.379 0.6000000238
6479  -17.745  -79.183  -29.033 0.5000000000
7921  -27.659  -77.859  -31.768 0.3000000119
126960  -29.000  -77.453  -30.873 0.3000000119
7124  -20.172  -78.555  -22.755 0.5000000000
127976  -18.671  -80.430  -24.921 0.5000000000
5778  -17.376  -80.149  -27.232 0.5000000000
5764  -16.924  -80.471  -26.616 0.5000000000
10947  -18.376  -72.065  -30.916 0.5000000000
10933  -18.865  -72.817  -30.666 0.5000000000
9353  -20.825  -74.955  -28.701 0.5000000000
10129  -22.270  -74.364  -30.228 0.5000000000
9355  -22.717  -75.185  -29.250 0.5000000000
9347  -23.356  -75.854  -27.931 0.5000000000
10921  -16.482  -73.036  -28.806 0.5000000000
10126  -19.377  -73.831  -29.338 0.5000000000
9348  -24.273  -75.997  -27.974 0.4000000060
10117  -17.494  -73.981  -28.065 0.5000000000
7878  -24.707  -77.421  -27.934 0.4000000060
5746  -30.515  -80.942  -24.459 0.3000000119
6437  -31.476  -79.740  -24.004 0.3000000119
10116  -16.337  -73.590  -27.770 0.6000000238
7186  -24.986  -78.048  -28.659 0.4000000060
7198  -25.216  -78.222  -29.540 0.4000000060
10908  -15.404  -73.057  -27.556 0.6000000238
10104  -16.134  -74.045  -26.766 0.6000000238
7152  -30.322  -78.270  -23.933 0.3000000119
7151  -29.371  -77.697  -24.232 0.3000000119
10090  -15.997  -74.451  -25.822 0.6000000238
7903  -26.217  -77.723  -30.836 0.4000000060
9301  -15.525  -74.488  -24.680 0.6000000238
136802  -26.367  -77.613  -30.217 0.4000000060
127419  -26.787  -77.558  -31.493 0.4000000060
9291  -16.366  -75.338  -23.770 0.6999999881
125625  -27.482  -77.489  -31.237 0.3000000119
8597  -28.678  -76.852  -30.553 0.3000000119
10140  -19.895  -73.029  -30.362 0.5000000000
10127  -20.363  -74.073  -29.549 0.5000000000
10128  -21.325  -74.260  -29.930 0.5000000000
9369  -23.077  -74.463  -30.136 0.4000000060
124166  -17.988  -72.517  -30.253 0.5000000000
9356  -23.580  -75.214  -29.173 0.4000000060
10946  -17.597  -71.825  -30.228 0.6000000238
8570  -24.851  -76.510  -27.988 0.4000000060
7879  -25.333  -77.192  -28.397 0.4000000060
7153  -31.312  -78.829  -23.814 0.3000000119
10089  -15.309  -73.575  -26.442 0.6000000238
138125  -25.588  -77.823  -28.970 0.4000000060
7891  -25.964  -77.831  -29.773 0.4000000060
7892  -26.551  -77.347  -29.817 0.4000000060
8583  -27.573  -76.415  -29.717 0.4000000060
8596  -27.976  -76.860  -30.555 0.3000000119
8584  -28.346  -76.314  -29.984 0.3000000119
10076  -16.179  -74.788  -23.174 0.6000000238
10948  -19.168  -72.353  -30.851 0.5000000000
10141  -20.957  -73.291  -30.466 0.5000000000
10950  -22.124  -72.938  -30.715 0.4000000060
10143  -22.724  -73.507  -30.579 0.4000000060
11818  -18.543  -71.399  -30.215 0.5000000000
11819  -19.611  -71.994  -30.407 0.5000000000
9370  -23.714  -74.516  -29.804 0.4000000060
11816  -16.544  -71.775  -29.544 0.6000000238
12662  -17.126  -71.149  -29.414 0.6000000238
11810  -19.307  -71.534  -28.960 0.6000000238
133535  -24.413  -74.972  -29.194 0.4000000060
11815  -15.782  -71.954  -28.921 0.6000000238
12673  -16.343  -71.573  -29.246 0.6000000238
9358  -25.970  -75.136  -28.563 0.4000000060
8571  -25.551  -76.082  -28.427 0.4000000060
10907  -15.038  -72.712  -27.121 0.6000000238
7880  -26.087  -77.116  -28.978 0.4000000060
8573  -26.990  -75.794  -28.803 0.4000000060
8582  -26.797  -76.682  -29.376 0.4000000060
9372  -27.915  -75.735  -29.223 0.4000000060
7850  -29.254  -76.655  -24.503 0.3000000119
7837  -30.799  -76.590  -23.857 0.3000000119
10906  -14.797  -72.854  -26.365 0.6000000238
9339  -30.268  -75.666  -25.883 0.3000000119
8539  -29.723  -75.898  -24.802 0.3000000119
127941  -14.997  -73.794  -25.103 0.6000000238
10864  -14.939  -73.174  -23.975 0.6999999881
11742  -14.695  -71.861  -24.879 0.6999999881
10068  -15.492  -74.051  -23.339 0.6000000238
11743  -14.832  -72.082  -23.888 0.6999999881
12620  -14.951  -71.214  -24.353 0.6999999881
125140  -15.214  -73.038  -23.023 0.6000000238
12631  -15.424  -71.262  -24.856 0.6999999881
13485  -16.738  -70.423  -24.041 0.6000000238
12612  -15.033  -71.088  -23.382 0.6999999881
13491  -15.197  -70.760  -24.345 0.6999999881
11833  -20.912  -72.522  -30.249 0.5000000000
11821  -22.118  -72.672  -30.317 0.5000000000
11811  -20.608  -72.127  -29.134 0.5000000000
121170  -22.961  -72.946  -29.019 0.5000000000
10144  -23.308  -73.258  -30.358 0.4000000060
138485  -23.450  -73.795  -30.291 0.4000000060
11809  -17.412  -71.310  -28.226 0.6000000238
11799  -19.199  -72.037  -27.266 0.6000000238
122154  -20.022  -72.262  -27.786 0.6000000238
10909  -20.834  -72.712  -27.407 0.6000000238
10130  -24.475  -73.859  -29.644 0.4000000060
12660  -15.628  -71.844  -28.435 0.6000000238
11784  -19.984  -72.818  -26.408 0.6000000238
9357  -25.115  -74.914  -28.868 0.4000000060
12659  -15.126  -71.919  -27.451 0.6000000238
11797  -16.606  -71.647  -27.188 0.6000000238
11782  -17.998  -72.605  -25.277 0.6000000238
11765  -18.861  -73.037  -24.827 0.6000000238
138494  -19.567  -73.095  -25.353 0.6000000238
138925  -26.630  -74.815  -28.461 0.4000000060
132353  -27.954  -73.566  -28.664 0.4000000060
139542  -15.139  -71.754  -26.777 0.6000000238
11781  -16.945  -72.088  -25.822 0.6000000238
11745  -18.909  -73.143  -23.920 0.6000000238
10866  -20.269  -73.414  -22.863 0.6000000238
9359  -27.388  -74.950  -28.397 0.4000000060
10134  -28.558  -74.214  -28.349 0.4000000060
11778  -14.631  -72.251  -26.118 0.6000000238
11762  -16.126  -71.629  -25.359 0.5000000000
11763  -17.231  -72.310  -24.771 0.6000000238
130909  -18.413  -72.627  -23.474 0.6000000238
10851  -19.526  -73.082  -22.687 0.6000000238
11707  -20.756  -72.657  -21.337 0.6999999881
10876  -14.699  -73.161  -24.813 0.6999999881
12639  -15.091  -71.668  -25.763 0.6000000238
11744  -17.642  -72.198  -23.940 0.6000000238
134798  -20.022  -72.535  -21.398 0.6000000238
11687  -21.145  -72.264  -20.690 0.6000000238
12579  -22.294  -71.524  -20.322 0.6000000238
11726  -18.608  -72.030  -21.925 0.6000000238
11685  -19.382  -71.952  -21.010 0.6000000238
12577  -20.645  -71.731  -20.251 0.6000000238
12557  -21.561  -71.197  -19.914 0.6000000238
12622  -17.189  -71.389  -23.862 0.6000000238
12623  -18.006  -71.851  -22.933 0.6000000238
12575  -18.834  -71.232  -20.504 0.5000000000
12555  -20.049  -71.227  -19.776 0.6000000238
12556  -20.888  -71.224  -19.767 0.6000000238
12602  -17.980  -71.249  -21.970 0.5000000000
13483  -15.132  -70.227  -23.801 0.6999999881
133277  -16.388  -69.669  -24.172 0.6999999881
140163  -17.404  -70.036  -22.686 0.5000000000
13469  -17.627  -70.298  -21.863 0.6000000238
13470  -18.126  -70.872  -21.067 0.5000000000
13451  -19.266  -70.878  -19.833 0.5000000000
14319  -17.984  -69.752  -20.392 0.6000000238
142100  -9.576  -62.902  -24.802 0.6000000238
19476  -10.414  -63.284  -25.574 0.6000000238
19492  -11.010  -63.644  -26.256 0.6000000238
11820  -21.561  -72.434  -29.810 0.5000000000
10922  -21.571  -72.606  -28.478 0.5000000000
119030  -24.038  -73.181  -29.504 0.5000000000
10145  -23.896  -73.413  -29.961 0.4000000060
10892  -20.322  -73.324  -25.285 0.5000000000
10893  -20.956  -73.246  -26.113 0.5000000000
123956  -22.205  -73.613  -24.782 0.5000000000
121354  -24.649  -73.273  -29.623 0.4000000060
10937  -25.197  -73.035  -29.843 0.4000000060
119075  -21.197  -73.554  -25.025 0.5000000000
118997  -22.260  -73.636  -23.830 0.5000000000
10132  -25.927  -74.084  -28.962 0.4000000060
10938  -25.814  -73.063  -29.826 0.4000000060
10939  -26.727  -73.075  -29.583 0.4000000060
121264  -21.046  -73.527  -23.080 0.5000000000
10854  -22.298  -73.401  -22.557 0.5000000000
10879  -21.386  -73.594  -23.964 0.5000000000
132722  -26.738  -74.078  -28.620 0.4000000060
10841  -21.165  -73.054  -21.915 0.6000000238
10842  -21.978  -73.148  -21.864 0.6000000238
11688  -22.002  -72.282  -20.663 0.6000000238
11709  -22.471  -72.764  -21.276 0.5000000000
13452  -22.730  -70.760  -20.395 0.4000000060
13453  -23.601  -70.650  -20.620 0.4000000060
14300  -21.506  -69.993  -19.646 0.6000000238
13433  -21.951  -70.704  -19.959 0.6000000238
122982  -22.798  -69.655  -20.879 0.5000000000
134760  -23.356  -69.478  -21.361 0.4000000060
14323  -23.708  -69.898  -20.846 0.4000000060
15163  -24.174  -68.847  -22.059 0.4000000060
118476  -15.327  -71.127  -21.998 0.6999999881
140033  -20.350  -69.957  -19.172 0.6000000238
15130  -22.232  -69.097  -21.085 0.5000000000
14351  -23.497  -69.260  -22.224 0.4000000060
14358  -17.056  -69.070  -23.189 0.6000000238
14320  -18.377  -69.611  -19.741 0.5000000000
14298  -19.541  -69.364  -18.951 0.5000000000
14321  -21.733  -69.300  -19.846 0.5000000000
15161  -22.256  -69.080  -22.474 0.5000000000
14337  -22.718  -69.345  -21.779 0.4000000060
14362  -23.414  -69.261  -23.119 0.4000000060
14349  -17.350  -69.423  -22.429 0.6000000238
15113  -20.579  -68.338  -18.874 0.5000000000
20367  -8.421  -62.306  -22.615 0.6999999881
20393  -8.912  -62.019  -23.876 0.6000000238
136453  -8.853  -60.860  -23.149 0.6999999881
20382  -9.420  -62.380  -24.251 0.6000000238
22118  -9.586  -60.408  -23.162 0.6000000238
19477  -11.400  -63.402  -25.885 0.6000000238
141480  -10.637  -62.636  -23.659 0.6000000238
21290  -9.944  -60.788  -23.533 0.6000000238
123548  -10.231  -60.134  -23.265 0.6000000238
21292  -11.683  -60.710  -23.393 0.6000000238
121337  -12.002  -63.689  -26.689 0.5000000000
127645  -12.131  -63.489  -25.757 0.6000000238
19450  -10.934  -63.156  -23.898 0.6000000238
19434  -11.304  -63.139  -23.175 0.6000000238
21275  -11.428  -61.614  -23.176 0.6000000238
10925  -24.291  -73.121  -28.693 0.5000000000
118769  -13.616  -62.937  -27.115 0.5000000000
19478  -12.736  -63.479  -26.582 0.5000000000
19451  -11.802  -63.770  -23.460 0.5000000000
20368  -11.729  -62.626  -22.833 0.5000000000
138483  -21.822  -73.180  -26.985 0.4000000060
125075  -23.296  -73.558  -26.009 0.5000000000
117566  -24.765  -72.914  -29.486 0.4000000060
132856  -14.453  -62.468  -26.901 0.5000000000
19479  -13.245  -63.541  -26.079 0.5000000000
18538  -12.601  -64.263  -22.879 0.5000000000
19436  -12.949  -63.328  -22.113 0.5000000000
10895  -23.179  -73.610  -25.139 0.5000000000
136642  -25.088  -72.501  -29.941 0.4000000060
11835  -25.802  -72.001  -30.531 0.4000000060
12681  -26.130  -71.556  -30.589 0.4000000060
19508  -14.922  -63.415  -27.398 0.5000000000
18579  -14.409  -63.640  -25.831 0.5000000000
18565  -13.249  -64.146  -24.640 0.6000000238
121556  -14.161  -64.819  -23.229 0.6000000238
10953  -25.835  -72.335  -30.386 0.4000000060
19481  -16.434  -63.755  -26.535 0.6000000238
18580  -15.476  -64.051  -25.410 0.6000000238
18566  -14.235  -64.490  -24.385 0.6999999881
10855  -22.968  -73.413  -22.638 0.4000000060
10843  -22.785  -73.191  -21.970 0.5000000000
15975  -14.376  -67.319  -23.567 0.6000000238
11690  -23.893  -72.115  -20.955 0.5000000000
12582  -25.179  -71.140  -20.837 0.4000000060
15171  -14.740  -67.819  -23.287 0.6000000238
12581  -24.257  -71.321  -20.764 0.4000000060
14347  -14.667  -68.833  -22.509 0.6000000238
14356  -15.606  -68.844  -24.028 0.6000000238
14324  -24.975  -69.033  -20.740 0.4000000060
15173  -16.857  -68.450  -23.402 0.6000000238
130836  -15.464  -69.780  -24.112 0.6999999881
117619  -17.461  -68.368  -21.042 0.6000000238
15110  -17.820  -68.034  -19.972 0.6000000238
15111  -18.373  -68.812  -19.514 0.5000000000
120392  -19.055  -68.701  -18.956 0.5000000000
21261  -8.758  -61.627  -22.399 0.6999999881
21262  -9.342  -61.008  -22.275 0.6999999881
21263  -10.123  -60.978  -21.726 0.6000000238
22107  -10.193  -59.983  -22.986 0.6000000238
138769  -11.311  -59.956  -21.866 0.6000000238
22108  -10.822  -59.672  -23.010 0.6000000238
22967  -11.363  -59.573  -23.292 0.6999999881
22109  -12.274  -59.879  -23.743 0.6000000238
132378  -12.167  -61.918  -22.746 0.6000000238
127656  -23.859  -73.604  -26.453 0.5000000000
135236  -23.885  -73.421  -27.555 0.5000000000
10926  -24.951  -73.166  -27.823 0.5000000000
20370  -13.086  -62.244  -22.255 0.6000000238
21276  -12.593  -61.027  -23.042 0.5000000000
10912  -25.088  -73.338  -26.468 0.5000000000
11822  -25.171  -72.639  -28.861 0.5000000000
11823  -25.423  -72.121  -29.884 0.4000000060
18520  -14.472  -64.528  -21.763 0.6000000238
18519  -13.699  -64.333  -22.074 0.6000000238
20371  -14.094  -62.121  -21.909 0.5000000000
125632  -23.930  -73.575  -23.937 0.5000000000
16791  -14.645  -66.676  -25.335 0.6000000238
16805  -16.179  -66.555  -25.984 0.4000000060
17674  -16.754  -64.803  -26.423 0.6000000238
18553  -15.359  -64.913  -24.049 0.6000000238
17620  -15.060  -65.184  -22.869 0.6000000238
19419  -14.061  -63.836  -21.634 0.6000000238
10856  -24.205  -73.235  -22.704 0.4000000060
10871  -25.046  -73.158  -23.735 0.4000000060
16792  -15.857  -66.932  -25.569 0.5000000000
16821  -16.993  -65.678  -26.065 0.5000000000
18568  -17.628  -64.778  -25.806 0.6000000238
17647  -16.767  -65.167  -24.496 0.6999999881
17634  -16.094  -65.438  -23.491 0.6000000238
17609  -15.985  -65.572  -21.638 0.6000000238
18521  -15.387  -64.616  -21.250 0.6000000238
11727  -24.066  -72.980  -22.053 0.5000000000
15986  -15.012  -66.992  -24.483 0.6000000238
16793  -17.616  -66.380  -24.743 0.6000000238
17635  -16.920  -66.030  -23.962 0.6000000238
138270  -16.424  -65.610  -21.079 0.6000000238
18522  -16.187  -64.907  -20.893 0.6000000238
19406  -16.868  -63.664  -20.560 0.6000000238
12604  -24.793  -71.890  -21.187 0.4000000060
15987  -16.144  -67.361  -24.815 0.5000000000
129464  -17.596  -66.578  -24.903 0.6000000238
16782  -16.894  -66.786  -23.728 0.6000000238
16746  -16.859  -66.159  -20.845 0.6000000238
122659  -17.298  -64.862  -20.212 0.6000000238
136388  -15.467  -68.080  -23.846 0.6000000238
15185  -16.120  -68.082  -24.148 0.6000000238
122038  -16.595  -67.780  -23.906 0.6000000238
15965  -16.909  -67.583  -22.205 0.6000000238
16758  -16.866  -66.912  -21.558 0.6000000238
126841  -17.163  -68.197  -21.958 0.6000000238
15160  -17.190  -68.677  -22.607 0.6000000238
130700  -18.553  -68.041  -19.235 0.5000000000
15909  -19.992  -67.743  -18.593 0.5000000000
20331  -9.407  -62.702  -20.945 0.6999999881
20348  -9.799  -61.812  -21.347 0.6999999881
137760  -10.258  -64.570  -19.407 0.6999999881
132283  -10.558  -63.945  -19.828 0.6999999881
20332  -10.368  -62.531  -20.725 0.6999999881
21251  -10.716  -61.630  -21.139 0.6999999881
21252  -11.567  -61.431  -20.857 0.6000000238
22099  -12.092  -59.932  -21.632 0.6000000238
22959  -12.384  -59.317  -22.249 0.5000000000
22958  -11.413  -59.551  -22.638 0.6999999881
22968  -12.086  -59.151  -23.161 0.5000000000
22977  -12.194  -59.233  -23.626 0.5000000000
22110  -13.210  -60.276  -23.600 0.5000000000
10898  -25.233  -73.238  -25.450 0.4000000060
11812  -25.505  -72.995  -27.159 0.5000000000
12647  -26.657  -71.964  -27.273 0.5000000000
12663  -26.051  -71.829  -28.988 0.5000000000
12664  -26.690  -71.369  -28.892 0.4000000060
10882  -24.542  -73.425  -24.217 0.4000000060
11800  -25.536  -73.073  -26.154 0.4000000060
21265  -15.042  -62.062  -21.657 0.6000000238
137096  -15.536  -63.673  -20.942 0.6000000238
20351  -15.343  -62.913  -21.171 0.6000000238
18505  -17.954  -64.326  -20.101 0.6000000238
20335  -17.224  -62.880  -20.715 0.6000000238
138505  -17.382  -66.404  -20.377 0.6000000238
17582  -18.055  -65.232  -19.841 0.6000000238
19407  -17.709  -63.568  -20.440 0.6000000238
135391  -17.457  -67.579  -20.702 0.6000000238
18506  -18.807  -64.562  -19.862 0.5000000000
15923  -18.255  -67.227  -19.623 0.6000000238
16734  -18.833  -66.596  -19.324 0.5000000000
15925  -19.471  -67.207  -18.818 0.5000000000
18474  -10.503  -65.120  -18.833 0.6999999881
18491  -11.022  -64.453  -19.298 0.6999999881
19396  -12.280  -63.525  -19.510 0.6999999881
20318  -11.813  -62.919  -19.981 0.6999999881
129057  -12.625  -62.689  -19.777 0.6000000238
20334  -12.120  -62.092  -20.250 0.6999999881
21253  -12.422  -61.316  -20.580 0.4000000060
17555  -11.122  -66.252  -17.698 0.6999999881
17570  -11.759  -65.495  -18.214 0.6999999881
18476  -12.306  -64.858  -18.699 0.6000000238
19397  -13.133  -63.322  -19.398 0.6000000238
22100  -12.802  -59.801  -21.366 0.5000000000
15889  -11.927  -67.778  -16.636 0.6999999881
132948  -11.870  -66.558  -17.264 0.6999999881
22960  -13.358  -59.135  -21.761 0.5000000000
15081  -12.453  -68.460  -16.153 0.6999999881
22969  -12.887  -58.429  -22.692 0.5000000000
15068  -12.639  -68.849  -15.418 0.6000000238
14245  -12.637  -69.189  -14.434 0.6000000238
128906  -12.467  -69.083  -13.008 0.6000000238
15845  -11.760  -67.316  -11.658 0.5000000000
16663  -12.447  -66.796  -11.712 0.5000000000
123449  -26.581  -72.050  -26.022 0.4000000060
12648  -27.464  -71.328  -27.190 0.4000000060
19408  -18.728  -63.671  -20.324 0.6000000238
20320  -13.483  -62.526  -19.659 0.5000000000
20319  -12.970  -61.949  -20.134 0.5000000000
17556  -12.199  -65.966  -17.659 0.6000000238
17571  -12.750  -65.408  -18.226 0.6000000238
18477  -13.214  -64.742  -18.635 0.6000000238
18494  -13.634  -63.990  -19.045 0.6000000238
21241  -13.888  -61.684  -19.983 0.5000000000
21255  -13.719  -60.814  -20.434 0.5000000000
22091  -14.229  -60.323  -20.478 0.5000000000
15890  -12.697  -67.689  -16.343 0.6999999881
16707  -12.747  -66.484  -17.208 0.6000000238
17557  -13.213  -65.895  -17.674 0.6000000238
17572  -13.681  -65.335  -18.161 0.6000000238
17573  -14.564  -65.264  -18.017 0.6000000238
22946  -14.223  -59.627  -20.946 0.5000000000
15877  -13.051  -68.175  -15.797 0.6999999881
134291  -13.437  -67.678  -16.123 0.6000000238
15891  -14.200  -67.416  -16.097 0.6000000238
16698  -14.873  -66.894  -16.337 0.6000000238
137978  -15.405  -66.332  -16.677 0.6000000238
15069  -13.237  -68.502  -14.979 0.6000000238
15878  -13.840  -67.952  -15.455 0.6000000238
15879  -14.569  -67.921  -14.789 0.6000000238
16686  -15.029  -67.381  -15.451 0.6000000238
15051  -12.952  -69.006  -13.501 0.6000000238
15042  -13.796  -68.096  -12.566 0.6000000238
15864  -15.047  -67.568  -13.331 0.6000000238
15865  -15.580  -67.453  -13.984 0.6000000238
134418  -12.990  -68.190  -12.246 0.5000000000
15855  -12.381  -67.763  -11.888 0.5000000000
15857  -14.004  -67.224  -12.346 0.5000000000
16671  -14.770  -66.841  -12.791 0.6000000238
16672  -15.551  -66.885  -13.453 0.6000000238
17493  -10.983  -65.813  -11.634 0.5000000000
16664  -13.397  -66.588  -12.022 0.5000000000
16665  -14.095  -66.437  -12.374 0.6000000238
17520  -15.362  -66.064  -13.055 0.6000000238
17504  -11.033  -64.979  -12.094 0.5000000000
18391  -11.903  -64.683  -12.448 0.5000000000
17506  -12.759  -65.877  -11.956 0.4000000060
17507  -13.620  -65.656  -12.337 0.5000000000
18394  -14.152  -65.101  -12.649 0.6000000238
20321  -14.329  -62.427  -19.500 0.6000000238
123291  -14.781  -61.752  -19.581 0.5000000000
22076  -14.619  -60.957  -20.012 0.5000000000
19382  -15.237  -63.681  -18.635 0.6000000238
20307  -15.548  -62.810  -18.857 0.5000000000
22092  -15.027  -60.143  -20.275 0.5000000000
18458  -16.289  -64.989  -17.446 0.6999999881
18480  -16.595  -64.278  -17.924 0.6999999881
16699  -16.222  -66.139  -16.150 0.6000000238
17547  -16.859  -65.492  -16.517 0.6999999881
16688  -16.380  -66.455  -15.265 0.6000000238
17539  -16.961  -65.913  -15.543 0.6999999881
16673  -16.156  -66.205  -13.711 0.6000000238
17530  -16.819  -65.864  -14.354 0.6999999881
17521  -15.786  -65.463  -13.299 0.6000000238
17522  -16.434  -65.293  -13.740 0.6999999881
19312  -10.410  -63.665  -13.673 0.5000000000
18407  -11.815  -64.040  -13.096 0.5000000000
18408  -12.842  -64.068  -12.870 0.4000000060
18409  -14.061  -64.241  -12.898 0.6000000238
18410  -15.001  -65.045  -12.904 0.6000000238
121736  -11.292  -63.635  -13.597 0.5000000000
19313  -12.181  -63.449  -13.396 0.4000000060
136260  -13.595  -63.417  -13.183 0.5000000000
22077  -15.346  -60.739  -19.796 0.5000000000
21242  -15.573  -61.911  -19.252 0.5000000000
19383  -16.037  -63.603  -18.412 0.6000000238
19384  -16.888  -63.476  -18.254 0.5000000000
20308  -16.779  -62.459  -18.572 0.5000000000
18447  -17.206  -64.782  -17.126 0.6999999881
17548  -17.651  -65.325  -15.717 0.6999999881
18424  -18.033  -65.081  -14.960 0.6000000238
18411  -15.785  -64.662  -13.287 0.6999999881
18423  -17.296  -65.021  -14.283 0.6000000238
19315  -14.990  -64.039  -13.165 0.6000000238
19316  -15.778  -63.762  -13.329 0.6000000238
20246  -11.335  -62.429  -14.509 0.5000000000
20229  -12.565  -62.724  -13.593 0.4000000060
20231  -14.136  -62.829  -13.325 0.6000000238
21167  -11.786  -61.520  -14.757 0.4000000060
20247  -12.185  -62.138  -14.057 0.4000000060
21150  -13.016  -62.031  -13.681 0.5000000000
20230  -13.351  -62.709  -13.415 0.5000000000
137627  -17.275  -64.132  -17.683 0.6000000238
20290  -18.196  -63.064  -17.896 0.5000000000
18448  -17.860  -64.782  -16.404 0.6000000238
19366  -18.462  -63.733  -17.168 0.5000000000
18435  -18.255  -64.677  -15.615 0.6000000238
18425  -18.377  -64.454  -15.076 0.6000000238
19343  -18.817  -63.943  -15.556 0.5000000000
19330  -17.865  -63.479  -14.216 0.6000000238
19317  -16.490  -63.456  -13.539 0.6999999881
19318  -17.157  -63.016  -13.709 0.5000000000
123977  -15.031  -63.079  -13.303 0.6000000238
124884  -14.671  -62.247  -13.425 0.5000000000
139254  -12.691  -61.347  -14.132 0.4000000060
21168  -13.545  -61.364  -13.732 0.5000000000
27688  -8.897  -54.817  -21.816 0.4000000060
27703  -10.227  -54.745  -22.752 0.3000000119
26734  -9.909  -55.403  -22.596 0.4000000060
19355  -19.519  -63.121  -16.484 0.5000000000
25784  -8.931  -56.172  -22.054 0.3000000119
26719  -10.186  -55.843  -21.929 0.4000000060
128436  -18.381  -63.078  -14.483 0.5000000000
19344  -19.432  -63.248  -15.858 0.5000000000
24787  -9.796  -57.269  -19.487 0.3000000119
25771  -10.547  -56.155  -20.739 0.4000000060
20249  -18.525  -62.339  -14.401 0.5000000000
24774  -10.270  -57.608  -18.573 0.3000000119
20234  -17.076  -62.037  -13.548 0.6000000238
137063  -15.076  -61.665  -13.452 0.6999999881
20233  -16.294  -61.889  -13.405 0.6000000238
21995  -13.282  -60.498  -14.198 0.5000000000
21152  -14.966  -60.976  -13.500 0.5000000000
21996  -13.992  -60.075  -13.948 0.4000000060
22835  -15.243  -59.629  -13.746 0.4000000060
139629  -10.267  -52.799  -20.774 0.3000000119
28659  -10.000  -53.482  -21.445 0.3000000119
28682  -11.375  -53.639  -22.883 0.3000000119
27716  -10.907  -54.281  -22.951 0.3000000119
27704  -11.520  -54.657  -22.447 0.4000000060
20268  -19.695  -62.594  -15.618 0.5000000000
120673  -10.223  -56.583  -20.325 0.4000000060
27690  -11.431  -55.042  -21.549 0.4000000060
20250  -19.257  -62.112  -14.909 0.5000000000
24788  -10.683  -57.153  -19.084 0.4000000060
25755  -11.698  -56.111  -19.055 0.4000000060
130919  -17.874  -61.710  -13.849 0.5000000000
21169  -18.617  -61.390  -14.271 0.5000000000
24775  -11.134  -57.456  -18.324 0.4000000060
21155  -17.287  -61.260  -13.548 0.5000000000
21979  -15.650  -60.350  -13.510 0.5000000000
22837  -16.454  -60.053  -13.517 0.5000000000
22877  -12.430  -59.551  -15.507 0.3000000119
23788  -13.561  -58.712  -15.279 0.4000000060
22857  -14.441  -59.547  -14.050 0.4000000060
22836  -15.929  -59.629  -13.627 0.4000000060
29579  -10.410  -52.284  -20.020 0.3000000119
140568  -11.331  -52.479  -21.954 0.3000000119
28683  -12.197  -53.284  -22.914 0.4000000060
27705  -12.314  -54.180  -22.398 0.4000000060
21211  -20.770  -61.745  -17.181 0.4000000060
27691  -12.084  -54.419  -21.109 0.4000000060
21200  -21.204  -61.198  -16.757 0.4000000060
26702  -11.301  -55.771  -20.008 0.4000000060
27674  -11.594  -54.982  -20.341 0.4000000060
21170  -19.866  -61.775  -15.409 0.4000000060
26703  -11.953  -55.269  -19.374 0.4000000060
21997  -17.845  -60.721  -13.720 0.5000000000
25741  -11.444  -56.884  -18.702 0.4000000060
24757  -12.727  -57.044  -17.554 0.3000000119
126619  -17.984  -59.891  -13.822 0.5000000000
24722  -13.800  -58.005  -15.675 0.3000000119
29590  -10.728  -52.188  -20.957 0.3000000119
29601  -12.158  -52.112  -22.323 0.3000000119
29610  -11.822  -52.892  -22.867 0.3000000119
29612  -13.046  -52.335  -22.643 0.4000000060
28674  -13.469  -53.283  -22.070 0.4000000060
29591  -14.031  -52.748  -21.347 0.3000000119
28660  -13.058  -53.877  -21.755 0.4000000060
22066  -21.704  -60.534  -18.093 0.4000000060
22917  -21.910  -59.903  -18.786 0.4000000060
28649  -13.013  -53.855  -20.231 0.4000000060
22016  -20.783  -61.018  -15.960 0.4000000060
21999  -19.339  -61.134  -14.778 0.4000000060
26687  -12.435  -55.730  -18.631 0.3000000119
21998  -18.723  -60.356  -14.203 0.4000000060
24756  -11.856  -57.239  -17.923 0.3000000119
25742  -12.227  -56.575  -18.306 0.3000000119
24758  -13.315  -57.097  -16.979 0.3000000119
22858  -15.664  -59.024  -13.907 0.4000000060
31442  -11.587  -50.591  -20.576 0.3000000119
30514  -12.830  -51.878  -22.445 0.4000000060
30516  -13.546  -51.015  -21.675 0.4000000060
29592  -13.949  -51.900  -21.575 0.4000000060
23855  -21.809  -58.290  -19.517 0.4000000060
22067  -22.259  -60.002  -18.197 0.4000000060
29580  -14.085  -52.821  -20.284 0.4000000060
22035  -21.852  -60.089  -16.853 0.4000000060
27675  -12.260  -54.487  -19.730 0.4000000060
22879  -20.560  -60.113  -15.527 0.4000000060
22890  -21.609  -59.502  -16.295 0.4000000060
27656  -12.624  -54.848  -18.873 0.3000000119
22878  -19.798  -59.821  -14.997 0.4000000060
26674  -13.543  -55.822  -17.636 0.3000000119
22861  -18.417  -59.407  -14.105 0.5000000000
25729  -13.905  -56.198  -17.183 0.3000000119
23773  -18.075  -58.475  -14.240 0.5000000000
23790  -15.051  -57.702  -15.058 0.3000000119
23772  -17.014  -58.358  -14.150 0.4000000060
23769  -14.313  -58.882  -14.544 0.4000000060
31448  -12.321  -50.040  -21.080 0.3000000119
29581  -14.284  -52.052  -20.577 0.3000000119
29569  -14.168  -52.115  -19.283 0.3000000119
22934  -22.554  -58.844  -19.147 0.4000000060
127817  -13.372  -53.583  -19.289 0.3000000119
22905  -22.644  -59.585  -17.781 0.4000000060
22906  -23.200  -59.011  -17.995 0.3000000119
28638  -13.431  -53.640  -18.497 0.3000000119
22880  -21.006  -59.555  -15.737 0.4000000060
22891  -22.243  -59.538  -16.985 0.4000000060
27641  -13.665  -54.916  -17.725 0.3000000119
26675  -14.208  -55.479  -17.179 0.3000000119
23774  -18.956  -58.317  -14.476 0.4000000060
25710  -13.845  -56.725  -16.783 0.3000000119
136302  -15.047  -57.006  -15.544 0.3000000119
24724  -15.681  -57.185  -14.973 0.3000000119
24705  -17.468  -57.574  -14.449 0.3000000119
134202  -14.579  -51.549  -18.522 0.3000000119
130886  -14.091  -52.316  -18.193 0.3000000119
23825  -23.335  -58.390  -17.667 0.3000000119
23807  -21.968  -58.724  -16.347 0.4000000060
24759  -23.134  -57.904  -17.034 0.4000000060
27642  -14.262  -54.469  -17.257 0.3000000119
23792  -20.285  -59.097  -15.235 0.4000000060
23793  -21.118  -58.681  -15.676 0.4000000060
25711  -14.418  -56.201  -16.711 0.3000000119
127337  -15.135  -56.215  -16.072 0.3000000119
24706  -18.372  -57.624  -14.501 0.3000000119
24704  -16.459  -57.502  -14.538 0.3000000119
28624  -15.018  -53.076  -16.987 0.3000000119
140811  -15.091  -54.779  -16.503 0.3000000119
122929  -20.823  -57.716  -15.379 0.3000000119
24728  -22.054  -57.213  -15.890 0.3000000119
26657  -15.423  -55.264  -16.130 0.3000000119
24707  -19.202  -57.585  -14.664 0.3000000119
24725  -16.275  -56.615  -15.044 0.3000000119
131723  -16.285  -53.208  -16.462 0.3000000119
30451  -17.530  -51.793  -16.838 0.3000000119
27624  -15.553  -54.396  -16.270 0.3000000119
24726  -20.015  -57.564  -14.993 0.3000000119
128349  -17.031  -53.305  -16.228 0.3000000119
29528  -17.652  -52.630  -16.380 0.3000000119
23770  -15.153  -58.424  -14.472 0.4000000060
24739  -13.681  -57.441  -16.301 0.3000000119
24723  -14.368  -57.515  -15.625 0.3000000119
126753  -22.976  -77.704  -33.081 0.6000000238
6538  -22.572  -78.580  -33.408 0.5000000000
6537  -21.642  -78.983  -33.496 0.5000000000
138886  -21.112  -77.748  -33.266 0.5000000000
119272  -22.939  -79.725  -33.265 0.5000000000
4531  -25.654  -82.421  -31.354 0.5000000000
6509  -21.970  -79.030  -30.352 0.6999999881
123664  -24.177  -78.202  -31.038 0.6999999881
6483  -21.854  -79.465  -28.499 0.6999999881
6508  -21.045  -79.159  -30.485 0.6999999881
6482  -20.892  -79.645  -28.886 0.6999999881
5827  -26.366  -80.391  -32.240 0.5000000000
8557  -29.000  -76.571  -26.136 0.3000000119
6532  -26.648  -79.312  -32.433 0.5000000000
7233  -28.129  -78.593  -31.692 0.3000000119
8563  -24.301  -76.872  -27.437 0.6000000238
7165  -23.668  -78.258  -27.385 0.6000000238
8562  -23.731  -76.624  -27.140 0.5000000000
9343  -19.496  -75.238  -27.194 0.6000000238
6447  -22.329  -79.100  -26.772 0.6999999881
7150  -28.570  -78.222  -24.538 0.3000000119
7856  -20.701  -76.973  -24.753 0.6000000238
7858  -21.858  -77.570  -25.543 0.6000000238
6459  -21.741  -79.508  -27.462 0.6999999881
7246  -24.690  -77.855  -32.812 0.5000000000
6530  -25.099  -78.961  -33.042 0.6000000238
5838  -23.674  -79.772  -33.049 0.5000000000
6445  -20.698  -79.578  -26.416 0.6000000238
136653  -20.386  -79.750  -28.281 0.6999999881
122118  -20.336  -78.488  -23.925 0.5000000000
121886  -19.076  -79.813  -27.622 0.5000000000
7864  -29.670  -77.023  -26.750 0.3000000119
8523  -18.888  -76.362  -22.885 0.6000000238
134751  -19.070  -79.975  -26.885 0.5000000000
7216  -31.083  -78.591  -29.903 0.3000000119
7229  -24.923  -77.800  -31.690 0.5000000000
7865  -30.610  -77.064  -27.077 0.3000000119
5766  -18.651  -80.188  -26.391 0.5000000000
120939  -24.904  -75.731  -28.398 0.4000000060
7138  -31.041  -77.675  -23.695 0.3000000119
11798  -17.963  -72.020  -26.693 0.6000000238
11760  -14.553  -72.362  -25.325 0.6999999881
13476  -17.496  -70.708  -22.972 0.6000000238
129839  -21.734  -73.419  -25.741 0.5000000000
10131  -25.114  -73.947  -29.339 0.4000000060
10877  -19.739  -73.304  -24.405 0.6000000238
137921  -20.602  -73.481  -24.459 0.5000000000
122836  -18.788  -72.591  -22.670 0.6000000238
12580  -23.312  -71.489  -20.602 0.4000000060
14348  -15.235  -69.162  -23.508 0.6000000238
14369  -15.965  -69.199  -24.275 0.6999999881
19464  -10.566  -63.022  -25.040 0.6000000238
10910  -23.042  -73.351  -27.298 0.4000000060
10880  -23.127  -73.644  -24.104 0.4000000060
135909  -25.083  -69.738  -20.646 0.4000000060
127334  -21.006  -69.252  -19.301 0.4000000060
13468  -15.072  -69.829  -21.488 0.6000000238
21289  -9.214  -61.168  -23.565 0.6000000238
18551  -12.563  -64.193  -23.669 0.6000000238
11813  -25.913  -72.496  -27.985 0.5000000000
19480  -15.679  -62.851  -26.643 0.5000000000
20349  -13.685  -63.057  -21.785 0.6000000238
18595  -15.306  -64.240  -27.075 0.4000000060
15966  -17.046  -68.132  -22.729 0.5000000000
10857  -24.893  -73.087  -23.005 0.5000000000
17622  -16.450  -66.306  -22.670 0.6000000238
121102  -17.116  -66.910  -24.337 0.5000000000
14255  -12.100  -69.525  -15.236 0.6000000238
17505  -11.627  -65.328  -11.966 0.5000000000
18478  -14.089  -64.638  -18.536 0.5000000000
122309  -14.158  -66.848  -16.676 0.6000000238
16709  -14.595  -66.422  -17.045 0.6000000238
18479  -15.759  -64.403  -18.152 0.6000000238
15062  -14.263  -68.341  -13.946 0.6000000238
18406  -10.920  -64.314  -12.976 0.5000000000
141617  -16.073  -62.340  -18.836 0.5000000000
18413  -17.249  -63.971  -13.941 0.6000000238
20228  -11.725  -62.898  -13.865 0.5000000000
139865  -15.836  -63.024  -13.392 0.6000000238
26733  -9.100  -55.808  -22.396 0.3000000119
19354  -19.058  -63.640  -16.415 0.5000000000
21994  -12.789  -59.918  -14.865 0.3000000119
20292  -20.332  -62.246  -16.677 0.4000000060
20269  -20.274  -62.203  -16.009 0.4000000060
22856  -13.597  -59.538  -14.547 0.4000000060
23806  -13.209  -58.208  -16.069 0.3000000119
121247  -17.551  -59.171  -13.877 0.5000000000
22049  -21.692  -60.676  -17.174 0.4000000060
139657  -12.127  -50.747  -21.296 0.3000000119
26688  -13.091  -55.353  -18.213 0.3000000119
131043  -19.475  -59.018  -14.687 0.4000000060
23771  -16.086  -58.358  -14.171 0.3000000119
27657  -13.231  -54.451  -18.341 0.3000000119
137857  -13.184  -48.425  -21.093 0.3000000119
28623  -14.344  -53.490  -17.314 0.3000000119
23791  -19.739  -58.299  -14.823 0.4000000060
28596  -15.633  -53.561  -16.528 0.3000000119
5106  -15.088  -80.779  -23.612 0.5000000000
5738  -15.435  -80.669  -24.214 0.5000000000
5751  -15.841  -80.531  -25.022 0.5000000000
5752  -16.415  -80.687  -25.928 0.4000000060
138830  -15.103  -80.749  -22.619 0.5000000000
5706  -15.436  -80.188  -23.122 0.5000000000
5723  -15.799  -80.344  -23.637 0.5000000000
5739  -16.367  -80.617  -24.205 0.5000000000
119791  -16.869  -80.627  -24.972 0.5000000000
5753  -17.361  -80.545  -25.793 0.4000000060
119575  -15.475  -80.428  -21.430 0.4000000060
132532  -16.084  -79.843  -21.961 0.5000000000
129495  -16.862  -79.697  -23.015 0.5000000000
5741  -18.319  -80.460  -24.051 0.4000000060
5693  -16.607  -79.651  -21.523 0.5000000000
5694  -16.968  -79.686  -22.255 0.5000000000
5707  -16.007  -79.419  -23.043 0.5000000000
6380  -17.362  -79.448  -21.428 0.5000000000
6396  -17.900  -79.710  -22.061 0.5000000000
6381  -18.311  -79.330  -21.675 0.5000000000
6397  -18.677  -79.764  -22.271 0.5000000000
135420  -19.342  -79.696  -22.514 0.4000000060
6368  -16.397  -79.313  -20.395 0.5000000000
7086  -18.409  -78.282  -20.662 0.5000000000
7100  -18.686  -78.677  -21.323 0.5000000000
7123  -19.884  -78.460  -22.116 0.5000000000
9223  -17.028  -75.861  -17.521 0.5000000000
6357  -16.885  -78.724  -19.939 0.5000000000
7060  -17.240  -77.819  -18.736 0.5000000000
7797  -18.250  -77.372  -19.739 0.5000000000
8468  -18.082  -76.722  -19.391 0.5000000000
7073  -18.766  -77.511  -20.447 0.5000000000
8469  -18.676  -76.869  -20.050 0.5000000000
7808  -19.157  -77.518  -21.142 0.5000000000
7818  -19.555  -77.543  -21.817 0.5000000000
9232  -17.417  -75.755  -18.187 0.5000000000
10028  -17.166  -74.882  -18.443 0.5000000000
10799  -16.398  -73.376  -18.375 0.5000000000
132321  -17.765  -76.083  -19.038 0.5000000000
10040  -17.265  -74.959  -19.471 0.5000000000
10053  -16.716  -74.192  -19.957 0.5000000000
9244  -18.282  -76.203  -19.860 0.5000000000
9263  -17.771  -75.514  -20.212 0.5000000000
10054  -16.985  -74.873  -20.716 0.5000000000
133378  -18.742  -76.576  -20.435 0.5000000000
127111  -17.561  -75.457  -21.206 0.5000000000
8482  -19.067  -76.991  -20.661 0.5000000000
8497  -19.256  -76.936  -21.702 0.5000000000
8514  -19.455  -76.904  -22.389 0.5000000000
13448  -15.083  -70.479  -20.599 0.5000000000
120799  -15.505  -71.131  -20.872 0.6000000238
10829  -16.375  -73.452  -20.402 0.5000000000
131290  -16.516  -74.194  -20.869 0.5000000000
10839  -15.600  -72.918  -21.990 0.5000000000
10061  -16.566  -74.483  -21.604 0.5000000000
10069  -16.119  -74.253  -22.419 0.5000000000
9283  -17.637  -75.719  -22.749 0.5000000000
9282  -16.875  -75.303  -23.001 0.5000000000
8513  -18.786  -76.497  -22.074 0.5000000000
15157  -13.593  -68.411  -22.359 0.5000000000
14334  -14.567  -69.359  -21.708 0.5000000000
11705  -15.594  -71.985  -21.419 0.6000000238
123990  -8.405  -65.028  -24.519 0.5000000000
19474  -8.732  -63.532  -24.560 0.6000000238
17632  -8.131  -64.835  -23.651 0.5000000000
18563  -8.082  -64.355  -23.697 0.5000000000
19462  -8.495  -62.877  -23.984 0.6000000238
136476  -8.206  -63.320  -22.653 0.6000000238
17618  -8.148  -64.548  -23.134 0.5000000000
18518  -8.396  -63.669  -21.814 0.6000000238
17592  -8.933  -65.025  -20.830 0.5000000000
19417  -8.371  -63.139  -21.762 0.6000000238
19402  -8.640  -63.522  -21.233 0.6000000238
17593  -9.324  -65.907  -20.259 0.5000000000
19394  -9.634  -64.250  -19.946 0.6000000238
19404  -10.020  -63.396  -20.418 0.6000000238
134816  -9.694  -66.321  -19.529 0.5000000000
18473  -9.846  -64.999  -19.328 0.5000000000
15898  -10.677  -67.484  -17.810 0.5000000000
15080  -11.920  -68.910  -16.595 0.6000000238
14243  -10.951  -69.812  -14.455 0.6000000238
14265  -11.703  -69.741  -16.098 0.5000000000
16706  -10.874  -67.032  -17.468 0.6000000238
17569  -10.463  -65.878  -18.358 0.5000000000
14266  -12.244  -69.176  -15.933 0.5000000000
15049  -10.792  -69.043  -13.093 0.6000000238
14237  -11.329  -69.491  -13.715 0.6000000238
15040  -12.210  -68.563  -12.400 0.6000000238
7869  -31.563  -78.094  -27.559 0.3000000119
7871  -33.859  -77.942  -27.830 0.3000000119
7187  -31.906  -79.299  -28.629 0.3000000119
8575  -34.745  -76.920  -28.736 0.3000000119
6491  -32.171  -79.269  -29.004 0.3000000119
7170  -31.368  -78.973  -27.983 0.3000000119
124553  -30.527  -79.021  -27.892 0.3000000119
5726  -19.050  -80.163  -23.529 0.4000000060
9276  -16.982  -75.012  -21.612 0.5000000000
10850  -15.691  -73.630  -22.464 0.5000000000
19491  -10.075  -63.706  -25.917 0.5000000000
5724  -17.649  -80.333  -23.443 0.4000000060
126954  -18.013  -80.044  -22.706 0.5000000000
7085  -17.691  -78.494  -20.315 0.5000000000
8450  -17.267  -76.511  -17.785 0.5000000000
8459  -17.623  -76.592  -18.572 0.5000000000
10013  -16.848  -75.035  -17.631 0.5000000000
10039  -16.855  -74.093  -18.853 0.5000000000
128257  -17.511  -75.468  -18.889 0.5000000000
10840  -16.111  -73.704  -21.538 0.5000000000
7870  -32.764  -78.054  -27.675 0.3000000119
7894  -33.196  -78.402  -29.237 0.3000000119
7881  -34.060  -78.114  -28.373 0.3000000119
7171  -32.380  -78.749  -28.105 0.3000000119
7188  -32.774  -78.908  -28.711 0.3000000119
7882  -34.394  -77.678  -28.603 0.3000000119
24741  -22.375  -57.955  -16.413 0.3000000119
5161  -28.101  -81.558  -30.047 0.4000000060
5176  -27.180  -81.745  -30.881 0.5000000000
5185  -25.425  -82.035  -32.025 0.5000000000
5692  -15.475  -80.269  -22.331 0.5000000000
5708  -18.944  -80.104  -22.833 0.4000000060
5725  -18.436  -80.270  -23.291 0.5000000000
5740  -17.323  -80.644  -24.130 0.4000000060
5747  -31.047  -80.304  -24.243 0.3000000119
5754  -18.237  -80.406  -25.711 0.4000000060
5765  -17.816  -80.332  -26.519 0.5000000000
5779  -18.314  -80.029  -27.194 0.5000000000
5793  -29.142  -80.826  -29.066 0.4000000060
5800  -28.293  -81.324  -29.776 0.4000000060
5801  -29.586  -80.661  -29.105 0.4000000060
5808  -28.560  -81.177  -29.982 0.4000000060
5818  -28.356  -80.567  -30.865 0.4000000060
5837  -23.237  -80.803  -33.039 0.5000000000
6369  -17.129  -79.077  -20.688 0.5000000000
6370  -17.903  -78.892  -21.017 0.5000000000
6379  -16.693  -79.475  -21.002 0.5000000000
6382  -19.276  -79.196  -21.922 0.5000000000
6398  -19.627  -79.800  -23.014 0.4000000060
6399  -20.152  -79.112  -23.322 0.5000000000
6431  -19.759  -79.769  -24.664 0.5000000000
6435  -29.649  -78.825  -24.223 0.3000000119
6446  -21.504  -79.355  -26.614 0.6999999881
6467  -31.035  -79.717  -28.496 0.4000000060
6480  -18.432  -79.596  -28.352 0.6000000238
6512  -29.567  -79.834  -30.302 0.3000000119
6533  -27.290  -79.495  -32.059 0.5000000000
6539  -23.375  -78.836  -33.311 0.5000000000
7072  -17.573  -78.041  -19.518 0.5000000000
7087  -18.922  -78.024  -21.017 0.5000000000
7101  -19.326  -78.249  -21.531 0.5000000000
7137  -20.294  -78.184  -23.337 0.6000000238
7156  -22.130  -78.093  -25.867 0.6000000238
7164  -23.038  -78.745  -26.951 0.6999999881
7172  -33.366  -78.468  -28.223 0.3000000119
7189  -33.457  -78.505  -28.746 0.3000000119
7196  -23.884  -78.817  -29.022 0.6000000238
7197  -24.504  -78.554  -29.280 0.4000000060
7200  -32.863  -78.891  -29.025 0.3000000119
7210  -22.511  -78.504  -31.237 0.8000000119
7213  -25.466  -78.000  -30.531 0.4000000060
7232  -27.494  -78.553  -32.091 0.5000000000
7244  -22.317  -77.544  -32.968 0.5000000000
7248  -26.350  -78.315  -32.691 0.5000000000
7251  -18.961  -78.511  -33.193 0.5000000000
7252  -19.720  -78.335  -33.376 0.5000000000
7256  -23.379  -78.092  -33.248 0.6000000238
7771  -16.875  -77.248  -17.430 0.5000000000
7796  -17.703  -77.290  -19.029 0.5000000000
7848  -28.137  -77.441  -24.914 0.3000000119
7849  -28.568  -76.760  -24.916 0.3000000119
7851  -30.078  -77.163  -23.952 0.3000000119
7857  -21.204  -77.598  -24.952 0.6000000238
7860  -28.221  -77.038  -25.314 0.3000000119
7861  -22.529  -77.518  -26.118 0.6999999881
7866  -23.781  -77.333  -26.988 0.6000000238
7893  -27.214  -77.047  -30.215 0.4000000060
7895  -34.000  -78.077  -28.907 0.3000000119
7904  -26.796  -77.470  -30.622 0.4000000060
7905  -28.243  -77.360  -31.101 0.3000000119
7908  -31.502  -77.801  -30.037 0.3000000119
7919  -26.252  -77.536  -32.050 0.4000000060
7929  -21.863  -77.644  -33.187 0.5000000000
7930  -26.224  -77.792  -32.539 0.4000000060
7932  -20.175  -77.808  -33.210 0.6000000238
8483  -19.234  -77.111  -21.256 0.5000000000
8496  -18.930  -76.586  -21.151 0.5000000000
8535  -18.564  -76.087  -24.577 0.6000000238
8536  -19.424  -76.551  -24.260 0.6999999881
8537  -20.155  -77.091  -24.135 0.6000000238
8538  -29.019  -76.264  -24.977 0.3000000119
8572  -26.335  -76.224  -28.741 0.4000000060
8574  -34.402  -77.579  -28.237 0.3000000119
9243  -17.754  -75.642  -19.473 0.5000000000
9264  -18.335  -76.032  -20.727 0.5000000000
9275  -16.670  -74.852  -22.344 0.5000000000
9277  -18.108  -75.954  -21.804 0.5000000000
9284  -18.275  -76.095  -22.559 0.5000000000
9290  -15.676  -74.800  -23.945 0.6000000238
9302  -16.080  -75.115  -24.417 0.6999999881
9303  -16.863  -75.590  -24.277 0.6000000238
9371  -23.997  -74.063  -29.916 0.4000000060
10027  -16.699  -74.147  -17.992 0.5000000000
10075  -15.189  -73.997  -24.310 0.6000000238
10124  -17.421  -73.201  -29.177 0.5000000000
10133  -27.644  -74.122  -28.414 0.4000000060
10142  -21.865  -73.432  -30.680 0.4000000060
10816  -16.510  -73.292  -19.285 0.5000000000
10828  -15.981  -72.749  -20.900 0.5000000000
10852  -20.278  -73.010  -22.064 0.6999999881
10853  -21.530  -73.363  -22.511 0.5000000000
10865  -19.615  -73.305  -23.445 0.6000000238
10867  -21.864  -73.552  -23.183 0.5000000000
10868  -22.680  -73.551  -23.241 0.4000000060
10869  -23.553  -73.493  -23.189 0.4000000060
10870  -24.374  -73.379  -23.460 0.4000000060
10878  -20.455  -73.471  -23.656 0.6000000238
10881  -23.977  -73.573  -24.776 0.4000000060
10890  -14.634  -72.988  -25.597 0.6999999881
10891  -14.988  -73.518  -25.790 0.6000000238
10894  -22.546  -73.457  -25.933 0.5000000000
10897  -24.479  -73.522  -25.757 0.5000000000
10911  -24.497  -73.459  -27.016 0.5000000000
10919  -15.214  -72.209  -27.985 0.6000000238
10920  -15.670  -72.532  -28.506 0.6000000238
10923  -22.315  -72.961  -28.193 0.4000000060
10924  -23.637  -73.136  -28.680 0.5000000000
10931  -16.062  -72.194  -29.160 0.6000000238
10932  -16.927  -72.400  -29.592 0.5000000000
10934  -22.247  -72.636  -29.437 0.5000000000
10935  -23.522  -72.979  -29.834 0.4000000060
10936  -24.371  -73.063  -29.719 0.4000000060
10949  -21.376  -72.885  -30.651 0.5000000000
10951  -22.805  -72.843  -30.320 0.5000000000
10952  -25.511  -72.424  -30.132 0.4000000060
11684  -16.183  -72.544  -19.763 0.5000000000
11686  -20.320  -72.182  -20.814 0.6000000238
11689  -22.935  -72.234  -20.790 0.5000000000
11706  -19.427  -72.583  -21.926 0.6000000238
11708  -21.598  -72.730  -21.247 0.6000000238
11710  -23.446  -72.770  -21.507 0.5000000000
11711  -24.373  -72.526  -21.605 0.4000000060
11725  -15.222  -72.059  -22.608 0.6000000238
11729  -25.431  -72.650  -22.628 0.5000000000
11761  -14.649  -72.483  -24.604 0.6999999881
11764  -18.176  -72.729  -24.315 0.6000000238
11779  -14.868  -71.896  -26.509 0.6000000238
11780  -15.796  -71.658  -26.405 0.6000000238
11783  -18.965  -72.629  -25.909 0.6000000238
11796  -14.852  -72.170  -26.982 0.6000000238
11801  -26.040  -72.590  -26.431 0.4000000060
11817  -18.104  -71.065  -29.292 0.6000000238
11831  -18.097  -71.558  -30.525 0.5000000000
11832  -18.582  -71.733  -30.786 0.5000000000
11834  -21.686  -72.711  -30.457 0.5000000000
12576  -19.499  -71.411  -20.251 0.6000000238
12578  -21.432  -71.722  -20.234 0.6000000238
12601  -15.296  -70.472  -21.398 0.6000000238
12603  -18.524  -71.521  -21.265 0.5000000000
12621  -16.164  -70.905  -24.534 0.6000000238
12630  -14.967  -71.531  -24.947 0.6999999881
12632  -16.655  -71.683  -24.606 0.6000000238
12638  -14.743  -71.907  -25.648 0.6999999881
12646  -15.592  -71.719  -27.579 0.6000000238
12661  -16.309  -71.500  -28.572 0.6000000238
12674  -17.290  -71.509  -29.866 0.6000000238
12675  -17.895  -71.310  -30.096 0.6000000238
12680  -18.257  -71.449  -30.547 0.5000000000
13392  -11.107  -70.302  -15.930 0.5000000000
13429  -19.152  -70.064  -19.421 0.5000000000
13430  -19.767  -70.568  -19.451 0.5000000000
13431  -20.425  -70.527  -19.415 0.6000000238
13432  -21.203  -70.628  -19.607 0.6000000238
13449  -17.905  -70.175  -20.924 0.6000000238
13450  -18.445  -70.439  -20.153 0.5000000000
13475  -15.204  -70.254  -22.463 0.6999999881
13484  -15.775  -70.135  -24.402 0.6999999881
14238  -12.184  -69.387  -13.636 0.6000000238
14244  -11.799  -69.660  -14.431 0.6000000238
14254  -11.421  -69.972  -15.198 0.5000000000
14284  -19.818  -68.588  -18.660 0.5000000000
14297  -18.880  -69.331  -19.274 0.5000000000
14299  -20.302  -69.362  -18.931 0.5000000000
14322  -22.238  -70.014  -20.243 0.5000000000
14335  -15.061  -69.420  -22.621 0.6000000238
14336  -17.622  -69.404  -21.242 0.6000000238
14338  -24.101  -69.249  -21.325 0.4000000060
14350  -22.731  -69.309  -22.830 0.4000000060
14357  -16.594  -69.120  -23.826 0.6000000238
15041  -13.088  -68.701  -12.766 0.5000000000
15043  -14.479  -67.641  -12.784 0.6000000238
15050  -11.717  -69.156  -12.987 0.6000000238
15052  -13.752  -68.606  -13.297 0.6000000238
15053  -14.483  -68.152  -13.246 0.6000000238
15061  -13.481  -68.706  -14.088 0.6000000238
15070  -13.879  -68.287  -14.651 0.6000000238
15112  -19.285  -67.958  -18.753 0.5000000000
15128  -17.844  -69.019  -20.228 0.5000000000
15145  -14.066  -68.906  -21.975 0.5000000000
15146  -17.353  -68.804  -21.852 0.6000000238
15158  -14.311  -68.299  -22.626 0.6000000238
15159  -15.020  -68.362  -23.226 0.6000000238
15172  -16.380  -68.590  -24.003 0.6000000238
15178  -23.713  -69.056  -23.571 0.4000000060
15844  -10.983  -67.344  -11.582 0.5000000000
15854  -11.514  -67.965  -11.904 0.5000000000
15856  -13.224  -67.488  -12.009 0.5000000000
15871  -14.983  -67.957  -13.932 0.6000000238
15880  -15.267  -67.600  -14.565 0.6000000238
15899  -11.290  -67.874  -17.134 0.5000000000
15910  -20.499  -67.483  -18.857 0.5000000000
15924  -18.853  -67.417  -19.080 0.5000000000
15936  -17.680  -67.054  -20.236 0.6000000238
15951  -17.169  -67.591  -21.390 0.6000000238
15964  -13.959  -67.765  -22.841 0.5000000000
15976  -15.387  -67.528  -24.069 0.6000000238
15977  -16.840  -67.587  -23.295 0.5000000000
15988  -16.823  -67.130  -24.558 0.6000000238
16000  -16.758  -66.834  -25.249 0.5000000000
16679  -16.051  -66.934  -14.031 0.6000000238
16680  -16.417  -66.498  -14.496 0.6000000238
16687  -15.849  -67.069  -14.783 0.6000000238
16695  -11.436  -67.073  -17.114 0.6999999881
16696  -12.199  -67.087  -16.773 0.6999999881
16697  -13.278  -67.056  -16.598 0.6000000238
16708  -13.717  -66.438  -17.176 0.6000000238
16717  -10.028  -66.279  -18.761 0.5000000000
16718  -10.441  -66.667  -17.995 0.6000000238
16719  -20.114  -66.989  -18.780 0.5000000000
16733  -17.976  -66.255  -19.863 0.6000000238
16747  -17.244  -66.936  -20.868 0.6000000238
16771  -16.710  -66.935  -22.474 0.6000000238
16794  -17.732  -65.888  -25.272 0.6000000238
16806  -17.281  -66.194  -25.497 0.5000000000
16820  -16.083  -65.901  -26.300 0.4000000060
17494  -11.932  -65.947  -11.753 0.5000000000
17508  -14.530  -65.853  -12.636 0.6000000238
17531  -17.442  -65.693  -14.914 0.6000000238
17558  -14.144  -65.864  -17.586 0.6000000238
17559  -15.889  -65.690  -17.020 0.6000000238
17568  -10.063  -65.550  -18.874 0.5000000000
17580  -9.284  -64.954  -19.908 0.6000000238
17581  -9.689  -65.635  -19.391 0.5000000000
17583  -18.589  -65.810  -19.606 0.6000000238
17584  -19.423  -65.807  -19.386 0.5000000000
17594  -16.742  -65.273  -20.571 0.6000000238
17595  -17.329  -65.688  -20.224 0.6000000238
17608  -15.088  -65.153  -22.021 0.6000000238
17610  -16.495  -66.257  -21.655 0.6000000238
17621  -16.014  -65.649  -22.658 0.6000000238
17645  -8.033  -65.019  -24.019 0.5000000000
17648  -17.598  -65.491  -25.221 0.6000000238
17649  -17.660  -65.230  -25.664 0.6000000238
17659  -17.636  -65.361  -25.784 0.5000000000
17675  -17.489  -64.878  -26.204 0.6000000238
18392  -12.809  -65.049  -12.379 0.4000000060
18393  -13.498  -64.795  -12.604 0.5000000000
18412  -16.529  -64.372  -13.647 0.6000000238
18449  -18.479  -64.254  -16.373 0.5000000000
18457  -15.416  -65.145  -17.769 0.6000000238
18459  -17.885  -64.286  -17.126 0.6000000238
18475  -11.371  -64.957  -18.722 0.6999999881
18492  -11.893  -64.324  -19.221 0.6000000238
18493  -12.760  -64.158  -19.118 0.6000000238
18503  -8.996  -64.211  -20.593 0.6000000238
18504  -16.712  -64.475  -20.531 0.6000000238
18517  -8.246  -63.546  -22.415 0.6000000238
18536  -8.112  -63.975  -22.898 0.5000000000
18537  -8.284  -64.240  -22.364 0.6000000238
18539  -13.413  -64.484  -22.617 0.6000000238
18540  -14.239  -64.755  -22.372 0.6000000238
18550  -8.121  -64.176  -23.311 0.5000000000
18552  -13.293  -64.488  -23.461 0.5000000000
18564  -8.214  -64.366  -24.201 0.5000000000
18567  -16.378  -64.489  -25.128 0.6999999881
18577  -8.808  -64.419  -24.892 0.5000000000
18581  -17.218  -64.274  -26.110 0.6000000238
18582  -17.611  -64.722  -26.040 0.6000000238
18596  -16.288  -63.790  -27.022 0.4000000060
18597  -17.080  -64.312  -26.350 0.6000000238
18610  -15.530  -63.466  -27.329 0.4000000060
19314  -12.917  -63.257  -13.286 0.5000000000
19331  -18.510  -63.812  -14.804 0.5000000000
19365  -17.703  -63.645  -17.755 0.5000000000
19381  -13.984  -63.189  -19.304 0.6000000238
19395  -11.442  -63.743  -19.683 0.6999999881
19403  -9.161  -63.513  -20.747 0.6000000238
19405  -10.953  -63.197  -20.239 0.6999999881
19418  -13.438  -63.828  -21.908 0.6000000238
19420  -14.825  -63.827  -21.278 0.6000000238
19421  -16.241  -63.016  -20.806 0.6000000238
19435  -12.188  -63.598  -22.629 0.5000000000
19447  -8.112  -63.628  -22.972 0.6000000238
19448  -8.181  -63.292  -23.333 0.6000000238
19449  -10.150  -62.607  -24.356 0.6000000238
19461  -8.098  -63.887  -23.386 0.5000000000
19463  -9.026  -62.730  -24.516 0.6000000238
19465  -12.256  -63.784  -24.709 0.6000000238
19475  -9.853  -63.207  -25.311 0.6000000238
19493  -12.765  -63.587  -27.044 0.5000000000
19494  -14.308  -62.977  -27.351 0.5000000000
19495  -14.842  -63.180  -27.410 0.5000000000
19496  -15.564  -63.494  -27.261 0.5000000000
19506  -13.110  -63.931  -27.364 0.5000000000
19507  -14.360  -63.139  -27.398 0.5000000000
20232  -15.577  -62.255  -13.398 0.6000000238
20248  -17.810  -62.593  -13.995 0.5000000000
20267  -19.045  -63.103  -15.082 0.5000000000
20279  -19.897  -62.709  -16.227 0.5000000000
20291  -19.811  -62.683  -16.910 0.5000000000
20306  -14.777  -63.057  -19.134 0.6000000238
20309  -17.641  -62.312  -18.421 0.5000000000
20322  -15.014  -62.384  -19.293 0.5000000000
20330  -8.649  -62.904  -21.301 0.6000000238
20333  -11.274  -62.325  -20.505 0.6999999881
20345  -8.241  -63.010  -22.314 0.6000000238
20346  -8.500  -62.579  -21.919 0.6000000238
20347  -8.994  -62.103  -21.650 0.6999999881
20350  -14.502  -62.968  -21.490 0.6000000238
20366  -8.159  -63.024  -22.828 0.6000000238
20369  -12.444  -62.796  -22.429 0.5000000000
20381  -8.473  -62.252  -23.322 0.6999999881
20383  -10.809  -61.976  -23.402 0.6000000238
20405  -9.960  -62.895  -24.977 0.6000000238
20418  -14.584  -63.175  -27.438 0.5000000000
21151  -13.850  -62.112  -13.505 0.5000000000
21153  -15.792  -61.294  -13.404 0.6000000238
21154  -16.630  -61.288  -13.427 0.6000000238
21186  -20.394  -61.565  -15.808 0.4000000060
21199  -20.664  -61.702  -16.413 0.4000000060
21254  -13.181  -61.280  -20.412 0.5000000000
21264  -10.871  -60.558  -21.622 0.6000000238
21273  -8.644  -61.317  -23.056 0.6999999881
21274  -8.879  -60.760  -23.017 0.6999999881
21277  -13.600  -61.263  -22.638 0.5000000000
21288  -8.814  -61.191  -23.301 0.6999999881
21291  -10.803  -60.497  -23.423 0.6000000238
21977  -14.142  -60.776  -13.704 0.4000000060
21978  -14.738  -60.220  -13.675 0.4000000060
21980  -16.311  -60.708  -13.431 0.5000000000
21981  -16.973  -60.637  -13.469 0.5000000000
22015  -20.024  -60.820  -15.298 0.4000000060
22034  -21.308  -60.343  -16.265 0.4000000060
22048  -21.198  -61.130  -17.598 0.4000000060
22050  -22.100  -60.141  -17.573 0.4000000060
22065  -21.004  -60.848  -18.265 0.4000000060
22089  -11.861  -60.625  -21.218 0.6000000238
22090  -12.785  -60.517  -20.842 0.5000000000
22097  -10.036  -60.306  -22.414 0.6000000238
22098  -10.723  -59.874  -22.467 0.6000000238
22105  -8.995  -60.662  -23.165 0.6999999881
22106  -9.399  -60.386  -22.951 0.6000000238
22119  -10.771  -59.809  -23.268 0.6000000238
22120  -11.450  -59.779  -23.503 0.6999999881
22121  -13.015  -59.441  -23.927 0.5000000000
22855  -13.027  -59.319  -15.207 0.4000000060
22859  -16.563  -59.184  -13.756 0.5000000000
22860  -17.238  -59.912  -13.603 0.5000000000
22862  -19.151  -59.648  -14.450 0.4000000060
22918  -22.635  -59.438  -18.581 0.4000000060
22933  -21.992  -59.210  -19.252 0.4000000060
22945  -13.496  -60.047  -20.883 0.5000000000
23787  -12.777  -58.871  -15.756 0.3000000119
23789  -14.354  -58.215  -15.133 0.3000000119
23808  -22.756  -58.773  -17.168 0.4000000060
23841  -23.092  -58.742  -18.639 0.3000000119
24703  -15.685  -57.816  -14.587 0.3000000119
24727  -21.602  -57.893  -15.838 0.4000000060
24740  -14.417  -56.854  -16.179 0.3000000119
25677  -17.985  -56.847  -14.689 0.3000000119
25727  -12.957  -56.235  -18.008 0.3000000119
25728  -13.396  -56.561  -17.391 0.3000000119
25754  -10.924  -56.561  -19.643 0.4000000060
25770  -9.610  -56.385  -21.366 0.4000000060
25785  -9.403  -55.966  -22.330 0.4000000060
26656  -14.824  -55.505  -16.579 0.3000000119
26720  -11.005  -55.565  -21.178 0.4000000060
26732  -8.694  -55.516  -22.035 0.3000000119
26735  -10.815  -55.266  -22.380 0.4000000060
26744  -10.811  -54.769  -22.862 0.3000000119
27623  -14.901  -54.038  -16.732 0.3000000119
27689  -9.672  -54.397  -22.242 0.3000000119
27702  -9.354  -55.228  -22.450 0.4000000060
27717  -11.664  -54.061  -22.835 0.3000000119
28622  -13.726  -53.919  -17.764 0.3000000119
28637  -12.955  -54.097  -19.094 0.3000000119
28650  -13.715  -53.339  -19.995 0.4000000060
28661  -13.730  -53.376  -21.020 0.4000000060
28671  -10.532  -53.865  -22.664 0.3000000119
28672  -11.163  -53.233  -22.619 0.3000000119
28673  -12.694  -53.652  -22.652 0.4000000060
28684  -12.954  -52.961  -22.749 0.4000000060
29527  -16.683  -52.427  -16.705 0.3000000119
29568  -13.758  -52.954  -18.967 0.3000000119
29600  -10.637  -52.993  -21.726 0.3000000119
29602  -13.553  -52.528  -22.176 0.4000000060
29611  -12.550  -52.588  -22.807 0.3000000119
30515  -13.329  -51.778  -22.196 0.4000000060
117612  -17.788  -79.718  -27.843 0.5000000000
117896  -22.959  -70.181  -20.640 0.4000000060
118514  -20.079  -79.741  -26.164 0.5000000000
119038  -20.355  -77.833  -24.000 0.6000000238
120083  -13.078  -51.087  -21.986 0.4000000060
120444  -17.822  -80.592  -24.889 0.4000000060
120492  -9.418  -63.689  -25.250 0.6000000238
120800  -19.942  -70.004  -19.099 0.5000000000
120868  -14.962  -59.086  -14.112 0.4000000060
121321  -17.251  -64.546  -25.594 0.6999999881
121912  -20.403  -58.269  -15.205 0.4000000060
121949  -8.618  -64.249  -21.415 0.6000000238
122170  -19.981  -71.712  -20.396 0.6000000238
122182  -13.393  -57.607  -22.185 0.5000000000
122609  -19.856  -79.258  -22.542 0.4000000060
123039  -16.397  -62.607  -13.462 0.6000000238
123445  -15.029  -65.835  -17.402 0.6000000238
123559  -17.974  -64.375  -14.552 0.6000000238
123605  -16.710  -80.314  -23.602 0.5000000000
124003  -15.639  -66.712  -15.792 0.6000000238
124285  -14.929  -64.529  -18.374 0.5000000000
125276  -20.338  -72.679  -30.427 0.5000000000
125509  -15.418  -74.141  -25.467 0.6000000238
125684  -19.933  -79.824  -27.749 0.5000000000
127001  -19.754  -80.088  -33.605 0.5000000000
127773  -8.163  -63.751  -23.827 0.5000000000
128513  -17.296  -75.360  -22.141 0.5000000000
129132  -24.569  -70.371  -20.679 0.4000000060
129239  -18.476  -71.456  -28.074 0.6000000238
129273  -18.843  -58.969  -14.337 0.4000000060
129282  -16.635  -63.756  -26.086 0.6000000238
129302  -21.167  -78.271  -33.493 0.5000000000
129605  -19.416  -60.340  -14.716 0.4000000060
130036  -16.370  -74.315  -17.488 0.5000000000
130160  -15.625  -56.569  -15.420 0.3000000119
130303  -15.258  -61.276  -19.604 0.5000000000
130391  -16.106  -64.037  -20.732 0.6000000238
130545  -9.909  -61.886  -23.806 0.6000000238
130934  -11.393  -63.316  -24.783 0.6000000238
131010  -24.535  -69.662  -20.773 0.4000000060
131139  -10.263  -56.885  -19.737 0.3000000119
131834  -31.405  -79.726  -28.930 0.4000000060
132108  -14.375  -61.530  -13.541 0.5000000000
132116  -11.557  -69.035  -17.282 0.6000000238
132284  -13.799  -63.655  -27.320 0.5000000000
132480  -16.239  -62.908  -18.587 0.5000000000
132764  -20.795  -69.961  -19.306 0.6000000238
132781  -12.987  -64.121  -22.326 0.5000000000
132947  -20.302  -79.430  -24.998 0.6000000238
133036  -20.853  -73.306  -22.485 0.6000000238
133508  -14.513  -64.114  -27.266 0.5000000000
133541  -17.052  -69.744  -23.424 0.5000000000
133968  -26.317  -82.310  -30.928 0.5000000000
134904  -20.151  -79.730  -29.061 0.6999999881
135298  -11.536  -51.485  -21.340 0.3000000119
135343  -14.450  -63.834  -18.863 0.6000000238
135374  -12.084  -49.833  -20.512 0.3000000119
136018  -18.201  -77.946  -20.100 0.5000000000
137005  -16.873  -66.136  -14.898 0.6999999881
137012  -19.011  -73.037  -23.233 0.6000000238
137297  -10.974  -65.528  -18.317 0.6999999881
137660  -15.911  -74.708  -25.063 0.6000000238
137768  -29.285  -77.969  -30.954 0.3000000119
137858  -23.512  -73.232  -22.317 0.4000000060
138088  -19.029  -80.211  -25.649 0.5000000000
138341  -9.382  -63.181  -24.913 0.6000000238
138960  -21.348  -77.928  -31.971 0.6000000238
139084  -27.295  -81.789  -30.427 0.4000000060
139103  -17.424  -65.127  -16.448 0.6999999881
139747  -15.524  -70.748  -24.506 0.6999999881
139793  -14.435  -67.671  -15.475 0.6000000238
139951  -30.356  -78.445  -30.424 0.3000000119
140130  -17.298  -64.175  -20.357 0.6000000238
140273  -12.411  -60.683  -14.733 0.4000000060
140629  -19.306  -80.163  -25.008 0.5000000000
140739  -19.639  -66.558  -19.012 0.5000000000
140971  -14.343  -63.506  -13.196 0.6000000238
141023  -14.653  -54.880  -16.843 0.3000000119
141449  -12.215  -65.352  -12.075 0.4000000060
141627  -8.722  -55.911  -22.028 0.3000000119
142145  -17.449  -63.020  -18.253 0.5000000000
142253  -13.756  -62.570  -27.024 0.5000000000
