#!ascii label  , from subject sub-v1s10x0051000_ses-1 vox2ras=TkReg
1008
82949  -50.839  21.596  8.426 0.0000000000
92737  -40.879  38.757  2.946 0.0000000000
85750  -39.877  26.949  8.427 0.0000000000
87910  -47.930  31.019  8.846 0.0000000000
92749  -47.080  39.409  2.400 0.0000000000
90240  -45.494  34.235  6.540 0.0000000000
89731  -49.197  33.226  4.942 0.0000000000
86831  -46.775  28.198  3.883 0.0000000000
79067  -45.724  15.067  10.705 0.0000000000
81065  -47.456  18.399  6.538 0.0000000000
94854  -36.954  42.716  -1.741 0.0000000000
92197  -42.560  37.708  -2.407 0.0000000000
93399  -50.397  39.616  -2.502 0.0000000000
108136  -45.950  23.763  8.479 0.0000000000
89148  -39.682  33.018  6.470 0.0000000000
87310  -44.400  29.429  11.269 0.0000000000
85726  -50.506  26.575  10.552 0.0000000000
84666  -48.150  24.706  6.256 0.0000000000
84125  -44.252  23.224  2.407 0.0000000000
84082  -53.121  23.507  6.974 0.0000000000
92162  -50.909  37.389  2.375 0.0000000000
91477  -49.530  36.357  4.804 0.0000000000
90284  -51.166  33.757  2.910 0.0000000000
88585  -48.877  31.434  2.944 0.0000000000
79785  -46.815  16.387  8.412 0.0000000000
79806  -45.218  16.538  6.258 0.0000000000
95295  -35.911  43.319  1.014 0.0000000000
92811  -46.357  38.725  -1.742 0.0000000000
83525  -44.292  22.115  6.898 0.0000000000
85202  -43.300  25.165  7.759 0.0000000000
106183  -37.743  37.631  1.957 0.0000000000
90843  -40.223  35.742  5.172 0.0000000000
89123  -47.488  33.503  9.549 0.0000000000
88524  -44.830  31.522  8.472 0.0000000000
87890  -47.815  31.524  11.658 0.0000000000
86260  -47.021  27.760  12.318 0.0000000000
86798  -49.694  28.434  10.391 0.0000000000
85756  -50.182  26.839  8.771 0.0000000000
86306  -47.800  27.676  8.306 0.0000000000
85238  -45.381  25.378  3.801 0.0000000000
93335  -44.393  40.713  4.803 0.0000000000
91473  -43.245  36.592  4.495 0.0000000000
91494  -46.668  36.293  3.649 0.0000000000
90243  -48.249  35.336  7.031 0.0000000000
105642  -47.846  31.920  6.818 0.0000000000
87355  -47.004  29.058  6.821 0.0000000000
87951  -48.104  30.048  4.076 0.0000000000
87375  -46.285  29.539  2.998 0.0000000000
79771  -48.425  16.829  10.764 0.0000000000
80400  -49.469  17.653  8.567 0.0000000000
112530  -49.196  19.846  7.251 0.0000000000
94382  -32.522  40.837  0.656 0.0000000000
93372  -34.953  39.471  -1.111 0.0000000000
125937  -38.287  38.504  -0.853 0.0000000000
115794  -42.031  38.281  0.550 0.0000000000
93362  -45.371  39.386  1.031 0.0000000000
93892  -49.449  40.599  0.413 0.0000000000
92784  -52.084  37.757  0.363 0.0000000000
92200  -52.671  37.656  -2.827 0.0000000000
81707  -44.773  19.297  5.853 0.0000000000
82340  -47.161  20.779  7.215 0.0000000000
83505  -48.592  22.269  9.025 0.0000000000
87923  -39.282  29.940  7.446 0.0000000000
89706  -42.791  33.357  6.390 0.0000000000
87926  -42.305  31.035  7.477 0.0000000000
86288  -42.366  27.886  9.771 0.0000000000
85732  -45.431  26.767  10.121 0.0000000000
84622  -48.174  24.350  10.655 0.0000000000
84063  -51.359  23.771  9.692 0.0000000000
85209  -52.377  25.844  7.567 0.0000000000
110102  -50.497  24.382  5.760 0.0000000000
83537  -48.852  22.790  3.975 0.0000000000
85227  -46.550  26.061  5.367 0.0000000000
84109  -46.733  23.569  4.225 0.0000000000
83558  -46.090  22.259  1.651 0.0000000000
82331  -51.196  20.855  8.172 0.0000000000
82950  -51.786  21.534  8.500 0.0000000000
123475  -52.290  22.860  8.538 0.0000000000
91513  -51.845  36.171  2.032 0.0000000000
107386  -51.390  35.552  3.070 0.0000000000
90295  -50.865  34.231  2.425 0.0000000000
89757  -49.966  33.810  2.262 0.0000000000
85771  -41.199  26.211  7.845 0.0000000000
92155  -39.144  38.018  2.322 0.0000000000
88526  -48.357  32.431  9.655 0.0000000000
89115  -47.840  32.678  10.688 0.0000000000
87891  -48.544  31.638  10.735 0.0000000000
87312  -48.857  30.023  11.242 0.0000000000
87322  -48.901  29.919  10.569 0.0000000000
86807  -48.459  28.358  9.267 0.0000000000
86806  -47.624  28.723  8.579 0.0000000000
92748  -46.170  39.672  2.934 0.0000000000
92145  -45.165  37.560  3.259 0.0000000000
115004  -47.237  36.946  2.959 0.0000000000
89721  -49.639  34.457  5.126 0.0000000000
90833  -48.604  35.726  6.300 0.0000000000
89720  -48.770  34.003  5.880 0.0000000000
89710  -48.218  34.215  7.555 0.0000000000
88558  -48.204  32.479  6.304 0.0000000000
87940  -47.657  30.884  6.169 0.0000000000
87948  -48.683  31.425  4.385 0.0000000000
104112  -47.535  30.417  2.681 0.0000000000
79795  -47.207  16.830  7.574 0.0000000000
79787  -48.065  17.002  8.808 0.0000000000
80408  -48.569  17.663  7.501 0.0000000000
81052  -49.522  18.551  7.465 0.0000000000
81066  -48.235  18.756  6.748 0.0000000000
95302  -36.454  43.153  -0.408 0.0000000000
94848  -34.712  42.146  -0.749 0.0000000000
94396  -35.831  41.150  -2.253 0.0000000000
92803  -36.377  39.231  -1.540 0.0000000000
93394  -37.087  39.927  -2.348 0.0000000000
92820  -41.272  37.961  -2.580 0.0000000000
92807  -40.332  37.936  -1.505 0.0000000000
92185  -42.972  37.918  -0.759 0.0000000000
92780  -43.494  38.515  0.759 0.0000000000
92808  -43.893  38.138  -1.075 0.0000000000
92825  -48.343  38.819  -2.588 0.0000000000
111192  -48.021  39.751  -0.965 0.0000000000
93913  -50.181  40.568  -0.826 0.0000000000
93367  -50.879  40.024  -0.053 0.0000000000
111834  -51.568  39.764  -1.424 0.0000000000
92800  -52.521  38.163  -1.309 0.0000000000
93391  -52.070  39.382  -2.758 0.0000000000
82361  -40.094  20.411  5.362 0.0000000000
105111  -40.091  19.530  5.351 0.0000000000
82362  -41.480  20.013  5.432 0.0000000000
81075  -43.062  18.696  5.429 0.0000000000
82364  -43.288  20.597  5.902 0.0000000000
124023  -45.177  22.975  7.679 0.0000000000
82956  -45.033  21.807  7.224 0.0000000000
83503  -46.390  22.285  8.042 0.0000000000
82959  -47.601  21.300  7.694 0.0000000000
107492  -47.092  22.592  8.605 0.0000000000
89146  -37.320  32.911  6.436 0.0000000000
87936  -37.409  30.929  6.834 0.0000000000
87938  -39.138  31.235  6.780 0.0000000000
90252  -44.456  34.676  5.385 0.0000000000
90251  -43.115  34.805  5.318 0.0000000000
89707  -43.794  33.642  6.277 0.0000000000
87896  -44.627  30.417  9.791 0.0000000000
88523  -43.951  31.141  8.069 0.0000000000
87895  -43.810  29.972  9.350 0.0000000000
87333  -42.002  29.240  9.047 0.0000000000
86795  -42.997  28.474  10.074 0.0000000000
85730  -43.706  26.965  9.463 0.0000000000
86273  -44.463  28.039  10.949 0.0000000000
124883  -49.047  26.664  12.219 0.0000000000
85152  -48.075  26.274  12.036 0.0000000000
84609  -49.203  24.853  11.630 0.0000000000
84053  -49.420  23.727  10.835 0.0000000000
84625  -50.464  24.688  11.007 0.0000000000
125419  -51.880  25.068  9.102 0.0000000000
85176  -51.298  25.998  9.790 0.0000000000
85205  -49.084  25.620  7.598 0.0000000000
85220  -50.698  25.556  6.997 0.0000000000
84679  -49.498  24.075  5.819 0.0000000000
84107  -49.936  23.715  5.169 0.0000000000
84106  -48.994  23.506  5.238 0.0000000000
117455  -46.823  28.332  5.205 0.0000000000
86323  -46.848  27.566  6.484 0.0000000000
104579  -46.487  26.867  4.927 0.0000000000
84117  -44.724  23.861  3.158 0.0000000000
84684  -45.970  24.846  4.275 0.0000000000
84118  -45.905  23.388  3.506 0.0000000000
83541  -46.608  22.713  3.264 0.0000000000
83547  -44.764  22.642  2.044 0.0000000000
83575  -45.212  22.519  0.692 0.0000000000
80402  -51.308  18.136  9.010 0.0000000000
84672  -53.264  24.637  5.815 0.0000000000
92752  -49.444  38.408  1.998 0.0000000000
92147  -49.003  37.218  3.120 0.0000000000
122467  -50.383  36.531  3.713 0.0000000000
90852  -50.669  35.584  4.349 0.0000000000
123547  -50.651  33.464  3.750 0.0000000000
89182  -49.159  31.961  3.809 0.0000000000
89195  -50.130  32.569  2.998 0.0000000000
79079  -46.287  15.773  9.724 0.0000000000
79091  -45.295  15.646  8.113 0.0000000000
80419  -46.468  17.406  6.394 0.0000000000
95770  -38.985  44.195  0.568 0.0000000000
92821  -44.907  38.284  -2.172 0.0000000000
92837  -48.604  38.322  -3.432 0.0000000000
92839  -50.810  38.802  -3.627 0.0000000000
82973  -43.073  21.844  6.263 0.0000000000
84078  -43.866  23.688  7.282 0.0000000000
84642  -44.698  24.911  8.232 0.0000000000
122040  -40.111  35.149  6.370 0.0000000000
116180  -46.720  34.219  7.983 0.0000000000
89691  -45.092  33.225  7.121 0.0000000000
89122  -46.424  33.186  9.032 0.0000000000
88517  -46.067  32.049  10.162 0.0000000000
87888  -45.681  30.669  11.307 0.0000000000
86768  -45.577  28.809  12.125 0.0000000000
87304  -47.011  29.632  12.323 0.0000000000
86771  -48.817  28.961  11.704 0.0000000000
86276  -49.954  27.764  10.657 0.0000000000
85757  -50.924  26.750  8.882 0.0000000000
86308  -49.793  27.395  9.242 0.0000000000
108309  -49.208  26.837  8.625 0.0000000000
85204  -48.180  25.863  7.263 0.0000000000
85231  -45.747  26.290  3.903 0.0000000000
86802  -37.446  27.953  8.410 0.0000000000
93333  -42.841  39.672  4.271 0.0000000000
92133  -42.462  37.716  4.750 0.0000000000
92135  -43.753  38.889  4.887 0.0000000000
90871  -45.010  35.771  4.111 0.0000000000
106109  -45.968  35.087  5.570 0.0000000000
91476  -48.707  36.376  4.917 0.0000000000
90832  -48.011  35.857  6.405 0.0000000000
90241  -47.107  35.142  7.158 0.0000000000
121346  -47.786  34.633  7.826 0.0000000000
89135  -48.060  33.597  8.738 0.0000000000
87928  -47.621  31.025  7.792 0.0000000000
104024  -47.408  30.012  7.819 0.0000000000
87356  -47.284  30.052  6.761 0.0000000000
118456  -47.479  29.872  5.265 0.0000000000
86832  -47.165  28.686  3.828 0.0000000000
87959  -48.435  30.327  3.283 0.0000000000
87376  -47.424  29.215  3.294 0.0000000000
79776  -47.386  16.415  9.888 0.0000000000
80388  -48.779  17.304  9.264 0.0000000000
80401  -50.361  17.864  8.809 0.0000000000
81042  -49.966  18.121  8.033 0.0000000000
81686  -50.548  19.588  7.680 0.0000000000
82962  -50.327  20.921  7.853 0.0000000000
92770  -33.432  38.620  0.634 0.0000000000
93899  -33.380  40.362  -0.348 0.0000000000
92771  -34.397  38.477  0.347 0.0000000000
123334  -35.950  38.450  -0.074 0.0000000000
92774  -37.763  38.472  0.561 0.0000000000
104558  -39.281  38.728  1.220 0.0000000000
105022  -38.123  41.798  -2.725 0.0000000000
119226  -39.053  38.514  -1.906 0.0000000000
113090  -40.064  38.474  0.177 0.0000000000
92761  -40.936  39.089  1.795 0.0000000000
93350  -42.734  39.525  2.583 0.0000000000
103721  -45.411  40.452  3.117 0.0000000000
93878  -46.988  40.587  2.129 0.0000000000
93373  -46.002  39.053  -0.566 0.0000000000
93364  -46.892  40.320  1.182 0.0000000000
93355  -47.890  40.476  1.805 0.0000000000
92766  -49.823  39.189  1.333 0.0000000000
92768  -51.685  37.679  1.116 0.0000000000
92186  -52.358  36.978  0.017 0.0000000000
91545  -52.513  36.854  -1.515 0.0000000000
92841  -51.887  38.451  -4.156 0.0000000000
80429  -44.639  17.655  5.611 0.0000000000
81078  -46.196  18.759  6.145 0.0000000000
82352  -43.962  20.923  6.324 0.0000000000
82354  -45.968  20.249  6.649 0.0000000000
81697  -47.431  19.362  6.590 0.0000000000
82341  -47.998  20.613  7.234 0.0000000000
82961  -49.403  20.914  7.685 0.0000000000
82948  -49.908  21.619  8.293 0.0000000000
86804  -39.467  28.318  8.525 0.0000000000
91459  -41.418  36.370  5.243 0.0000000000
90236  -41.322  34.923  6.248 0.0000000000
116481  -41.279  33.229  6.499 0.0000000000
89132  -43.757  32.284  7.121 0.0000000000
88557  -42.292  32.186  6.808 0.0000000000
88555  -40.758  31.695  6.763 0.0000000000
87346  -40.857  30.028  7.675 0.0000000000
113273  -40.766  28.570  8.858 0.0000000000
86304  -41.149  27.533  9.125 0.0000000000
106834  -42.451  26.633  8.664 0.0000000000
85754  -44.131  26.244  8.861 0.0000000000
112794  -45.941  25.506  9.318 0.0000000000
86275  -46.370  27.188  11.478 0.0000000000
85165  -47.071  25.713  10.512 0.0000000000
84633  -47.468  24.034  9.796 0.0000000000
84060  -48.149  23.543  10.076 0.0000000000
118064  -49.842  22.659  9.616 0.0000000000
83498  -51.065  22.981  9.505 0.0000000000
84073  -52.419  23.690  8.372 0.0000000000
84654  -52.661  25.191  7.112 0.0000000000
84671  -52.790  25.351  6.311 0.0000000000
85189  -51.380  26.422  8.256 0.0000000000
85221  -51.874  26.073  6.757 0.0000000000
84687  -52.235  24.847  4.858 0.0000000000
84114  -51.752  24.387  3.897 0.0000000000
84127  -49.955  23.242  2.929 0.0000000000
86819  -47.236  28.237  7.823 0.0000000000
85779  -47.074  26.752  6.780 0.0000000000
85228  -47.362  25.051  5.966 0.0000000000
85784  -46.210  26.191  4.568 0.0000000000
84676  -47.005  24.698  5.309 0.0000000000
84677  -47.722  24.307  5.606 0.0000000000
83536  -47.992  22.698  3.990 0.0000000000
121452  -47.760  22.403  2.762 0.0000000000
83509  -52.422  22.156  8.319 0.0000000000
83508  -51.529  22.364  8.824 0.0000000000
90904  -51.617  35.746  1.505 0.0000000000
116496  -51.539  35.621  2.381 0.0000000000
90903  -51.311  35.175  2.008 0.0000000000
85770  -40.332  26.324  7.766 0.0000000000
85751  -40.741  26.902  8.482 0.0000000000
92156  -40.039  38.378  2.552 0.0000000000
92141  -39.716  37.487  3.068 0.0000000000
92142  -40.491  37.837  3.358 0.0000000000
106864  -48.509  31.727  9.966 0.0000000000
88519  -48.284  32.450  10.504 0.0000000000
115317  -48.712  30.838  10.986 0.0000000000
87321  -48.456  30.659  9.916 0.0000000000
86796  -48.298  29.416  9.567 0.0000000000
87335  -47.660  29.769  8.705 0.0000000000
92158  -46.699  38.034  2.536 0.0000000000
89166  -48.596  32.872  5.615 0.0000000000
88567  -48.416  31.883  5.345 0.0000000000
89175  -48.884  32.299  4.715 0.0000000000
79068  -46.381  15.583  10.488 0.0000000000
120086  -47.501  17.248  7.066 0.0000000000
80407  -47.965  17.209  7.735 0.0000000000
80421  -48.037  17.813  6.921 0.0000000000
81051  -48.791  18.258  7.178 0.0000000000
95308  -36.938  43.129  -0.971 0.0000000000
94853  -35.997  42.309  -1.746 0.0000000000
94858  -36.652  42.049  -2.306 0.0000000000
93919  -36.424  40.536  -2.362 0.0000000000
94398  -37.311  41.516  -2.626 0.0000000000
92202  -41.957  37.850  -2.966 0.0000000000
92830  -41.486  38.405  -3.333 0.0000000000
92196  -41.775  37.678  -2.167 0.0000000000
92190  -42.373  37.694  -1.555 0.0000000000
92191  -43.240  37.843  -1.721 0.0000000000
93398  -49.304  39.573  -1.949 0.0000000000
93387  -49.569  40.361  -1.139 0.0000000000
93388  -50.471  40.206  -1.668 0.0000000000
93914  -50.722  40.401  -1.141 0.0000000000
93389  -51.249  40.086  -1.776 0.0000000000
93390  -51.917  39.653  -2.044 0.0000000000
93400  -51.209  39.843  -2.425 0.0000000000
117073  -39.657  21.801  5.434 0.0000000000
119615  -40.359  21.337  5.434 0.0000000000
118961  -40.673  19.988  5.367 0.0000000000
81705  -42.192  19.624  5.473 0.0000000000
84070  -45.783  22.991  8.078 0.0000000000
83513  -45.506  22.367  7.636 0.0000000000
84071  -46.580  23.100  8.592 0.0000000000
89703  -38.870  33.683  6.477 0.0000000000
107919  -39.041  32.679  6.485 0.0000000000
88553  -38.706  31.978  6.551 0.0000000000
88554  -39.692  31.979  6.581 0.0000000000
90253  -45.252  34.620  5.827 0.0000000000
90239  -44.562  34.183  6.053 0.0000000000
87887  -44.787  30.187  10.892 0.0000000000
87320  -44.070  29.638  10.369 0.0000000000
87319  -43.306  29.209  9.947 0.0000000000
86779  -43.710  28.956  10.744 0.0000000000
86272  -43.738  28.356  10.599 0.0000000000
86780  -44.286  28.821  11.289 0.0000000000
85711  -49.454  26.381  11.886 0.0000000000
85154  -49.315  25.551  11.922 0.0000000000
85155  -50.038  25.915  11.307 0.0000000000
84610  -49.829  25.004  11.552 0.0000000000
85175  -50.741  25.770  10.567 0.0000000000
84626  -51.183  25.112  10.179 0.0000000000
85218  -48.600  25.144  6.905 0.0000000000
85219  -49.574  25.149  7.044 0.0000000000
84667  -49.058  24.537  6.435 0.0000000000
84678  -48.576  24.075  5.772 0.0000000000
86329  -46.615  27.677  4.451 0.0000000000
86325  -46.692  27.609  5.514 0.0000000000
84126  -45.147  22.980  2.779 0.0000000000
83556  -44.560  22.561  1.245 0.0000000000
84135  -43.991  22.834  1.716 0.0000000000
81054  -51.161  19.061  8.032 0.0000000000
92161  -50.201  37.551  2.528 0.0000000000
92148  -49.945  37.089  3.224 0.0000000000
92149  -50.828  36.821  3.035 0.0000000000
90276  -51.258  34.328  3.325 0.0000000000
90873  -51.202  35.164  3.593 0.0000000000
89732  -50.580  34.107  4.244 0.0000000000
89740  -51.011  33.660  3.445 0.0000000000
89184  -50.565  32.997  3.324 0.0000000000
89196  -50.769  33.080  2.956 0.0000000000
89746  -49.160  32.554  2.498 0.0000000000
79090  -44.363  15.253  8.071 0.0000000000
79807  -46.114  16.719  6.613 0.0000000000
95769  -38.255  44.050  1.045 0.0000000000
92836  -47.462  38.357  -3.301 0.0000000000
92849  -49.049  37.760  -4.280 0.0000000000
92215  -48.501  37.569  -5.045 0.0000000000
85201  -42.477  25.302  7.589 0.0000000000
84651  -42.872  24.585  7.314 0.0000000000
84652  -43.648  24.446  7.509 0.0000000000
84653  -44.485  24.220  7.783 0.0000000000
85203  -44.070  25.025  7.943 0.0000000000
91521  -37.027  37.252  2.035 0.0000000000
113237  -39.994  35.378  5.938 0.0000000000
89687  -47.037  33.880  8.776 0.0000000000
88512  -47.428  32.098  11.326 0.0000000000
88518  -47.032  32.563  10.671 0.0000000000
88511  -46.423  31.688  11.073 0.0000000000
87889  -46.755  31.073  11.752 0.0000000000
87881  -46.531  30.187  12.094 0.0000000000
87882  -47.482  30.579  12.003 0.0000000000
86782  -49.414  29.222  10.881 0.0000000000
86783  -49.549  28.410  11.148 0.0000000000
86293  -50.075  27.781  9.849 0.0000000000
86307  -48.800  27.504  8.967 0.0000000000
85755  -48.376  26.974  8.306 0.0000000000
85774  -48.643  26.304  7.980 0.0000000000
85773  -47.734  26.713  7.581 0.0000000000
93334  -43.732  40.520  4.666 0.0000000000
93327  -43.613  40.072  4.958 0.0000000000
92733  -44.260  39.969  5.130 0.0000000000
105786  -45.865  37.010  3.152 0.0000000000
115093  -44.654  37.153  3.532 0.0000000000
90872  -45.913  35.730  4.168 0.0000000000
90847  -45.402  35.350  4.722 0.0000000000
120585  -46.204  35.427  4.915 0.0000000000
91496  -48.879  36.640  4.027 0.0000000000
90819  -48.102  35.625  6.947 0.0000000000
90818  -47.595  35.541  6.849 0.0000000000
90242  -47.848  35.231  7.434 0.0000000000
90225  -47.345  34.746  7.748 0.0000000000
90226  -48.043  34.787  7.618 0.0000000000
89154  -48.157  33.270  7.549 0.0000000000
88541  -47.975  32.288  7.942 0.0000000000
120818  -47.589  31.185  7.073 0.0000000000
87947  -48.140  30.871  5.050 0.0000000000
86829  -47.128  28.904  4.743 0.0000000000
88574  -49.345  31.982  3.115 0.0000000000
88573  -48.805  31.155  3.393 0.0000000000
87968  -48.611  30.698  2.979 0.0000000000
122123  -47.082  29.758  2.821 0.0000000000
87384  -47.715  29.647  2.928 0.0000000000
79092  -46.150  15.920  8.854 0.0000000000
105814  -46.838  16.180  9.399 0.0000000000
80399  -48.693  17.421  8.210 0.0000000000
80389  -49.746  17.535  9.707 0.0000000000
81685  -49.750  19.349  7.404 0.0000000000
82343  -49.905  20.188  7.505 0.0000000000
94372  -32.169  41.103  1.643 0.0000000000
93881  -31.704  40.476  2.084 0.0000000000
93882  -32.066  40.300  1.348 0.0000000000
92756  -32.605  38.772  1.109 0.0000000000
93887  -32.421  40.068  0.737 0.0000000000
95286  -35.515  43.277  1.813 0.0000000000
94845  -35.112  42.919  0.769 0.0000000000
93909  -34.540  40.868  -1.387 0.0000000000
94389  -34.171  41.388  -0.932 0.0000000000
93900  -33.947  40.590  -0.876 0.0000000000
92786  -33.937  39.031  -0.052 0.0000000000
92787  -34.629  38.932  -0.375 0.0000000000
92772  -35.238  38.433  0.139 0.0000000000
92788  -35.449  38.810  -0.603 0.0000000000
92804  -37.103  38.827  -1.278 0.0000000000
92790  -37.311  38.566  -0.378 0.0000000000
92791  -38.086  38.563  -0.233 0.0000000000
92759  -38.503  38.509  1.196 0.0000000000
92775  -38.751  38.621  0.442 0.0000000000
93396  -38.484  39.467  -2.469 0.0000000000
92818  -39.237  38.941  -2.402 0.0000000000
92183  -41.069  37.754  -0.921 0.0000000000
92792  -40.190  38.104  -0.638 0.0000000000
103796  -40.762  38.225  0.038 0.0000000000
92777  -40.392  38.743  0.880 0.0000000000
92778  -41.297  38.476  0.788 0.0000000000
92747  -41.933  39.360  2.599 0.0000000000
92762  -42.059  38.792  1.536 0.0000000000
92781  -44.440  38.805  0.717 0.0000000000
92764  -43.984  39.189  1.748 0.0000000000
93352  -44.957  39.863  2.048 0.0000000000
93877  -46.265  40.397  2.581 0.0000000000
93353  -45.876  40.404  2.122 0.0000000000
92822  -45.718  38.425  -2.383 0.0000000000
92810  -45.490  38.556  -1.609 0.0000000000
93375  -48.176  40.364  -0.109 0.0000000000
93365  -47.517  40.332  0.501 0.0000000000
93901  -48.280  40.705  0.681 0.0000000000
93890  -47.784  40.679  1.395 0.0000000000
93885  -48.844  40.585  1.080 0.0000000000
107235  -49.134  40.125  1.246 0.0000000000
93357  -49.630  40.220  0.833 0.0000000000
93368  -51.619  38.818  -0.065 0.0000000000
92783  -51.284  38.759  0.590 0.0000000000
92181  -52.189  36.871  0.889 0.0000000000
92193  -52.663  37.618  -1.891 0.0000000000
92187  -52.534  37.293  -0.977 0.0000000000
91544  -52.259  36.500  -1.659 0.0000000000
91553  -52.555  36.613  -2.353 0.0000000000
92840  -51.665  39.070  -3.492 0.0000000000
80427  -42.252  17.590  5.377 0.0000000000
104505  -43.900  19.066  5.575 0.0000000000
106670  -43.819  18.191  5.441 0.0000000000
81076  -44.628  18.491  5.622 0.0000000000
81077  -45.402  18.563  5.835 0.0000000000
83524  -43.530  22.399  6.628 0.0000000000
82986  -43.379  21.258  6.194 0.0000000000
82974  -43.800  21.655  6.512 0.0000000000
82977  -46.308  20.900  7.110 0.0000000000
82976  -45.375  20.986  6.892 0.0000000000
81696  -46.480  19.492  6.438 0.0000000000
82355  -46.821  20.181  6.770 0.0000000000
82356  -47.568  20.147  6.885 0.0000000000
82946  -48.075  21.755  8.347 0.0000000000
82960  -48.474  21.128  7.703 0.0000000000
82947  -48.966  21.650  8.317 0.0000000000
83506  -49.466  22.206  8.974 0.0000000000
108865  -38.736  30.596  7.072 0.0000000000
86818  -38.787  28.531  8.237 0.0000000000
121007  -42.611  37.058  4.755 0.0000000000
92119  -41.795  36.987  4.907 0.0000000000
90844  -42.553  36.124  4.830 0.0000000000
90238  -42.922  34.167  5.910 0.0000000000
90250  -42.128  34.927  5.698 0.0000000000
90237  -42.011  34.133  6.175 0.0000000000
109202  -41.117  34.121  6.439 0.0000000000
89705  -41.897  33.379  6.417 0.0000000000
88540  -45.351  32.354  8.176 0.0000000000
89133  -44.798  32.608  7.413 0.0000000000
88539  -44.391  31.848  7.723 0.0000000000
87927  -43.108  30.994  7.772 0.0000000000
89131  -42.869  31.742  7.231 0.0000000000
88556  -41.614  31.959  6.781 0.0000000000
88536  -41.556  31.267  7.155 0.0000000000
88535  -40.837  30.820  7.219 0.0000000000
87925  -41.613  30.492  7.596 0.0000000000
86794  -42.131  28.427  9.632 0.0000000000
107410  -41.282  29.080  8.774 0.0000000000
86793  -41.416  28.494  9.274 0.0000000000
86286  -40.863  28.021  9.261 0.0000000000
86287  -41.586  27.953  9.530 0.0000000000
86305  -41.948  27.399  9.303 0.0000000000
85731  -44.627  26.695  9.579 0.0000000000
85171  -44.785  26.001  8.945 0.0000000000
85187  -45.251  25.334  8.738 0.0000000000
85172  -45.384  26.095  9.389 0.0000000000
86769  -46.448  28.739  12.416 0.0000000000
86259  -45.936  28.050  11.887 0.0000000000
85166  -47.933  25.349  11.178 0.0000000000
85724  -47.418  26.116  11.331 0.0000000000
85174  -47.377  24.875  10.191 0.0000000000
124125  -48.710  23.787  10.645 0.0000000000
84054  -50.227  23.830  10.845 0.0000000000
84061  -49.821  23.171  10.293 0.0000000000
84062  -50.620  23.454  10.156 0.0000000000
83497  -50.359  22.891  9.789 0.0000000000
84072  -51.858  23.309  9.072 0.0000000000
85190  -52.130  25.637  8.428 0.0000000000
84645  -52.475  24.823  8.038 0.0000000000
85222  -52.343  25.982  6.848 0.0000000000
85188  -50.670  26.408  8.258 0.0000000000
84669  -51.133  25.220  6.303 0.0000000000
84670  -51.995  25.675  6.078 0.0000000000
122418  -51.589  24.967  5.621 0.0000000000
84680  -51.035  24.228  4.985 0.0000000000
84112  -49.380  23.241  4.556 0.0000000000
84120  -49.746  23.171  3.781 0.0000000000
83544  -49.197  22.814  3.345 0.0000000000
123191  -47.189  29.512  7.261 0.0000000000
106031  -47.229  29.057  7.714 0.0000000000
86316  -46.963  28.303  7.083 0.0000000000
85778  -46.721  26.785  5.896 0.0000000000
121887  -47.487  26.127  6.902 0.0000000000
85216  -47.017  25.914  6.216 0.0000000000
123682  -45.944  25.612  4.277 0.0000000000
84693  -46.108  24.074  4.121 0.0000000000
84685  -46.572  24.400  4.661 0.0000000000
84686  -47.266  23.931  4.959 0.0000000000
84110  -47.597  23.251  4.512 0.0000000000
84119  -47.151  22.932  3.876 0.0000000000
83549  -46.341  22.410  2.457 0.0000000000
83550  -47.089  22.363  2.659 0.0000000000
109933  -46.851  22.253  1.856 0.0000000000
111233  -47.618  22.337  2.092 0.0000000000
81687  -51.458  19.982  8.157 0.0000000000
82332  -52.149  20.762  8.437 0.0000000000
110552  -52.689  21.353  8.223 0.0000000000
92163  -51.446  36.814  2.315 0.0000000000
91512  -51.444  36.167  2.789 0.0000000000
90891  -51.348  34.781  2.812 0.0000000000
90283  -50.677  33.447  2.706 0.0000000000
85200  -41.613  25.434  7.434 0.0000000000
85772  -42.058  26.072  7.981 0.0000000000
92154  -38.359  37.403  2.421 0.0000000000
91511  -38.967  37.039  2.964 0.0000000000
91471  -40.398  36.485  4.437 0.0000000000
117702  -48.061  33.199  10.021 0.0000000000
89119  -47.546  33.089  10.202 0.0000000000
88513  -48.100  32.143  11.226 0.0000000000
122367  -48.338  31.493  11.344 0.0000000000
87883  -48.343  30.814  11.575 0.0000000000
86797  -49.187  28.956  10.160 0.0000000000
93336  -44.934  40.673  4.328 0.0000000000
92740  -44.807  40.129  4.524 0.0000000000
92741  -45.396  39.919  3.671 0.0000000000
92146  -46.400  37.172  2.939 0.0000000000
90851  -50.032  35.958  5.100 0.0000000000
90850  -49.218  36.106  5.584 0.0000000000
90834  -49.493  35.600  5.577 0.0000000000
90255  -48.861  35.156  6.221 0.0000000000
89711  -48.436  34.637  6.979 0.0000000000
89155  -48.389  33.571  6.638 0.0000000000
119069  -48.010  31.578  5.939 0.0000000000
88584  -48.361  30.903  2.749 0.0000000000
79770  -47.673  16.432  10.735 0.0000000000
79786  -47.503  16.759  8.365 0.0000000000
80409  -49.213  17.850  7.753 0.0000000000
81684  -48.999  19.087  7.071 0.0000000000
94373  -32.737  41.792  1.849 0.0000000000
95296  -36.681  43.490  0.619 0.0000000000
95301  -35.809  43.074  0.166 0.0000000000
110262  -35.643  42.647  -0.808 0.0000000000
94852  -35.293  42.109  -1.364 0.0000000000
93910  -35.197  41.025  -1.833 0.0000000000
92802  -35.753  39.159  -1.195 0.0000000000
93911  -35.715  40.430  -2.056 0.0000000000
93384  -37.052  39.292  -1.951 0.0000000000
92816  -37.768  38.892  -1.730 0.0000000000
93404  -40.594  39.441  -3.260 0.0000000000
116749  -39.752  38.293  -2.042 0.0000000000
92819  -40.545  38.088  -2.257 0.0000000000
92189  -41.641  37.659  -1.472 0.0000000000
92794  -42.411  38.069  -0.084 0.0000000000
92779  -42.697  38.363  0.714 0.0000000000
122444  -43.059  38.195  0.071 0.0000000000
92795  -43.719  38.315  -0.150 0.0000000000
92782  -45.060  38.828  0.114 0.0000000000
92812  -47.106  38.793  -2.011 0.0000000000
93385  -47.190  39.171  -1.348 0.0000000000
93386  -47.990  39.212  -1.815 0.0000000000
93376  -48.888  40.420  -0.626 0.0000000000
93903  -49.861  40.684  -0.175 0.0000000000
93366  -50.114  40.361  0.353 0.0000000000
93904  -50.469  40.480  -0.519 0.0000000000
93377  -51.086  40.219  -0.948 0.0000000000
93378  -51.603  39.401  -0.727 0.0000000000
92799  -52.319  38.152  -0.534 0.0000000000
92813  -52.129  39.046  -1.343 0.0000000000
92814  -52.413  38.806  -1.992 0.0000000000
114561  -52.492  38.488  -2.599 0.0000000000
83530  -38.885  21.799  5.447 0.0000000000
82982  -38.493  21.162  5.525 0.0000000000
82359  -38.601  20.457  5.558 0.0000000000
81074  -42.219  18.363  5.377 0.0000000000
104254  -42.427  19.072  5.424 0.0000000000
81706  -43.052  19.641  5.591 0.0000000000
82365  -44.094  20.039  5.941 0.0000000000
83512  -44.768  22.561  7.353 0.0000000000
82957  -45.872  21.630  7.456 0.0000000000
82958  -46.743  21.471  7.633 0.0000000000
83514  -47.254  21.947  8.223 0.0000000000
83504  -47.778  22.421  8.891 0.0000000000
106637  -37.911  32.119  6.530 0.0000000000
87937  -38.143  31.270  6.732 0.0000000000
119700  -39.458  30.655  7.114 0.0000000000
90845  -43.416  35.480  4.723 0.0000000000
90829  -42.597  35.394  5.159 0.0000000000
90263  -43.838  34.850  5.084 0.0000000000
108238  -43.757  34.361  5.662 0.0000000000
88516  -45.176  31.266  9.385 0.0000000000
87909  -44.346  30.718  8.825 0.0000000000
87908  -43.433  30.437  8.493 0.0000000000
87907  -42.434  30.209  8.170 0.0000000000
87334  -42.947  29.644  9.067 0.0000000000
87318  -42.605  29.002  9.660 0.0000000000
86289  -43.216  27.752  10.022 0.0000000000
86290  -44.080  27.511  10.185 0.0000000000
86291  -44.802  27.306  10.353 0.0000000000
118717  -48.499  26.961  12.386 0.0000000000
112803  -47.747  27.094  12.363 0.0000000000
85710  -48.838  26.170  12.209 0.0000000000
85153  -48.699  25.468  11.844 0.0000000000
85167  -48.629  24.818  11.369 0.0000000000
84623  -48.967  24.234  11.201 0.0000000000
84624  -49.704  24.320  11.297 0.0000000000
84634  -50.929  24.167  10.390 0.0000000000
84635  -51.538  24.620  9.657 0.0000000000
109860  -51.631  25.599  9.232 0.0000000000
122893  -51.749  26.225  8.443 0.0000000000
85775  -49.636  26.251  8.206 0.0000000000
85206  -50.151  25.820  7.671 0.0000000000
84668  -50.035  24.716  6.433 0.0000000000
84111  -48.482  23.097  4.604 0.0000000000
87363  -47.013  29.101  5.862 0.0000000000
86826  -46.845  28.349  6.180 0.0000000000
112786  -44.831  24.767  3.498 0.0000000000
106660  -45.471  24.362  3.728 0.0000000000
125287  -46.600  23.137  3.731 0.0000000000
83540  -45.881  22.727  2.919 0.0000000000
83548  -45.573  22.500  2.270 0.0000000000
83557  -45.336  22.396  1.477 0.0000000000
112891  -45.840  22.305  0.981 0.0000000000
83574  -44.454  22.753  0.475 0.0000000000
92160  -48.682  38.134  2.269 0.0000000000
92159  -47.776  37.814  2.452 0.0000000000
91497  -49.690  36.596  3.945 0.0000000000
91478  -50.296  36.186  4.403 0.0000000000
91498  -50.978  36.037  3.664 0.0000000000
90264  -50.331  35.172  4.806 0.0000000000
89176  -50.045  33.284  4.147 0.0000000000
123241  -49.420  32.613  4.207 0.0000000000
89183  -49.815  32.527  3.487 0.0000000000
89194  -49.429  32.176  2.830 0.0000000000
89747  -50.006  32.868  2.655 0.0000000000
119863  -45.802  15.406  10.038 0.0000000000
79078  -45.549  15.506  9.306 0.0000000000
79105  -44.645  15.555  7.309 0.0000000000
79784  -46.062  16.114  7.988 0.0000000000
79794  -46.466  16.508  7.374 0.0000000000
79808  -46.884  16.979  6.857 0.0000000000
80420  -47.217  17.620  6.632 0.0000000000
95288  -37.171  43.755  1.356 0.0000000000
95297  -37.581  43.754  0.738 0.0000000000
95303  -37.386  43.497  -0.248 0.0000000000
95304  -38.258  43.616  -0.632 0.0000000000
92198  -43.418  37.791  -2.611 0.0000000000
92823  -46.615  38.529  -2.678 0.0000000000
92824  -47.467  38.719  -2.478 0.0000000000
92826  -49.454  38.937  -2.805 0.0000000000
93406  -51.149  39.476  -3.045 0.0000000000
92838  -49.723  38.436  -3.577 0.0000000000
92850  -50.231  38.112  -4.343 0.0000000000
84092  -43.176  23.272  6.787 0.0000000000
84093  -44.046  22.894  7.055 0.0000000000
84079  -44.591  23.326  7.503 0.0000000000
84080  -45.205  23.615  7.952 0.0000000000
84643  -45.277  24.422  8.334 0.0000000000
90248  -38.663  34.431  6.095 0.0000000000
89704  -39.653  33.940  6.519 0.0000000000
90224  -46.467  34.572  7.263 0.0000000000
89709  -45.740  33.868  7.236 0.0000000000
89134  -45.872  33.354  7.956 0.0000000000
88525  -45.734  32.195  9.128 0.0000000000
89118  -46.715  32.939  9.912 0.0000000000
87897  -45.460  31.021  10.396 0.0000000000
87311  -44.995  29.948  11.579 0.0000000000
86767  -45.001  29.321  11.845 0.0000000000
87303  -45.941  29.475  12.251 0.0000000000
86770  -47.636  28.834  12.379 0.0000000000
87305  -48.172  29.866  11.932 0.0000000000
86261  -48.084  27.865  12.473 0.0000000000
86262  -48.917  27.938  11.925 0.0000000000
86263  -49.431  27.318  11.677 0.0000000000
85725  -50.033  26.906  11.052 0.0000000000
85734  -50.942  26.685  9.755 0.0000000000
86277  -50.470  27.287  10.157 0.0000000000
85733  -50.472  27.187  9.413 0.0000000000
86292  -49.433  28.077  9.687 0.0000000000
85790  -46.214  26.968  4.156 0.0000000000
120077  -45.852  27.050  3.778 0.0000000000
104608  -45.164  26.758  3.585 0.0000000000
110283  -45.109  26.060  3.643 0.0000000000
85237  -44.516  25.538  3.490 0.0000000000
106334  -44.103  24.723  3.237 0.0000000000
84701  -43.614  24.016  2.675 0.0000000000
92738  -41.793  39.051  3.550 0.0000000000
92143  -41.383  38.145  3.811 0.0000000000
92739  -42.419  38.636  4.488 0.0000000000
113103  -43.123  38.750  4.919 0.0000000000
92134  -43.162  38.088  4.858 0.0000000000
92144  -44.445  38.471  3.945 0.0000000000
91491  -43.857  37.299  4.013 0.0000000000
91474  -44.105  36.034  4.206 0.0000000000
90846  -44.461  35.252  4.709 0.0000000000
90830  -45.075  34.970  5.199 0.0000000000
90254  -46.153  34.803  6.442 0.0000000000
112982  -48.226  36.906  3.191 0.0000000000
91495  -47.891  36.426  3.807 0.0000000000
91475  -47.784  36.102  4.732 0.0000000000
90849  -48.430  36.068  5.752 0.0000000000
108304  -47.695  35.893  5.527 0.0000000000
90848  -46.857  35.720  4.684 0.0000000000
109053  -47.012  35.533  5.754 0.0000000000
90831  -46.767  35.255  6.392 0.0000000000
89692  -47.516  34.250  8.286 0.0000000000
89688  -47.705  33.833  8.888 0.0000000000
89693  -47.930  34.179  8.202 0.0000000000
89124  -47.909  33.514  9.359 0.0000000000
108537  -48.222  33.080  9.229 0.0000000000
118483  -48.104  31.968  8.646 0.0000000000
121982  -46.902  28.300  4.337 0.0000000000
118555  -48.522  30.678  4.000 0.0000000000
87967  -48.262  30.156  2.895 0.0000000000
87367  -48.037  29.696  3.217 0.0000000000
79775  -46.932  16.059  10.207 0.0000000000
79777  -48.082  16.825  9.861 0.0000000000
109590  -47.451  16.565  9.152 0.0000000000
80378  -48.914  17.203  10.268 0.0000000000
80390  -50.851  17.755  9.717 0.0000000000
81043  -50.787  18.415  8.305 0.0000000000
81053  -50.322  18.824  7.689 0.0000000000
82344  -50.672  20.306  7.776 0.0000000000
94383  -33.174  41.508  0.288 0.0000000000
94844  -34.451  42.405  0.135 0.0000000000
94843  -33.913  41.818  -0.266 0.0000000000
111684  -32.970  40.898  -0.027 0.0000000000
93361  -33.354  39.538  0.004 0.0000000000
92177  -34.203  37.951  1.021 0.0000000000
92178  -35.074  37.992  0.882 0.0000000000
92179  -36.046  38.110  0.739 0.0000000000
119763  -37.235  37.775  1.554 0.0000000000
92789  -36.373  38.714  -0.746 0.0000000000
92773  -36.760  38.417  0.195 0.0000000000
92758  -37.789  38.189  1.355 0.0000000000
92171  -38.413  38.091  1.839 0.0000000000
92745  -39.656  38.760  1.845 0.0000000000
92746  -40.456  39.020  2.121 0.0000000000
94859  -37.506  42.292  -2.368 0.0000000000
113960  -37.848  40.064  -2.600 0.0000000000
93395  -37.760  39.372  -2.231 0.0000000000
92805  -38.501  38.550  -1.410 0.0000000000
92806  -39.424  38.249  -1.234 0.0000000000
104329  -39.457  38.439  -0.235 0.0000000000
92776  -39.614  38.739  0.719 0.0000000000
92760  -40.029  38.950  1.460 0.0000000000
108810  -41.341  39.169  2.654 0.0000000000
93340  -42.798  39.886  3.543 0.0000000000
93341  -43.559  40.320  3.635 0.0000000000
92763  -43.090  38.850  1.588 0.0000000000
93351  -44.463  40.379  3.245 0.0000000000
93342  -44.919  40.818  4.193 0.0000000000
93343  -45.468  40.353  3.363 0.0000000000
93344  -46.539  40.310  2.535 0.0000000000
93345  -47.465  40.350  2.116 0.0000000000
92809  -44.710  38.390  -1.355 0.0000000000
92797  -45.334  38.727  -0.741 0.0000000000
93363  -45.734  39.183  0.130 0.0000000000
93374  -46.535  39.140  -0.910 0.0000000000
109253  -46.597  39.591  0.123 0.0000000000
108142  -46.197  39.866  1.121 0.0000000000
93889  -47.234  40.626  1.881 0.0000000000
93883  -47.534  40.547  1.825 0.0000000000
93346  -48.077  39.847  1.928 0.0000000000
92751  -48.593  38.909  1.837 0.0000000000
92753  -50.440  38.103  1.905 0.0000000000
93358  -50.433  39.583  0.717 0.0000000000
92767  -50.871  38.525  1.304 0.0000000000
92173  -51.274  37.576  1.821 0.0000000000
92174  -51.864  36.803  1.592 0.0000000000
91522  -51.932  36.241  1.353 0.0000000000
91536  -52.236  36.681  -0.854 0.0000000000
124085  -51.896  39.344  -3.197 0.0000000000
109412  -52.214  38.712  -3.426 0.0000000000
79817  -43.670  16.568  5.681 0.0000000000
80428  -42.994  17.864  5.375 0.0000000000
110179  -43.740  17.347  5.485 0.0000000000
79819  -45.133  17.129  5.838 0.0000000000
80418  -45.742  17.205  6.106 0.0000000000
80431  -46.013  17.958  6.025 0.0000000000
81064  -46.723  18.155  6.307 0.0000000000
82985  -42.694  21.188  5.884 0.0000000000
81694  -44.883  19.965  6.212 0.0000000000
82975  -44.528  21.354  6.719 0.0000000000
82353  -44.687  20.605  6.450 0.0000000000
81695  -45.574  19.533  6.216 0.0000000000
107559  -46.872  18.829  6.369 0.0000000000
81698  -48.355  19.740  6.927 0.0000000000
82342  -48.800  20.426  7.337 0.0000000000
124869  -49.328  20.340  7.423 0.0000000000
86817  -37.989  28.677  8.008 0.0000000000
110679  -38.927  27.982  8.607 0.0000000000
86302  -39.488  27.587  8.668 0.0000000000
92132  -41.733  37.587  4.570 0.0000000000
91458  -40.886  36.216  5.420 0.0000000000
90828  -41.746  35.879  5.423 0.0000000000
90249  -41.322  35.535  6.005 0.0000000000
90826  -40.608  35.640  6.017 0.0000000000
116375  -40.639  34.962  6.452 0.0000000000
90235  -40.160  34.496  6.514 0.0000000000
122351  -40.479  33.416  6.505 0.0000000000
89708  -44.839  33.630  6.595 0.0000000000
89153  -44.286  33.010  6.812 0.0000000000
89152  -43.511  32.941  6.650 0.0000000000
88538  -43.601  31.582  7.556 0.0000000000
89151  -42.937  32.518  6.764 0.0000000000
115162  -42.359  32.795  6.584 0.0000000000
89150  -41.772  32.655  6.596 0.0000000000
89149  -41.063  32.548  6.596 0.0000000000
106759  -40.354  32.501  6.551 0.0000000000
87939  -40.018  31.098  6.910 0.0000000000
87924  -40.106  30.365  7.356 0.0000000000
87906  -41.515  29.717  8.181 0.0000000000
87332  -40.770  29.309  8.273 0.0000000000
87345  -40.109  29.575  7.786 0.0000000000
87331  -40.107  28.810  8.381 0.0000000000
86805  -40.157  28.102  8.869 0.0000000000
86303  -40.358  27.584  8.864 0.0000000000
85752  -41.599  26.790  8.578 0.0000000000
85184  -42.904  25.886  8.138 0.0000000000
120568  -42.809  27.212  9.393 0.0000000000
85753  -43.318  26.448  8.756 0.0000000000
85185  -43.702  25.706  8.309 0.0000000000
85186  -44.444  25.537  8.481 0.0000000000
84631  -46.136  24.689  8.960 0.0000000000
86781  -45.016  28.448  11.617 0.0000000000
86274  -45.418  27.503  11.013 0.0000000000
85722  -46.052  26.808  10.688 0.0000000000
85709  -47.226  26.807  11.881 0.0000000000
85723  -46.749  26.472  10.945 0.0000000000
85173  -46.239  26.144  10.000 0.0000000000
104405  -46.636  25.264  9.690 0.0000000000
84632  -46.891  24.538  9.510 0.0000000000
84058  -46.767  23.873  9.071 0.0000000000
84059  -47.448  23.187  9.255 0.0000000000
110264  -48.320  22.875  9.587 0.0000000000
113901  -48.912  23.256  10.254 0.0000000000
83496  -49.150  22.721  9.691 0.0000000000
83507  -50.422  22.342  9.014 0.0000000000
84644  -52.061  24.400  9.004 0.0000000000
84081  -52.729  24.067  7.466 0.0000000000
84094  -53.033  24.432  6.629 0.0000000000
85735  -51.356  26.338  9.034 0.0000000000
85208  -52.005  26.396  7.598 0.0000000000
85207  -51.308  26.216  7.612 0.0000000000
85229  -52.439  25.709  6.217 0.0000000000
84681  -52.483  25.338  5.606 0.0000000000
84688  -52.950  25.054  4.844 0.0000000000
109000  -52.893  24.935  3.959 0.0000000000
84113  -50.397  23.640  4.349 0.0000000000
84121  -50.746  23.712  3.368 0.0000000000
86317  -47.165  27.526  7.369 0.0000000000
85217  -47.749  25.451  6.601 0.0000000000
85232  -46.420  25.322  4.875 0.0000000000
122763  -46.844  25.392  5.564 0.0000000000
84105  -48.097  23.601  5.174 0.0000000000
83542  -47.473  22.549  3.334 0.0000000000
83543  -48.384  22.555  3.238 0.0000000000
79818  -44.501  16.827  5.758 0.0000000000
80430  -45.362  17.747  5.794 0.0000000000
82363  -42.398  20.351  5.615 0.0000000000
82983  -39.333  20.971  5.402 0.0000000000
83552  -49.175  22.782  2.612 0.0000000000
84611  -50.268  25.309  11.186 0.0000000000
84665  -43.227  23.991  7.130 0.0000000000
86803  -38.305  28.017  8.497 0.0000000000
87880  -45.739  30.113  11.886 0.0000000000
88537  -42.134  31.626  7.089 0.0000000000
89147  -38.275  32.873  6.477 0.0000000000
90233  -38.517  34.151  6.351 0.0000000000
90234  -39.314  34.485  6.387 0.0000000000
90265  -50.975  34.660  4.020 0.0000000000
90817  -40.801  35.458  6.252 0.0000000000
90827  -41.076  35.942  5.900 0.0000000000
90892  -51.759  35.817  1.831 0.0000000000
91460  -42.004  36.725  5.003 0.0000000000
91492  -44.621  36.437  3.792 0.0000000000
91493  -45.447  36.434  3.580 0.0000000000
92157  -45.761  38.165  2.866 0.0000000000
92172  -39.005  38.479  1.661 0.0000000000
92180  -37.032  38.169  0.995 0.0000000000
92184  -42.019  37.760  -0.817 0.0000000000
92192  -44.095  38.070  -1.953 0.0000000000
92195  -41.072  37.712  -1.832 0.0000000000
92731  -43.254  39.388  4.856 0.0000000000
92732  -43.690  39.518  5.046 0.0000000000
92750  -47.935  39.003  1.978 0.0000000000
92765  -48.899  39.453  1.567 0.0000000000
92793  -41.612  38.054  -0.102 0.0000000000
92796  -44.517  38.504  -0.449 0.0000000000
92798  -45.923  38.815  -1.156 0.0000000000
92817  -38.444  38.885  -2.092 0.0000000000
92829  -40.848  38.580  -2.933 0.0000000000
93328  -44.094  40.553  5.024 0.0000000000
93332  -42.106  39.474  3.312 0.0000000000
93349  -32.233  39.525  1.210 0.0000000000
93354  -46.683  40.611  2.034 0.0000000000
93356  -48.391  40.347  1.518 0.0000000000
93360  -32.758  39.431  0.577 0.0000000000
93371  -34.041  39.677  -0.625 0.0000000000
93381  -35.055  40.299  -1.593 0.0000000000
93382  -35.685  39.726  -1.661 0.0000000000
93383  -36.360  39.830  -2.077 0.0000000000
93407  -51.665  39.565  -2.937 0.0000000000
93884  -48.080  40.602  1.503 0.0000000000
93888  -32.836  40.210  0.202 0.0000000000
93891  -48.620  40.693  0.826 0.0000000000
93893  -50.174  40.589  0.009 0.0000000000
93902  -49.034  40.763  0.157 0.0000000000
93912  -49.570  40.621  -0.466 0.0000000000
93920  -37.189  40.679  -2.606 0.0000000000
93921  -38.060  40.909  -2.916 0.0000000000
93922  -38.609  40.179  -2.818 0.0000000000
94388  -33.500  41.133  -0.441 0.0000000000
94392  -34.861  41.560  -1.396 0.0000000000
94393  -35.500  41.683  -1.849 0.0000000000
94397  -36.536  41.304  -2.463 0.0000000000
94833  -33.394  42.105  1.179 0.0000000000
94849  -36.371  42.811  -1.157 0.0000000000
94857  -36.043  41.759  -2.219 0.0000000000
95287  -36.497  43.581  1.764 0.0000000000
95298  -38.214  43.830  0.211 0.0000000000
95309  -37.628  43.248  -1.209 0.0000000000
95759  -38.813  44.347  1.394 0.0000000000
104466  -35.127  42.659  -0.119 0.0000000000
105812  -44.287  40.778  4.615 0.0000000000
105902  -37.830  38.595  -1.033 0.0000000000
106039  -32.722  41.504  1.070 0.0000000000
106171  -36.545  37.644  1.469 0.0000000000
106460  -38.745  38.465  -0.611 0.0000000000
106865  -45.042  18.111  5.669 0.0000000000
108729  -48.733  39.854  -1.304 0.0000000000
109254  -47.319  39.668  -0.478 0.0000000000
110667  -40.884  20.670  5.419 0.0000000000
112695  -34.450  40.159  -1.172 0.0000000000
114400  -49.455  37.642  2.594 0.0000000000
114644  -51.634  39.767  -2.450 0.0000000000
115379  -45.132  38.786  3.510 0.0000000000
116848  -45.293  20.289  6.489 0.0000000000
117574  -39.095  39.649  -2.725 0.0000000000
117849  -38.048  27.481  8.516 0.0000000000
120832  -37.719  43.954  1.461 0.0000000000
121710  -43.538  39.612  2.483 0.0000000000
121999  -44.209  40.803  4.949 0.0000000000
125027  -50.341  39.058  -3.089 0.0000000000
