#!ascii label  , from subject sub-v1s10x0051112_ses-1 vox2ras=TkReg
926
24529  -37.987  -55.824  -61.897 0.5000000000
23488  -36.232  -57.240  -62.912 0.8000000119
26752  -35.527  -55.420  -63.440 0.8000000119
25629  -36.942  -56.151  -63.083 0.8000000119
141075  -37.391  -56.101  -62.756 0.8000000119
25602  -37.505  -55.235  -61.336 0.5000000000
24535  -36.783  -56.812  -62.520 0.5000000000
24537  -38.054  -55.849  -62.324 0.6000000238
134527  -36.300  -53.915  -62.777 0.6999999881
26742  -36.355  -54.911  -63.088 0.6999999881
25630  -37.394  -55.665  -62.888 0.8000000119
25632  -39.061  -55.350  -62.287 0.6999999881
26721  -37.776  -54.439  -61.028 0.6000000238
25603  -38.424  -55.266  -61.553 0.5000000000
25604  -39.462  -55.376  -61.742 0.6000000238
126645  -35.276  -52.282  -62.549 0.6999999881
25610  -38.697  -55.685  -62.103 0.6000000238
25612  -40.431  -55.460  -61.908 0.6000000238
28855  -35.773  -53.044  -62.649 0.6999999881
27865  -34.762  -53.819  -63.100 0.6999999881
26744  -37.961  -54.375  -62.699 0.6999999881
25621  -40.034  -55.361  -62.121 0.6000000238
26745  -41.317  -55.340  -62.108 0.6000000238
26755  -38.727  -54.843  -62.576 0.8000000119
25633  -39.713  -55.074  -62.359 0.8000000119
26756  -40.748  -55.074  -62.342 0.6999999881
26714  -38.079  -53.629  -60.686 0.4000000060
26723  -39.670  -54.668  -61.272 0.6000000238
29888  -35.576  -51.535  -62.479 0.6999999881
26725  -41.659  -54.775  -61.329 0.6000000238
29889  -36.425  -51.555  -62.498 0.6999999881
28856  -36.468  -53.040  -62.612 0.6999999881
27858  -37.264  -53.541  -62.632 0.6999999881
124789  -38.055  -53.590  -62.597 0.6999999881
27859  -38.662  -54.061  -62.589 0.6000000238
26757  -41.862  -54.414  -62.319 0.6999999881
137774  -42.823  -52.501  -61.885 0.5000000000
28858  -38.565  -53.194  -62.546 0.6000000238
27860  -39.378  -53.456  -62.516 0.6000000238
27861  -40.413  -53.366  -62.489 0.6000000238
28861  -42.085  -52.843  -62.156 0.6000000238
28860  -40.858  -52.256  -62.384 0.6000000238
29894  -41.898  -51.676  -62.114 0.5000000000
133481  -39.316  -52.937  -60.572 0.4000000060
27840  -39.012  -53.721  -60.821 0.5000000000
128963  -35.043  -50.845  -62.340 0.6999999881
27841  -39.944  -53.876  -60.861 0.6000000238
27843  -41.960  -54.007  -60.778 0.6000000238
29890  -37.326  -51.582  -62.496 0.6999999881
27844  -43.334  -54.062  -61.171 0.6000000238
29891  -38.310  -51.505  -62.470 0.6999999881
28849  -43.705  -53.649  -61.191 0.5000000000
28862  -43.603  -52.812  -61.384 0.6000000238
29892  -39.175  -51.538  -62.495 0.6999999881
28859  -39.752  -52.359  -62.472 0.6000000238
29895  -43.116  -51.840  -61.615 0.5000000000
30946  -44.400  -50.716  -60.911 0.5000000000
30954  -41.492  -50.713  -62.223 0.5000000000
32010  -33.749  -49.767  -61.131 0.6000000238
33061  -34.718  -48.527  -61.303 0.6000000238
28828  -38.864  -52.126  -60.210 0.5000000000
141356  -39.609  -52.284  -60.418 0.5000000000
32012  -35.062  -49.094  -61.863 0.6999999881
30948  -34.478  -50.327  -62.039 0.6999999881
27832  -40.177  -52.986  -60.621 0.5000000000
27833  -41.136  -52.968  -60.640 0.5000000000
29872  -41.970  -51.373  -60.277 0.4000000060
30949  -35.876  -50.783  -62.473 0.6999999881
28831  -42.598  -52.248  -60.411 0.5000000000
30950  -36.751  -50.769  -62.455 0.6999999881
30951  -37.634  -50.718  -62.478 0.6999999881
28832  -43.438  -52.350  -60.502 0.5000000000
141508  -38.823  -51.061  -62.491 0.6999999881
29879  -43.921  -52.085  -60.757 0.5000000000
136418  -39.988  -51.354  -62.518 0.6000000238
30942  -44.498  -50.429  -60.476 0.5000000000
32023  -41.002  -49.482  -62.489 0.5000000000
32024  -41.706  -49.909  -62.198 0.5000000000
30944  -42.751  -50.055  -61.764 0.5000000000
128276  -44.426  -49.993  -61.200 0.5000000000
32014  -43.739  -50.078  -61.409 0.5000000000
33060  -46.414  -48.387  -60.674 0.3000000119
30927  -41.362  -49.981  -59.555 0.3000000119
132421  -34.235  -49.287  -59.982 0.6000000238
32008  -34.076  -49.193  -60.823 0.6000000238
30935  -41.022  -50.768  -60.073 0.4000000060
30936  -42.064  -50.643  -60.065 0.4000000060
33069  -35.885  -48.778  -62.011 0.6000000238
129466  -43.071  -50.711  -60.070 0.5000000000
32019  -36.492  -49.351  -62.311 0.6999999881
130563  -37.050  -50.001  -62.478 0.6999999881
29874  -43.735  -51.698  -60.453 0.5000000000
32020  -38.745  -49.834  -62.492 0.5000000000
30938  -44.406  -50.332  -60.147 0.5000000000
32022  -40.359  -49.576  -62.543 0.5000000000
32006  -45.256  -49.244  -60.168 0.4000000060
32015  -44.940  -50.015  -60.867 0.3000000119
33057  -46.531  -48.318  -60.106 0.4000000060
132043  -44.307  -48.649  -61.641 0.5000000000
33066  -45.145  -48.879  -61.296 0.4000000060
33055  -34.656  -48.779  -59.682 0.6000000238
33058  -34.512  -48.611  -60.597 0.6000000238
34070  -34.887  -47.920  -60.947 0.6000000238
34077  -36.368  -47.097  -61.463 0.6000000238
33063  -36.083  -47.995  -61.766 0.6000000238
30928  -43.185  -49.815  -59.740 0.3000000119
30929  -44.088  -49.762  -59.781 0.4000000060
33070  -36.728  -48.609  -62.136 0.6000000238
32003  -44.263  -48.932  -59.451 0.3000000119
136687  -37.327  -49.250  -62.391 0.6000000238
136254  -37.901  -49.917  -62.478 0.6999999881
33053  -45.394  -48.058  -59.479 0.3000000119
32005  -44.729  -49.555  -59.912 0.3000000119
140225  -38.182  -49.148  -62.463 0.6000000238
141649  -46.326  -47.254  -59.457 0.3000000119
33056  -45.861  -48.671  -59.916 0.3000000119
125795  -40.026  -48.015  -62.620 0.5000000000
133171  -39.047  -49.023  -62.522 0.5000000000
127168  -40.725  -48.954  -62.595 0.5000000000
34068  -47.775  -47.400  -59.857 0.3000000119
34063  -46.947  -47.360  -59.638 0.3000000119
124009  -41.522  -48.880  -62.510 0.5000000000
33075  -42.431  -48.564  -62.373 0.5000000000
34073  -47.804  -47.561  -60.268 0.3000000119
120224  -41.886  -47.916  -62.640 0.5000000000
34080  -45.411  -48.224  -61.503 0.4000000060
33068  -46.075  -48.225  -61.239 0.3000000119
131436  -34.861  -48.585  -58.900 0.5000000000
34065  -35.050  -48.050  -59.945 0.6000000238
34071  -35.370  -47.365  -60.630 0.5000000000
33064  -37.026  -47.846  -61.891 0.6000000238
34078  -37.429  -47.068  -61.723 0.5000000000
139081  -47.066  -45.979  -59.296 0.3000000119
34085  -38.802  -47.682  -62.316 0.6000000238
37334  -48.105  -44.670  -58.902 0.3000000119
35119  -47.401  -46.735  -59.544 0.3000000119
34086  -39.580  -47.532  -62.440 0.6000000238
33074  -40.853  -48.127  -62.637 0.5000000000
35141  -43.902  -46.541  -62.587 0.5000000000
34090  -44.852  -47.584  -62.099 0.4000000060
129999  -46.034  -46.813  -61.948 0.4000000060
130758  -35.934  -46.553  -59.662 0.5000000000
35125  -36.233  -46.245  -60.497 0.5000000000
36213  -36.716  -45.813  -60.979 0.5000000000
136997  -36.346  -46.403  -61.117 0.5000000000
36214  -37.444  -45.642  -61.195 0.5000000000
38326  -47.090  -43.903  -58.210 0.3000000119
139241  -47.410  -44.474  -58.634 0.3000000119
34079  -38.388  -47.035  -61.959 0.6000000238
35137  -39.813  -46.759  -62.295 0.6000000238
34087  -40.395  -47.343  -62.549 0.5000000000
34088  -42.418  -47.160  -62.654 0.5000000000
35134  -48.153  -46.947  -61.286 0.4000000060
36223  -47.636  -46.127  -61.645 0.4000000060
35122  -36.411  -45.791  -59.604 0.5000000000
36208  -36.666  -45.586  -60.381 0.5000000000
36210  -37.867  -45.032  -60.907 0.5000000000
38315  -46.739  -43.349  -57.589 0.4000000060
38316  -47.815  -43.113  -57.716 0.4000000060
35129  -37.935  -46.319  -61.561 0.5000000000
35130  -39.029  -46.284  -61.853 0.5000000000
122791  -47.977  -43.890  -58.401 0.4000000060
37335  -48.950  -44.092  -58.733 0.3000000119
36216  -39.438  -45.383  -61.467 0.4000000060
123092  -48.842  -44.932  -59.174 0.3000000119
35131  -40.072  -45.981  -62.024 0.5000000000
35138  -40.673  -46.516  -62.405 0.4000000060
143751  -41.384  -46.297  -62.458 0.4000000060
36222  -46.426  -46.082  -61.925 0.4000000060
141759  -36.632  -45.283  -59.265 0.5000000000
36205  -36.886  -45.031  -59.849 0.5000000000
37347  -38.380  -44.578  -60.488 0.5000000000
123449  -47.535  -42.259  -56.432 0.4000000060
36211  -38.646  -44.972  -61.069 0.5000000000
37348  -39.379  -44.667  -60.711 0.4000000060
38317  -48.852  -42.618  -57.370 0.4000000060
38327  -48.829  -43.250  -58.020 0.4000000060
37355  -40.134  -45.019  -61.173 0.4000000060
36217  -40.486  -45.388  -61.733 0.4000000060
38328  -49.733  -43.368  -58.345 0.4000000060
36218  -41.338  -45.262  -61.953 0.4000000060
36228  -41.752  -45.756  -62.353 0.4000000060
135290  -43.695  -45.412  -62.277 0.4000000060
36231  -44.351  -45.850  -62.451 0.4000000060
36221  -44.845  -45.289  -62.049 0.4000000060
128660  -46.696  -45.284  -61.728 0.4000000060
126604  -48.504  -45.569  -61.452 0.4000000060
37330  -37.284  -44.169  -58.502 0.5000000000
37340  -37.409  -44.379  -59.415 0.4000000060
40280  -47.849  -41.559  -55.532 0.4000000060
39275  -48.659  -41.570  -56.192 0.4000000060
37341  -38.085  -44.143  -59.791 0.5000000000
37343  -39.829  -44.198  -59.902 0.4000000060
37356  -40.926  -44.887  -61.341 0.4000000060
39292  -50.383  -42.001  -57.944 0.4000000060
37357  -41.778  -44.760  -61.535 0.4000000060
36219  -42.169  -45.229  -62.110 0.4000000060
36226  -50.290  -45.151  -61.167 0.3000000119
132304  -45.741  -45.307  -61.883 0.4000000060
128293  -38.291  -43.487  -58.250 0.4000000060
38322  -38.733  -43.586  -58.725 0.5000000000
38333  -39.297  -43.846  -59.270 0.4000000060
40282  -49.310  -40.969  -56.280 0.4000000060
37344  -40.762  -44.057  -59.805 0.4000000060
37349  -40.410  -44.554  -60.602 0.4000000060
38335  -41.606  -43.739  -59.741 0.4000000060
37350  -41.405  -44.323  -60.650 0.4000000060
37351  -42.262  -44.275  -61.027 0.4000000060
37352  -43.035  -44.171  -61.215 0.4000000060
37359  -43.515  -44.798  -61.804 0.4000000060
37361  -45.187  -44.587  -61.590 0.4000000060
37364  -49.185  -44.878  -61.367 0.4000000060
131056  -46.826  -44.540  -61.441 0.4000000060
134715  -48.272  -44.707  -61.395 0.4000000060
122951  -39.044  -43.245  -57.850 0.4000000060
138955  -40.388  -43.400  -58.474 0.4000000060
38325  -41.054  -43.512  -58.884 0.4000000060
38339  -42.065  -43.899  -60.367 0.4000000060
38341  -43.394  -43.501  -60.697 0.4000000060
37365  -50.234  -44.810  -61.551 0.4000000060
123619  -44.153  -43.305  -60.756 0.4000000060
38347  -45.548  -43.861  -61.130 0.4000000060
38342  -45.042  -43.207  -60.649 0.4000000060
38348  -46.436  -43.857  -61.111 0.4000000060
133438  -47.455  -44.022  -61.165 0.4000000060
38313  -40.132  -43.023  -57.784 0.4000000060
39289  -41.347  -42.717  -58.458 0.4000000060
39298  -41.888  -43.140  -59.028 0.4000000060
140226  -42.557  -42.679  -59.267 0.4000000060
123648  -42.331  -43.385  -59.785 0.4000000060
38336  -43.008  -43.063  -59.969 0.4000000060
38337  -43.712  -42.776  -60.153 0.4000000060
39300  -44.487  -42.554  -60.259 0.4000000060
38350  -49.668  -44.104  -61.650 0.3000000119
38344  -46.837  -43.166  -60.834 0.4000000060
121428  -48.510  -43.981  -61.223 0.4000000060
39280  -40.243  -42.147  -57.306 0.4000000060
40298  -41.433  -41.843  -58.264 0.4000000060
40289  -40.947  -41.299  -57.729 0.4000000060
39290  -41.994  -42.304  -58.716 0.4000000060
40306  -42.617  -41.680  -58.995 0.4000000060
39301  -45.449  -42.293  -60.366 0.4000000060
38352  -51.309  -43.339  -62.282 0.4000000060
38351  -50.813  -44.071  -62.205 0.3000000119
39302  -46.345  -42.467  -60.619 0.4000000060
39306  -48.838  -43.196  -61.538 0.5000000000
39303  -47.148  -42.455  -60.906 0.5000000000
41215  -40.992  -40.405  -57.999 0.4000000060
41216  -41.481  -41.009  -58.328 0.4000000060
40299  -41.915  -41.537  -58.617 0.4000000060
41217  -42.040  -40.842  -58.836 0.4000000060
143711  -46.083  -42.011  -60.477 0.4000000060
39305  -48.044  -42.402  -61.458 0.5000000000
42113  -40.850  -39.636  -58.404 0.4000000060
42114  -41.430  -40.201  -58.667 0.4000000060
137395  -41.964  -39.933  -59.245 0.4000000060
40314  -47.404  -41.825  -61.314 0.4000000060
40317  -48.093  -41.496  -62.226 0.5000000000
42988  -40.408  -39.039  -57.988 0.4000000060
42118  -41.164  -39.261  -59.300 0.4000000060
43005  -41.814  -38.926  -60.133 0.4000000060
41234  -47.808  -40.543  -63.174 0.5000000000
43910  -39.173  -37.907  -60.446 0.4000000060
42987  -40.088  -38.440  -58.553 0.4000000060
43002  -39.817  -38.273  -60.212 0.4000000060
43003  -40.482  -38.566  -59.838 0.4000000060
43009  -40.129  -38.418  -61.023 0.4000000060
43010  -41.092  -38.472  -61.287 0.5000000000
42998  -39.680  -38.008  -59.379 0.4000000060
138808  -42.689  -47.829  -62.555 0.5000000000
34091  -44.944  -46.744  -62.426 0.5000000000
35133  -47.140  -46.945  -61.552 0.4000000060
24521  -37.401  -56.009  -61.689 0.5000000000
123576  -35.108  -56.287  -63.693 0.8000000119
136443  -34.660  -55.733  -63.739 0.8000000119
26751  -34.567  -54.837  -63.471 0.6999999881
26719  -36.046  -54.748  -60.399 0.5000000000
27864  -33.888  -54.000  -63.262 0.6999999881
26712  -36.228  -53.844  -60.151 0.5000000000
28854  -34.422  -52.285  -62.526 0.6999999881
27831  -38.431  -52.844  -60.425 0.4000000060
26713  -37.155  -53.645  -60.499 0.4000000060
29887  -34.747  -51.544  -62.398 0.6999999881
32011  -34.350  -49.267  -61.387 0.6999999881
28827  -38.006  -52.119  -59.911 0.4000000060
29869  -38.571  -51.424  -59.542 0.4000000060
32007  -33.755  -49.823  -60.417 0.6000000238
30926  -40.451  -50.119  -59.220 0.4000000060
122463  -34.493  -49.319  -59.009 0.6000000238
34058  -35.626  -46.934  -58.780 0.5000000000
35114  -36.056  -46.261  -58.887 0.5000000000
36198  -36.407  -45.569  -58.553 0.4000000060
38311  -37.761  -43.616  -57.911 0.4000000060
38303  -37.995  -43.235  -56.901 0.4000000060
38312  -38.336  -43.297  -57.623 0.4000000060
39279  -38.715  -42.852  -57.086 0.4000000060
39271  -39.495  -42.556  -57.201 0.4000000060
40288  -40.375  -41.313  -57.077 0.4000000060
41207  -40.590  -40.552  -57.304 0.4000000060
42098  -40.182  -39.951  -56.887 0.4000000060
42104  -40.022  -39.222  -57.211 0.4000000060
43905  -39.013  -37.316  -59.406 0.4000000060
23496  -35.336  -57.553  -63.294 0.8000000119
26753  -36.976  -55.373  -63.036 0.8000000119
26722  -38.734  -54.523  -61.196 0.5000000000
26741  -35.509  -54.427  -63.120 0.6999999881
28857  -37.900  -52.593  -62.529 0.6999999881
26724  -40.638  -54.910  -61.396 0.6000000238
26747  -42.423  -54.740  -62.103 0.6999999881
27867  -40.145  -54.404  -62.514 0.6999999881
136883  -42.858  -53.940  -60.813 0.6000000238
122420  -43.134  -53.431  -61.818 0.6000000238
27862  -41.437  -53.514  -62.372 0.6000000238
32018  -35.766  -49.444  -62.213 0.6999999881
28842  -43.878  -52.718  -60.743 0.5000000000
33062  -35.325  -48.296  -61.602 0.6000000238
30934  -39.971  -50.765  -59.723 0.5000000000
28830  -41.352  -51.916  -60.443 0.5000000000
33076  -43.370  -48.348  -62.113 0.5000000000
135252  -41.401  -47.099  -62.626 0.5000000000
134301  -44.244  -47.163  -62.460 0.5000000000
35132  -45.391  -45.989  -62.276 0.4000000060
35139  -42.099  -46.414  -62.577 0.4000000060
36224  -48.665  -46.299  -61.288 0.4000000060
37362  -46.053  -44.556  -61.502 0.4000000060
37353  -43.820  -44.036  -61.283 0.4000000060
38343  -45.945  -43.146  -60.710 0.4000000060
43004  -40.908  -38.600  -60.292 0.4000000060
17134  -25.025  -63.803  -58.020 0.4000000060
17115  -25.924  -63.328  -57.039 0.4000000060
18070  -26.848  -62.467  -56.711 0.4000000060
18071  -27.654  -61.970  -56.686 0.4000000060
19129  -25.761  -61.580  -56.455 0.4000000060
19130  -26.539  -61.358  -56.452 0.4000000060
19131  -27.361  -61.247  -56.436 0.4000000060
21207  -27.563  -59.783  -56.659 0.4000000060
22326  -28.870  -59.108  -56.450 0.5000000000
20141  -26.026  -60.804  -56.608 0.4000000060
21206  -26.920  -59.852  -56.962 0.4000000060
21221  -27.340  -59.244  -57.401 0.5000000000
21222  -28.122  -59.095  -56.817 0.5000000000
22366  -29.663  -58.202  -58.371 0.6000000238
20154  -24.672  -60.671  -57.492 0.4000000060
20155  -25.620  -60.316  -57.269 0.4000000060
21241  -26.829  -59.223  -58.151 0.4000000060
22337  -28.792  -58.653  -57.096 0.5000000000
27830  -37.544  -52.853  -60.228 0.3000000119
28826  -37.195  -52.317  -59.540 0.4000000060
30924  -38.684  -50.859  -58.850 0.3000000119
126457  -29.921  -58.683  -56.608 0.5000000000
24515  -35.089  -56.519  -59.787 0.5000000000
133569  -35.498  -53.957  -59.590 0.4000000060
21284  -25.396  -59.176  -60.548 0.4000000060
22364  -27.515  -58.784  -58.474 0.5000000000
22336  -28.129  -58.670  -57.612 0.5000000000
21263  -25.821  -59.282  -59.449 0.4000000060
21240  -26.150  -59.421  -58.457 0.4000000060
22367  -30.606  -58.230  -57.992 0.6000000238
22368  -31.584  -58.290  -58.251 0.6000000238
23450  -32.043  -58.318  -58.955 0.6999999881
25600  -35.969  -55.636  -60.688 0.5000000000
22369  -32.446  -58.970  -58.211 0.6999999881
21265  -34.075  -60.395  -59.451 0.6999999881
23461  -35.262  -57.807  -60.033 0.6999999881
22391  -33.340  -59.766  -59.979 0.6999999881
22392  -34.358  -60.032  -60.076 0.6999999881
22390  -28.158  -58.556  -59.327 0.5000000000
138945  -28.946  -58.321  -58.873 0.6000000238
23456  -29.702  -58.131  -59.354 0.6000000238
23457  -30.596  -57.941  -59.734 0.6000000238
22388  -26.315  -58.973  -60.214 0.4000000060
22389  -27.271  -58.818  -59.757 0.5000000000
123546  -28.905  -58.337  -60.076 0.6000000238
23448  -30.308  -58.084  -58.853 0.6000000238
129736  -32.030  -57.977  -60.546 0.6000000238
23459  -32.419  -58.634  -59.865 0.6000000238
30933  -39.212  -50.936  -59.427 0.3000000119
23449  -31.094  -58.063  -58.882 0.6000000238
22404  -33.898  -59.393  -60.873 0.6999999881
24519  -35.714  -56.695  -60.755 0.6000000238
25601  -36.669  -55.408  -61.077 0.5000000000
22408  -26.239  -58.691  -62.624 0.6000000238
22410  -27.844  -58.789  -63.088 0.6000000238
128572  -28.576  -58.611  -62.216 0.6999999881
22402  -29.201  -58.339  -61.206 0.6000000238
141368  -29.897  -58.237  -61.390 0.6000000238
23467  -32.386  -58.107  -61.613 0.6000000238
22400  -26.877  -58.772  -61.185 0.5000000000
134476  -27.907  -58.698  -60.611 0.6000000238
22412  -33.281  -58.608  -61.479 0.6000000238
23477  -35.118  -58.784  -61.413 0.6999999881
127196  -34.724  -59.476  -60.683 0.6999999881
24520  -36.552  -56.463  -61.466 0.6000000238
131978  -35.566  -58.013  -61.011 0.6999999881
22419  -27.854  -58.692  -63.858 0.6000000238
22411  -28.578  -58.735  -63.674 0.6999999881
23483  -29.651  -58.635  -63.829 0.6999999881
23472  -29.399  -58.503  -62.453 0.6999999881
23474  -31.541  -58.264  -63.107 0.6000000238
24527  -36.627  -57.012  -62.068 0.5000000000
23476  -33.817  -58.299  -62.650 0.6999999881
22413  -33.878  -58.725  -61.788 0.6999999881
23469  -36.123  -57.392  -61.636 0.6000000238
24543  -32.316  -57.375  -65.202 0.6999999881
140459  -34.111  -57.263  -64.322 0.6999999881
132097  -30.138  -58.377  -64.673 0.6999999881
23484  -32.203  -58.234  -64.257 0.6000000238
23494  -33.718  -57.809  -64.266 0.5000000000
143441  -30.537  -58.585  -63.955 0.6999999881
23487  -35.659  -57.862  -62.661 0.5000000000
23475  -32.952  -58.126  -62.642 0.6000000238
124571  -35.106  -58.322  -62.395 0.6999999881
24544  -33.376  -57.086  -64.933 0.6999999881
25627  -34.176  -56.448  -64.197 0.6999999881
25626  -33.510  -55.905  -64.561 0.6999999881
132951  -35.027  -58.014  -63.100 0.6000000238
24545  -34.804  -57.058  -63.851 0.6999999881
144154  -35.658  -55.136  -60.270 0.5000000000
23495  -34.522  -57.680  -63.696 0.6000000238
17096  -26.129  -62.775  -56.697 0.4000000060
21239  -25.374  -59.648  -58.785 0.4000000060
21220  -26.430  -59.703  -57.550 0.4000000060
22363  -26.669  -59.057  -59.046 0.4000000060
22393  -35.050  -59.753  -59.862 0.6999999881
23468  -35.200  -58.942  -60.457 0.6999999881
23464  -29.816  -58.117  -60.381 0.6000000238
23466  -31.374  -57.943  -61.406 0.6000000238
143209  -27.472  -58.717  -61.431 0.6999999881
144128  -28.516  -58.536  -61.123 0.6000000238
23473  -30.421  -58.327  -62.430 0.6000000238
137085  -31.097  -58.451  -64.632 0.6999999881
23485  -33.306  -58.103  -63.760 0.6000000238
23490  -29.114  -58.363  -64.392 0.5000000000
22407  -25.249  -58.760  -62.369 0.4000000060
22418  -27.177  -58.526  -63.392 0.5000000000
24540  -29.710  -57.985  -64.943 0.6000000238
22406  -24.515  -58.714  -62.070 0.4000000060
23480  -24.909  -57.785  -62.653 0.5000000000
22417  -26.419  -58.393  -63.225 0.5000000000
23482  -26.894  -58.275  -63.538 0.5000000000
24539  -28.658  -58.070  -64.464 0.5000000000
24534  -29.059  -56.911  -64.084 0.5000000000
23489  -28.222  -58.489  -64.185 0.5000000000
23491  -30.729  -58.163  -65.081 0.6000000238
25624  -31.826  -56.407  -64.857 0.5000000000
25622  -30.020  -56.786  -64.473 0.5000000000
26748  -32.193  -55.501  -64.322 0.6999999881
25618  -31.397  -55.274  -63.817 0.6000000238
26739  -32.195  -54.617  -63.454 0.6000000238
24530  -25.716  -57.624  -62.917 0.5000000000
25614  -27.673  -56.636  -63.014 0.5000000000
25615  -28.445  -56.264  -63.075 0.5000000000
24533  -28.151  -57.406  -63.958 0.5000000000
25625  -32.729  -56.192  -65.018 0.6000000238
25616  -29.690  -55.780  -63.356 0.6000000238
27855  -33.260  -53.273  -62.791 0.6000000238
24525  -25.168  -56.777  -62.214 0.5000000000
24526  -26.230  -56.390  -62.207 0.5000000000
140882  -27.511  -55.052  -61.654 0.5000000000
25609  -27.989  -55.621  -62.140 0.5000000000
26738  -30.115  -54.789  -62.639 0.5000000000
26749  -32.853  -55.243  -64.046 0.6000000238
133200  -30.796  -54.680  -62.901 0.5000000000
27854  -32.359  -53.527  -62.705 0.6000000238
25606  -24.633  -56.033  -61.532 0.5000000000
25607  -25.413  -55.666  -61.579 0.5000000000
129050  -26.797  -55.134  -61.566 0.5000000000
26730  -27.215  -53.923  -61.501 0.5000000000
27846  -28.099  -53.223  -61.522 0.6000000238
26731  -28.082  -54.469  -61.744 0.4000000060
28844  -28.621  -52.418  -61.188 0.4000000060
27847  -29.035  -52.974  -61.701 0.5000000000
27851  -29.641  -53.863  -62.005 0.5000000000
26736  -28.708  -55.235  -62.170 0.4000000060
28839  -30.018  -51.779  -60.690 0.4000000060
29875  -29.973  -51.775  -61.066 0.5000000000
27848  -29.884  -52.870  -61.797 0.5000000000
28840  -30.792  -51.660  -60.569 0.4000000060
27849  -30.722  -52.798  -61.982 0.6000000238
27853  -31.396  -53.927  -62.649 0.6000000238
28853  -33.532  -52.373  -62.405 0.6000000238
29886  -33.819  -51.478  -62.161 0.6000000238
28845  -29.466  -52.263  -61.330 0.5000000000
29877  -31.236  -51.340  -60.907 0.5000000000
125233  -31.819  -51.320  -61.118 0.5000000000
28846  -30.208  -52.129  -61.455 0.5000000000
29868  -32.513  -51.427  -59.901 0.4000000060
30930  -32.819  -50.862  -60.488 0.5000000000
29882  -32.432  -51.365  -61.457 0.6000000238
28848  -31.801  -51.788  -61.574 0.6000000238
142521  -32.434  -51.801  -61.754 0.6000000238
30940  -33.258  -50.309  -60.844 0.5000000000
30921  -34.247  -49.849  -58.286 0.3000000119
125862  -33.522  -50.941  -59.054 0.4000000060
29863  -32.937  -51.577  -58.927 0.4000000060
30931  -33.406  -50.503  -59.985 0.5000000000
30943  -33.435  -50.423  -61.326 0.5000000000
121318  -34.027  -49.981  -61.609 0.6000000238
37329  -36.746  -44.826  -57.952 0.3000000119
34054  -35.776  -46.351  -57.851 0.3000000119
121051  -34.852  -48.308  -58.040 0.4000000060
38302  -37.322  -43.461  -56.366 0.3000000119
136598  -39.021  -42.115  -56.568 0.3000000119
40278  -39.216  -41.151  -56.185 0.3000000119
40279  -39.887  -41.011  -56.582 0.3000000119
41200  -39.645  -40.251  -56.321 0.3000000119
42097  -39.660  -39.397  -56.494 0.3000000119
42980  -39.538  -38.659  -56.786 0.3000000119
128900  -39.836  -38.508  -57.658 0.3000000119
30932  -33.950  -50.063  -59.278 0.5000000000
37319  -37.167  -44.191  -57.485 0.3000000119
24531  -26.523  -57.615  -63.232 0.5000000000
27852  -30.446  -53.803  -62.255 0.5000000000
28852  -32.572  -52.444  -62.156 0.6000000238
25594  -34.822  -55.375  -59.324 0.3000000119
21266  -34.838  -60.303  -59.514 0.6000000238
23460  -35.211  -58.602  -59.362 0.6000000238
28799  -36.056  -52.151  -56.698 0.3000000119
28810  -35.560  -52.806  -57.825 0.3000000119
28824  -35.728  -52.921  -58.658 0.3000000119
28825  -36.404  -52.574  -59.147 0.3000000119
27808  -35.013  -53.306  -57.435 0.3000000119
27820  -35.257  -53.571  -58.850 0.3000000119
27829  -36.684  -52.992  -59.932 0.3000000119
22370  -35.267  -59.755  -58.789 0.6000000238
24514  -34.764  -57.114  -59.046 0.5000000000
28789  -36.160  -52.192  -55.883 0.3000000119
130867  -36.353  -52.075  -57.514 0.3000000119
28811  -36.234  -52.376  -58.202 0.3000000119
28812  -36.924  -52.009  -58.708 0.3000000119
143108  -34.427  -54.496  -58.243 0.3000000119
26707  -34.781  -54.399  -58.936 0.3000000119
137850  -34.497  -56.074  -58.876 0.4000000060
22399  -25.773  -58.936  -61.506 0.4000000060
29819  -36.687  -52.047  -55.244 0.3000000119
29851  -37.331  -51.344  -56.496 0.3000000119
30917  -37.861  -51.081  -57.317 0.3000000119
129208  -37.327  -51.481  -58.144 0.3000000119
133180  -29.071  -61.357  -56.308 0.5000000000
18073  -29.647  -61.951  -56.558 0.5000000000
17116  -26.665  -63.064  -57.074 0.4000000060
18089  -27.384  -62.661  -57.138 0.4000000060
18072  -28.650  -61.828  -56.745 0.4000000060
18091  -29.098  -62.269  -57.484 0.5000000000
21192  -31.617  -59.740  -55.603 0.5000000000
19108  -30.293  -60.781  -55.468 0.5000000000
19133  -29.636  -61.191  -55.850 0.5000000000
19132  -28.290  -61.173  -56.376 0.4000000060
21193  -33.377  -60.519  -56.209 0.6000000238
22329  -32.293  -59.584  -56.178 0.6000000238
22314  -31.400  -59.148  -55.872 0.5000000000
21191  -30.775  -59.525  -55.578 0.5000000000
20144  -28.482  -60.478  -56.183 0.3000000119
20120  -28.894  -60.188  -55.947 0.4000000060
20121  -29.562  -60.310  -55.655 0.5000000000
21224  -34.425  -60.654  -57.766 0.6000000238
22341  -32.428  -59.270  -57.110 0.6000000238
22328  -31.547  -58.770  -56.442 0.6000000238
22327  -29.601  -59.032  -56.169 0.4000000060
22313  -30.539  -58.881  -56.045 0.5000000000
130207  -35.195  -60.135  -57.862 0.6000000238
26699  -34.264  -54.602  -57.639 0.3000000119
24493  -34.378  -57.197  -57.553 0.4000000060
21242  -33.256  -60.289  -58.034 0.6000000238
22339  -30.612  -58.501  -56.935 0.4000000060
27790  -34.517  -53.947  -57.093 0.3000000119
28798  -35.401  -52.717  -56.944 0.3000000119
25592  -34.240  -55.228  -58.358 0.3000000119
128708  -34.761  -57.618  -58.418 0.5000000000
21264  -33.242  -60.101  -59.016 0.6000000238
21225  -34.932  -60.466  -58.505 0.6000000238
21223  -33.353  -60.448  -57.035 0.6000000238
139786  -34.035  -56.326  -57.231 0.3000000119
21210  -34.272  -60.738  -56.852 0.5000000000
21211  -35.068  -60.391  -56.773 0.5000000000
21195  -35.251  -59.855  -55.980 0.4000000060
22342  -35.276  -59.341  -57.034 0.5000000000
20125  -34.230  -60.999  -55.459 0.5000000000
21194  -34.270  -60.699  -56.116 0.5000000000
20126  -35.096  -60.700  -55.351 0.4000000060
22316  -35.543  -58.959  -55.701 0.4000000060
23415  -35.062  -58.023  -56.473 0.4000000060
142113  -35.281  -59.250  -57.803 0.5000000000
133250  -32.435  -60.234  -55.701 0.5000000000
20124  -33.291  -60.776  -55.661 0.5000000000
23428  -34.993  -58.167  -57.229 0.4000000060
18178  -31.063  -62.387  -64.499 0.3000000119
18183  -30.922  -62.578  -65.887 0.3000000119
17217  -31.796  -62.580  -63.653 0.3000000119
17202  -32.031  -62.839  -62.554 0.3000000119
144032  -32.854  -63.537  -62.542 0.4000000060
18173  -31.049  -62.154  -63.390 0.3000000119
18161  -30.487  -61.951  -62.616 0.3000000119
16168  -33.706  -64.240  -61.427 0.4000000060
17189  -32.523  -63.608  -61.373 0.4000000060
18162  -31.348  -62.369  -62.521 0.3000000119
142055  -30.237  -61.905  -61.909 0.3000000119
16152  -34.331  -64.506  -60.714 0.4000000060
16132  -33.891  -64.244  -59.997 0.4000000060
129786  -32.123  -63.442  -60.808 0.4000000060
18148  -30.776  -62.192  -61.620 0.4000000060
131392  -29.962  -61.920  -61.344 0.4000000060
18138  -31.050  -62.679  -60.894 0.4000000060
137552  -35.955  -64.451  -58.047 0.3000000119
16133  -34.590  -64.446  -59.797 0.4000000060
16108  -33.894  -64.355  -59.085 0.4000000060
16131  -33.115  -63.896  -59.742 0.4000000060
17159  -32.338  -63.591  -59.098 0.4000000060
17158  -31.499  -63.119  -59.478 0.4000000060
17174  -30.888  -62.725  -60.147 0.4000000060
16075  -36.376  -64.304  -56.739 0.3000000119
16109  -34.280  -64.522  -58.157 0.4000000060
16086  -32.952  -64.206  -57.731 0.4000000060
136405  -33.523  -64.372  -58.180 0.4000000060
17139  -32.393  -63.778  -58.148 0.4000000060
131946  -31.943  -63.465  -57.672 0.4000000060
17138  -31.754  -63.322  -58.477 0.4000000060
17118  -31.328  -63.093  -57.733 0.4000000060
17157  -30.748  -62.698  -59.405 0.4000000060
18125  -30.197  -62.323  -59.864 0.4000000060
16065  -34.870  -64.049  -55.888 0.4000000060
16072  -33.361  -64.142  -56.566 0.4000000060
17119  -31.806  -63.264  -56.746 0.4000000060
18093  -30.920  -62.769  -56.933 0.4000000060
18110  -30.153  -62.507  -58.835 0.4000000060
128831  -30.563  -62.741  -57.864 0.4000000060
18124  -29.402  -62.205  -59.541 0.4000000060
17098  -33.490  -63.864  -55.910 0.4000000060
17097  -32.720  -63.736  -56.337 0.4000000060
18075  -31.267  -62.538  -55.937 0.4000000060
18074  -30.499  -62.283  -56.415 0.4000000060
126052  -29.817  -62.502  -57.850 0.4000000060
18092  -30.182  -62.455  -57.122 0.4000000060
17080  -32.982  -63.338  -55.501 0.4000000060
18050  -31.983  -62.310  -55.284 0.4000000060
19109  -31.107  -61.079  -55.290 0.4000000060
19112  -34.729  -61.211  -54.971 0.4000000060
128783  -32.746  -62.054  -55.010 0.4000000060
133549  -33.166  -61.357  -55.201 0.4000000060
130458  -35.680  -60.324  -55.095 0.3000000119
18049  -30.498  -61.720  -55.760 0.4000000060
129769  -34.036  -61.531  -54.969 0.4000000060
23406  -35.252  -57.960  -55.956 0.3000000119
19110  -32.059  -61.380  -55.143 0.4000000060
136726  -33.107  -63.938  -61.187 0.4000000060
17176  -32.767  -63.755  -60.625 0.4000000060
122644  -32.244  -63.451  -60.034 0.4000000060
17175  -31.560  -63.102  -60.483 0.4000000060
16089  -35.612  -64.459  -57.220 0.4000000060
121690  -34.848  -64.542  -58.953 0.4000000060
16090  -36.509  -64.469  -57.552 0.3000000119
16107  -33.014  -64.075  -58.658 0.4000000060
16074  -35.630  -64.182  -56.306 0.3000000119
140210  -34.958  -64.329  -56.601 0.4000000060
16087  -33.650  -64.397  -57.306 0.4000000060
16071  -32.971  -64.181  -57.001 0.4000000060
17081  -34.190  -63.853  -55.694 0.4000000060
17079  -32.182  -63.066  -55.758 0.4000000060
133453  -31.343  -61.834  -55.377 0.4000000060
18035  -34.079  -62.150  -54.761 0.4000000060
136370  -35.960  -64.589  -60.460 0.3000000119
16184  -34.624  -64.546  -63.237 0.3000000119
133804  -33.919  -64.001  -63.418 0.3000000119
16169  -34.511  -64.581  -61.829 0.3000000119
133562  -35.220  -64.757  -61.140 0.3000000119
16183  -33.843  -64.177  -62.437 0.3000000119
16134  -35.433  -64.467  -59.661 0.3000000119
17082  -35.633  -63.701  -55.521 0.3000000119
17068  -34.990  -62.849  -54.717 0.3000000119
18036  -34.766  -62.269  -54.663 0.3000000119
19113  -35.338  -60.926  -54.905 0.3000000119
16111  -36.707  -64.528  -58.518 0.3000000119
17067  -34.292  -62.842  -54.804 0.3000000119
16073  -34.132  -64.253  -56.416 0.4000000060
16088  -34.619  -64.477  -57.281 0.4000000060
16110  -35.747  -64.450  -58.818 0.3000000119
16151  -33.482  -64.114  -60.608 0.4000000060
17069  -35.607  -63.099  -54.831 0.3000000119
17120  -32.450  -63.813  -57.249 0.4000000060
17135  -25.662  -63.558  -57.712 0.4000000060
17136  -26.345  -63.368  -57.764 0.4000000060
17137  -31.021  -62.879  -58.649 0.4000000060
17188  -31.714  -62.984  -61.534 0.4000000060
17190  -33.107  -63.820  -61.987 0.4000000060
18051  -32.616  -62.736  -55.250 0.4000000060
18052  -33.395  -62.684  -54.963 0.4000000060
18069  -25.586  -62.320  -56.490 0.4000000060
18090  -28.174  -62.334  -57.299 0.4000000060
18137  -30.404  -62.265  -60.720 0.4000000060
19094  -35.241  -61.583  -54.684 0.3000000119
19111  -33.478  -61.918  -54.887 0.4000000060
20122  -30.945  -60.242  -55.356 0.5000000000
20123  -31.755  -60.501  -55.334 0.4000000060
20142  -26.937  -60.521  -56.563 0.4000000060
20143  -27.833  -60.491  -56.382 0.3000000119
20145  -29.002  -60.777  -56.044 0.5000000000
20156  -26.380  -60.207  -56.926 0.4000000060
20166  -25.036  -60.120  -58.130 0.4000000060
21190  -29.942  -59.510  -55.674 0.5000000000
21208  -28.389  -59.781  -56.271 0.3000000119
21209  -29.181  -59.628  -55.962 0.4000000060
21219  -25.723  -59.797  -57.988 0.4000000060
21243  -34.094  -60.614  -58.696 0.6000000238
21244  -34.800  -60.544  -59.050 0.6000000238
22315  -35.293  -59.062  -56.201 0.4000000060
22338  -29.658  -58.442  -57.361 0.5000000000
22340  -31.603  -58.453  -57.409 0.4000000060
22365  -28.885  -58.360  -57.909 0.6000000238
22401  -27.904  -58.688  -61.805 0.6999999881
22403  -32.935  -58.849  -60.753 0.6000000238
22409  -27.204  -58.699  -62.347 0.6000000238
22414  -34.488  -58.627  -62.093 0.6999999881
22415  -24.861  -58.403  -62.585 0.4000000060
22416  -25.618  -58.364  -62.957 0.5000000000
22420  -27.586  -58.474  -63.981 0.5000000000
23451  -35.081  -58.397  -58.049 0.5000000000
23458  -31.597  -57.999  -59.677 0.6000000238
23465  -30.557  -57.994  -60.879 0.6000000238
23478  -35.685  -58.055  -61.906 0.6000000238
23479  -36.219  -57.466  -62.309 0.5000000000
23481  -26.216  -58.170  -63.284 0.5000000000
23486  -34.290  -58.122  -63.139 0.6999999881
23492  -31.723  -58.137  -65.065 0.6999999881
23493  -32.830  -58.067  -64.913 0.6000000238
24467  -34.866  -57.215  -56.228 0.3000000119
24511  -34.146  -56.392  -58.084 0.4000000060
24522  -38.101  -55.752  -61.804 0.5000000000
24528  -37.206  -56.514  -62.126 0.5000000000
24532  -27.360  -57.768  -63.723 0.5000000000
24536  -37.481  -56.187  -62.525 0.6000000238
24538  -27.959  -58.204  -64.235 0.5000000000
24541  -30.515  -57.607  -65.048 0.5000000000
24542  -31.336  -57.563  -65.167 0.6000000238
24546  -35.670  -56.885  -63.414 0.8000000119
24547  -37.872  -55.768  -62.563 0.6000000238
25583  -34.024  -55.496  -57.417 0.3000000119
25595  -35.389  -55.621  -60.133 0.5000000000
25608  -27.234  -55.969  -62.103 0.5000000000
25611  -39.489  -55.566  -62.054 0.6000000238
25613  -26.950  -56.867  -62.971 0.5000000000
25617  -30.468  -55.579  -63.656 0.6000000238
25619  -38.516  -55.532  -62.340 0.6000000238
25620  -39.181  -55.478  -62.180 0.6000000238
25623  -30.903  -56.529  -64.602 0.5000000000
25628  -36.050  -56.196  -63.401 0.8000000119
25631  -38.229  -55.434  -62.548 0.8000000119
26678  -34.320  -54.760  -56.870 0.3000000119
26711  -35.377  -54.740  -59.827 0.5000000000
26720  -36.862  -54.509  -60.750 0.6000000238
26726  -42.549  -54.563  -61.280 0.6000000238
26732  -28.833  -54.050  -61.861 0.5000000000
26733  -41.316  -55.270  -61.789 0.6000000238
26734  -42.059  -55.091  -61.810 0.6000000238
26735  -42.660  -54.702  -61.754 0.6000000238
26737  -29.413  -54.966  -62.322 0.5000000000
26740  -33.024  -54.255  -63.315 0.6000000238
26743  -37.165  -54.595  -62.851 0.6999999881
26746  -41.683  -54.990  -62.279 0.6999999881
26750  -33.634  -54.961  -63.723 0.6999999881
26754  -37.744  -54.995  -62.781 0.8000000119
27791  -35.030  -53.361  -56.583 0.3000000119
27807  -34.682  -53.890  -58.054 0.3000000119
27828  -35.916  -53.241  -59.452 0.3000000119
27834  -42.260  -53.076  -60.580 0.5000000000
27842  -40.921  -53.974  -60.845 0.6000000238
27850  -43.065  -54.228  -61.701 0.5000000000
27856  -34.150  -53.105  -62.847 0.6999999881
27857  -35.475  -53.672  -62.859 0.6999999881
27863  -42.447  -53.942  -62.188 0.6000000238
27866  -39.336  -54.494  -62.524 0.8000000119
27868  -41.085  -54.419  -62.480 0.6999999881
28829  -40.324  -52.098  -60.470 0.5000000000
28838  -29.236  -52.007  -60.712 0.4000000060
28841  -43.367  -53.219  -60.663 0.6000000238
28847  -30.922  -51.975  -61.570 0.5000000000
28850  -44.027  -52.946  -60.860 0.5000000000
28851  -31.621  -52.697  -62.071 0.6000000238
29850  -36.672  -51.717  -56.165 0.3000000119
29858  -36.866  -51.622  -57.196 0.3000000119
29865  -36.744  -51.904  -57.971 0.3000000119
29867  -31.750  -51.684  -60.242 0.4000000060
29870  -39.522  -51.499  -60.083 0.5000000000
29871  -40.396  -51.345  -60.216 0.5000000000
29873  -42.909  -51.536  -60.280 0.5000000000
29876  -30.524  -51.478  -60.979 0.5000000000
29878  -32.097  -51.232  -60.762 0.5000000000
29880  -30.481  -51.678  -61.182 0.5000000000
29881  -31.044  -51.471  -61.140 0.5000000000
29883  -33.139  -51.032  -61.617 0.6000000238
29884  -43.966  -52.135  -61.073 0.6000000238
29885  -32.966  -51.710  -61.937 0.6000000238
29893  -40.824  -51.074  -62.401 0.5000000000
30923  -33.768  -50.575  -58.304 0.3000000119
30937  -43.804  -50.719  -60.117 0.4000000060
30939  -32.668  -50.894  -61.107 0.5000000000
30941  -44.088  -51.116  -60.513 0.5000000000
30945  -44.179  -51.541  -60.827 0.5000000000
30947  -33.820  -50.663  -61.827 0.6999999881
30952  -38.457  -50.604  -62.483 0.6999999881
30953  -39.280  -50.637  -62.501 0.6999999881
30955  -42.402  -50.845  -61.872 0.5000000000
30956  -43.649  -51.063  -61.345 0.5000000000
32004  -45.014  -48.784  -59.718 0.3000000119
32009  -44.814  -49.895  -60.346 0.4000000060
32013  -43.021  -49.256  -61.845 0.5000000000
32016  -45.296  -49.425  -60.699 0.3000000119
32017  -35.268  -50.018  -62.214 0.6999999881
32021  -39.585  -49.708  -62.532 0.5000000000
33052  -44.482  -48.106  -59.133 0.3000000119
33054  -46.360  -47.947  -59.713 0.3000000119
33059  -45.848  -48.801  -60.366 0.4000000060
33065  -43.912  -49.285  -61.547 0.5000000000
33067  -45.834  -48.809  -60.956 0.3000000119
33071  -37.610  -48.497  -62.278 0.6000000238
33072  -38.480  -48.397  -62.404 0.6000000238
33073  -39.317  -48.250  -62.516 0.5000000000
33077  -44.124  -47.833  -62.139 0.4000000060
34057  -35.232  -47.768  -58.837 0.5000000000
34064  -48.286  -46.850  -59.757 0.3000000119
34066  -35.496  -47.242  -59.733 0.5000000000
34067  -47.195  -47.884  -59.969 0.3000000119
34072  -47.089  -47.912  -60.466 0.3000000119
34075  -35.050  -48.041  -61.277 0.6000000238
34076  -35.455  -47.575  -61.284 0.6000000238
34081  -45.667  -47.531  -61.778 0.4000000060
34082  -46.649  -47.701  -61.258 0.4000000060
34083  -47.681  -47.563  -60.982 0.4000000060
34084  -37.951  -47.760  -62.128 0.6000000238
34089  -43.391  -47.314  -62.552 0.5000000000
35124  -35.786  -46.801  -61.011 0.5000000000
35128  -36.982  -46.348  -61.356 0.5000000000
35136  -39.127  -47.069  -62.197 0.6000000238
35140  -42.983  -46.489  -62.639 0.4000000060
36202  -47.383  -45.245  -59.065 0.3000000119
36203  -48.336  -45.484  -59.325 0.3000000119
36209  -37.121  -45.210  -60.679 0.5000000000
36215  -38.379  -45.565  -61.357 0.5000000000
36220  -43.002  -45.298  -62.209 0.4000000060
36227  -40.953  -45.815  -62.191 0.4000000060
36229  -42.576  -45.807  -62.473 0.4000000060
36230  -43.432  -45.871  -62.521 0.4000000060
37312  -37.001  -44.086  -56.623 0.3000000119
37331  -37.935  -43.750  -58.931 0.4000000060
37336  -49.586  -44.719  -59.301 0.3000000119
37339  -36.841  -44.811  -58.959 0.5000000000
37342  -38.901  -44.160  -59.961 0.4000000060
37346  -37.594  -44.682  -60.233 0.5000000000
37358  -42.622  -44.747  -61.689 0.4000000060
37360  -44.344  -44.648  -61.696 0.4000000060
37363  -47.580  -45.077  -61.574 0.4000000060
38323  -39.650  -43.533  -58.492 0.4000000060
38324  -40.763  -43.028  -58.263 0.4000000060
38334  -40.204  -43.840  -59.079 0.4000000060
38340  -42.680  -43.703  -60.554 0.4000000060
38346  -44.665  -43.917  -61.206 0.4000000060
38349  -47.758  -43.181  -61.063 0.4000000060
39281  -40.812  -42.283  -57.864 0.4000000060
39282  -47.298  -42.750  -57.134 0.4000000060
39283  -48.280  -42.384  -56.901 0.4000000060
39291  -49.761  -42.489  -57.626 0.4000000060
40287  -39.746  -41.730  -56.780 0.3000000119
40311  -44.645  -41.746  -60.073 0.4000000060
40313  -46.667  -41.702  -60.826 0.4000000060
41201  -40.180  -40.613  -56.793 0.4000000060
42105  -40.537  -39.786  -57.603 0.4000000060
42999  -40.554  -38.923  -58.889 0.4000000060
43906  -39.559  -37.844  -58.348 0.3000000119
121068  -35.180  -64.527  -58.088 0.4000000060
121514  -36.444  -56.704  -63.146 0.8000000119
121721  -47.852  -46.099  -59.457 0.3000000119
122274  -34.990  -53.035  -62.758 0.6999999881
122294  -34.913  -60.479  -55.847 0.5000000000
122469  -36.420  -55.631  -63.259 0.8000000119
122894  -49.432  -45.571  -61.190 0.3000000119
123903  -32.628  -59.210  -59.233 0.6999999881
124831  -33.817  -63.393  -55.287 0.3000000119
125455  -29.045  -55.770  -63.030 0.5000000000
125660  -44.774  -49.475  -61.225 0.4000000060
127732  -36.081  -52.298  -62.516 0.6999999881
127750  -37.532  -43.779  -57.035 0.3000000119
128340  -39.986  -48.796  -62.607 0.5000000000
128341  -36.918  -52.419  -62.524 0.6999999881
128523  -36.917  -56.566  -62.834 0.8000000119
129154  -38.833  -55.718  -61.951 0.6000000238
130452  -36.198  -50.053  -62.429 0.6999999881
130464  -41.718  -49.438  -59.115 0.3000000119
130499  -25.148  -63.467  -57.168 0.4000000060
130533  -40.131  -50.413  -62.524 0.5000000000
131597  -35.748  -46.825  -60.373 0.5000000000
131955  -40.876  -50.178  -62.410 0.5000000000
132743  -32.461  -63.366  -62.159 0.4000000060
133441  -35.888  -52.393  -57.442 0.3000000119
133822  -43.853  -53.422  -60.905 0.5000000000
133852  -34.771  -63.430  -55.185 0.4000000060
134050  -34.362  -50.951  -62.178 0.6000000238
134677  -44.146  -45.211  -62.116 0.4000000060
134933  -34.463  -59.093  -61.344 0.6999999881
135134  -35.242  -53.287  -58.180 0.3000000119
136323  -33.084  -51.084  -59.660 0.5000000000
136540  -42.249  -49.330  -62.162 0.5000000000
136667  -38.839  -52.422  -62.499 0.6999999881
136829  -35.103  -64.565  -60.342 0.3000000119
136870  -34.592  -49.695  -61.845 0.6999999881
137034  -34.088  -55.598  -63.910 0.6999999881
137151  -40.618  -41.762  -57.478 0.4000000060
137508  -30.475  -62.468  -65.049 0.3000000119
138447  -31.224  -57.863  -60.383 0.6000000238
138490  -26.058  -55.173  -61.491 0.5000000000
138920  -42.140  -55.065  -62.068 0.6999999881
138939  -29.339  -58.742  -56.705 0.5000000000
139000  -38.554  -43.844  -59.375 0.5000000000
139051  -35.454  -59.999  -55.589 0.4000000060
140049  -44.744  -48.217  -61.727 0.4000000060
140407  -32.494  -60.791  -55.361 0.4000000060
140494  -34.553  -61.709  -54.757 0.4000000060
140517  -30.262  -60.049  -55.426 0.5000000000
140646  -26.298  -62.095  -56.467 0.4000000060
140962  -28.324  -58.488  -58.394 0.5000000000
141725  -40.173  -38.424  -59.349 0.4000000060
141852  -35.420  -57.261  -60.405 0.6999999881
142825  -35.749  -54.272  -60.031 0.5000000000
143728  -40.109  -55.242  -61.648 0.6000000238
143787  -34.325  -48.831  -61.069 0.6000000238
143879  -29.678  -62.338  -57.245 0.5000000000
144030  -35.185  -58.606  -58.646 0.6000000238
144496  -26.930  -61.856  -56.502 0.4000000060
