#!ascii label  , from subject sub-v1s10x0051130_ses-1 vox2ras=TkReg
304
73274  -28.643  -5.969  -36.570 0.0000000000
75784  -26.673  -2.357  -39.630 0.0000000000
84869  -25.245  9.284  -40.979 0.0000000000
122742  -26.899  6.377  -39.917 0.0000000000
79651  -27.845  2.064  -38.254 0.0000000000
76577  -30.679  -1.689  -36.008 0.0000000000
85570  -23.733  10.628  -41.263 0.0000000000
81132  -27.438  4.347  -39.147 0.0000000000
115783  -25.913  1.589  -39.990 0.0000000000
73297  -27.761  -4.822  -38.285 0.0000000000
76598  -28.587  -1.533  -38.096 0.0000000000
74944  -29.474  -3.668  -36.774 0.0000000000
68443  -26.549  -11.123  -37.701 0.0000000000
71685  -27.120  -7.181  -38.617 0.0000000000
89685  -22.502  16.432  -40.976 0.0000000000
88964  -23.117  15.780  -43.190 0.0000000000
88262  -24.163  14.151  -42.704 0.0000000000
86903  -26.553  12.569  -41.128 0.0000000000
121427  -27.322  10.700  -40.480 0.0000000000
112002  -26.004  7.963  -40.489 0.0000000000
84863  -28.041  9.410  -39.481 0.0000000000
83338  -28.608  7.077  -38.386 0.0000000000
81872  -29.435  5.421  -37.469 0.0000000000
80372  -29.639  3.688  -36.737 0.0000000000
113406  -27.309  -0.057  -38.885 0.0000000000
78128  -29.154  0.327  -36.952 0.0000000000
79667  -25.686  2.296  -40.172 0.0000000000
78167  -24.869  0.673  -40.815 0.0000000000
73286  -28.398  -5.461  -37.235 0.0000000000
74114  -28.601  -3.985  -37.579 0.0000000000
122677  -28.840  -5.187  -36.728 0.0000000000
66007  -27.666  -15.138  -36.085 0.0000000000
66008  -28.355  -14.535  -35.862 0.0000000000
66832  -27.849  -12.969  -36.372 0.0000000000
72503  -26.666  -6.653  -39.246 0.0000000000
71699  -26.093  -7.386  -39.446 0.0000000000
114255  -23.800  14.947  -42.852 0.0000000000
84868  -24.395  9.786  -41.153 0.0000000000
86248  -25.447  11.484  -41.588 0.0000000000
86240  -26.352  11.260  -41.275 0.0000000000
86241  -26.837  11.769  -41.073 0.0000000000
85573  -26.663  10.452  -40.942 0.0000000000
117293  -26.493  6.823  -40.201 0.0000000000
84108  -27.073  8.422  -40.009 0.0000000000
83345  -27.429  7.796  -39.671 0.0000000000
83346  -28.026  7.924  -39.177 0.0000000000
82617  -27.512  6.309  -39.420 0.0000000000
80393  -27.327  3.245  -39.011 0.0000000000
81118  -28.619  4.815  -38.117 0.0000000000
121253  -28.734  4.275  -37.836 0.0000000000
81108  -29.693  4.891  -37.169 0.0000000000
80384  -29.008  3.187  -37.238 0.0000000000
76626  -25.526  -1.696  -40.307 0.0000000000
77426  -25.822  -0.672  -40.097 0.0000000000
76618  -26.894  -1.470  -39.448 0.0000000000
125085  -29.619  -1.929  -37.129 0.0000000000
77393  -28.877  -0.875  -37.688 0.0000000000
77382  -29.659  -0.271  -36.586 0.0000000000
78116  -29.620  0.769  -36.132 0.0000000000
126894  -30.722  0.056  -35.202 0.0000000000
115101  -27.579  -11.030  -36.782 0.0000000000
123008  -26.755  -10.418  -37.703 0.0000000000
119657  -27.731  -9.564  -36.718 0.0000000000
129065  -27.848  -8.878  -36.692 0.0000000000
123223  -25.648  4.462  -40.380 0.0000000000
81143  -26.802  4.772  -39.675 0.0000000000
80413  -25.895  3.757  -40.157 0.0000000000
116553  -26.635  2.895  -39.460 0.0000000000
79669  -26.890  2.296  -39.190 0.0000000000
74962  -27.367  -3.371  -39.028 0.0000000000
121054  -27.379  -2.126  -39.108 0.0000000000
74955  -28.454  -3.305  -37.989 0.0000000000
75767  -29.334  -2.460  -37.322 0.0000000000
75759  -30.439  -2.481  -36.270 0.0000000000
67653  -28.204  -12.257  -36.194 0.0000000000
74141  -25.969  -3.908  -40.169 0.0000000000
74133  -26.841  -4.611  -39.407 0.0000000000
73305  -27.246  -5.350  -38.851 0.0000000000
72489  -27.581  -6.759  -37.890 0.0000000000
90427  -22.360  17.550  -41.481 0.0000000000
87547  -22.268  14.091  -39.952 0.0000000000
88956  -22.137  16.412  -42.385 0.0000000000
89705  -23.146  16.599  -43.299 0.0000000000
88957  -25.200  15.740  -41.687 0.0000000000
88958  -25.957  15.135  -41.107 0.0000000000
86910  -24.161  12.538  -42.171 0.0000000000
87562  -25.572  12.878  -41.756 0.0000000000
88246  -26.720  14.763  -40.441 0.0000000000
87556  -27.094  13.093  -40.449 0.0000000000
86897  -27.700  12.738  -39.693 0.0000000000
86898  -28.278  12.334  -39.048 0.0000000000
84116  -25.157  8.290  -40.735 0.0000000000
84870  -26.677  9.558  -40.625 0.0000000000
85563  -27.706  10.134  -39.954 0.0000000000
118030  -28.712  11.044  -38.584 0.0000000000
85557  -28.877  10.320  -38.404 0.0000000000
83326  -29.727  7.952  -37.328 0.0000000000
81887  -28.066  5.859  -38.820 0.0000000000
82594  -29.066  6.663  -37.810 0.0000000000
117636  -25.577  0.081  -40.349 0.0000000000
78153  -26.175  0.578  -39.762 0.0000000000
78923  -27.793  1.265  -38.218 0.0000000000
77401  -27.738  -0.739  -38.669 0.0000000000
78138  -28.171  0.515  -37.932 0.0000000000
78924  -28.337  1.517  -37.639 0.0000000000
78912  -29.392  1.865  -36.272 0.0000000000
79639  -29.996  2.505  -35.799 0.0000000000
106940  -26.858  -8.001  -38.562 0.0000000000
106935  -27.387  -7.680  -37.853 0.0000000000
106922  -28.620  -7.865  -35.926 0.0000000000
73275  -29.254  -5.459  -36.134 0.0000000000
72477  -29.046  -6.357  -35.913 0.0000000000
66009  -29.301  -14.941  -35.514 0.0000000000
110122  -25.251  10.087  -41.203 0.0000000000
85572  -25.787  10.653  -41.321 0.0000000000
116960  -26.000  9.814  -41.041 0.0000000000
82625  -26.292  6.042  -40.238 0.0000000000
81898  -25.519  5.700  -40.538 0.0000000000
82616  -27.155  7.028  -39.782 0.0000000000
112819  -27.778  7.188  -39.314 0.0000000000
79659  -27.950  2.983  -38.352 0.0000000000
80394  -28.133  4.029  -38.439 0.0000000000
80383  -28.581  3.542  -37.823 0.0000000000
79652  -28.397  2.599  -37.735 0.0000000000
75793  -25.953  -2.347  -40.119 0.0000000000
76617  -26.102  -1.478  -39.928 0.0000000000
76590  -30.084  -1.785  -36.620 0.0000000000
76589  -29.548  -1.162  -37.051 0.0000000000
77383  -30.216  -0.973  -36.318 0.0000000000
77370  -30.217  -0.091  -35.841 0.0000000000
77371  -30.839  -0.807  -35.525 0.0000000000
69256  -27.652  -10.353  -36.741 0.0000000000
122236  -25.209  3.870  -40.522 0.0000000000
81142  -26.237  4.379  -40.032 0.0000000000
80403  -25.429  3.082  -40.329 0.0000000000
79668  -26.275  2.240  -39.679 0.0000000000
78934  -26.461  1.437  -39.469 0.0000000000
74122  -27.456  -4.219  -38.788 0.0000000000
74963  -27.899  -3.404  -38.514 0.0000000000
74123  -28.087  -4.071  -38.148 0.0000000000
74115  -29.009  -3.987  -37.081 0.0000000000
74956  -29.029  -3.244  -37.380 0.0000000000
116983  -29.548  -2.997  -36.967 0.0000000000
75758  -29.823  -2.474  -36.807 0.0000000000
74945  -30.061  -3.234  -36.425 0.0000000000
74925  -30.699  -3.260  -35.816 0.0000000000
128966  -30.323  -3.660  -36.045 0.0000000000
65217  -26.985  -15.740  -36.103 0.0000000000
129073  -27.294  -16.206  -35.823 0.0000000000
67652  -27.487  -12.309  -36.700 0.0000000000
67641  -28.928  -12.089  -35.647 0.0000000000
74132  -26.222  -4.678  -39.909 0.0000000000
126282  -26.949  -6.006  -39.131 0.0000000000
72504  -27.251  -6.299  -38.653 0.0000000000
88948  -22.843  15.485  -40.011 0.0000000000
89686  -23.542  17.086  -39.920 0.0000000000
89696  -21.923  17.109  -42.406 0.0000000000
88260  -22.942  14.323  -42.248 0.0000000000
88252  -22.497  14.702  -41.198 0.0000000000
107503  -22.641  15.473  -42.497 0.0000000000
88963  -22.356  16.485  -43.236 0.0000000000
88968  -22.660  16.518  -43.419 0.0000000000
88253  -24.846  14.765  -42.086 0.0000000000
86247  -24.499  11.740  -41.796 0.0000000000
86912  -26.026  12.043  -41.538 0.0000000000
87555  -26.229  13.417  -41.183 0.0000000000
88254  -25.986  14.289  -41.238 0.0000000000
88255  -26.907  13.949  -40.460 0.0000000000
86242  -27.356  11.451  -40.460 0.0000000000
86904  -27.266  12.251  -40.461 0.0000000000
86232  -27.752  11.869  -39.741 0.0000000000
111966  -24.942  6.851  -40.723 0.0000000000
83353  -25.395  7.388  -40.618 0.0000000000
108628  -26.075  8.868  -40.687 0.0000000000
84117  -26.535  8.356  -40.350 0.0000000000
84109  -27.702  8.575  -39.556 0.0000000000
84862  -27.310  9.281  -40.057 0.0000000000
85564  -28.325  10.397  -39.214 0.0000000000
84855  -28.553  9.523  -38.804 0.0000000000
110128  -28.579  7.972  -38.509 0.0000000000
84101  -28.800  8.883  -38.388 0.0000000000
84088  -29.183  8.389  -37.864 0.0000000000
83339  -29.088  7.515  -37.854 0.0000000000
81893  -27.487  5.326  -39.286 0.0000000000
81133  -28.067  4.981  -38.699 0.0000000000
128256  -28.932  5.294  -37.794 0.0000000000
81888  -28.573  5.510  -38.276 0.0000000000
117498  -29.014  5.892  -37.789 0.0000000000
82595  -29.674  6.173  -37.319 0.0000000000
129707  -29.824  4.394  -36.794 0.0000000000
110204  -30.209  4.145  -36.182 0.0000000000
124020  -25.013  -0.156  -40.716 0.0000000000
114311  -26.659  -0.069  -39.432 0.0000000000
123410  -26.112  -0.162  -39.860 0.0000000000
78154  -26.849  0.683  -39.120 0.0000000000
78144  -27.525  0.642  -38.538 0.0000000000
121053  -28.074  -2.036  -38.532 0.0000000000
76605  -27.547  -1.402  -38.912 0.0000000000
76606  -28.089  -1.305  -38.490 0.0000000000
78139  -28.747  -0.031  -37.531 0.0000000000
114523  -28.420  -0.287  -37.962 0.0000000000
78127  -28.652  0.708  -37.382 0.0000000000
79653  -28.814  2.219  -37.038 0.0000000000
78911  -28.958  1.242  -36.885 0.0000000000
78900  -30.085  1.600  -35.506 0.0000000000
79629  -30.647  2.306  -35.150 0.0000000000
106925  -28.242  -8.430  -36.370 0.0000000000
106931  -27.684  -8.218  -37.041 0.0000000000
122301  -28.188  -7.756  -36.557 0.0000000000
79682  -25.021  2.387  -40.653 0.0000000000
78948  -25.316  1.572  -40.517 0.0000000000
78168  -25.666  0.928  -40.248 0.0000000000
73298  -28.241  -4.778  -37.735 0.0000000000
74104  -28.728  -4.637  -37.156 0.0000000000
74105  -29.283  -4.535  -36.591 0.0000000000
74924  -29.971  -4.106  -36.181 0.0000000000
74087  -29.714  -4.836  -35.994 0.0000000000
73253  -29.887  -5.427  -35.591 0.0000000000
65218  -27.704  -15.899  -35.785 0.0000000000
66831  -27.185  -13.057  -36.864 0.0000000000
125356  -28.159  -13.685  -36.086 0.0000000000
118834  -29.091  -13.815  -35.635 0.0000000000
73304  -25.750  -5.405  -40.033 0.0000000000
108178  -25.780  -6.440  -39.732 0.0000000000
71684  -26.631  -7.480  -39.075 0.0000000000
88261  -23.416  14.734  -42.897 0.0000000000
87560  -23.682  13.837  -42.714 0.0000000000
87561  -24.456  13.259  -42.338 0.0000000000
85571  -24.734  10.813  -41.458 0.0000000000
129020  -26.986  11.123  -40.947 0.0000000000
83354  -26.073  7.275  -40.416 0.0000000000
83344  -26.712  7.661  -40.155 0.0000000000
84100  -28.292  8.694  -39.008 0.0000000000
128203  -28.234  7.369  -38.872 0.0000000000
82610  -28.149  6.686  -38.880 0.0000000000
81119  -29.131  4.808  -37.609 0.0000000000
115231  -29.259  4.118  -37.345 0.0000000000
77425  -25.309  -0.630  -40.473 0.0000000000
126515  -25.556  -1.125  -40.279 0.0000000000
77414  -26.440  -0.760  -39.669 0.0000000000
77415  -27.117  -0.746  -39.210 0.0000000000
76599  -29.147  -1.736  -37.564 0.0000000000
77394  -29.207  -0.433  -37.196 0.0000000000
78117  -30.379  0.750  -35.333 0.0000000000
78107  -31.038  0.699  -34.685 0.0000000000
69262  -27.151  -10.740  -37.238 0.0000000000
107271  -27.194  -9.900  -37.360 0.0000000000
106934  -27.414  -9.065  -37.227 0.0000000000
106930  -28.294  -9.194  -36.267 0.0000000000
119419  -25.417  5.043  -40.512 0.0000000000
81151  -26.128  5.146  -40.188 0.0000000000
81892  -26.882  5.665  -39.816 0.0000000000
80405  -26.629  3.768  -39.609 0.0000000000
80404  -26.055  2.998  -39.840 0.0000000000
79658  -27.434  2.434  -38.721 0.0000000000
74973  -26.846  -3.231  -39.500 0.0000000000
75785  -27.212  -2.763  -39.225 0.0000000000
75773  -27.697  -2.733  -38.782 0.0000000000
75766  -28.720  -2.433  -37.902 0.0000000000
113566  -30.513  -4.049  -35.666 0.0000000000
123902  -26.874  -16.502  -35.819 0.0000000000
113217  -26.458  -11.880  -37.603 0.0000000000
67663  -26.857  -12.428  -37.207 0.0000000000
68444  -27.147  -11.585  -37.126 0.0000000000
68435  -27.816  -11.605  -36.508 0.0000000000
68436  -28.433  -11.612  -36.077 0.0000000000
74972  -26.289  -3.145  -39.946 0.0000000000
116613  -26.521  -3.914  -39.731 0.0000000000
119402  -27.011  -3.876  -39.313 0.0000000000
72515  -26.514  -5.595  -39.535 0.0000000000
73285  -27.796  -5.707  -37.972 0.0000000000
72490  -28.122  -6.370  -37.190 0.0000000000
88244  -22.492  14.809  -40.233 0.0000000000
88947  -22.423  15.535  -41.273 0.0000000000
89704  -21.911  17.216  -43.215 0.0000000000
88965  -24.023  15.651  -42.757 0.0000000000
89697  -24.461  16.500  -42.319 0.0000000000
89698  -25.591  16.603  -41.210 0.0000000000
117090  -26.170  15.922  -40.748 0.0000000000
86911  -25.032  12.343  -41.904 0.0000000000
87554  -25.162  13.751  -41.981 0.0000000000
129162  -26.626  15.420  -40.395 0.0000000000
87548  -27.631  13.633  -39.686 0.0000000000
85574  -27.167  10.030  -40.451 0.0000000000
123446  -26.743  8.896  -40.357 0.0000000000
115775  -27.812  11.003  -39.851 0.0000000000
86233  -28.294  11.426  -39.151 0.0000000000
122289  -28.987  9.601  -38.248 0.0000000000
84845  -29.361  9.258  -37.822 0.0000000000
84089  -29.863  8.834  -37.340 0.0000000000
82611  -28.579  6.283  -38.334 0.0000000000
81855  -29.881  5.519  -37.041 0.0000000000
78933  -26.037  1.127  -39.855 0.0000000000
78928  -27.232  1.554  -38.776 0.0000000000
77402  -28.318  -0.814  -38.233 0.0000000000
78145  -27.924  -0.131  -38.364 0.0000000000
79638  -29.433  2.835  -36.549 0.0000000000
120292  -30.077  3.345  -36.043 0.0000000000
70891  -26.295  -8.110  -39.132 0.0000000000
106939  -27.151  -8.543  -37.858 0.0000000000
71674  -27.886  -7.291  -37.126 0.0000000000
72476  -28.506  -6.985  -36.403 0.0000000000
65219  -28.406  -15.437  -35.698 0.0000000000
75774  -28.218  -2.774  -38.365 0.0000000000
