#!ascii label  , from subject sub-v1s10x0050955_ses-1 vox2ras=TkReg
178
90483  33.787  -21.202  -36.692 0.0000000000
25625  34.776  -29.717  -33.113 0.0000000000
36384  34.111  -15.202  -40.606 0.0000000000
42897  37.076  -6.339  -46.339 0.0000000000
24290  32.939  -31.194  -33.160 0.0000000000
37931  33.921  -13.675  -39.128 0.0000000000
39463  35.116  -11.384  -41.539 0.0000000000
31122  33.495  -22.142  -37.145 0.0000000000
29663  33.341  -24.660  -34.482 0.0000000000
30359  34.734  -23.598  -34.920 0.0000000000
33306  34.298  -19.258  -35.703 0.0000000000
31102  35.740  -22.968  -35.110 0.0000000000
96918  33.610  -18.122  -38.406 0.0000000000
35583  33.700  -16.375  -37.534 0.0000000000
41592  36.798  -8.359  -44.776 0.0000000000
40965  35.409  -9.393  -42.170 0.0000000000
26417  33.699  -28.886  -31.687 0.0000000000
38645  34.980  -12.257  -41.776 0.0000000000
39474  35.782  -11.130  -43.057 0.0000000000
96361  33.727  -21.844  -36.742 0.0000000000
30377  34.137  -23.150  -35.965 0.0000000000
90748  34.526  -22.594  -35.804 0.0000000000
89513  33.941  -30.683  -33.126 0.0000000000
35588  33.842  -16.506  -39.831 0.0000000000
34831  33.563  -17.129  -38.396 0.0000000000
35589  33.582  -16.007  -39.205 0.0000000000
37930  34.294  -12.949  -38.907 0.0000000000
37200  34.316  -14.375  -37.978 0.0000000000
42902  36.200  -6.082  -47.109 0.0000000000
41600  36.591  -8.061  -46.064 0.0000000000
86933  37.046  -7.807  -45.179 0.0000000000
42216  35.835  -7.165  -42.695 0.0000000000
41572  35.470  -8.169  -41.762 0.0000000000
41588  35.690  -8.617  -43.026 0.0000000000
97754  35.383  -8.849  -41.733 0.0000000000
40957  35.325  -9.465  -41.468 0.0000000000
28859  32.677  -25.208  -32.861 0.0000000000
28864  32.265  -25.920  -32.863 0.0000000000
95288  32.236  -32.091  -33.286 0.0000000000
37208  33.755  -14.743  -39.975 0.0000000000
37950  34.150  -13.364  -40.507 0.0000000000
38634  34.292  -12.500  -40.306 0.0000000000
39451  34.490  -11.711  -40.062 0.0000000000
30378  33.471  -23.370  -36.335 0.0000000000
29677  33.898  -23.785  -35.809 0.0000000000
29662  34.094  -24.002  -35.287 0.0000000000
29656  33.191  -24.554  -32.719 0.0000000000
81056  34.114  -20.065  -35.938 0.0000000000
89811  35.239  -22.746  -35.437 0.0000000000
93347  34.916  -20.934  -35.328 0.0000000000
83500  33.604  -19.900  -38.050 0.0000000000
34070  33.712  -18.547  -38.710 0.0000000000
33320  33.627  -19.197  -38.025 0.0000000000
33309  33.664  -18.882  -37.201 0.0000000000
34059  33.737  -18.153  -36.771 0.0000000000
34824  33.943  -17.334  -36.549 0.0000000000
90598  33.677  -14.877  -38.848 0.0000000000
36357  34.121  -15.764  -37.179 0.0000000000
40295  36.308  -9.643  -43.872 0.0000000000
42228  37.020  -7.250  -45.092 0.0000000000
41593  36.596  -8.530  -44.427 0.0000000000
40970  36.040  -9.447  -43.484 0.0000000000
40292  35.630  -10.102  -42.798 0.0000000000
40284  35.430  -10.824  -42.186 0.0000000000
40266  34.766  -11.101  -39.845 0.0000000000
87394  32.296  -27.969  -32.521 0.0000000000
89815  32.835  -25.112  -34.232 0.0000000000
30362  35.097  -23.240  -35.218 0.0000000000
30350  33.694  -23.929  -32.528 0.0000000000
39470  35.421  -11.716  -42.428 0.0000000000
31829  34.095  -21.850  -36.106 0.0000000000
23532  31.924  -32.934  -34.025 0.0000000000
22841  32.194  -33.719  -33.797 0.0000000000
86524  33.980  -30.009  -33.118 0.0000000000
36372  33.756  -15.628  -39.943 0.0000000000
37203  34.353  -13.682  -38.445 0.0000000000
42898  36.487  -6.444  -46.515 0.0000000000
41599  37.128  -7.755  -45.896 0.0000000000
42237  37.287  -7.017  -46.037 0.0000000000
40945  35.345  -9.517  -40.646 0.0000000000
28860  32.370  -25.713  -32.227 0.0000000000
26426  32.568  -28.723  -32.799 0.0000000000
37958  34.448  -13.845  -41.335 0.0000000000
38646  34.485  -12.811  -41.159 0.0000000000
39464  34.659  -11.942  -40.914 0.0000000000
38620  34.382  -12.326  -39.508 0.0000000000
43605  36.546  -5.024  -47.139 0.0000000000
30393  33.480  -22.740  -36.700 0.0000000000
30363  34.501  -23.473  -35.460 0.0000000000
29659  33.925  -24.083  -34.307 0.0000000000
30355  33.659  -24.177  -33.309 0.0000000000
88200  32.586  -32.904  -33.247 0.0000000000
32534  34.222  -20.933  -35.835 0.0000000000
32531  34.609  -20.149  -35.418 0.0000000000
32548  33.660  -20.300  -38.468 0.0000000000
34834  33.932  -17.290  -39.655 0.0000000000
90600  33.568  -18.461  -37.987 0.0000000000
90202  33.548  -17.018  -37.783 0.0000000000
34825  33.602  -17.559  -37.281 0.0000000000
96583  33.677  -16.953  -37.184 0.0000000000
37209  33.721  -14.425  -39.315 0.0000000000
36373  33.626  -15.191  -39.335 0.0000000000
36360  34.242  -15.068  -37.572 0.0000000000
35580  34.497  -16.653  -36.216 0.0000000000
41596  36.609  -8.450  -45.258 0.0000000000
40974  36.530  -9.089  -44.428 0.0000000000
40294  36.359  -9.383  -44.062 0.0000000000
42224  36.154  -7.176  -43.543 0.0000000000
95308  36.488  -7.250  -44.266 0.0000000000
86555  36.334  -7.881  -44.062 0.0000000000
40971  35.592  -9.250  -42.765 0.0000000000
41587  36.197  -8.608  -43.779 0.0000000000
87213  35.350  -10.040  -41.983 0.0000000000
40265  35.074  -10.332  -40.049 0.0000000000
40276  35.174  -10.386  -41.226 0.0000000000
89739  31.952  -26.985  -32.876 0.0000000000
29678  33.509  -24.353  -35.573 0.0000000000
28056  32.252  -26.508  -32.381 0.0000000000
26421  32.610  -28.084  -32.166 0.0000000000
30358  35.579  -23.201  -34.957 0.0000000000
31834  33.556  -21.467  -37.426 0.0000000000
31109  33.861  -22.442  -36.371 0.0000000000
31106  34.903  -23.099  -35.481 0.0000000000
24965  33.296  -30.426  -33.162 0.0000000000
87255  33.003  -31.829  -33.070 0.0000000000
24289  33.734  -31.536  -32.859 0.0000000000
87446  32.842  -32.888  -32.656 0.0000000000
34076  33.698  -17.682  -38.834 0.0000000000
34827  33.516  -17.732  -38.012 0.0000000000
34835  33.663  -16.850  -39.057 0.0000000000
35586  33.560  -16.361  -38.350 0.0000000000
37204  33.901  -14.324  -38.664 0.0000000000
42217  35.571  -7.928  -42.460 0.0000000000
42225  35.885  -7.869  -43.266 0.0000000000
41582  35.460  -8.679  -42.291 0.0000000000
29660  33.174  -24.735  -33.644 0.0000000000
24966  32.423  -30.405  -33.165 0.0000000000
25626  33.191  -29.639  -33.010 0.0000000000
26425  33.616  -28.909  -32.890 0.0000000000
37232  34.372  -14.753  -41.138 0.0000000000
37223  34.095  -14.278  -40.595 0.0000000000
37934  33.851  -13.882  -39.876 0.0000000000
83389  34.051  -13.066  -39.684 0.0000000000
38617  34.852  -12.313  -38.821 0.0000000000
43608  35.663  -4.672  -48.010 0.0000000000
42901  37.130  -5.865  -46.948 0.0000000000
29657  32.719  -24.951  -32.060 0.0000000000
32536  33.834  -20.380  -36.634 0.0000000000
31827  34.928  -21.916  -35.536 0.0000000000
31826  35.906  -22.440  -35.233 0.0000000000
32543  33.616  -20.613  -37.587 0.0000000000
33319  33.740  -19.473  -38.694 0.0000000000
33315  33.680  -19.776  -37.348 0.0000000000
33308  33.877  -19.538  -36.506 0.0000000000
90522  33.906  -18.807  -36.395 0.0000000000
34063  33.579  -18.159  -37.446 0.0000000000
34058  34.214  -18.191  -35.936 0.0000000000
36367  33.619  -15.510  -38.650 0.0000000000
36361  33.745  -15.656  -37.894 0.0000000000
37201  33.849  -14.971  -38.270 0.0000000000
35581  34.010  -16.487  -36.836 0.0000000000
40291  36.245  -10.482  -43.606 0.0000000000
42233  37.459  -6.451  -45.699 0.0000000000
42894  37.209  -6.543  -45.250 0.0000000000
42234  37.169  -7.121  -45.417 0.0000000000
40975  36.344  -8.963  -44.019 0.0000000000
39450  34.836  -11.117  -40.612 0.0000000000
39437  34.773  -11.629  -39.327 0.0000000000
92771  32.947  -28.614  -32.433 0.0000000000
28886  33.076  -24.906  -35.062 0.0000000000
28863  32.540  -25.428  -33.493 0.0000000000
28063  32.101  -26.119  -33.238 0.0000000000
27275  32.209  -27.219  -32.430 0.0000000000
83954  35.089  -23.295  -34.079 0.0000000000
97573  34.504  -23.622  -34.180 0.0000000000
24964  34.888  -30.331  -33.093 0.0000000000
88099  33.964  -29.482  -33.142 0.0000000000
90889  33.628  -24.429  -35.041 0.0000000000
