#!ascii label  , from subject sub-v1s10x0051048_ses-1 vox2ras=TkReg
933
35641  -20.410  -58.793  45.354 0.0000000000
44456  -47.859  -49.071  36.773 0.0000000000
53229  -52.237  -40.631  32.604 0.0000000000
129199  -57.232  -35.057  27.581 0.0000000000
41745  -44.731  -52.356  36.547 0.0000000000
54151  -55.347  -38.999  29.385 0.0000000000
66025  -55.508  -26.519  24.003 0.0000000000
69724  -58.351  -21.724  23.571 0.0000000000
43557  -50.206  -50.463  33.891 0.0000000000
128682  -52.310  -45.887  32.766 0.0000000000
50442  -49.254  -43.428  35.699 0.0000000000
40638  -20.696  -53.455  49.352 0.0000000000
41589  -26.243  -52.369  47.217 0.0000000000
131643  -30.569  -55.404  45.213 0.0000000000
36703  -34.882  -57.933  42.813 0.0000000000
126413  -38.179  -57.251  38.278 0.0000000000
36798  -42.793  -56.799  36.634 0.0000000000
38899  -47.626  -55.717  35.213 0.0000000000
49643  -55.494  -43.277  28.822 0.0000000000
72309  -59.414  -19.394  24.252 0.0000000000
44457  -49.380  -49.444  36.544 0.0000000000
47598  -50.572  -46.863  35.936 0.0000000000
48574  -47.998  -45.664  35.844 0.0000000000
41607  -20.533  -52.339  45.520 0.0000000000
41579  -23.314  -52.183  48.483 0.0000000000
141957  -40.048  -54.554  39.785 0.0000000000
127151  -40.159  -57.004  37.270 0.0000000000
39816  -42.518  -54.674  39.557 0.0000000000
128771  -46.942  -51.182  35.831 0.0000000000
123893  -46.404  -53.315  37.511 0.0000000000
41748  -48.721  -52.290  36.859 0.0000000000
40801  -49.588  -53.349  34.485 0.0000000000
50456  -52.697  -43.215  34.111 0.0000000000
48650  -53.507  -44.962  30.863 0.0000000000
51359  -54.473  -42.069  32.181 0.0000000000
56070  -56.662  -37.096  28.109 0.0000000000
54152  -58.266  -39.720  28.528 0.0000000000
55111  -59.241  -37.664  27.511 0.0000000000
58242  -59.186  -35.321  26.422 0.0000000000
66964  -59.176  -26.067  25.274 0.0000000000
64137  -57.692  -28.666  25.800 0.0000000000
125650  -42.192  -52.324  37.074 0.0000000000
58238  -53.614  -35.282  25.283 0.0000000000
67927  -57.757  -24.173  23.762 0.0000000000
131589  -60.573  -23.740  25.032 0.0000000000
71468  -60.736  -20.478  23.179 0.0000000000
44532  -48.082  -49.832  31.898 0.0000000000
45515  -51.256  -48.208  33.157 0.0000000000
49556  -51.386  -44.579  35.528 0.0000000000
37694  -21.084  -56.483  48.239 0.0000000000
38754  -26.992  -55.406  44.602 0.0000000000
40667  -28.467  -52.915  46.229 0.0000000000
36676  -28.818  -57.618  43.977 0.0000000000
35662  -30.202  -59.005  43.679 0.0000000000
33615  -32.641  -60.339  42.284 0.0000000000
33647  -33.779  -60.512  39.729 0.0000000000
35701  -35.846  -58.128  40.794 0.0000000000
36808  -37.433  -57.482  35.192 0.0000000000
38857  -44.261  -55.418  38.428 0.0000000000
37849  -45.126  -56.872  36.405 0.0000000000
143735  -46.374  -58.296  33.774 0.0000000000
38935  -47.094  -55.234  33.006 0.0000000000
41819  -47.700  -52.662  32.590 0.0000000000
53242  -56.935  -40.866  30.204 0.0000000000
62602  -55.823  -30.525  25.855 0.0000000000
60940  -58.553  -32.827  27.331 0.0000000000
142765  -20.158  -58.290  47.266 0.0000000000
45434  -48.473  -48.873  36.667 0.0000000000
46512  -49.012  -47.462  36.494 0.0000000000
46510  -48.027  -47.326  36.596 0.0000000000
40747  -39.766  -53.517  38.851 0.0000000000
38840  -41.322  -55.029  39.562 0.0000000000
135893  -41.438  -53.343  39.119 0.0000000000
44468  -47.382  -49.679  36.355 0.0000000000
123223  -47.815  -51.179  37.228 0.0000000000
43500  -47.929  -50.325  36.988 0.0000000000
42629  -49.123  -50.840  36.810 0.0000000000
51358  -53.959  -42.376  32.789 0.0000000000
53224  -53.290  -40.555  32.819 0.0000000000
58211  -56.673  -35.813  27.558 0.0000000000
134442  -58.383  -36.851  28.435 0.0000000000
57162  -58.835  -36.175  28.327 0.0000000000
128305  -59.487  -35.970  27.200 0.0000000000
58213  -58.903  -34.935  27.890 0.0000000000
66966  -60.769  -25.828  25.093 0.0000000000
65033  -60.152  -27.661  25.546 0.0000000000
65035  -61.042  -27.724  24.653 0.0000000000
68849  -56.637  -23.445  21.872 0.0000000000
68835  -58.224  -23.225  23.818 0.0000000000
68836  -58.842  -23.829  24.439 0.0000000000
68827  -59.492  -22.806  24.727 0.0000000000
68829  -60.739  -23.138  24.808 0.0000000000
69709  -60.374  -22.010  25.043 0.0000000000
71456  -61.200  -19.858  24.194 0.0000000000
127558  -49.583  -49.923  32.878 0.0000000000
44517  -50.147  -49.191  32.799 0.0000000000
44499  -50.950  -48.901  33.583 0.0000000000
48565  -50.069  -45.310  35.956 0.0000000000
48576  -51.086  -45.436  35.718 0.0000000000
49555  -50.744  -44.114  35.661 0.0000000000
51324  -50.997  -42.687  35.244 0.0000000000
51333  -49.885  -42.106  35.045 0.0000000000
122420  -22.070  -56.113  48.243 0.0000000000
39711  -21.970  -54.214  49.638 0.0000000000
42515  -24.710  -52.050  47.783 0.0000000000
40674  -30.316  -53.477  45.328 0.0000000000
39740  -29.561  -54.103  45.688 0.0000000000
126646  -28.847  -55.390  44.939 0.0000000000
37730  -29.758  -56.477  44.710 0.0000000000
35649  -29.757  -58.460  43.962 0.0000000000
122713  -30.866  -57.143  44.673 0.0000000000
34641  -33.394  -59.074  42.557 0.0000000000
33638  -33.273  -60.450  41.070 0.0000000000
34653  -34.195  -59.071  41.889 0.0000000000
36729  -37.914  -56.863  39.531 0.0000000000
36717  -36.689  -57.320  40.802 0.0000000000
36739  -36.849  -57.587  39.728 0.0000000000
35726  -35.155  -58.599  38.919 0.0000000000
36775  -36.551  -57.566  37.630 0.0000000000
35743  -35.947  -58.100  36.401 0.0000000000
36793  -37.421  -57.310  36.357 0.0000000000
36797  -41.943  -56.754  36.855 0.0000000000
129981  -40.563  -56.891  34.969 0.0000000000
131381  -41.716  -57.100  35.163 0.0000000000
130621  -43.772  -57.475  35.307 0.0000000000
41695  -43.531  -53.356  38.561 0.0000000000
41696  -44.298  -53.019  38.024 0.0000000000
39853  -47.561  -54.433  36.460 0.0000000000
122703  -45.798  -55.301  37.180 0.0000000000
146064  -46.343  -56.382  35.976 0.0000000000
36817  -46.094  -57.603  35.044 0.0000000000
36845  -47.020  -57.471  34.177 0.0000000000
37866  -47.919  -56.093  34.050 0.0000000000
42682  -49.898  -52.027  34.402 0.0000000000
41809  -49.115  -52.745  33.582 0.0000000000
42712  -49.422  -51.249  33.452 0.0000000000
43595  -48.216  -50.700  32.330 0.0000000000
40655  -19.483  -53.541  47.534 0.0000000000
39720  -19.127  -54.193  48.940 0.0000000000
37673  -19.570  -55.680  49.038 0.0000000000
46592  -51.411  -47.327  32.128 0.0000000000
47693  -51.764  -46.529  30.967 0.0000000000
48651  -54.475  -44.223  29.783 0.0000000000
54135  -54.832  -39.369  29.895 0.0000000000
53240  -55.879  -40.130  31.034 0.0000000000
54129  -56.232  -39.695  30.352 0.0000000000
123740  -58.252  -39.739  27.261 0.0000000000
52394  -57.748  -41.026  27.809 0.0000000000
63330  -58.743  -29.754  26.465 0.0000000000
63340  -57.021  -29.360  25.889 0.0000000000
62592  -58.141  -30.224  26.506 0.0000000000
61810  -57.196  -31.590  26.577 0.0000000000
61812  -59.182  -31.315  26.875 0.0000000000
60943  -60.246  -32.907  27.053 0.0000000000
142646  -57.848  -21.246  22.837 0.0000000000
71454  -59.369  -20.311  24.354 0.0000000000
72324  -57.945  -19.524  22.740 0.0000000000
73215  -58.131  -18.454  22.807 0.0000000000
43522  -50.398  -50.369  35.359 0.0000000000
44470  -50.705  -48.987  34.976 0.0000000000
45453  -49.638  -48.120  36.385 0.0000000000
47577  -49.368  -46.647  36.283 0.0000000000
48575  -48.734  -45.060  35.925 0.0000000000
133091  -20.625  -52.554  47.212 0.0000000000
41577  -21.781  -52.445  48.812 0.0000000000
43458  -24.459  -51.534  46.550 0.0000000000
36742  -39.288  -56.547  38.745 0.0000000000
125334  -39.124  -57.048  38.075 0.0000000000
36762  -40.498  -56.429  38.406 0.0000000000
36763  -41.248  -56.286  38.462 0.0000000000
37819  -42.738  -56.156  38.770 0.0000000000
41772  -46.082  -52.081  36.440 0.0000000000
126860  -45.850  -52.539  37.454 0.0000000000
41721  -46.532  -52.170  37.275 0.0000000000
40768  -47.260  -52.813  37.365 0.0000000000
39854  -48.456  -54.049  35.937 0.0000000000
39861  -48.818  -54.436  34.934 0.0000000000
41749  -49.455  -52.654  35.984 0.0000000000
42660  -50.275  -51.267  35.322 0.0000000000
133910  -19.855  -52.698  45.111 0.0000000000
49587  -52.830  -44.616  32.784 0.0000000000
48635  -52.673  -45.587  32.013 0.0000000000
49588  -53.418  -44.230  32.299 0.0000000000
50473  -54.226  -43.483  31.676 0.0000000000
50485  -55.340  -43.153  30.817 0.0000000000
55109  -55.355  -38.010  28.246 0.0000000000
55087  -56.853  -38.913  29.313 0.0000000000
55096  -57.924  -38.341  28.666 0.0000000000
131422  -59.001  -38.695  28.069 0.0000000000
66979  -57.023  -26.461  24.538 0.0000000000
65049  -56.618  -27.269  24.771 0.0000000000
65999  -58.517  -26.910  25.306 0.0000000000
143684  -59.113  -28.629  26.049 0.0000000000
45483  -46.156  -48.293  34.686 0.0000000000
44480  -46.294  -50.059  34.788 0.0000000000
124486  -52.692  -40.101  31.266 0.0000000000
55108  -54.402  -38.217  28.034 0.0000000000
56080  -54.172  -37.075  27.037 0.0000000000
57183  -55.567  -35.928  26.907 0.0000000000
58226  -55.276  -34.982  26.330 0.0000000000
66992  -56.426  -25.400  23.529 0.0000000000
66981  -58.620  -25.366  24.792 0.0000000000
66982  -59.710  -25.210  25.212 0.0000000000
66983  -61.031  -25.018  25.021 0.0000000000
71442  -60.739  -20.077  24.695 0.0000000000
143996  -61.191  -21.109  23.621 0.0000000000
45532  -49.096  -48.174  31.513 0.0000000000
144693  -50.675  -48.022  32.122 0.0000000000
46563  -51.862  -46.746  32.971 0.0000000000
140882  -51.013  -47.851  35.053 0.0000000000
47619  -51.485  -46.569  34.745 0.0000000000
48591  -52.034  -45.399  34.190 0.0000000000
49567  -52.287  -44.048  34.561 0.0000000000
51336  -52.202  -42.254  34.642 0.0000000000
48588  -46.695  -45.807  34.319 0.0000000000
48589  -47.294  -45.183  34.926 0.0000000000
51346  -48.390  -42.066  34.124 0.0000000000
36661  -20.430  -57.805  46.823 0.0000000000
37713  -21.288  -56.441  47.094 0.0000000000
36674  -26.876  -57.081  43.566 0.0000000000
43473  -24.851  -51.412  45.156 0.0000000000
42534  -26.381  -51.608  46.626 0.0000000000
40659  -26.988  -52.701  46.897 0.0000000000
37741  -27.712  -56.500  43.847 0.0000000000
33612  -29.847  -60.579  41.981 0.0000000000
32617  -31.127  -61.437  41.319 0.0000000000
38794  -35.412  -56.206  42.890 0.0000000000
37764  -36.205  -56.909  42.081 0.0000000000
35690  -35.337  -58.301  41.924 0.0000000000
34676  -34.898  -59.023  40.920 0.0000000000
34688  -34.334  -60.055  38.539 0.0000000000
125366  -39.147  -57.071  35.809 0.0000000000
135053  -42.231  -53.176  38.955 0.0000000000
39817  -43.196  -54.930  39.362 0.0000000000
37836  -43.603  -56.392  37.847 0.0000000000
39830  -45.216  -54.383  37.818 0.0000000000
38872  -44.467  -55.874  37.856 0.0000000000
36799  -44.050  -57.020  36.442 0.0000000000
36815  -44.590  -57.534  35.640 0.0000000000
35764  -45.426  -58.659  34.106 0.0000000000
39880  -46.426  -54.692  32.468 0.0000000000
142602  -48.544  -54.622  33.769 0.0000000000
39881  -47.261  -54.213  32.772 0.0000000000
129035  -46.411  -53.020  31.836 0.0000000000
41830  -46.498  -52.262  31.625 0.0000000000
36635  -19.665  -57.157  48.576 0.0000000000
53232  -54.467  -40.263  32.053 0.0000000000
52326  -56.174  -41.484  31.027 0.0000000000
132846  -56.562  -42.479  29.555 0.0000000000
53254  -57.348  -40.550  29.559 0.0000000000
51392  -57.220  -41.865  28.600 0.0000000000
50541  -56.475  -42.525  28.189 0.0000000000
60105  -54.656  -33.971  25.490 0.0000000000
147197  -56.635  -33.830  26.736 0.0000000000
64150  -55.257  -28.125  24.990 0.0000000000
63347  -53.981  -28.984  25.221 0.0000000000
61819  -54.720  -31.407  25.506 0.0000000000
60948  -56.339  -32.354  26.292 0.0000000000
60087  -58.093  -34.055  27.627 0.0000000000
59183  -59.660  -34.087  27.458 0.0000000000
35647  -20.417  -59.325  44.431 0.0000000000
45433  -48.224  -48.928  36.739 0.0000000000
133244  -48.184  -48.217  36.747 0.0000000000
45468  -47.625  -48.180  36.517 0.0000000000
40764  -39.205  -53.285  38.005 0.0000000000
40748  -40.637  -53.356  38.916 0.0000000000
40765  -40.098  -53.207  38.040 0.0000000000
131500  -47.277  -48.853  36.257 0.0000000000
43509  -47.874  -50.020  36.935 0.0000000000
44443  -47.998  -49.625  36.873 0.0000000000
44444  -48.209  -49.612  36.804 0.0000000000
53218  -52.412  -40.874  33.381 0.0000000000
53219  -52.929  -40.845  33.346 0.0000000000
53223  -52.844  -40.596  32.974 0.0000000000
57173  -57.673  -35.758  28.103 0.0000000000
58197  -58.506  -35.527  28.176 0.0000000000
58198  -59.149  -35.678  28.084 0.0000000000
58212  -58.132  -34.863  27.884 0.0000000000
66017  -61.081  -26.870  24.337 0.0000000000
66002  -60.915  -26.769  24.788 0.0000000000
70583  -57.523  -21.949  22.501 0.0000000000
127965  -58.628  -22.440  23.999 0.0000000000
124239  -59.476  -21.787  24.672 0.0000000000
43577  -49.732  -50.518  33.406 0.0000000000
43578  -50.172  -49.840  33.410 0.0000000000
44498  -50.642  -49.728  33.934 0.0000000000
50435  -49.614  -44.097  35.743 0.0000000000
49545  -50.269  -44.597  35.759 0.0000000000
50443  -49.924  -43.339  35.618 0.0000000000
50444  -50.577  -43.335  35.514 0.0000000000
51322  -49.563  -42.730  35.426 0.0000000000
39710  -21.004  -54.083  49.680 0.0000000000
40639  -21.620  -53.467  49.559 0.0000000000
41588  -25.454  -52.096  47.441 0.0000000000
41581  -24.874  -52.395  47.757 0.0000000000
39751  -30.341  -54.291  45.446 0.0000000000
40669  -29.876  -53.606  45.646 0.0000000000
139427  -29.892  -54.841  45.429 0.0000000000
37731  -30.338  -56.390  44.880 0.0000000000
37732  -31.123  -56.366  44.909 0.0000000000
35667  -34.027  -58.127  43.034 0.0000000000
35677  -33.720  -58.528  42.803 0.0000000000
35678  -34.464  -58.329  42.635 0.0000000000
34642  -34.023  -58.772  42.391 0.0000000000
35689  -34.718  -58.528  42.228 0.0000000000
134408  -38.191  -57.094  38.898 0.0000000000
36740  -37.714  -57.160  39.407 0.0000000000
36759  -37.523  -57.367  38.949 0.0000000000
36758  -36.505  -57.696  38.646 0.0000000000
142320  -37.255  -57.433  38.236 0.0000000000
36792  -36.597  -57.536  36.745 0.0000000000
36776  -37.398  -57.351  37.410 0.0000000000
36781  -42.418  -56.549  37.581 0.0000000000
36812  -42.273  -56.941  35.986 0.0000000000
36813  -43.064  -57.122  35.721 0.0000000000
130380  -43.552  -57.037  36.209 0.0000000000
123927  -44.122  -52.360  37.105 0.0000000000
41719  -44.561  -52.644  37.523 0.0000000000
38888  -47.211  -55.342  36.073 0.0000000000
38898  -46.864  -56.153  35.719 0.0000000000
37859  -47.211  -56.524  34.983 0.0000000000
37865  -47.371  -56.754  34.316 0.0000000000
38911  -47.843  -55.976  34.468 0.0000000000
42700  -50.107  -51.170  34.281 0.0000000000
42699  -49.732  -51.738  33.935 0.0000000000
142011  -49.867  -51.040  33.837 0.0000000000
40656  -19.905  -53.230  48.042 0.0000000000
40647  -19.513  -53.757  48.454 0.0000000000
40637  -19.795  -53.871  49.129 0.0000000000
39709  -20.143  -54.126  49.349 0.0000000000
47661  -52.160  -46.376  32.239 0.0000000000
47676  -51.819  -46.769  31.778 0.0000000000
47677  -52.305  -46.159  31.483 0.0000000000
49624  -55.208  -43.626  29.606 0.0000000000
49641  -53.971  -44.443  29.049 0.0000000000
132760  -54.715  -43.824  28.958 0.0000000000
50526  -54.975  -43.486  28.217 0.0000000000
54150  -54.381  -39.044  29.094 0.0000000000
144036  -55.661  -39.389  30.028 0.0000000000
65065  -54.998  -27.036  24.219 0.0000000000
146478  -59.438  -30.032  26.560 0.0000000000
144747  -58.428  -30.851  26.685 0.0000000000
44458  -50.129  -49.874  36.095 0.0000000000
44469  -50.413  -49.460  35.562 0.0000000000
131316  -49.876  -48.983  36.264 0.0000000000
47576  -48.792  -46.840  36.417 0.0000000000
48563  -48.902  -45.858  36.226 0.0000000000
48564  -49.502  -45.707  36.083 0.0000000000
41596  -20.626  -52.437  46.359 0.0000000000
43465  -23.933  -51.446  45.939 0.0000000000
40732  -39.421  -53.897  39.545 0.0000000000
38826  -39.486  -55.111  39.768 0.0000000000
37787  -39.125  -55.883  39.446 0.0000000000
37800  -39.749  -56.067  39.062 0.0000000000
36761  -39.648  -56.682  38.415 0.0000000000
37801  -40.710  -55.654  39.204 0.0000000000
39815  -41.722  -54.505  39.607 0.0000000000
37802  -41.680  -55.668  39.201 0.0000000000
37818  -41.955  -56.155  38.783 0.0000000000
37834  -42.392  -56.346  38.334 0.0000000000
42657  -46.730  -51.706  36.524 0.0000000000
41747  -46.213  -52.129  37.177 0.0000000000
41723  -47.896  -51.875  37.349 0.0000000000
41722  -47.157  -52.025  37.272 0.0000000000
40769  -48.096  -52.725  37.105 0.0000000000
40782  -47.873  -53.522  36.853 0.0000000000
40783  -48.718  -53.177  36.405 0.0000000000
43510  -49.676  -50.300  36.432 0.0000000000
42642  -49.939  -51.172  36.158 0.0000000000
43511  -50.219  -50.620  35.905 0.0000000000
41595  -20.106  -52.758  46.686 0.0000000000
49577  -53.093  -43.782  33.057 0.0000000000
136592  -54.229  -42.888  32.050 0.0000000000
51369  -54.822  -42.852  31.517 0.0000000000
50484  -54.654  -43.558  31.154 0.0000000000
56057  -56.312  -37.807  28.407 0.0000000000
55095  -57.094  -38.246  28.828 0.0000000000
140583  -57.102  -37.504  28.481 0.0000000000
56059  -59.100  -36.961  28.229 0.0000000000
125560  -58.682  -37.881  28.408 0.0000000000
55097  -59.223  -37.810  28.016 0.0000000000
55110  -59.090  -38.560  27.685 0.0000000000
56082  -59.009  -37.400  26.920 0.0000000000
66016  -58.382  -26.166  24.969 0.0000000000
66015  -57.839  -26.521  24.886 0.0000000000
64131  -60.246  -29.416  26.127 0.0000000000
126674  -46.015  -49.185  34.582 0.0000000000
56068  -54.768  -37.546  27.650 0.0000000000
57195  -54.056  -35.867  25.958 0.0000000000
128438  -54.761  -35.652  26.323 0.0000000000
58239  -54.437  -35.159  25.792 0.0000000000
68842  -57.254  -23.483  22.874 0.0000000000
67926  -56.963  -24.218  23.137 0.0000000000
138444  -56.463  -24.721  22.961 0.0000000000
142077  -57.060  -24.883  23.606 0.0000000000
66993  -57.734  -25.086  24.222 0.0000000000
127414  -59.925  -23.647  24.977 0.0000000000
67916  -59.296  -24.513  24.841 0.0000000000
67917  -60.238  -24.389  25.128 0.0000000000
67903  -60.541  -25.069  25.229 0.0000000000
143263  -60.827  -24.435  25.111 0.0000000000
66984  -61.116  -25.096  24.516 0.0000000000
67918  -60.992  -24.179  24.878 0.0000000000
69711  -60.983  -22.581  24.530 0.0000000000
71455  -60.101  -19.799  24.771 0.0000000000
71469  -61.227  -19.611  23.914 0.0000000000
70585  -61.416  -20.436  24.032 0.0000000000
147536  -47.605  -49.770  31.494 0.0000000000
44550  -47.815  -49.259  31.350 0.0000000000
44533  -48.716  -49.097  31.842 0.0000000000
45514  -50.837  -48.699  32.970 0.0000000000
45513  -50.448  -48.439  32.390 0.0000000000
46575  -51.520  -47.496  32.748 0.0000000000
46562  -51.522  -47.566  33.433 0.0000000000
46534  -50.631  -47.687  35.653 0.0000000000
45484  -51.019  -48.408  34.556 0.0000000000
48590  -51.590  -45.564  35.059 0.0000000000
47620  -51.772  -46.079  34.243 0.0000000000
49566  -51.958  -44.710  34.844 0.0000000000
135010  -52.318  -44.759  34.151 0.0000000000
49557  -51.849  -43.992  35.171 0.0000000000
51334  -50.718  -42.072  35.013 0.0000000000
51325  -51.577  -42.700  35.061 0.0000000000
140313  -20.685  -56.966  47.780 0.0000000000
142963  -20.657  -57.176  47.340 0.0000000000
37686  -22.492  -55.777  48.746 0.0000000000
41578  -22.581  -52.317  48.732 0.0000000000
41571  -22.955  -52.729  48.972 0.0000000000
142764  -25.676  -55.467  45.331 0.0000000000
38753  -26.118  -55.811  44.679 0.0000000000
36673  -25.999  -56.999  43.478 0.0000000000
133178  -26.810  -56.192  44.109 0.0000000000
42556  -25.703  -51.361  45.061 0.0000000000
43467  -25.283  -51.358  45.690 0.0000000000
40666  -27.736  -53.190  46.346 0.0000000000
38769  -29.168  -56.210  44.589 0.0000000000
38768  -28.360  -55.959  44.331 0.0000000000
37742  -28.616  -56.762  44.040 0.0000000000
36675  -27.966  -57.391  43.585 0.0000000000
35660  -27.880  -58.561  43.029 0.0000000000
143141  -29.364  -59.128  43.551 0.0000000000
34627  -29.592  -59.607  43.226 0.0000000000
33602  -30.057  -60.163  42.757 0.0000000000
34640  -32.866  -59.530  42.699 0.0000000000
34629  -32.474  -59.177  43.188 0.0000000000
34639  -32.271  -60.079  42.732 0.0000000000
33614  -31.496  -60.499  42.547 0.0000000000
32608  -32.021  -60.962  42.131 0.0000000000
32618  -32.377  -61.054  41.663 0.0000000000
133314  -33.782  -60.141  40.686 0.0000000000
32630  -33.235  -60.987  40.266 0.0000000000
32638  -33.495  -61.329  39.296 0.0000000000
33653  -34.000  -60.907  38.729 0.0000000000
36727  -36.412  -57.686  40.704 0.0000000000
37775  -36.375  -57.183  41.550 0.0000000000
36716  -36.127  -57.608  41.472 0.0000000000
36715  -35.706  -57.836  42.149 0.0000000000
35691  -35.813  -57.970  41.418 0.0000000000
35700  -35.408  -58.515  41.194 0.0000000000
35734  -35.191  -58.454  37.983 0.0000000000
35733  -34.687  -59.245  38.278 0.0000000000
34689  -34.635  -59.997  37.894 0.0000000000
35750  -36.764  -58.178  35.102 0.0000000000
34705  -36.236  -58.851  35.651 0.0000000000
34706  -36.857  -59.029  34.922 0.0000000000
36778  -39.433  -57.126  37.513 0.0000000000
36795  -39.302  -57.164  36.710 0.0000000000
41693  -42.019  -52.655  38.086 0.0000000000
40751  -44.152  -53.800  38.397 0.0000000000
40750  -43.348  -54.139  39.059 0.0000000000
39828  -43.874  -54.745  38.829 0.0000000000
128091  -43.676  -55.609  38.886 0.0000000000
146850  -46.019  -53.028  37.631 0.0000000000
40753  -45.410  -53.049  37.728 0.0000000000
39831  -45.674  -53.573  37.697 0.0000000000
38886  -45.445  -56.097  36.845 0.0000000000
38873  -45.084  -55.672  37.497 0.0000000000
37838  -44.735  -56.290  37.206 0.0000000000
37848  -44.376  -56.725  36.841 0.0000000000
36800  -44.651  -57.193  36.190 0.0000000000
36835  -46.473  -58.000  34.257 0.0000000000
36834  -45.763  -58.163  34.588 0.0000000000
35779  -46.015  -58.583  33.951 0.0000000000
38921  -46.837  -56.288  33.180 0.0000000000
39862  -49.238  -53.945  34.483 0.0000000000
39868  -48.807  -54.603  34.193 0.0000000000
39869  -49.293  -53.730  34.153 0.0000000000
41820  -48.564  -52.309  33.083 0.0000000000
40815  -48.548  -53.245  33.322 0.0000000000
40814  -47.756  -53.505  32.857 0.0000000000
40813  -47.058  -53.299  32.368 0.0000000000
143438  -46.950  -52.637  32.073 0.0000000000
41831  -47.177  -51.961  32.015 0.0000000000
42722  -47.384  -51.120  31.872 0.0000000000
43594  -47.517  -50.299  31.673 0.0000000000
37674  -20.392  -55.699  49.128 0.0000000000
37684  -20.034  -56.370  48.901 0.0000000000
36636  -20.420  -56.716  48.491 0.0000000000
127912  -20.330  -57.656  47.508 0.0000000000
48636  -53.307  -44.975  31.566 0.0000000000
48649  -52.863  -45.521  31.203 0.0000000000
126137  -52.966  -45.454  30.398 0.0000000000
53238  -53.371  -39.851  30.974 0.0000000000
137722  -53.730  -40.245  32.284 0.0000000000
53241  -56.440  -40.808  30.783 0.0000000000
53234  -55.884  -40.762  31.292 0.0000000000
51371  -56.352  -42.114  30.609 0.0000000000
51381  -56.617  -42.243  30.028 0.0000000000
55088  -57.626  -39.130  28.920 0.0000000000
54138  -57.720  -39.934  29.120 0.0000000000
138064  -57.933  -40.559  28.590 0.0000000000
51422  -57.332  -41.733  28.099 0.0000000000
51421  -56.851  -42.158  27.924 0.0000000000
51408  -56.880  -42.235  28.402 0.0000000000
51420  -56.146  -42.532  27.661 0.0000000000
59217  -55.277  -34.128  26.025 0.0000000000
60106  -55.156  -33.506  25.787 0.0000000000
65031  -57.130  -27.924  25.272 0.0000000000
65030  -56.183  -28.001  25.061 0.0000000000
64136  -56.658  -28.641  25.510 0.0000000000
62603  -56.410  -29.947  25.910 0.0000000000
145115  -55.562  -29.147  25.506 0.0000000000
126903  -55.421  -29.697  25.665 0.0000000000
63338  -54.423  -29.614  25.461 0.0000000000
62601  -54.788  -30.458  25.624 0.0000000000
61818  -53.998  -30.942  25.271 0.0000000000
123247  -55.396  -31.087  25.784 0.0000000000
60950  -58.051  -32.276  26.967 0.0000000000
60949  -57.317  -32.477  26.747 0.0000000000
124705  -56.931  -33.170  26.719 0.0000000000
60096  -57.878  -33.170  27.219 0.0000000000
133873  -59.092  -34.229  27.686 0.0000000000
60089  -59.394  -33.573  27.514 0.0000000000
45452  -49.069  -48.621  36.600 0.0000000000
45451  -48.661  -48.226  36.627 0.0000000000
46511  -48.577  -47.642  36.587 0.0000000000
48562  -48.309  -46.478  36.341 0.0000000000
40721  -39.970  -54.161  39.794 0.0000000000
38827  -40.475  -55.009  39.662 0.0000000000
147051  -40.569  -54.137  39.730 0.0000000000
40734  -41.169  -54.000  39.617 0.0000000000
40735  -42.183  -53.931  39.497 0.0000000000
43521  -47.434  -50.556  36.570 0.0000000000
42658  -47.287  -51.226  36.781 0.0000000000
42639  -47.740  -50.839  37.120 0.0000000000
42628  -48.207  -50.602  37.109 0.0000000000
42640  -48.508  -51.394  37.106 0.0000000000
43501  -48.797  -49.939  36.788 0.0000000000
50457  -52.860  -42.216  34.010 0.0000000000
50463  -53.369  -42.788  33.371 0.0000000000
51347  -53.325  -41.661  33.472 0.0000000000
51348  -53.950  -41.351  32.765 0.0000000000
57172  -57.004  -36.402  27.985 0.0000000000
57160  -57.560  -36.725  28.347 0.0000000000
57161  -58.226  -36.133  28.368 0.0000000000
57163  -59.230  -36.319  28.099 0.0000000000
57185  -59.358  -36.768  27.320 0.0000000000
57174  -59.339  -36.123  27.712 0.0000000000
58214  -59.413  -35.296  27.489 0.0000000000
58228  -59.656  -35.291  27.030 0.0000000000
66965  -60.072  -25.909  25.396 0.0000000000
66000  -59.572  -26.839  25.479 0.0000000000
66001  -60.456  -26.751  25.301 0.0000000000
65034  -60.855  -27.632  25.066 0.0000000000
68828  -60.409  -22.885  25.011 0.0000000000
132540  -60.658  -22.384  24.881 0.0000000000
69710  -60.909  -21.629  24.622 0.0000000000
73201  -59.589  -18.446  24.198 0.0000000000
72298  -60.663  -19.393  24.574 0.0000000000
73190  -60.530  -18.749  24.461 0.0000000000
70592  -59.919  -21.059  22.153 0.0000000000
126742  -48.856  -49.939  32.376 0.0000000000
44516  -49.403  -49.379  32.415 0.0000000000
123644  -50.621  -49.264  33.392 0.0000000000
128265  -49.831  -46.048  36.144 0.0000000000
47579  -50.464  -45.921  35.991 0.0000000000
49546  -50.663  -44.967  35.787 0.0000000000
50445  -51.335  -43.478  35.400 0.0000000000
51323  -50.287  -42.670  35.373 0.0000000000
38721  -21.169  -55.656  49.237 0.0000000000
37685  -21.670  -56.059  48.788 0.0000000000
38722  -21.852  -55.565  49.209 0.0000000000
38723  -22.327  -55.082  49.351 0.0000000000
38724  -22.997  -55.263  48.949 0.0000000000
124704  -26.640  -54.269  45.825 0.0000000000
39739  -28.644  -53.819  45.902 0.0000000000
39750  -29.206  -54.730  45.439 0.0000000000
38756  -29.702  -55.656  45.081 0.0000000000
37743  -29.388  -56.979  44.362 0.0000000000
35648  -29.022  -58.266  43.948 0.0000000000
36677  -29.604  -57.708  44.229 0.0000000000
36678  -30.469  -57.770  44.375 0.0000000000
35650  -30.831  -58.362  44.116 0.0000000000
33616  -33.092  -59.716  42.326 0.0000000000
33626  -33.022  -60.270  41.771 0.0000000000
34652  -33.563  -59.414  42.114 0.0000000000
33627  -33.676  -59.772  41.486 0.0000000000
34665  -34.316  -59.405  41.176 0.0000000000
142941  -37.565  -56.416  40.172 0.0000000000
37776  -36.895  -56.711  40.860 0.0000000000
37786  -37.387  -56.931  40.176 0.0000000000
36728  -37.167  -57.255  40.100 0.0000000000
35715  -36.150  -58.015  40.236 0.0000000000
35742  -35.544  -58.353  37.160 0.0000000000
35749  -36.602  -57.742  35.807 0.0000000000
36796  -41.043  -56.764  37.015 0.0000000000
123891  -40.186  -57.061  36.224 0.0000000000
36811  -41.328  -56.996  36.099 0.0000000000
36832  -43.116  -57.672  34.694 0.0000000000
35762  -44.057  -58.197  34.330 0.0000000000
125996  -43.150  -52.244  36.911 0.0000000000
41717  -42.776  -52.503  37.699 0.0000000000
41718  -43.630  -52.664  37.811 0.0000000000
39842  -46.989  -53.864  37.234 0.0000000000
39841  -46.025  -54.312  37.492 0.0000000000
39852  -46.641  -54.846  36.859 0.0000000000
38887  -46.293  -55.825  36.435 0.0000000000
37850  -45.866  -56.571  36.179 0.0000000000
37857  -45.729  -57.165  35.739 0.0000000000
37858  -46.415  -56.873  35.491 0.0000000000
36818  -46.816  -57.292  34.690 0.0000000000
37874  -47.312  -56.904  33.884 0.0000000000
38922  -47.655  -55.839  33.622 0.0000000000
130227  -49.811  -52.743  34.453 0.0000000000
40806  -49.310  -53.317  33.883 0.0000000000
41810  -49.640  -52.637  33.993 0.0000000000
41821  -49.242  -52.051  33.513 0.0000000000
42710  -47.949  -51.686  32.486 0.0000000000
42711  -48.745  -51.436  32.971 0.0000000000
43576  -49.090  -50.627  32.903 0.0000000000
40663  -18.951  -53.905  46.987 0.0000000000
40654  -19.001  -54.014  47.923 0.0000000000
39707  -18.763  -54.757  48.914 0.0000000000
38710  -19.967  -55.099  49.215 0.0000000000
135780  -54.148  -44.382  30.565 0.0000000000
48667  -53.606  -44.861  29.914 0.0000000000
54127  -54.281  -39.649  30.633 0.0000000000
53239  -54.945  -39.948  31.393 0.0000000000
54128  -55.384  -39.688  30.639 0.0000000000
53253  -56.662  -40.260  30.331 0.0000000000
53307  -58.443  -39.897  27.647 0.0000000000
52377  -58.049  -40.703  28.050 0.0000000000
63329  -57.897  -29.504  26.239 0.0000000000
63328  -57.294  -30.078  26.251 0.0000000000
62591  -56.744  -30.687  26.230 0.0000000000
132413  -57.647  -30.803  26.534 0.0000000000
61811  -58.234  -31.491  26.800 0.0000000000
61804  -58.836  -32.158  27.149 0.0000000000
60942  -59.834  -32.888  27.321 0.0000000000
70576  -59.162  -21.092  24.335 0.0000000000
70584  -58.481  -20.820  23.536 0.0000000000
71467  -58.590  -19.943  23.504 0.0000000000
72325  -58.744  -18.947  23.515 0.0000000000
73216  -59.024  -17.856  23.601 0.0000000000
147735  -50.408  -50.437  34.296 0.0000000000
44481  -50.590  -49.901  34.666 0.0000000000
45469  -50.327  -48.450  35.830 0.0000000000
46533  -50.087  -47.528  36.168 0.0000000000
46513  -49.467  -47.388  36.361 0.0000000000
47578  -49.920  -46.716  36.203 0.0000000000
49543  -49.327  -44.951  35.927 0.0000000000
49554  -48.921  -44.236  35.878 0.0000000000
41586  -20.481  -52.819  48.052 0.0000000000
41569  -21.394  -52.899  49.264 0.0000000000
41587  -21.342  -52.322  47.971 0.0000000000
42520  -22.264  -52.038  48.235 0.0000000000
42522  -23.583  -51.849  47.815 0.0000000000
42523  -24.363  -51.857  47.613 0.0000000000
43449  -24.606  -51.702  47.167 0.0000000000
128359  -25.663  -51.772  47.040 0.0000000000
36694  -34.416  -57.603  43.303 0.0000000000
38825  -38.299  -55.670  39.895 0.0000000000
36741  -38.447  -56.850  39.003 0.0000000000
36760  -38.838  -56.949  38.592 0.0000000000
136827  -39.956  -56.825  37.978 0.0000000000
37817  -41.090  -56.069  38.795 0.0000000000
36779  -40.896  -56.570  37.881 0.0000000000
139632  -41.629  -56.581  37.544 0.0000000000
37835  -42.987  -56.389  38.093 0.0000000000
41746  -45.374  -52.247  36.828 0.0000000000
41720  -45.332  -52.487  37.336 0.0000000000
40767  -46.479  -52.579  37.437 0.0000000000
42627  -47.181  -51.669  37.141 0.0000000000
39860  -48.051  -54.896  35.521 0.0000000000
38900  -48.345  -55.232  34.658 0.0000000000
40784  -49.285  -53.544  35.277 0.0000000000
41773  -49.859  -52.796  35.064 0.0000000000
42641  -49.400  -51.769  36.496 0.0000000000
42659  -49.977  -52.001  35.640 0.0000000000
41774  -50.090  -52.104  34.890 0.0000000000
42683  -50.177  -51.508  34.706 0.0000000000
43537  -50.378  -50.817  34.735 0.0000000000
40664  -19.528  -53.291  46.579 0.0000000000
41585  -19.953  -52.950  47.352 0.0000000000
48622  -52.656  -45.255  32.584 0.0000000000
48623  -53.105  -44.880  32.143 0.0000000000
49598  -53.617  -44.414  31.730 0.0000000000
50472  -53.783  -43.417  32.424 0.0000000000
49589  -53.841  -43.939  31.859 0.0000000000
49599  -54.116  -43.991  31.410 0.0000000000
49609  -54.457  -43.991  30.928 0.0000000000
49610  -54.852  -43.873  30.341 0.0000000000
50495  -55.573  -43.341  30.100 0.0000000000
55094  -56.016  -38.530  28.924 0.0000000000
54136  -56.245  -39.187  29.675 0.0000000000
131517  -58.457  -38.886  28.451 0.0000000000
56058  -57.780  -37.572  28.553 0.0000000000
54153  -58.717  -39.382  28.109 0.0000000000
54191  -58.669  -39.192  27.417 0.0000000000
66026  -56.303  -26.084  24.030 0.0000000000
66014  -56.202  -26.720  24.386 0.0000000000
65050  -57.534  -27.152  25.040 0.0000000000
136712  -58.058  -27.789  25.539 0.0000000000
65032  -59.105  -27.816  25.726 0.0000000000
64138  -58.499  -28.390  25.860 0.0000000000
64130  -59.474  -29.341  26.323 0.0000000000
45467  -46.873  -48.235  35.711 0.0000000000
46531  -46.616  -47.507  35.084 0.0000000000
41771  -44.659  -52.411  35.485 0.0000000000
42656  -46.203  -51.770  35.408 0.0000000000
43536  -46.387  -50.992  34.971 0.0000000000
43520  -46.898  -50.377  35.581 0.0000000000
44467  -46.685  -49.231  35.404 0.0000000000
122865  -52.009  -40.465  31.572 0.0000000000
53230  -52.933  -40.251  32.288 0.0000000000
139725  -52.598  -39.974  30.468 0.0000000000
54149  -53.349  -39.122  28.683 0.0000000000
55092  -54.081  -38.698  28.468 0.0000000000
55093  -54.930  -38.576  28.678 0.0000000000
56069  -55.743  -37.339  27.856 0.0000000000
57170  -55.152  -36.810  27.273 0.0000000000
57171  -56.153  -36.599  27.593 0.0000000000
58227  -56.298  -35.107  26.970 0.0000000000
67005  -55.963  -25.233  22.936 0.0000000000
125424  -57.036  -25.638  24.093 0.0000000000
66980  -57.754  -25.877  24.574 0.0000000000
66994  -58.403  -24.594  24.420 0.0000000000
66967  -61.029  -25.876  24.672 0.0000000000
68830  -61.067  -23.519  24.421 0.0000000000
70577  -60.305  -20.845  24.911 0.0000000000
70564  -61.154  -20.605  24.391 0.0000000000
45533  -49.648  -48.695  32.123 0.0000000000
46591  -50.096  -47.947  31.766 0.0000000000
134744  -50.867  -47.622  31.857 0.0000000000
47660  -51.751  -46.948  32.378 0.0000000000
44482  -50.899  -49.108  34.195 0.0000000000
45497  -51.235  -48.356  33.820 0.0000000000
122852  -51.109  -47.145  35.318 0.0000000000
132194  -51.356  -47.565  34.371 0.0000000000
47640  -51.704  -46.791  33.834 0.0000000000
47641  -52.030  -46.036  33.523 0.0000000000
48606  -52.446  -45.215  33.366 0.0000000000
49576  -52.653  -44.310  33.684 0.0000000000
50446  -52.008  -43.242  34.942 0.0000000000
52308  -51.597  -40.968  33.122 0.0000000000
46532  -47.248  -47.481  35.944 0.0000000000
47618  -47.178  -45.979  35.130 0.0000000000
49553  -48.107  -44.627  35.490 0.0000000000
50455  -48.309  -43.576  35.271 0.0000000000
139031  -48.862  -42.848  35.325 0.0000000000
51332  -49.049  -42.274  34.907 0.0000000000
52324  -51.345  -40.938  32.002 0.0000000000
36667  -20.266  -57.670  46.043 0.0000000000
37712  -20.562  -56.852  46.547 0.0000000000
39712  -22.956  -54.358  49.211 0.0000000000
43466  -24.631  -51.411  45.818 0.0000000000
43451  -25.683  -51.549  46.597 0.0000000000
42525  -26.299  -51.899  47.115 0.0000000000
39748  -27.298  -54.695  45.216 0.0000000000
39749  -28.301  -54.598  45.363 0.0000000000
38767  -27.553  -55.829  44.248 0.0000000000
35661  -28.863  -58.824  43.583 0.0000000000
36679  -31.431  -57.817  44.516 0.0000000000
35663  -31.188  -58.876  43.736 0.0000000000
145374  -30.882  -60.144  42.881 0.0000000000
33637  -32.763  -61.043  41.042 0.0000000000
32629  -32.622  -61.562  40.310 0.0000000000
37754  -35.077  -57.011  43.228 0.0000000000
36695  -35.210  -57.567  42.912 0.0000000000
38795  -36.362  -56.120  41.755 0.0000000000
37763  -35.752  -57.142  42.698 0.0000000000
36704  -35.554  -57.753  42.612 0.0000000000
35679  -35.207  -58.103  42.483 0.0000000000
34654  -34.835  -58.784  41.607 0.0000000000
34675  -34.368  -59.600  40.203 0.0000000000
35714  -35.290  -58.658  40.157 0.0000000000
35713  -34.539  -59.333  39.220 0.0000000000
34684  -34.105  -60.077  39.265 0.0000000000
36777  -38.487  -57.236  37.232 0.0000000000
36794  -38.307  -57.154  35.972 0.0000000000
36810  -39.537  -56.914  35.216 0.0000000000
36809  -38.522  -57.061  34.875 0.0000000000
36827  -37.889  -57.622  34.395 0.0000000000
40766  -41.072  -52.917  38.198 0.0000000000
145065  -41.695  -52.939  38.633 0.0000000000
41694  -42.878  -52.947  38.480 0.0000000000
40736  -42.870  -54.265  39.444 0.0000000000
141239  -42.703  -55.306  39.439 0.0000000000
38856  -43.070  -55.740  39.140 0.0000000000
37820  -43.378  -56.146  38.585 0.0000000000
36782  -43.329  -56.683  37.174 0.0000000000
41697  -45.057  -52.789  37.655 0.0000000000
40752  -44.960  -53.730  37.966 0.0000000000
39829  -44.548  -54.553  38.263 0.0000000000
140762  -45.372  -54.994  37.620 0.0000000000
38858  -44.815  -55.191  37.938 0.0000000000
37837  -44.140  -56.358  37.577 0.0000000000
36783  -43.866  -56.663  37.206 0.0000000000
36814  -44.096  -57.372  35.751 0.0000000000
36833  -44.430  -57.808  35.003 0.0000000000
36816  -45.277  -57.591  35.511 0.0000000000
35751  -45.072  -58.102  34.868 0.0000000000
38912  -48.325  -55.462  34.161 0.0000000000
38923  -48.347  -55.327  33.932 0.0000000000
39882  -47.876  -54.890  33.414 0.0000000000
39873  -48.880  -53.967  33.810 0.0000000000
39883  -48.211  -54.094  33.333 0.0000000000
41842  -45.982  -51.832  31.112 0.0000000000
42721  -46.660  -51.465  31.455 0.0000000000
35617  -20.063  -57.968  47.600 0.0000000000
126669  -20.331  -58.173  47.086 0.0000000000
53225  -53.896  -40.626  32.577 0.0000000000
52310  -54.692  -41.019  32.160 0.0000000000
52325  -55.482  -41.289  31.558 0.0000000000
51360  -55.031  -41.921  31.720 0.0000000000
51370  -55.688  -42.299  31.123 0.0000000000
50496  -56.122  -42.723  30.254 0.0000000000
50508  -55.818  -43.146  29.349 0.0000000000
54137  -57.036  -39.653  29.708 0.0000000000
52340  -57.158  -41.277  29.692 0.0000000000
52355  -57.461  -41.307  28.974 0.0000000000
52354  -56.986  -41.941  29.401 0.0000000000
51391  -56.759  -42.409  28.953 0.0000000000
50527  -56.298  -42.764  28.733 0.0000000000
50540  -55.747  -42.972  28.081 0.0000000000
59215  -54.147  -34.552  25.324 0.0000000000
59216  -54.739  -34.562  25.775 0.0000000000
59199  -56.036  -34.324  26.538 0.0000000000
59200  -56.870  -34.425  27.100 0.0000000000
65048  -55.640  -27.317  24.571 0.0000000000
65047  -54.735  -27.595  24.566 0.0000000000
64149  -54.357  -28.297  24.936 0.0000000000
137900  -55.784  -28.682  25.342 0.0000000000
64135  -54.945  -28.936  25.317 0.0000000000
138368  -54.696  -32.328  25.420 0.0000000000
61809  -56.183  -31.322  26.068 0.0000000000
60956  -55.367  -32.785  25.800 0.0000000000
125406  -57.385  -33.839  27.193 0.0000000000
59182  -57.589  -34.430  27.539 0.0000000000
136120  -58.586  -34.379  27.736 0.0000000000
125333  -59.396  -34.619  27.587 0.0000000000
143721  -59.761  -34.501  27.190 0.0000000000
60090  -59.978  -33.491  27.332 0.0000000000
59201  -60.147  -33.812  26.784 0.0000000000
59220  -59.686  -34.598  26.640 0.0000000000
32607  -31.292  -61.193  41.844 0.0000000000
33603  -30.572  -59.597  43.330 0.0000000000
33613  -30.677  -60.648  42.266 0.0000000000
35628  -20.119  -58.831  46.899 0.0000000000
35789  -46.014  -58.639  33.402 0.0000000000
36647  -20.289  -57.285  48.029 0.0000000000
36705  -35.947  -57.462  42.167 0.0000000000
36774  -35.822  -57.875  37.797 0.0000000000
36780  -41.767  -56.401  38.160 0.0000000000
37744  -30.086  -57.091  44.567 0.0000000000
37765  -36.497  -56.647  41.509 0.0000000000
37788  -39.986  -55.538  39.431 0.0000000000
37799  -38.792  -56.447  39.146 0.0000000000
37803  -42.428  -55.772  39.198 0.0000000000
37816  -40.197  -56.260  38.747 0.0000000000
37821  -43.947  -56.047  38.272 0.0000000000
38811  -37.313  -55.909  40.434 0.0000000000
38841  -42.118  -55.180  39.508 0.0000000000
39708  -19.377  -54.348  49.069 0.0000000000
39803  -39.304  -54.476  39.826 0.0000000000
39804  -40.792  -54.388  39.679 0.0000000000
40640  -22.526  -53.477  49.367 0.0000000000
40648  -20.212  -53.282  48.734 0.0000000000
40733  -40.374  -53.850  39.525 0.0000000000
40749  -42.901  -53.690  39.147 0.0000000000
40807  -49.582  -53.200  34.177 0.0000000000
41570  -22.144  -52.802  49.237 0.0000000000
41576  -20.941  -52.759  48.830 0.0000000000
41606  -19.982  -52.766  45.968 0.0000000000
41609  -30.070  -52.901  45.149 0.0000000000
42524  -24.988  -51.863  47.344 0.0000000000
43450  -25.113  -51.639  46.871 0.0000000000
43459  -25.205  -51.451  46.258 0.0000000000
44445  -48.672  -49.224  36.687 0.0000000000
45470  -50.761  -48.308  35.246 0.0000000000
46574  -51.053  -47.998  32.487 0.0000000000
47599  -51.113  -46.242  35.593 0.0000000000
49544  -49.820  -44.756  35.825 0.0000000000
49608  -53.856  -44.426  31.205 0.0000000000
50436  -50.149  -44.000  35.655 0.0000000000
50494  -54.973  -43.607  30.680 0.0000000000
50509  -56.238  -42.833  29.449 0.0000000000
50539  -54.583  -43.679  27.681 0.0000000000
51335  -51.461  -42.070  34.887 0.0000000000
52288  -52.591  -41.545  34.023 0.0000000000
52309  -53.360  -40.920  33.144 0.0000000000
52339  -56.743  -41.559  30.305 0.0000000000
53231  -53.411  -40.008  31.780 0.0000000000
53233  -55.228  -40.466  31.631 0.0000000000
53270  -58.450  -40.058  28.027 0.0000000000
53290  -58.175  -40.446  27.802 0.0000000000
54172  -58.817  -39.321  27.861 0.0000000000
56060  -59.316  -36.923  27.883 0.0000000000
57184  -59.156  -36.508  26.811 0.0000000000
59184  -60.039  -33.873  27.189 0.0000000000
60088  -58.684  -33.612  27.581 0.0000000000
60095  -55.969  -33.437  26.237 0.0000000000
60097  -60.234  -33.434  27.059 0.0000000000
60109  -60.312  -32.954  26.584 0.0000000000
60941  -59.180  -32.885  27.436 0.0000000000
61820  -55.464  -31.864  25.799 0.0000000000
63337  -53.712  -29.546  25.258 0.0000000000
63339  -56.141  -29.249  25.638 0.0000000000
64129  -58.560  -29.030  26.185 0.0000000000
72310  -60.048  -18.963  24.665 0.0000000000
72311  -60.997  -19.054  24.138 0.0000000000
73202  -60.159  -18.318  24.415 0.0000000000
122698  -20.864  -56.242  48.864 0.0000000000
127271  -44.828  -52.394  37.161 0.0000000000
131346  -38.166  -56.415  39.650 0.0000000000
133150  -49.126  -47.936  36.530 0.0000000000
140637  -44.767  -53.222  37.935 0.0000000000
141034  -42.510  -57.255  35.238 0.0000000000
144455  -48.057  -51.191  37.342 0.0000000000
144532  -40.934  -53.647  39.318 0.0000000000
145945  -49.164  -46.292  36.262 0.0000000000
147595  -46.957  -47.073  35.366 0.0000000000
147677  -19.043  -54.097  48.573 0.0000000000
