#!ascii label  , from subject sub-v1s10x0051048_ses-1 vox2ras=TkReg
1114
41682  18.927  -49.761  33.114 0.0000000000
41633  31.134  -51.103  35.080 0.0000000000
65013  38.169  -27.577  16.459 0.0000000000
56417  29.297  -36.519  23.416 0.0000000000
140765  36.621  -43.086  28.146 0.0000000000
74182  49.286  -17.160  9.746 0.0000000000
121437  37.673  -30.862  20.131 0.0000000000
61174  32.843  -30.864  19.019 0.0000000000
41684  13.535  -51.156  32.823 0.0000000000
41676  23.910  -52.086  31.951 0.0000000000
43693  27.451  -49.749  29.245 0.0000000000
44647  20.562  -48.514  29.569 0.0000000000
137099  43.169  -21.465  13.985 0.0000000000
41592  23.241  -50.367  37.475 0.0000000000
42658  17.672  -50.196  37.607 0.0000000000
66939  43.148  -25.551  16.601 0.0000000000
39504  12.265  -52.502  37.801 0.0000000000
37496  7.902  -54.946  38.047 0.0000000000
61086  31.771  -31.591  25.390 0.0000000000
54395  33.439  -38.878  25.437 0.0000000000
50761  31.374  -43.571  23.946 0.0000000000
48769  29.456  -44.103  29.663 0.0000000000
126235  38.412  -30.009  22.376 0.0000000000
61172  35.600  -30.897  19.553 0.0000000000
62051  35.588  -29.278  22.182 0.0000000000
129117  40.333  -30.548  22.901 0.0000000000
42750  16.385  -49.946  30.585 0.0000000000
41699  15.088  -50.972  30.927 0.0000000000
42694  15.863  -49.756  33.844 0.0000000000
41679  21.543  -51.165  32.593 0.0000000000
42748  21.940  -50.624  30.460 0.0000000000
145703  19.706  -49.738  31.150 0.0000000000
43716  17.539  -49.421  28.886 0.0000000000
131065  37.406  -25.502  15.454 0.0000000000
64061  40.650  -28.276  17.506 0.0000000000
136278  40.488  -26.409  16.641 0.0000000000
67803  40.353  -24.308  15.675 0.0000000000
40542  16.513  -51.913  40.021 0.0000000000
127870  14.734  -51.924  37.647 0.0000000000
39478  14.222  -53.184  39.831 0.0000000000
37445  9.254  -54.443  42.812 0.0000000000
38479  9.648  -53.803  40.659 0.0000000000
37472  7.694  -55.332  40.347 0.0000000000
140770  6.518  -57.160  40.882 0.0000000000
34244  6.064  -58.926  42.902 0.0000000000
54345  34.432  -38.423  29.559 0.0000000000
53340  35.772  -40.241  26.607 0.0000000000
51637  33.988  -41.726  24.165 0.0000000000
50737  34.235  -43.267  25.350 0.0000000000
134439  25.268  -48.830  27.095 0.0000000000
46647  28.210  -46.616  30.075 0.0000000000
47697  26.119  -45.665  27.747 0.0000000000
138576  27.012  -43.306  27.306 0.0000000000
59361  30.222  -33.627  24.612 0.0000000000
60271  30.094  -32.235  22.081 0.0000000000
58483  27.971  -34.836  21.487 0.0000000000
77028  51.688  -14.905  7.117 0.0000000000
74186  49.916  -16.629  7.934 0.0000000000
127812  38.665  -29.722  17.645 0.0000000000
62127  35.902  -30.884  17.271 0.0000000000
63039  40.775  -29.904  20.259 0.0000000000
41656  27.597  -52.304  33.011 0.0000000000
42705  29.074  -50.071  32.429 0.0000000000
136226  25.161  -51.382  30.223 0.0000000000
43697  22.946  -50.105  28.967 0.0000000000
44681  21.718  -47.999  27.507 0.0000000000
69653  45.759  -22.187  15.062 0.0000000000
71466  46.535  -20.241  13.642 0.0000000000
72343  46.374  -18.934  12.245 0.0000000000
73212  47.093  -18.121  10.245 0.0000000000
41619  20.854  -49.733  34.855 0.0000000000
41620  17.962  -49.669  35.314 0.0000000000
42655  20.491  -49.376  37.379 0.0000000000
41636  23.486  -50.790  34.788 0.0000000000
68737  43.703  -23.183  15.346 0.0000000000
41623  15.099  -50.735  35.914 0.0000000000
40599  13.151  -51.557  35.989 0.0000000000
40601  10.589  -52.795  35.228 0.0000000000
38486  11.907  -53.392  40.069 0.0000000000
39495  10.199  -53.075  38.431 0.0000000000
31235  4.745  -61.778  44.373 0.0000000000
62024  34.935  -30.577  25.693 0.0000000000
57475  30.620  -35.835  26.277 0.0000000000
55330  32.899  -37.968  28.313 0.0000000000
55372  31.217  -37.764  24.717 0.0000000000
53384  32.242  -39.498  22.832 0.0000000000
50787  31.628  -42.345  22.421 0.0000000000
50790  28.803  -42.626  22.268 0.0000000000
45587  30.283  -47.425  32.587 0.0000000000
48741  31.843  -43.994  31.116 0.0000000000
48778  33.220  -45.073  28.467 0.0000000000
48807  30.705  -44.551  26.488 0.0000000000
50748  28.142  -43.088  24.945 0.0000000000
62054  32.376  -29.919  22.602 0.0000000000
61177  30.353  -31.325  19.066 0.0000000000
61091  37.872  -30.310  24.524 0.0000000000
62050  36.728  -29.549  22.558 0.0000000000
62039  36.602  -29.778  23.714 0.0000000000
61090  39.614  -30.432  24.342 0.0000000000
42731  17.508  -49.417  32.098 0.0000000000
127552  16.521  -49.668  31.872 0.0000000000
42692  17.924  -49.604  33.478 0.0000000000
41680  20.185  -50.548  33.064 0.0000000000
42728  20.395  -50.266  31.459 0.0000000000
42729  19.597  -49.846  31.916 0.0000000000
43669  18.179  -49.258  31.030 0.0000000000
66004  37.241  -26.146  15.697 0.0000000000
64070  39.016  -28.036  16.871 0.0000000000
65011  40.368  -27.396  17.022 0.0000000000
65996  38.510  -26.707  16.322 0.0000000000
66943  38.818  -25.899  16.176 0.0000000000
37435  7.950  -55.350  42.876 0.0000000000
37459  8.592  -54.810  41.624 0.0000000000
36388  7.411  -55.835  41.553 0.0000000000
36404  6.781  -56.626  40.464 0.0000000000
132389  6.677  -56.796  42.210 0.0000000000
34255  6.071  -58.404  41.390 0.0000000000
53313  36.423  -40.085  28.943 0.0000000000
51623  36.593  -41.677  27.424 0.0000000000
51631  35.303  -42.025  25.482 0.0000000000
49797  35.258  -43.285  26.244 0.0000000000
43645  31.719  -49.594  34.914 0.0000000000
44692  24.080  -48.090  26.482 0.0000000000
144253  25.992  -47.395  26.944 0.0000000000
45672  24.539  -47.211  26.285 0.0000000000
47707  25.004  -45.583  26.418 0.0000000000
58451  29.574  -34.851  24.093 0.0000000000
58452  29.130  -34.633  23.178 0.0000000000
74176  49.290  -17.231  10.696 0.0000000000
75088  50.645  -16.619  10.736 0.0000000000
75093  50.652  -16.654  9.895 0.0000000000
75099  50.877  -16.159  8.090 0.0000000000
74181  49.667  -16.898  8.907 0.0000000000
62110  38.525  -30.901  18.681 0.0000000000
63074  37.134  -29.994  17.077 0.0000000000
62112  36.933  -31.166  18.249 0.0000000000
61173  34.762  -30.900  19.286 0.0000000000
139203  34.608  -31.298  18.524 0.0000000000
61197  33.202  -31.135  18.162 0.0000000000
61125  38.932  -30.860  21.152 0.0000000000
62091  39.285  -30.787  19.743 0.0000000000
63064  39.681  -29.905  18.328 0.0000000000
41683  13.990  -50.986  32.263 0.0000000000
40641  12.426  -52.047  33.286 0.0000000000
40639  25.739  -52.309  32.229 0.0000000000
41693  26.001  -52.006  31.488 0.0000000000
41695  24.373  -51.889  31.287 0.0000000000
43699  21.332  -49.345  29.711 0.0000000000
42763  22.643  -50.411  29.591 0.0000000000
43698  22.103  -49.555  29.225 0.0000000000
44662  22.212  -48.562  28.081 0.0000000000
44663  21.348  -48.110  28.376 0.0000000000
45638  19.530  -47.755  28.270 0.0000000000
53406  30.531  -39.848  21.759 0.0000000000
70505  45.152  -21.697  14.476 0.0000000000
70504  46.047  -21.543  14.551 0.0000000000
70516  44.681  -20.960  13.788 0.0000000000
72345  44.843  -19.463  12.030 0.0000000000
73214  45.739  -18.830  10.979 0.0000000000
73213  46.389  -18.447  10.615 0.0000000000
41603  22.133  -49.842  36.275 0.0000000000
42663  20.873  -49.494  36.005 0.0000000000
42654  21.542  -49.661  37.731 0.0000000000
41617  23.652  -50.563  35.861 0.0000000000
41638  21.826  -50.395  34.454 0.0000000000
67799  44.460  -24.006  15.983 0.0000000000
136999  43.188  -24.366  16.078 0.0000000000
68749  40.233  -23.024  14.740 0.0000000000
42666  18.028  -49.889  36.821 0.0000000000
41621  16.956  -50.031  35.851 0.0000000000
140918  16.366  -50.575  36.720 0.0000000000
40566  13.649  -52.228  37.607 0.0000000000
40579  13.677  -51.661  36.599 0.0000000000
40580  13.048  -51.945  36.727 0.0000000000
40581  11.777  -52.132  36.164 0.0000000000
39519  11.424  -52.477  37.082 0.0000000000
37467  11.715  -53.523  41.343 0.0000000000
38490  8.644  -54.212  39.548 0.0000000000
38488  9.997  -53.449  39.932 0.0000000000
38497  9.133  -53.464  38.223 0.0000000000
38500  8.869  -53.612  36.993 0.0000000000
58420  30.991  -34.561  26.687 0.0000000000
54373  33.746  -38.762  27.389 0.0000000000
124529  33.469  -38.011  28.855 0.0000000000
55350  33.052  -38.540  26.926 0.0000000000
55351  32.282  -38.094  26.869 0.0000000000
54396  32.647  -38.476  25.266 0.0000000000
54422  31.574  -38.537  23.439 0.0000000000
53375  33.070  -39.330  23.879 0.0000000000
50759  32.800  -42.963  23.986 0.0000000000
51652  32.919  -41.609  23.114 0.0000000000
50774  31.719  -42.979  23.142 0.0000000000
50776  29.794  -42.991  22.759 0.0000000000
49841  30.495  -43.466  23.519 0.0000000000
43678  28.246  -49.294  31.304 0.0000000000
43666  29.567  -48.686  32.412 0.0000000000
44633  28.546  -48.512  31.420 0.0000000000
47677  28.775  -44.882  30.152 0.0000000000
47668  30.029  -44.995  31.090 0.0000000000
48754  30.568  -44.364  30.547 0.0000000000
48753  31.935  -44.097  30.068 0.0000000000
48767  31.718  -44.405  29.189 0.0000000000
48792  32.203  -45.033  27.343 0.0000000000
142761  30.503  -43.960  28.475 0.0000000000
49819  25.398  -43.146  25.493 0.0000000000
50738  27.061  -42.927  25.907 0.0000000000
61084  33.492  -31.007  25.953 0.0000000000
62031  33.889  -30.050  24.454 0.0000000000
61101  31.980  -30.593  24.080 0.0000000000
59406  28.606  -32.911  20.210 0.0000000000
61155  29.721  -31.821  20.220 0.0000000000
77031  51.405  -14.386  6.291 0.0000000000
143904  37.965  -30.517  21.161 0.0000000000
61171  36.903  -30.718  20.000 0.0000000000
131419  37.366  -30.309  21.204 0.0000000000
62062  35.756  -29.612  21.280 0.0000000000
62077  34.104  -29.488  20.803 0.0000000000
121183  40.187  -30.472  23.649 0.0000000000
61109  39.362  -30.394  22.405 0.0000000000
42732  15.635  -50.243  31.256 0.0000000000
42733  14.857  -50.443  31.932 0.0000000000
42695  14.935  -50.083  33.824 0.0000000000
41678  22.348  -51.545  32.329 0.0000000000
41696  23.426  -51.674  31.179 0.0000000000
42727  21.926  -51.055  31.148 0.0000000000
42749  21.155  -50.482  30.922 0.0000000000
44635  19.959  -48.783  30.111 0.0000000000
44648  18.960  -48.125  28.913 0.0000000000
44637  18.489  -48.895  30.052 0.0000000000
43701  17.296  -49.469  29.592 0.0000000000
70526  41.850  -21.122  12.640 0.0000000000
41584  23.083  -50.425  38.350 0.0000000000
126538  41.747  -27.732  17.543 0.0000000000
65993  42.180  -26.666  17.049 0.0000000000
66941  41.408  -25.944  16.574 0.0000000000
67802  41.344  -24.343  15.785 0.0000000000
66952  39.999  -25.013  16.017 0.0000000000
67805  38.528  -24.501  15.403 0.0000000000
41586  17.109  -50.976  38.909 0.0000000000
41595  16.241  -50.933  37.334 0.0000000000
40543  15.887  -52.060  39.235 0.0000000000
40554  14.667  -52.389  38.469 0.0000000000
39491  13.232  -52.825  38.746 0.0000000000
37457  10.330  -53.723  41.847 0.0000000000
37458  9.207  -54.326  42.046 0.0000000000
37471  8.437  -54.786  40.792 0.0000000000
37479  7.588  -55.423  39.463 0.0000000000
126955  7.156  -56.223  39.093 0.0000000000
53329  35.138  -39.296  28.033 0.0000000000
53353  35.007  -39.650  26.140 0.0000000000
53366  33.863  -39.723  24.570 0.0000000000
52467  35.133  -41.035  25.205 0.0000000000
50746  34.187  -42.575  24.726 0.0000000000
122005  33.028  -43.433  24.607 0.0000000000
44660  26.651  -48.781  27.955 0.0000000000
45621  27.819  -47.845  29.397 0.0000000000
45634  27.197  -47.895  28.575 0.0000000000
46659  27.020  -46.496  28.972 0.0000000000
48771  27.382  -44.893  29.027 0.0000000000
49778  28.335  -43.523  28.425 0.0000000000
48783  26.487  -44.668  27.906 0.0000000000
48808  25.564  -44.320  26.600 0.0000000000
59360  30.553  -33.174  25.042 0.0000000000
60244  30.877  -31.874  24.135 0.0000000000
130260  30.027  -33.231  23.751 0.0000000000
131748  28.905  -33.681  22.003 0.0000000000
76015  51.600  -15.808  8.166 0.0000000000
75100  50.405  -16.160  7.254 0.0000000000
64071  38.299  -28.542  16.820 0.0000000000
142300  36.831  -28.016  16.097 0.0000000000
130434  36.784  -29.405  16.623 0.0000000000
61194  36.263  -31.312  18.600 0.0000000000
62128  35.088  -31.053  17.246 0.0000000000
62047  41.506  -30.220  22.729 0.0000000000
63031  41.582  -29.610  21.420 0.0000000000
64033  41.957  -28.887  20.101 0.0000000000
63050  41.148  -29.140  18.817 0.0000000000
64062  39.084  -28.915  17.343 0.0000000000
138955  30.127  -51.353  33.936 0.0000000000
42690  30.474  -50.172  33.785 0.0000000000
132644  28.902  -51.452  32.728 0.0000000000
42723  27.372  -51.202  31.070 0.0000000000
42759  26.377  -50.795  29.674 0.0000000000
42746  23.753  -51.163  30.039 0.0000000000
42761  24.203  -50.961  29.539 0.0000000000
137126  25.454  -50.123  28.366 0.0000000000
43725  24.620  -49.434  27.599 0.0000000000
44679  23.543  -48.620  27.078 0.0000000000
45656  22.103  -47.915  26.575 0.0000000000
71465  47.340  -20.042  13.751 0.0000000000
71472  44.939  -19.788  12.648 0.0000000000
145079  46.085  -19.363  12.623 0.0000000000
73206  47.762  -18.502  12.776 0.0000000000
139819  47.946  -17.974  12.316 0.0000000000
74178  47.817  -17.868  10.699 0.0000000000
74184  47.784  -17.802  9.834 0.0000000000
74188  48.491  -17.522  8.589 0.0000000000
41640  19.498  -49.815  33.970 0.0000000000
141893  18.545  -49.597  34.583 0.0000000000
121083  19.135  -49.557  34.898 0.0000000000
42665  18.755  -49.558  36.261 0.0000000000
42657  18.526  -49.785  37.728 0.0000000000
42646  21.475  -49.764  38.642 0.0000000000
42642  18.558  -50.280  39.421 0.0000000000
41577  18.077  -50.829  40.187 0.0000000000
40608  31.115  -51.854  35.466 0.0000000000
40627  28.516  -52.531  33.919 0.0000000000
40628  27.186  -52.473  33.636 0.0000000000
40614  25.681  -52.174  33.739 0.0000000000
128700  24.753  -51.438  34.829 0.0000000000
41659  23.716  -51.810  33.460 0.0000000000
41660  22.373  -51.165  33.720 0.0000000000
41662  20.677  -50.296  33.869 0.0000000000
68735  46.594  -23.324  16.069 0.0000000000
69644  44.516  -22.845  15.298 0.0000000000
69655  43.053  -21.995  14.443 0.0000000000
68739  41.743  -23.628  15.389 0.0000000000
69657  41.456  -22.315  14.404 0.0000000000
70508  41.744  -21.751  13.920 0.0000000000
41641  17.657  -49.642  34.727 0.0000000000
42684  15.424  -50.096  34.689 0.0000000000
42685  14.602  -50.414  34.623 0.0000000000
41607  15.030  -51.026  36.412 0.0000000000
41624  14.382  -50.934  35.776 0.0000000000
41645  13.279  -51.006  34.484 0.0000000000
40617  11.996  -51.942  34.292 0.0000000000
40618  11.328  -52.658  34.109 0.0000000000
38485  12.651  -53.351  39.988 0.0000000000
38494  12.223  -53.104  39.369 0.0000000000
38496  10.639  -53.206  39.275 0.0000000000
39505  11.502  -52.672  38.020 0.0000000000
39520  10.360  -52.753  36.765 0.0000000000
145721  5.499  -60.168  43.866 0.0000000000
61081  36.462  -30.664  26.042 0.0000000000
60222  31.670  -32.599  26.414 0.0000000000
59341  31.285  -33.469  26.611 0.0000000000
58430  30.502  -34.884  25.986 0.0000000000
56397  30.257  -36.329  25.347 0.0000000000
56387  31.521  -36.821  27.314 0.0000000000
56396  30.659  -36.730  25.930 0.0000000000
55373  30.540  -37.343  24.420 0.0000000000
54424  30.443  -38.125  23.208 0.0000000000
53394  31.026  -39.438  22.300 0.0000000000
52492  31.355  -40.250  21.882 0.0000000000
52476  33.412  -40.192  23.630 0.0000000000
51661  32.575  -41.138  22.519 0.0000000000
50788  31.240  -41.976  21.751 0.0000000000
50789  30.531  -42.497  21.941 0.0000000000
135647  28.860  -42.550  21.290 0.0000000000
48762  35.990  -43.742  29.611 0.0000000000
43651  30.757  -49.368  33.692 0.0000000000
45586  30.770  -47.642  33.143 0.0000000000
47647  31.547  -45.811  33.498 0.0000000000
45610  28.650  -47.156  31.107 0.0000000000
46624  30.394  -45.877  32.164 0.0000000000
47654  32.070  -44.698  33.114 0.0000000000
145132  33.346  -43.921  30.801 0.0000000000
48764  34.476  -44.503  29.559 0.0000000000
49775  34.945  -44.429  27.637 0.0000000000
49786  33.980  -44.313  26.427 0.0000000000
48805  32.329  -44.784  26.315 0.0000000000
49814  30.665  -44.444  24.980 0.0000000000
49788  29.146  -43.552  27.119 0.0000000000
49802  29.353  -43.880  26.116 0.0000000000
49830  28.951  -43.551  24.590 0.0000000000
50763  28.334  -43.004  24.080 0.0000000000
129967  34.891  -29.727  23.987 0.0000000000
62052  34.413  -29.301  22.417 0.0000000000
62079  32.357  -30.036  20.620 0.0000000000
61113  31.018  -31.034  22.124 0.0000000000
62080  31.413  -30.580  20.519 0.0000000000
61175  31.800  -30.955  18.936 0.0000000000
74193  48.582  -17.626  7.732 0.0000000000
62038  37.261  -30.110  24.089 0.0000000000
61092  37.051  -30.389  25.156 0.0000000000
122958  38.437  -30.446  25.130 0.0000000000
125267  18.171  -49.550  32.701 0.0000000000
42709  17.185  -49.549  32.839 0.0000000000
42708  19.711  -50.185  32.697 0.0000000000
145148  19.058  -49.709  32.496 0.0000000000
42730  18.422  -49.390  31.839 0.0000000000
65997  37.637  -26.750  16.056 0.0000000000
65023  36.857  -26.741  15.666 0.0000000000
65014  37.228  -27.448  16.096 0.0000000000
65012  38.985  -27.332  16.620 0.0000000000
36361  7.390  -56.015  43.291 0.0000000000
36374  7.254  -56.064  42.330 0.0000000000
36389  6.828  -56.531  41.413 0.0000000000
51617  36.865  -41.635  28.250 0.0000000000
52449  36.665  -41.055  27.870 0.0000000000
50727  36.412  -42.369  27.052 0.0000000000
50728  35.974  -42.705  26.490 0.0000000000
49773  36.240  -43.166  27.286 0.0000000000
129684  32.053  -50.203  35.628 0.0000000000
42682  31.442  -50.392  35.059 0.0000000000
45673  23.672  -47.505  25.963 0.0000000000
46685  23.871  -46.666  25.747 0.0000000000
57511  29.640  -35.959  24.148 0.0000000000
57512  29.144  -35.530  23.441 0.0000000000
74171  49.994  -16.942  11.132 0.0000000000
74175  49.975  -16.886  10.303 0.0000000000
136839  50.022  -16.808  9.579 0.0000000000
62093  38.062  -31.152  19.417 0.0000000000
62111  37.687  -31.145  18.678 0.0000000000
61170  37.409  -31.040  19.559 0.0000000000
61152  33.715  -30.561  19.475 0.0000000000
61196  33.860  -31.059  18.750 0.0000000000
144718  32.698  -31.175  17.592 0.0000000000
61198  32.343  -31.105  18.241 0.0000000000
62076  39.469  -30.809  20.633 0.0000000000
61169  38.390  -30.980  20.002 0.0000000000
62092  38.733  -31.015  19.296 0.0000000000
42697  13.862  -50.683  33.032 0.0000000000
41701  13.910  -51.726  31.825 0.0000000000
40640  12.979  -52.203  32.600 0.0000000000
41665  13.041  -51.527  33.049 0.0000000000
41675  24.806  -52.200  32.066 0.0000000000
44646  21.362  -48.693  29.132 0.0000000000
44664  20.768  -48.084  28.926 0.0000000000
45637  20.401  -47.657  28.271 0.0000000000
45623  20.072  -47.841  28.984 0.0000000000
52500  30.759  -40.653  21.327 0.0000000000
136933  44.374  -21.540  14.221 0.0000000000
70517  43.751  -21.077  13.666 0.0000000000
73218  45.684  -18.669  10.136 0.0000000000
41602  23.056  -50.246  36.550 0.0000000000
41593  22.454  -49.937  37.277 0.0000000000
142594  44.107  -25.051  16.492 0.0000000000
67791  43.957  -24.488  16.211 0.0000000000
127943  17.032  -50.412  37.098 0.0000000000
41605  17.061  -50.209  36.414 0.0000000000
39503  13.082  -52.457  37.889 0.0000000000
40567  13.415  -52.068  37.175 0.0000000000
39517  12.873  -52.241  37.284 0.0000000000
39518  12.369  -52.212  36.899 0.0000000000
37456  11.122  -53.561  41.912 0.0000000000
38498  8.482  -54.176  38.615 0.0000000000
38501  8.369  -54.279  37.541 0.0000000000
54384  33.640  -38.811  26.383 0.0000000000
54385  32.843  -38.473  26.140 0.0000000000
54408  32.482  -38.686  24.347 0.0000000000
53367  33.157  -38.948  24.620 0.0000000000
50760  32.131  -43.162  23.771 0.0000000000
146495  27.739  -49.861  29.898 0.0000000000
125126  27.959  -48.682  30.621 0.0000000000
48755  29.713  -44.621  30.448 0.0000000000
48768  30.332  -44.112  29.809 0.0000000000
121546  31.163  -44.105  29.898 0.0000000000
48781  30.884  -43.996  29.146 0.0000000000
49766  30.059  -43.787  29.073 0.0000000000
61085  32.624  -31.247  25.670 0.0000000000
61094  32.308  -30.915  24.883 0.0000000000
122688  38.109  -30.117  21.675 0.0000000000
62061  36.427  -29.591  21.743 0.0000000000
61128  35.078  -29.746  20.690 0.0000000000
62063  34.794  -29.222  21.421 0.0000000000
61088  41.139  -30.566  24.988 0.0000000000
61099  38.856  -30.197  22.841 0.0000000000
61098  39.428  -30.369  23.324 0.0000000000
61110  38.834  -30.278  21.980 0.0000000000
42710  16.209  -49.681  32.917 0.0000000000
127777  15.667  -49.933  32.171 0.0000000000
42711  15.265  -49.892  32.916 0.0000000000
132892  22.137  -51.329  33.057 0.0000000000
41698  21.918  -51.282  31.850 0.0000000000
43668  20.359  -49.669  30.695 0.0000000000
43682  19.309  -49.117  30.594 0.0000000000
43670  17.345  -49.384  31.148 0.0000000000
43684  17.798  -49.250  30.278 0.0000000000
138160  17.055  -49.544  30.252 0.0000000000
64050  41.664  -28.547  18.310 0.0000000000
64060  41.413  -28.233  17.739 0.0000000000
65994  41.240  -26.896  16.981 0.0000000000
66951  40.939  -25.053  16.136 0.0000000000
133596  40.538  -25.645  16.349 0.0000000000
66954  38.210  -25.249  15.725 0.0000000000
66953  39.092  -25.095  15.907 0.0000000000
67806  37.694  -24.756  15.153 0.0000000000
41578  17.241  -51.286  39.926 0.0000000000
41579  16.577  -51.499  39.295 0.0000000000
39489  14.701  -52.780  39.321 0.0000000000
39490  14.001  -52.804  38.840 0.0000000000
38484  13.418  -53.220  39.685 0.0000000000
133224  9.812  -54.023  42.337 0.0000000000
37460  7.868  -55.324  41.189 0.0000000000
37478  8.179  -54.745  39.926 0.0000000000
36419  7.110  -56.012  39.955 0.0000000000
34243  6.242  -58.249  42.306 0.0000000000
34256  5.859  -58.979  41.983 0.0000000000
125786  36.153  -40.131  27.481 0.0000000000
53328  35.996  -39.647  28.289 0.0000000000
131494  35.676  -39.705  27.491 0.0000000000
53341  35.129  -39.428  27.058 0.0000000000
53365  34.731  -40.097  25.267 0.0000000000
135114  35.330  -40.408  25.757 0.0000000000
50736  34.993  -42.954  25.658 0.0000000000
139271  34.722  -42.561  25.178 0.0000000000
50747  33.689  -43.183  24.843 0.0000000000
121345  33.373  -43.823  25.309 0.0000000000
44677  25.990  -48.824  27.499 0.0000000000
45635  26.847  -48.028  28.011 0.0000000000
44676  26.370  -48.211  27.558 0.0000000000
46671  25.916  -46.689  27.144 0.0000000000
131648  26.434  -46.521  28.131 0.0000000000
47689  26.807  -45.460  28.565 0.0000000000
47679  27.488  -45.634  29.328 0.0000000000
48782  27.117  -44.443  28.472 0.0000000000
48809  25.005  -44.787  26.127 0.0000000000
60236  30.468  -32.754  24.355 0.0000000000
58466  28.632  -34.497  22.282 0.0000000000
59380  29.214  -33.833  22.739 0.0000000000
59393  28.317  -34.001  21.420 0.0000000000
74191  49.630  -16.740  6.759 0.0000000000
133422  38.334  -29.238  17.187 0.0000000000
63083  37.571  -29.164  16.788 0.0000000000
62126  36.692  -30.704  17.448 0.0000000000
62137  36.201  -30.015  16.764 0.0000000000
62138  35.319  -30.405  16.659 0.0000000000
122026  36.126  -30.665  20.120 0.0000000000
122355  36.191  -31.023  19.413 0.0000000000
61195  35.439  -31.303  18.766 0.0000000000
121698  34.059  -31.284  17.973 0.0000000000
121153  34.868  -31.371  17.938 0.0000000000
61217  34.272  -31.141  17.253 0.0000000000
62139  34.444  -30.627  16.508 0.0000000000
62037  40.956  -30.518  23.022 0.0000000000
62036  41.517  -30.363  23.604 0.0000000000
62048  40.659  -30.469  22.432 0.0000000000
62074  40.928  -30.029  21.113 0.0000000000
63038  41.438  -29.457  20.600 0.0000000000
63030  42.043  -29.013  20.985 0.0000000000
127562  41.322  -29.328  19.702 0.0000000000
63051  40.638  -29.767  19.376 0.0000000000
62123  38.980  -30.247  18.170 0.0000000000
63072  39.306  -29.577  17.835 0.0000000000
41655  28.552  -52.108  33.207 0.0000000000
41674  28.123  -51.821  32.475 0.0000000000
41710  25.539  -51.662  30.833 0.0000000000
144707  26.776  -51.451  31.000 0.0000000000
41709  26.262  -51.579  30.929 0.0000000000
42743  26.809  -51.124  30.418 0.0000000000
42744  25.904  -51.303  30.287 0.0000000000
42726  22.676  -51.179  30.653 0.0000000000
42725  23.385  -51.327  30.474 0.0000000000
42747  23.051  -50.948  30.041 0.0000000000
42762  23.399  -50.717  29.494 0.0000000000
43696  23.919  -50.396  28.801 0.0000000000
43695  24.944  -50.684  29.010 0.0000000000
43712  24.725  -50.083  28.258 0.0000000000
43713  23.370  -49.692  28.320 0.0000000000
44661  23.017  -48.999  27.821 0.0000000000
44680  22.636  -48.343  27.254 0.0000000000
45655  23.182  -48.023  26.496 0.0000000000
44649  18.478  -48.603  29.341 0.0000000000
44666  18.217  -48.774  28.588 0.0000000000
127174  46.990  -22.340  15.457 0.0000000000
70514  46.346  -20.910  14.118 0.0000000000
70503  46.835  -21.398  14.601 0.0000000000
71463  47.086  -20.760  14.175 0.0000000000
71462  47.766  -20.575  14.288 0.0000000000
132465  43.683  -20.226  12.404 0.0000000000
71468  44.219  -20.335  13.010 0.0000000000
72347  45.849  -18.965  11.672 0.0000000000
72344  45.565  -19.326  12.247 0.0000000000
141178  47.085  -18.853  12.669 0.0000000000
73207  47.178  -18.348  12.037 0.0000000000
73209  47.106  -18.196  11.117 0.0000000000
41639  20.038  -49.607  34.558 0.0000000000
42675  20.049  -49.374  35.327 0.0000000000
129169  20.355  -49.323  36.629 0.0000000000
42664  19.688  -49.351  36.104 0.0000000000
126664  19.321  -49.407  36.959 0.0000000000
42656  19.614  -49.490  38.124 0.0000000000
41576  22.278  -50.198  39.019 0.0000000000
42632  20.355  -50.029  40.178 0.0000000000
42648  19.330  -49.787  39.034 0.0000000000
138363  17.755  -50.707  39.417 0.0000000000
144745  30.132  -52.301  34.683 0.0000000000
40629  26.457  -52.370  33.692 0.0000000000
126458  24.218  -50.911  35.235 0.0000000000
40616  23.997  -51.352  34.303 0.0000000000
40630  24.670  -51.922  33.825 0.0000000000
122431  23.170  -51.350  33.957 0.0000000000
64084  36.184  -28.302  15.788 0.0000000000
142155  44.281  -23.484  15.639 0.0000000000
132828  44.921  -23.466  15.753 0.0000000000
134698  43.765  -22.475  14.853 0.0000000000
68746  42.962  -22.747  14.909 0.0000000000
68740  40.735  -23.607  15.291 0.0000000000
69658  40.678  -22.451  14.270 0.0000000000
68748  41.123  -22.953  14.849 0.0000000000
69656  42.266  -22.161  14.457 0.0000000000
69668  41.087  -21.971  13.903 0.0000000000
41622  15.986  -50.300  35.829 0.0000000000
121999  15.763  -50.201  35.356 0.0000000000
41643  14.909  -50.540  35.342 0.0000000000
40564  15.457  -51.460  37.483 0.0000000000
41596  15.617  -50.976  36.710 0.0000000000
40565  14.842  -51.427  36.917 0.0000000000
40598  13.878  -51.289  36.073 0.0000000000
41625  13.678  -51.028  35.371 0.0000000000
41626  12.789  -51.350  34.939 0.0000000000
40619  11.285  -52.278  35.112 0.0000000000
38476  12.359  -53.564  40.771 0.0000000000
37469  10.036  -53.747  41.289 0.0000000000
38478  10.514  -53.527  40.723 0.0000000000
122529  9.823  -53.331  39.065 0.0000000000
39494  11.098  -52.919  38.621 0.0000000000
39506  10.724  -52.780  37.758 0.0000000000
39507  9.742  -53.069  37.442 0.0000000000
33276  5.776  -59.590  43.441 0.0000000000
33266  5.762  -59.675  44.394 0.0000000000
32268  5.060  -61.174  44.831 0.0000000000
32281  5.144  -60.934  43.823 0.0000000000
61070  33.809  -31.415  26.648 0.0000000000
123946  32.023  -32.928  27.080 0.0000000000
145854  30.727  -35.246  26.438 0.0000000000
57476  30.291  -35.683  25.675 0.0000000000
55342  32.239  -37.631  27.652 0.0000000000
55361  31.236  -37.625  25.555 0.0000000000
55352  31.418  -37.518  26.382 0.0000000000
56404  30.624  -37.090  25.177 0.0000000000
55387  30.333  -37.553  23.731 0.0000000000
55386  31.039  -38.043  23.807 0.0000000000
54421  32.255  -38.960  23.470 0.0000000000
53385  31.576  -39.008  22.834 0.0000000000
53393  31.848  -39.811  22.351 0.0000000000
52475  33.928  -40.695  24.000 0.0000000000
51651  33.484  -41.161  23.528 0.0000000000
51653  32.311  -42.064  22.748 0.0000000000
51662  31.980  -41.564  22.136 0.0000000000
143055  31.160  -42.452  22.189 0.0000000000
141095  29.609  -42.621  21.890 0.0000000000
128864  27.941  -42.394  21.605 0.0000000000
42691  29.747  -50.000  33.106 0.0000000000
142119  30.221  -49.653  33.392 0.0000000000
43659  30.048  -49.099  33.066 0.0000000000
44625  29.644  -47.790  32.129 0.0000000000
44619  30.190  -48.213  32.752 0.0000000000
46602  31.323  -46.953  33.680 0.0000000000
46613  30.759  -46.567  32.829 0.0000000000
45611  28.170  -47.378  30.169 0.0000000000
46636  28.588  -46.500  30.733 0.0000000000
48742  30.870  -44.574  31.252 0.0000000000
47661  30.237  -45.389  31.612 0.0000000000
48730  31.330  -44.674  31.772 0.0000000000
142746  31.176  -45.277  32.530 0.0000000000
48729  32.022  -44.455  32.025 0.0000000000
48728  32.946  -44.144  32.294 0.0000000000
48740  32.783  -43.892  31.335 0.0000000000
48766  32.640  -44.802  29.271 0.0000000000
48765  33.511  -44.795  29.397 0.0000000000
48777  34.183  -44.801  28.487 0.0000000000
48776  34.936  -44.517  28.580 0.0000000000
48790  33.935  -44.810  27.394 0.0000000000
48793  31.357  -44.771  27.007 0.0000000000
140599  31.456  -44.774  26.196 0.0000000000
48806  31.960  -44.581  25.583 0.0000000000
48818  31.056  -44.691  25.631 0.0000000000
49790  27.633  -43.282  27.773 0.0000000000
139571  29.115  -43.422  27.995 0.0000000000
49789  28.399  -43.281  27.478 0.0000000000
49817  27.909  -43.099  25.829 0.0000000000
49803  28.543  -43.359  26.482 0.0000000000
49816  28.762  -43.524  25.512 0.0000000000
49815  29.669  -44.122  25.042 0.0000000000
61082  35.667  -30.680  25.901 0.0000000000
62029  35.774  -29.960  24.466 0.0000000000
62030  34.854  -30.204  24.892 0.0000000000
62043  32.557  -30.022  23.484 0.0000000000
62041  34.110  -29.597  23.433 0.0000000000
62053  33.323  -29.569  22.776 0.0000000000
62064  33.139  -29.607  21.141 0.0000000000
62065  32.302  -29.931  21.691 0.0000000000
61114  30.557  -31.748  22.728 0.0000000000
142634  30.840  -31.606  23.433 0.0000000000
61154  30.270  -31.319  19.905 0.0000000000
134632  30.276  -31.526  20.669 0.0000000000
139443  30.740  -31.044  20.394 0.0000000000
61153  31.064  -30.905  19.615 0.0000000000
77947  51.554  -13.710  5.533 0.0000000000
146394  52.147  -13.188  5.523 0.0000000000
73224  48.134  -18.240  7.320 0.0000000000
61100  38.072  -30.026  23.312 0.0000000000
61111  37.719  -29.789  22.419 0.0000000000
62049  37.330  -29.772  23.182 0.0000000000
62040  35.779  -29.540  23.337 0.0000000000
128380  38.764  -30.307  24.043 0.0000000000
42693  16.890  -49.620  33.721 0.0000000000
136178  20.815  -50.833  32.595 0.0000000000
42707  20.352  -50.541  32.315 0.0000000000
127399  18.953  -49.408  31.200 0.0000000000
64069  39.798  -28.209  17.252 0.0000000000
131582  39.563  -27.549  16.870 0.0000000000
65995  39.516  -26.731  16.572 0.0000000000
66942  39.733  -25.778  16.306 0.0000000000
66003  37.935  -26.003  15.963 0.0000000000
40532  16.367  -52.401  40.883 0.0000000000
126655  15.950  -52.407  40.077 0.0000000000
40533  15.524  -52.804  40.553 0.0000000000
37447  7.955  -55.363  42.011 0.0000000000
36403  7.242  -55.944  40.811 0.0000000000
140328  6.419  -57.489  41.657 0.0000000000
35295  6.495  -57.452  42.649 0.0000000000
34230  6.373  -58.164  43.220 0.0000000000
52439  36.785  -40.836  28.619 0.0000000000
52440  36.469  -40.391  28.034 0.0000000000
52450  36.386  -40.903  27.157 0.0000000000
52460  35.687  -41.132  25.844 0.0000000000
51630  35.903  -41.923  26.071 0.0000000000
50735  35.493  -42.586  25.986 0.0000000000
45654  24.970  -48.093  26.663 0.0000000000
45653  25.875  -48.062  26.951 0.0000000000
45671  25.433  -47.316  26.721 0.0000000000
46683  25.138  -46.400  26.624 0.0000000000
47698  25.518  -45.701  27.074 0.0000000000
46684  24.539  -46.183  26.042 0.0000000000
46698  23.987  -45.835  25.571 0.0000000000
58440  30.063  -34.485  24.804 0.0000000000
137797  29.823  -34.005  24.219 0.0000000000
144218  28.736  -35.223  22.791 0.0000000000
74172  49.311  -17.202  11.576 0.0000000000
121544  49.943  -16.939  11.885 0.0000000000
75096  51.486  -16.190  8.826 0.0000000000
75097  50.581  -16.558  8.952 0.0000000000
62124  38.259  -30.531  17.985 0.0000000000
63073  37.920  -29.880  17.387 0.0000000000
62125  37.483  -30.667  17.744 0.0000000000
141517  36.324  -31.190  17.874 0.0000000000
61150  35.371  -30.487  20.066 0.0000000000
61218  33.375  -31.136  17.268 0.0000000000
61108  39.848  -30.567  22.186 0.0000000000
62059  40.385  -30.465  21.654 0.0000000000
62075  40.218  -30.461  20.831 0.0000000000
62090  40.086  -30.388  19.965 0.0000000000
62108  39.944  -30.223  19.089 0.0000000000
62109  39.240  -30.614  18.819 0.0000000000
41700  14.452  -51.361  31.440 0.0000000000
40638  26.756  -52.437  32.916 0.0000000000
140910  27.252  -52.137  32.292 0.0000000000
137891  26.478  -52.264  32.171 0.0000000000
41694  25.217  -51.993  31.407 0.0000000000
41711  24.802  -51.640  30.728 0.0000000000
43680  21.960  -50.150  29.846 0.0000000000
136457  22.466  -50.692  30.099 0.0000000000
43714  22.584  -49.305  28.542 0.0000000000
44645  21.927  -48.829  28.706 0.0000000000
45636  20.860  -47.687  27.584 0.0000000000
133755  19.379  -47.953  27.536 0.0000000000
53395  30.135  -39.094  22.218 0.0000000000
69652  46.541  -21.993  15.080 0.0000000000
70515  45.556  -20.984  14.001 0.0000000000
131565  45.889  -20.447  13.650 0.0000000000
72349  44.428  -19.609  11.369 0.0000000000
73210  46.414  -18.593  11.440 0.0000000000
73217  46.420  -18.385  9.774 0.0000000000
143209  21.602  -49.810  35.415 0.0000000000
143862  20.848  -49.564  35.421 0.0000000000
135283  21.366  -49.580  36.868 0.0000000000
41637  22.767  -50.787  34.431 0.0000000000
41618  22.724  -50.280  35.398 0.0000000000
67800  43.752  -23.865  15.792 0.0000000000
68738  42.828  -23.588  15.487 0.0000000000
68741  39.807  -23.658  15.186 0.0000000000
41604  17.938  -49.823  36.012 0.0000000000
41606  16.176  -50.436  36.256 0.0000000000
142462  15.512  -50.709  36.200 0.0000000000
40555  14.110  -52.280  37.930 0.0000000000
130155  14.106  -51.856  37.129 0.0000000000
138222  12.570  -51.922  36.302 0.0000000000
40600  12.235  -51.774  35.505 0.0000000000
40582  10.875  -52.485  36.021 0.0000000000
37466  12.403  -53.573  41.415 0.0000000000
38477  11.434  -53.477  40.743 0.0000000000
140053  9.253  -53.836  40.007 0.0000000000
38489  9.176  -53.679  39.272 0.0000000000
59331  31.623  -33.840  27.423 0.0000000000
58406  31.703  -34.431  27.991 0.0000000000
57441  31.305  -34.957  27.493 0.0000000000
57458  31.050  -35.749  26.912 0.0000000000
54360  34.273  -38.898  28.161 0.0000000000
55329  34.029  -38.471  28.875 0.0000000000
54361  33.541  -38.453  28.236 0.0000000000
55341  32.938  -38.343  27.625 0.0000000000
123459  31.949  -38.180  25.947 0.0000000000
55360  31.876  -38.173  25.009 0.0000000000
54409  31.809  -38.304  24.073 0.0000000000
53383  32.803  -39.764  23.179 0.0000000000
51644  33.268  -42.139  23.677 0.0000000000
50773  32.558  -42.516  23.393 0.0000000000
50775  30.960  -42.881  22.630 0.0000000000
50777  28.582  -42.891  23.173 0.0000000000
42721  28.504  -50.044  31.732 0.0000000000
143200  29.455  -49.398  32.615 0.0000000000
43667  28.901  -49.190  32.012 0.0000000000
44626  29.125  -48.400  31.902 0.0000000000
47670  28.558  -45.836  30.445 0.0000000000
47669  29.187  -45.518  30.899 0.0000000000
137856  31.295  -44.121  30.582 0.0000000000
48779  32.320  -44.997  28.371 0.0000000000
122357  32.955  -45.069  27.643 0.0000000000
48780  31.329  -44.498  28.177 0.0000000000
48794  30.459  -44.177  27.554 0.0000000000
141269  26.676  -43.165  26.599 0.0000000000
49804  27.617  -43.109  26.803 0.0000000000
49818  26.226  -42.955  25.792 0.0000000000
50750  26.543  -42.724  25.158 0.0000000000
125586  26.831  -42.522  24.607 0.0000000000
125475  26.789  -42.176  23.901 0.0000000000
50765  25.969  -42.291  24.380 0.0000000000
61083  34.364  -30.919  26.193 0.0000000000
62025  34.117  -30.536  25.415 0.0000000000
61093  33.199  -30.630  25.145 0.0000000000
62032  32.842  -30.269  24.328 0.0000000000
62044  31.790  -30.449  23.226 0.0000000000
60272  29.659  -32.447  21.399 0.0000000000
61130  30.213  -31.837  21.366 0.0000000000
60283  29.305  -32.410  20.629 0.0000000000
76021  51.028  -15.217  6.649 0.0000000000
61148  38.212  -30.837  20.811 0.0000000000
140988  37.444  -30.629  20.690 0.0000000000
61149  36.716  -30.461  20.709 0.0000000000
61112  37.240  -29.827  21.733 0.0000000000
61127  36.599  -30.036  21.218 0.0000000000
122286  35.947  -30.192  20.697 0.0000000000
61151  34.438  -30.193  20.069 0.0000000000
62078  33.431  -29.956  20.272 0.0000000000
61096  40.985  -30.490  24.153 0.0000000000
123098  39.815  -30.495  22.833 0.0000000000
132952  39.217  -30.542  21.687 0.0000000000
61126  38.587  -30.550  21.380 0.0000000000
42712  14.441  -50.309  32.915 0.0000000000
42696  14.180  -50.458  33.770 0.0000000000
126171  23.566  -52.013  32.619 0.0000000000
41677  23.076  -51.913  32.055 0.0000000000
41697  22.556  -51.500  31.502 0.0000000000
42706  21.165  -50.847  31.819 0.0000000000
43681  21.243  -49.965  30.267 0.0000000000
43700  20.687  -49.254  30.086 0.0000000000
136164  19.693  -48.173  29.466 0.0000000000
44636  19.151  -48.542  29.806 0.0000000000
44650  17.891  -49.021  29.410 0.0000000000
43683  18.531  -49.155  30.648 0.0000000000
134793  42.873  -21.092  13.446 0.0000000000
71470  42.544  -20.830  12.792 0.0000000000
145743  22.866  -50.209  37.829 0.0000000000
64992  42.822  -27.742  17.863 0.0000000000
65001  41.202  -27.646  17.335 0.0000000000
65010  41.724  -27.264  17.290 0.0000000000
66940  42.441  -25.768  16.621 0.0000000000
67792  42.746  -25.001  16.353 0.0000000000
67793  41.876  -25.068  16.265 0.0000000000
67804  39.415  -24.350  15.562 0.0000000000
67812  38.926  -23.822  15.026 0.0000000000
41594  16.988  -50.657  37.965 0.0000000000
41587  16.209  -51.359  38.349 0.0000000000
40553  15.356  -51.968  38.325 0.0000000000
121269  15.202  -52.408  38.984 0.0000000000
39502  13.595  -52.503  38.175 0.0000000000
39492  12.571  -52.788  38.642 0.0000000000
141107  9.711  -53.950  41.750 0.0000000000
37470  9.229  -54.211  41.243 0.0000000000
38480  8.898  -54.225  40.401 0.0000000000
37486  8.002  -54.804  39.008 0.0000000000
54359  35.385  -39.323  28.879 0.0000000000
123720  34.717  -38.941  28.902 0.0000000000
54372  34.549  -39.093  27.473 0.0000000000
54383  34.399  -39.106  26.703 0.0000000000
53354  34.231  -39.280  25.730 0.0000000000
52468  34.485  -40.824  24.567 0.0000000000
51636  34.702  -41.817  24.818 0.0000000000
50758  33.521  -42.693  24.295 0.0000000000
49827  32.103  -43.654  24.396 0.0000000000
43710  26.919  -49.504  28.621 0.0000000000
43709  27.600  -49.086  28.888 0.0000000000
44659  27.269  -48.463  28.557 0.0000000000
44658  27.564  -48.065  28.879 0.0000000000
45622  27.373  -47.491  29.098 0.0000000000
45652  26.318  -47.482  27.540 0.0000000000
126405  26.810  -47.384  28.441 0.0000000000
46648  27.703  -46.547  29.569 0.0000000000
47678  28.123  -45.723  29.916 0.0000000000
48770  28.005  -44.843  29.523 0.0000000000
128043  28.591  -44.093  29.326 0.0000000000
49777  29.244  -43.687  28.814 0.0000000000
132439  27.794  -44.211  28.905 0.0000000000
49779  27.543  -43.731  28.346 0.0000000000
48795  26.970  -43.794  27.892 0.0000000000
48796  25.900  -44.881  27.249 0.0000000000
138476  26.311  -43.891  27.185 0.0000000000
48819  25.122  -43.908  25.869 0.0000000000
60231  31.438  -32.247  25.793 0.0000000000
61095  31.483  -31.344  24.575 0.0000000000
60235  30.961  -32.234  25.066 0.0000000000
60245  30.433  -32.314  23.553 0.0000000000
60257  30.038  -32.643  22.899 0.0000000000
59370  29.531  -33.954  23.541 0.0000000000
59379  29.671  -33.335  23.025 0.0000000000
60258  29.511  -33.042  22.204 0.0000000000
59392  28.901  -33.151  21.217 0.0000000000
76017  52.064  -15.328  7.830 0.0000000000
76018  51.186  -15.619  7.432 0.0000000000
75102  50.071  -16.147  6.409 0.0000000000
64072  37.486  -28.237  16.436 0.0000000000
64073  36.823  -28.699  16.344 0.0000000000
63084  36.149  -29.137  16.244 0.0000000000
61193  36.906  -31.177  19.166 0.0000000000
61216  35.669  -31.327  17.931 0.0000000000
62058  41.151  -30.165  21.908 0.0000000000
63025  41.767  -29.798  22.096 0.0000000000
64042  41.838  -28.715  19.180 0.0000000000
64051  40.930  -28.868  18.045 0.0000000000
63063  40.429  -29.535  18.536 0.0000000000
63071  40.020  -29.084  17.792 0.0000000000
41652  30.524  -50.897  34.240 0.0000000000
42683  30.943  -50.509  34.487 0.0000000000
41653  29.971  -50.814  33.477 0.0000000000
41672  29.346  -50.830  32.823 0.0000000000
41673  28.628  -50.962  32.108 0.0000000000
41691  27.769  -51.483  31.748 0.0000000000
42722  28.071  -50.699  31.359 0.0000000000
42742  27.692  -50.404  30.563 0.0000000000
42758  27.202  -50.368  29.789 0.0000000000
131226  26.863  -50.257  29.150 0.0000000000
42724  24.034  -51.533  30.606 0.0000000000
42745  24.461  -51.329  30.138 0.0000000000
144738  24.840  -51.139  29.714 0.0000000000
42760  25.525  -51.025  29.625 0.0000000000
43694  26.051  -50.408  28.851 0.0000000000
43711  26.119  -49.578  28.097 0.0000000000
43724  25.391  -49.508  27.776 0.0000000000
43726  23.831  -49.299  27.602 0.0000000000
44678  24.411  -48.794  26.968 0.0000000000
45674  22.827  -47.662  25.765 0.0000000000
44665  18.837  -48.236  28.004 0.0000000000
55388  29.676  -37.530  23.173 0.0000000000
71461  48.356  -19.831  14.078 0.0000000000
71467  45.147  -20.327  13.354 0.0000000000
72341  45.798  -19.786  13.040 0.0000000000
72340  46.665  -19.449  13.038 0.0000000000
73202  47.599  -19.239  13.288 0.0000000000
73201  48.391  -18.853  13.418 0.0000000000
73205  48.485  -18.085  12.864 0.0000000000
74168  48.643  -17.553  12.162 0.0000000000
74169  47.840  -17.862  11.622 0.0000000000
74173  48.573  -17.528  11.168 0.0000000000
74177  48.522  -17.517  10.260 0.0000000000
74183  48.479  -17.479  9.405 0.0000000000
135943  49.012  -17.216  8.995 0.0000000000
41681  19.502  -49.960  33.237 0.0000000000
141636  18.541  -49.665  33.911 0.0000000000
42676  18.902  -49.521  35.635 0.0000000000
41585  22.352  -50.000  38.147 0.0000000000
42647  20.696  -49.496  38.177 0.0000000000
42639  21.318  -50.042  39.599 0.0000000000
42640  20.329  -49.634  39.111 0.0000000000
42649  18.751  -49.876  38.564 0.0000000000
42650  17.880  -50.310  38.520 0.0000000000
41571  17.710  -51.458  40.829 0.0000000000
137760  17.032  -51.839  40.653 0.0000000000
42674  31.746  -50.938  35.768 0.0000000000
41634  30.556  -51.640  34.659 0.0000000000
40626  29.193  -52.201  33.739 0.0000000000
133892  27.879  -52.482  33.580 0.0000000000
40612  27.733  -52.706  34.264 0.0000000000
135706  26.041  -52.459  33.016 0.0000000000
41657  25.221  -52.335  32.926 0.0000000000
41658  24.307  -52.154  32.782 0.0000000000
40615  25.384  -51.842  34.651 0.0000000000
133228  22.904  -51.618  33.049 0.0000000000
41661  21.561  -50.951  33.462 0.0000000000
130398  20.936  -50.819  33.073 0.0000000000
65015  36.532  -27.502  15.667 0.0000000000
68734  47.125  -22.851  15.871 0.0000000000
69642  46.306  -22.704  15.610 0.0000000000
69643  45.383  -22.834  15.498 0.0000000000
133353  45.063  -22.354  15.026 0.0000000000
69654  44.461  -22.144  14.715 0.0000000000
67801  42.303  -24.340  15.905 0.0000000000
68747  42.049  -22.888  14.915 0.0000000000
70507  42.507  -21.574  13.960 0.0000000000
70518  42.114  -21.288  13.346 0.0000000000
41663  17.552  -49.622  34.177 0.0000000000
41642  16.565  -49.770  34.630 0.0000000000
122302  16.790  -49.889  35.327 0.0000000000
40578  14.404  -51.271  36.403 0.0000000000
145533  14.310  -50.719  35.226 0.0000000000
41644  13.904  -50.689  34.569 0.0000000000
41664  13.469  -50.925  33.634 0.0000000000
133562  12.753  -51.400  33.890 0.0000000000
40631  11.802  -52.712  33.415 0.0000000000
38493  12.806  -53.057  39.313 0.0000000000
37468  10.864  -53.537  41.332 0.0000000000
38487  11.035  -53.365  40.057 0.0000000000
38495  11.497  -53.146  39.369 0.0000000000
39493  11.874  -52.833  38.666 0.0000000000
39533  10.105  -53.000  35.747 0.0000000000
39521  9.503  -53.272  36.352 0.0000000000
32280  5.379  -60.294  43.043 0.0000000000
32267  5.385  -60.440  44.660 0.0000000000
61071  32.951  -31.608  26.389 0.0000000000
60230  32.126  -31.886  26.109 0.0000000000
131194  30.939  -33.086  25.811 0.0000000000
59352  30.457  -34.043  25.373 0.0000000000
133595  30.806  -34.001  26.085 0.0000000000
58431  30.237  -34.898  25.362 0.0000000000
57492  29.965  -35.514  24.926 0.0000000000
126469  30.104  -36.539  24.724 0.0000000000
57457  31.471  -36.051  27.684 0.0000000000
56388  31.100  -36.714  26.665 0.0000000000
122660  31.678  -37.414  27.026 0.0000000000
56416  29.913  -36.917  23.977 0.0000000000
54423  31.073  -38.488  23.178 0.0000000000
54436  30.681  -38.743  22.734 0.0000000000
51670  31.428  -41.117  21.637 0.0000000000
52482  33.025  -40.660  23.019 0.0000000000
52483  32.493  -40.228  22.596 0.0000000000
52491  32.068  -40.680  22.073 0.0000000000
50802  30.488  -42.108  21.171 0.0000000000
50803  29.744  -42.370  20.931 0.0000000000
50804  28.750  -42.663  20.338 0.0000000000
49764  36.583  -43.370  29.008 0.0000000000
43646  31.122  -49.912  34.352 0.0000000000
138154  31.301  -49.321  34.260 0.0000000000
44613  31.237  -48.712  33.923 0.0000000000
43658  30.723  -48.511  33.349 0.0000000000
45575  31.283  -47.926  33.769 0.0000000000
47646  32.471  -45.310  33.978 0.0000000000
129063  28.299  -47.918  30.794 0.0000000000
130041  28.926  -47.802  31.526 0.0000000000
45599  29.357  -47.043  31.669 0.0000000000
47662  29.662  -45.683  31.393 0.0000000000
46625  29.765  -46.188  31.758 0.0000000000
45598  30.018  -46.823  32.181 0.0000000000
47653  33.209  -44.537  33.269 0.0000000000
48752  32.906  -44.098  30.202 0.0000000000
48751  33.847  -44.257  30.368 0.0000000000
48750  34.483  -44.245  30.534 0.0000000000
48763  35.443  -44.245  29.180 0.0000000000
49774  35.621  -44.238  28.215 0.0000000000
138596  36.234  -43.727  28.075 0.0000000000
144027  35.260  -44.047  27.079 0.0000000000
49785  34.820  -44.087  26.732 0.0000000000
48791  33.146  -44.811  26.809 0.0000000000
48804  33.295  -44.363  26.013 0.0000000000
49800  32.735  -44.377  25.608 0.0000000000
49813  31.592  -44.342  24.964 0.0000000000
121074  31.239  -44.045  24.500 0.0000000000
49776  29.836  -43.689  28.286 0.0000000000
132669  29.688  -43.723  27.565 0.0000000000
49787  29.907  -44.084  26.760 0.0000000000
49801  30.180  -44.407  25.819 0.0000000000
49828  30.507  -43.992  24.332 0.0000000000
49829  29.731  -43.809  24.215 0.0000000000
50762  29.273  -43.417  23.706 0.0000000000
50778  27.627  -42.444  23.537 0.0000000000
135207  27.790  -42.355  22.590 0.0000000000
62028  36.574  -30.140  24.558 0.0000000000
126658  34.950  -29.466  23.084 0.0000000000
125175  33.768  -29.323  21.703 0.0000000000
62094  32.876  -30.338  19.767 0.0000000000
136266  31.308  -31.112  23.752 0.0000000000
128303  31.157  -31.025  22.953 0.0000000000
62055  31.660  -30.416  22.356 0.0000000000
61129  30.806  -31.135  21.223 0.0000000000
62066  31.564  -30.461  21.443 0.0000000000
62095  32.015  -30.470  19.700 0.0000000000
74187  49.154  -17.164  8.247 0.0000000000
74192  49.165  -17.190  7.325 0.0000000000
74196  48.631  -17.791  6.844 0.0000000000
40609  30.657  -52.256  35.192 0.0000000000
40610  29.331  -52.629  34.409 0.0000000000
41635  29.897  -51.983  34.044 0.0000000000
41654  29.516  -51.568  33.340 0.0000000000
41692  26.819  -51.788  31.527 0.0000000000
42741  28.149  -49.987  31.084 0.0000000000
43679  27.885  -49.523  30.523 0.0000000000
43692  27.747  -49.049  29.696 0.0000000000
44612  31.735  -48.273  34.432 0.0000000000
44634  27.890  -48.154  29.866 0.0000000000
44644  27.802  -48.441  29.017 0.0000000000
45574  31.853  -47.380  34.309 0.0000000000
46635  29.147  -46.350  31.336 0.0000000000
47660  30.783  -45.159  31.863 0.0000000000
48797  25.344  -45.052  26.751 0.0000000000
49765  36.139  -44.009  28.779 0.0000000000
49784  35.556  -43.565  26.807 0.0000000000
49798  34.545  -43.644  26.036 0.0000000000
49799  33.909  -43.889  25.826 0.0000000000
49812  32.495  -44.074  25.039 0.0000000000
50723  36.662  -42.409  27.774 0.0000000000
50749  27.334  -42.832  25.151 0.0000000000
50764  27.524  -42.648  24.384 0.0000000000
51624  36.312  -41.801  26.682 0.0000000000
52459  36.111  -41.200  26.397 0.0000000000
61097  40.790  -30.495  23.446 0.0000000000
61131  29.855  -32.014  20.864 0.0000000000
61147  38.796  -31.007  20.535 0.0000000000
62023  36.173  -30.370  25.250 0.0000000000
62042  33.316  -29.817  23.723 0.0000000000
64059  42.107  -28.054  17.852 0.0000000000
65000  42.258  -27.432  17.479 0.0000000000
70506  43.773  -21.772  14.353 0.0000000000
121411  25.846  -43.495  26.307 0.0000000000
126114  35.684  -43.927  27.437 0.0000000000
130876  32.949  -29.612  21.983 0.0000000000
133167  30.535  -31.606  21.912 0.0000000000
136729  27.887  -47.255  29.678 0.0000000000
136891  24.075  -49.855  28.101 0.0000000000
136964  43.493  -25.003  16.424 0.0000000000
139219  33.601  -43.992  31.382 0.0000000000
141687  19.539  -47.903  28.929 0.0000000000
141994  35.489  -30.363  25.254 0.0000000000
144644  26.274  -52.408  32.600 0.0000000000
