#!ascii label  , from subject sub-v1s10x0051048_ses-1 vox2ras=TkReg
276
20286  27.934  -71.863  -22.472 0.0000000000
18345  33.084  -74.060  -28.896 0.0000000000
14189  31.828  -78.403  -25.687 0.0000000000
18347  27.719  -74.568  -28.439 0.0000000000
13232  29.926  -80.144  -31.367 0.0000000000
13206  31.164  -80.038  -28.034 0.0000000000
11192  32.964  -82.087  -29.982 0.0000000000
19334  30.101  -73.810  -29.735 0.0000000000
22446  28.684  -70.565  -28.909 0.0000000000
18305  30.923  -74.904  -24.208 0.0000000000
15267  29.653  -77.346  -26.966 0.0000000000
15301  28.961  -77.450  -29.406 0.0000000000
16325  31.547  -76.631  -31.532 0.0000000000
14280  32.353  -77.927  -33.211 0.0000000000
21269  27.751  -71.524  -19.448 0.0000000000
129271  30.446  -74.603  -21.966 0.0000000000
16248  33.504  -76.249  -23.243 0.0000000000
23527  27.116  -69.443  -27.017 0.0000000000
11177  33.597  -81.976  -28.669 0.0000000000
18358  31.594  -74.242  -29.615 0.0000000000
19324  31.051  -72.868  -29.373 0.0000000000
16263  31.277  -76.958  -25.063 0.0000000000
15265  31.123  -78.043  -26.021 0.0000000000
12229  30.576  -80.405  -29.589 0.0000000000
14226  29.802  -78.751  -28.632 0.0000000000
14252  29.368  -78.475  -30.478 0.0000000000
15323  29.642  -77.090  -31.039 0.0000000000
15349  30.181  -77.987  -32.160 0.0000000000
15346  33.045  -77.565  -32.412 0.0000000000
17257  31.995  -75.628  -20.662 0.0000000000
17268  32.504  -75.487  -22.615 0.0000000000
16243  33.823  -76.208  -22.500 0.0000000000
18323  27.537  -74.145  -26.943 0.0000000000
125410  27.357  -71.902  -27.410 0.0000000000
24649  30.664  -68.206  -28.647 0.0000000000
24633  29.214  -67.889  -28.058 0.0000000000
13181  32.712  -79.811  -26.355 0.0000000000
13182  31.900  -79.468  -26.622 0.0000000000
12208  31.976  -80.537  -27.691 0.0000000000
12228  31.300  -81.001  -29.224 0.0000000000
12239  30.603  -80.996  -31.138 0.0000000000
18361  28.526  -74.650  -29.571 0.0000000000
145889  27.910  -72.284  -28.767 0.0000000000
20340  29.484  -72.207  -29.391 0.0000000000
23543  30.433  -70.056  -29.359 0.0000000000
18343  34.832  -74.337  -28.197 0.0000000000
19279  29.492  -73.270  -23.631 0.0000000000
17297  28.646  -75.192  -26.212 0.0000000000
145031  28.443  -76.468  -27.801 0.0000000000
14214  30.529  -78.703  -27.404 0.0000000000
15273  29.403  -77.695  -27.799 0.0000000000
16295  28.241  -76.026  -28.793 0.0000000000
16309  28.881  -76.157  -30.058 0.0000000000
17349  30.526  -75.607  -30.688 0.0000000000
16308  32.821  -75.633  -30.073 0.0000000000
14282  30.465  -78.500  -32.771 0.0000000000
15338  32.037  -77.134  -32.083 0.0000000000
143536  32.971  -76.558  -30.907 0.0000000000
17337  34.302  -75.932  -29.458 0.0000000000
22363  27.350  -70.373  -20.397 0.0000000000
131923  27.507  -71.560  -21.146 0.0000000000
19258  28.596  -73.407  -20.646 0.0000000000
19267  29.304  -73.740  -21.836 0.0000000000
18292  30.525  -74.165  -22.727 0.0000000000
17287  32.186  -75.774  -24.015 0.0000000000
130083  32.523  -77.084  -24.338 0.0000000000
15246  33.991  -77.872  -23.853 0.0000000000
14187  33.282  -79.031  -25.086 0.0000000000
22447  27.962  -70.023  -28.372 0.0000000000
21298  27.467  -71.356  -21.908 0.0000000000
124050  27.097  -70.626  -22.235 0.0000000000
21314  27.461  -71.185  -22.796 0.0000000000
18357  32.622  -74.417  -29.340 0.0000000000
19322  32.376  -73.674  -29.155 0.0000000000
15256  31.502  -77.693  -25.398 0.0000000000
15257  30.804  -77.299  -25.722 0.0000000000
121625  30.212  -80.341  -30.457 0.0000000000
13215  29.908  -79.707  -29.850 0.0000000000
13233  29.593  -79.389  -30.736 0.0000000000
14264  29.603  -78.491  -31.425 0.0000000000
13245  29.688  -79.394  -31.601 0.0000000000
15336  34.813  -77.888  -32.242 0.0000000000
17262  32.471  -75.857  -21.401 0.0000000000
18332  27.521  -74.334  -27.782 0.0000000000
138778  27.367  -72.962  -27.116 0.0000000000
129762  27.625  -72.811  -28.379 0.0000000000
25749  31.067  -67.403  -26.968 0.0000000000
13196  32.343  -80.197  -26.982 0.0000000000
12207  32.898  -80.931  -27.426 0.0000000000
132218  32.823  -81.851  -29.125 0.0000000000
11178  31.971  -81.440  -28.878 0.0000000000
11193  31.977  -81.683  -29.576 0.0000000000
12238  31.132  -81.242  -30.185 0.0000000000
125924  32.115  -81.891  -30.356 0.0000000000
18360  29.486  -74.495  -29.948 0.0000000000
20349  28.824  -72.965  -29.430 0.0000000000
20348  29.979  -73.008  -29.514 0.0000000000
143680  30.827  -71.646  -29.397 0.0000000000
22462  31.397  -70.353  -29.431 0.0000000000
137611  31.112  -69.440  -29.343 0.0000000000
19278  30.048  -73.816  -23.835 0.0000000000
19285  29.609  -73.701  -24.391 0.0000000000
17290  30.021  -75.005  -24.866 0.0000000000
17307  28.098  -75.506  -27.016 0.0000000000
16272  28.545  -76.280  -27.253 0.0000000000
13197  31.555  -79.770  -27.313 0.0000000000
14213  31.195  -79.070  -26.996 0.0000000000
13198  30.860  -79.337  -27.690 0.0000000000
14237  29.310  -78.372  -29.541 0.0000000000
14227  29.324  -77.998  -28.644 0.0000000000
15287  28.848  -77.254  -28.523 0.0000000000
15288  28.606  -76.584  -29.270 0.0000000000
17342  28.491  -75.660  -29.475 0.0000000000
134760  28.920  -76.883  -29.949 0.0000000000
16326  30.465  -76.769  -31.450 0.0000000000
16320  30.030  -76.299  -31.010 0.0000000000
16319  31.073  -76.110  -31.115 0.0000000000
17348  31.671  -75.540  -30.511 0.0000000000
12291  32.399  -79.939  -35.794 0.0000000000
14295  31.583  -78.524  -33.933 0.0000000000
13269  31.287  -79.465  -34.406 0.0000000000
13270  30.754  -79.007  -33.513 0.0000000000
14281  31.295  -78.137  -33.118 0.0000000000
15348  31.076  -77.660  -32.533 0.0000000000
15347  31.964  -77.608  -32.688 0.0000000000
16317  34.190  -76.843  -30.528 0.0000000000
135590  33.103  -77.152  -31.736 0.0000000000
16307  33.656  -75.956  -29.877 0.0000000000
123564  34.231  -76.482  -29.985 0.0000000000
127825  27.471  -69.871  -19.708 0.0000000000
22349  27.572  -70.776  -19.545 0.0000000000
21281  27.519  -71.362  -20.329 0.0000000000
18274  29.719  -74.513  -20.467 0.0000000000
19257  29.080  -73.913  -20.225 0.0000000000
131953  29.090  -73.990  -21.009 0.0000000000
19268  28.718  -73.305  -21.474 0.0000000000
18282  29.753  -74.389  -21.427 0.0000000000
18293  29.943  -73.999  -22.303 0.0000000000
17277  33.080  -75.747  -22.982 0.0000000000
17278  32.404  -75.440  -23.387 0.0000000000
16249  32.772  -76.019  -23.571 0.0000000000
16255  33.009  -76.723  -23.783 0.0000000000
13144  35.585  -79.694  -24.389 0.0000000000
13145  34.797  -79.424  -24.562 0.0000000000
14178  33.477  -78.423  -24.509 0.0000000000
21377  27.812  -70.907  -28.349 0.0000000000
23545  28.742  -69.549  -28.676 0.0000000000
25751  28.757  -67.629  -27.211 0.0000000000
18359  30.494  -74.396  -29.928 0.0000000000
144488  30.730  -73.386  -29.518 0.0000000000
16258  31.146  -76.271  -24.793 0.0000000000
17289  30.673  -75.690  -24.793 0.0000000000
16264  30.515  -76.455  -25.365 0.0000000000
15266  30.411  -77.676  -26.443 0.0000000000
12219  30.856  -80.248  -28.798 0.0000000000
13207  30.422  -79.478  -28.495 0.0000000000
124136  30.279  -79.810  -29.175 0.0000000000
13216  29.476  -79.050  -29.978 0.0000000000
15324  29.171  -77.565  -30.295 0.0000000000
15341  29.469  -77.845  -30.967 0.0000000000
15340  29.945  -77.524  -31.567 0.0000000000
15339  30.818  -77.200  -31.975 0.0000000000
140747  34.056  -77.826  -32.473 0.0000000000
15337  34.109  -77.531  -31.759 0.0000000000
18280  31.069  -75.180  -21.582 0.0000000000
17269  31.815  -75.301  -22.109 0.0000000000
17267  33.122  -75.916  -22.149 0.0000000000
21351  27.256  -71.490  -26.792 0.0000000000
22435  27.225  -70.256  -27.318 0.0000000000
23544  29.423  -69.085  -28.819 0.0000000000
24651  28.871  -68.656  -28.416 0.0000000000
25763  30.125  -67.742  -28.116 0.0000000000
25738  30.299  -67.377  -26.753 0.0000000000
14198  32.232  -79.108  -25.976 0.0000000000
14199  31.509  -78.755  -26.322 0.0000000000
12218  31.600  -80.780  -28.443 0.0000000000
18346  27.929  -74.394  -29.003 0.0000000000
19325  27.671  -73.748  -28.598 0.0000000000
19336  28.262  -73.742  -29.296 0.0000000000
20341  28.525  -72.206  -29.175 0.0000000000
21375  29.082  -71.433  -29.250 0.0000000000
20339  30.498  -72.231  -29.393 0.0000000000
21374  30.039  -71.518  -29.391 0.0000000000
22445  29.722  -70.717  -29.304 0.0000000000
133297  30.273  -69.071  -29.097 0.0000000000
23542  31.169  -68.716  -29.134 0.0000000000
137999  34.278  -74.689  -28.577 0.0000000000
19274  28.997  -72.859  -22.889 0.0000000000
20291  28.477  -72.272  -23.109 0.0000000000
19280  28.890  -72.713  -23.695 0.0000000000
18331  27.683  -74.807  -27.195 0.0000000000
17317  27.726  -75.124  -27.852 0.0000000000
15272  30.090  -78.048  -27.180 0.0000000000
142281  30.311  -78.938  -28.015 0.0000000000
14215  29.891  -78.384  -27.927 0.0000000000
16282  28.858  -76.956  -27.612 0.0000000000
16294  28.452  -76.574  -28.345 0.0000000000
128169  27.955  -75.244  -28.787 0.0000000000
17341  29.041  -75.306  -30.093 0.0000000000
16321  29.302  -76.652  -30.517 0.0000000000
17350  29.547  -75.845  -30.524 0.0000000000
17340  29.953  -75.084  -30.313 0.0000000000
17339  31.065  -74.940  -30.195 0.0000000000
130331  32.132  -74.952  -29.880 0.0000000000
142932  32.926  -75.022  -29.534 0.0000000000
11219  30.979  -81.367  -31.773 0.0000000000
13277  31.911  -79.484  -35.114 0.0000000000
13259  30.196  -79.513  -32.863 0.0000000000
13244  29.889  -79.905  -32.167 0.0000000000
14263  29.842  -78.989  -32.205 0.0000000000
15322  32.612  -76.733  -31.365 0.0000000000
16318  32.319  -76.201  -30.857 0.0000000000
18344  33.504  -74.696  -29.000 0.0000000000
17327  34.279  -75.323  -28.911 0.0000000000
122345  27.322  -68.102  -19.929 0.0000000000
24567  27.344  -68.956  -19.971 0.0000000000
24568  27.065  -69.105  -20.857 0.0000000000
139252  27.236  -70.734  -21.271 0.0000000000
20279  27.835  -72.077  -21.566 0.0000000000
20258  29.040  -73.196  -19.171 0.0000000000
20260  27.845  -72.144  -19.814 0.0000000000
20272  28.153  -72.787  -21.125 0.0000000000
20285  28.425  -72.617  -22.103 0.0000000000
19273  29.496  -73.410  -22.663 0.0000000000
19272  30.101  -73.741  -23.138 0.0000000000
18300  30.694  -74.216  -23.514 0.0000000000
18290  31.918  -74.960  -23.083 0.0000000000
18299  31.357  -74.652  -23.508 0.0000000000
17288  31.464  -75.673  -24.379 0.0000000000
16257  31.875  -76.494  -24.506 0.0000000000
15248  31.966  -77.385  -24.840 0.0000000000
15255  32.075  -78.037  -25.155 0.0000000000
15247  33.201  -77.527  -24.098 0.0000000000
146227  32.972  -78.552  -24.884 0.0000000000
14188  32.561  -78.667  -25.302 0.0000000000
20342  27.621  -71.872  -28.197 0.0000000000
22448  27.515  -70.389  -27.929 0.0000000000
130232  27.503  -69.664  -27.780 0.0000000000
24634  28.350  -68.284  -27.805 0.0000000000
24635  27.627  -68.799  -27.486 0.0000000000
14177  34.336  -78.687  -24.197 0.0000000000
14179  32.651  -77.968  -24.708 0.0000000000
14236  29.796  -79.203  -29.273 0.0000000000
15321  33.578  -76.931  -31.083 0.0000000000
16256  32.486  -76.392  -24.066 0.0000000000
16283  28.068  -75.965  -27.975 0.0000000000
17263  31.650  -75.593  -21.243 0.0000000000
17279  31.793  -75.125  -23.836 0.0000000000
17338  33.573  -75.418  -29.456 0.0000000000
18262  29.542  -74.126  -19.768 0.0000000000
18281  30.371  -75.003  -21.044 0.0000000000
18291  31.172  -74.631  -22.661 0.0000000000
18306  30.206  -74.248  -24.321 0.0000000000
19326  27.419  -73.433  -27.613 0.0000000000
19335  29.145  -73.760  -29.676 0.0000000000
20257  29.809  -73.662  -19.147 0.0000000000
20273  27.737  -72.168  -20.697 0.0000000000
20324  27.405  -72.571  -27.610 0.0000000000
21363  27.399  -71.090  -27.595 0.0000000000
21376  28.198  -71.530  -28.842 0.0000000000
22444  30.636  -70.935  -29.410 0.0000000000
23471  27.092  -69.856  -21.068 0.0000000000
23530  28.078  -69.121  -28.191 0.0000000000
24650  29.751  -68.390  -28.553 0.0000000000
25739  29.489  -67.393  -26.605 0.0000000000
25750  29.706  -67.508  -27.456 0.0000000000
127127  33.391  -76.363  -30.451 0.0000000000
129359  29.528  -69.834  -29.109 0.0000000000
132983  28.012  -72.953  -29.042 0.0000000000
133417  27.148  -70.787  -26.876 0.0000000000
133646  28.160  -72.807  -20.253 0.0000000000
137015  28.996  -73.157  -22.185 0.0000000000
138101  30.900  -73.856  -29.625 0.0000000000
138147  27.286  -69.624  -20.409 0.0000000000
144503  30.462  -67.477  -27.500 0.0000000000
146369  29.201  -73.704  -19.597 0.0000000000
