#!ascii label  , from subject sub-v1s10x0050998_ses-1 vox2ras=TkReg
420
27700  32.060  -38.180  -34.701 0.6000000238
24193  24.682  -41.315  -36.566 0.6999999881
25067  25.332  -40.643  -36.042 0.6999999881
25909  28.693  -39.658  -34.464 0.8999999762
25908  29.719  -39.578  -34.218 0.8000000119
26778  29.994  -38.704  -34.456 0.8000000119
27701  31.235  -38.021  -34.742 0.6000000238
27712  31.845  -37.464  -35.152 0.6999999881
27711  32.614  -37.745  -35.219 0.6999999881
24194  23.888  -41.529  -37.509 0.6999999881
24207  23.189  -41.472  -37.809 0.6999999881
25922  25.859  -40.003  -36.089 0.6000000238
25921  26.587  -39.712  -35.665 0.6999999881
25065  26.979  -40.094  -34.962 0.6999999881
25920  27.388  -39.429  -35.255 0.8000000119
25919  28.176  -39.111  -34.852 0.8000000119
26779  29.080  -38.903  -34.609 0.8000000119
26789  30.357  -38.004  -34.869 0.6000000238
27713  30.868  -37.309  -35.438 0.6000000238
28640  32.549  -37.005  -35.553 0.6999999881
28639  33.117  -37.374  -35.611 0.6999999881
25084  23.518  -40.708  -38.208 0.5000000000
24208  22.758  -41.533  -37.719 0.6000000238
25083  24.192  -40.279  -38.371 0.4000000060
25074  24.444  -40.824  -37.438 0.6000000238
25933  25.113  -40.025  -37.359 0.5000000000
25931  26.970  -39.098  -36.206 0.6000000238
26792  27.778  -38.755  -35.659 0.6999999881
26791  28.620  -38.475  -35.315 0.6999999881
27714  29.885  -37.565  -35.636 0.6999999881
28641  31.678  -36.769  -35.727 0.6000000238
130072  33.897  -37.007  -36.460 0.5000000000
25935  22.681  -40.424  -37.887 0.5000000000
24209  22.570  -41.072  -37.739 0.6000000238
24196  22.450  -41.467  -37.015 0.6000000238
25085  22.873  -40.956  -38.135 0.5000000000
25932  26.119  -39.491  -36.781 0.5000000000
26803  27.383  -38.544  -36.846 0.6000000238
27715  29.017  -37.828  -35.898 0.6000000238
27729  29.428  -37.346  -36.626 0.5000000000
27728  30.222  -37.001  -36.283 0.5000000000
28642  30.934  -36.698  -36.084 0.6000000238
28657  31.424  -36.208  -36.400 0.6000000238
29554  33.299  -35.968  -36.331 0.5000000000
114984  34.294  -36.522  -38.226 0.5000000000
28672  33.871  -36.294  -36.641 0.5000000000
25075  22.435  -40.836  -37.232 0.5000000000
25068  22.419  -40.837  -36.130 0.5000000000
25944  24.432  -39.596  -38.830 0.4000000060
26816  24.825  -38.969  -39.559 0.3000000119
25943  25.445  -39.314  -38.302 0.4000000060
26815  25.790  -38.785  -39.149 0.3000000119
26804  26.465  -38.902  -37.544 0.5000000000
26813  27.717  -37.999  -37.563 0.5000000000
28658  30.545  -36.438  -36.870 0.6000000238
28656  32.478  -36.200  -36.101 0.5000000000
29555  32.887  -35.427  -36.551 0.5000000000
28671  34.190  -35.931  -37.472 0.5000000000
25924  22.550  -40.218  -36.718 0.5000000000
25946  23.093  -39.665  -38.380 0.5000000000
25955  23.640  -39.264  -39.124 0.4000000060
25945  23.704  -39.765  -38.884 0.5000000000
25954  24.063  -39.184  -39.439 0.4000000060
26827  26.113  -38.338  -39.657 0.3000000119
27741  28.033  -37.518  -38.337 0.4000000060
27740  28.960  -37.185  -37.680 0.5000000000
28659  29.749  -36.822  -37.271 0.4000000060
29556  31.989  -35.529  -36.649 0.5000000000
133668  34.336  -35.882  -38.204 0.5000000000
135193  34.001  -35.408  -37.498 0.4000000060
29572  33.665  -35.482  -36.876 0.5000000000
25934  22.841  -39.600  -37.320 0.5000000000
26806  23.210  -38.974  -37.864 0.5000000000
26818  23.365  -39.143  -38.852 0.4000000060
26830  23.763  -38.832  -39.314 0.4000000060
26829  24.480  -38.455  -39.884 0.3000000119
27742  26.996  -37.950  -39.146 0.4000000060
28691  28.438  -37.045  -38.904 0.4000000060
28673  29.229  -36.715  -38.127 0.5000000000
133006  29.960  -36.116  -38.041 0.5000000000
29573  32.475  -34.865  -36.970 0.4000000060
123944  33.170  -34.922  -36.911 0.5000000000
26794  23.356  -38.906  -36.474 0.4000000060
26817  23.556  -38.502  -38.478 0.4000000060
27744  23.925  -38.074  -39.130 0.4000000060
26828  25.208  -38.326  -40.378 0.4000000060
27758  25.790  -37.829  -40.586 0.4000000060
27757  27.120  -37.349  -40.112 0.4000000060
29574  31.544  -35.060  -37.346 0.5000000000
30464  30.940  -34.658  -38.103 0.4000000060
27732  24.131  -37.820  -37.616 0.4000000060
26805  23.751  -38.333  -37.039 0.4000000060
114493  24.817  -37.947  -40.723 0.4000000060
116180  28.870  -36.431  -39.013 0.4000000060
29588  29.990  -35.159  -38.616 0.4000000060
29575  30.703  -35.407  -37.866 0.6000000238
27717  24.526  -37.844  -36.111 0.4000000060
27760  24.419  -37.651  -39.774 0.4000000060
27759  25.322  -37.470  -40.839 0.4000000060
27769  26.039  -37.140  -41.199 0.4000000060
27768  26.771  -36.889  -41.180 0.3000000119
129769  27.775  -36.702  -40.092 0.4000000060
29589  29.123  -35.732  -39.277 0.4000000060
26793  24.027  -38.366  -35.627 0.4000000060
27743  24.516  -37.347  -38.198 0.4000000060
28693  24.802  -37.175  -40.309 0.4000000060
28700  25.748  -36.803  -41.186 0.3000000119
28699  26.200  -36.558  -41.488 0.3000000119
28698  27.112  -36.293  -41.341 0.3000000119
28690  28.251  -36.135  -39.986 0.3000000119
30479  29.113  -34.877  -39.834 0.4000000060
30478  30.114  -34.168  -39.055 0.4000000060
27731  24.995  -37.371  -36.599 0.3000000119
28675  24.949  -36.850  -38.663 0.3000000119
28674  25.590  -36.345  -38.850 0.3000000119
28692  25.340  -36.558  -40.674 0.3000000119
29599  25.787  -36.062  -41.296 0.4000000060
29597  27.040  -35.357  -41.679 0.3000000119
29596  28.123  -35.518  -40.538 0.3000000119
133755  29.965  -33.602  -39.620 0.4000000060
30482  25.675  -34.917  -41.040 0.4000000060
29598  26.217  -35.754  -41.645 0.4000000060
30487  28.036  -34.717  -41.204 0.4000000060
30492  27.882  -34.059  -41.553 0.4000000060
30486  29.073  -33.918  -40.623 0.4000000060
30494  26.003  -34.666  -41.462 0.4000000060
30493  26.833  -34.354  -41.726 0.5000000000
31437  28.080  -33.481  -41.592 0.4000000060
31436  28.807  -33.005  -41.297 0.3000000119
26777  30.744  -38.539  -34.447 0.6999999881
25910  27.794  -39.856  -34.656 0.8000000119
26790  29.487  -38.211  -35.055 0.6999999881
28655  33.342  -36.710  -35.990 0.6000000238
26802  28.208  -38.181  -36.305 0.6999999881
120293  23.178  -40.150  -38.461 0.5000000000
27730  28.608  -37.678  -37.024 0.5000000000
26814  26.813  -38.407  -38.271 0.4000000060
29557  31.010  -35.805  -37.203 0.5000000000
134735  25.127  -37.962  -40.844 0.3000000119
22292  30.094  -43.082  -34.980 0.6000000238
22310  30.430  -43.803  -35.272 0.6000000238
21389  32.612  -44.806  -34.826 0.6000000238
21388  33.419  -44.762  -35.049 0.6000000238
22326  29.299  -43.383  -37.245 0.5000000000
22311  29.723  -43.382  -35.573 0.6000000238
127341  29.668  -42.538  -34.710 0.6999999881
21392  29.737  -43.802  -36.077 0.6000000238
22291  30.935  -43.174  -34.697 0.6000000238
22290  31.828  -43.243  -34.523 0.6000000238
22289  32.683  -43.284  -34.576 0.6000000238
22288  33.441  -43.296  -34.766 0.6000000238
21377  33.063  -44.050  -34.714 0.6000000238
127123  34.404  -43.108  -35.680 0.6000000238
22325  34.713  -43.400  -36.352 0.6999999881
22327  28.687  -43.156  -36.880 0.6000000238
22312  28.484  -42.769  -35.532 0.6999999881
22341  28.971  -43.119  -38.022 0.5000000000
115638  29.205  -43.194  -36.159 0.6999999881
135852  29.824  -42.162  -34.407 0.6999999881
23229  30.398  -42.421  -34.405 0.6999999881
23227  32.279  -42.510  -34.348 0.5000000000
23238  33.754  -42.613  -34.886 0.6000000238
23248  34.492  -42.546  -36.021 0.6000000238
23256  34.589  -42.581  -36.923 0.6999999881
122712  34.432  -41.972  -37.537 0.6999999881
22339  34.935  -43.192  -37.353 0.6999999881
23268  34.511  -42.228  -38.366 0.6999999881
23288  38.916  -42.393  -43.562 0.4000000060
23283  36.383  -42.599  -43.481 0.5000000000
23285  34.256  -42.978  -42.790 0.6000000238
136035  34.352  -42.964  -41.551 0.6000000238
23274  34.467  -42.542  -39.345 0.6999999881
21410  26.806  -44.429  -36.886 0.5000000000
128884  27.248  -43.875  -36.802 0.5000000000
128965  27.488  -42.699  -35.523 0.6000000238
21424  27.622  -43.787  -37.510 0.5000000000
126576  27.704  -42.222  -35.008 0.6999999881
22313  27.662  -43.161  -36.064 0.5000000000
23231  28.458  -42.098  -34.706 0.6999999881
23230  29.043  -42.490  -34.905 0.6999999881
120720  29.268  -41.959  -34.449 0.6999999881
23228  31.390  -42.460  -34.255 0.6999999881
23226  33.097  -42.568  -34.585 0.6000000238
24177  34.192  -41.919  -35.629 0.6000000238
24192  34.324  -41.750  -36.538 0.6999999881
120283  34.249  -41.831  -39.041 0.6999999881
127691  34.421  -42.787  -40.592 0.6000000238
24223  33.903  -41.938  -40.378 0.6000000238
135401  25.156  -44.123  -36.371 0.5000000000
20521  25.623  -45.443  -36.973 0.4000000060
118515  26.164  -43.544  -36.084 0.5000000000
21411  25.650  -44.765  -36.600 0.5000000000
22328  26.909  -43.711  -36.334 0.5000000000
22315  25.860  -43.052  -35.887 0.6000000238
22314  26.722  -43.037  -35.753 0.6000000238
24167  27.054  -41.173  -34.736 0.6999999881
23240  26.921  -42.294  -35.258 0.6000000238
24166  27.808  -41.398  -34.606 0.6999999881
119884  29.375  -41.024  -34.202 0.6999999881
24163  30.913  -41.660  -33.951 0.6999999881
24162  31.877  -41.688  -33.938 0.6999999881
24161  32.710  -41.796  -34.383 0.6999999881
24178  33.804  -41.457  -35.163 0.6999999881
25063  34.049  -41.130  -35.856 0.6999999881
114473  34.123  -40.913  -36.628 0.8000000119
24219  34.290  -41.494  -38.247 0.6999999881
24233  33.828  -42.537  -44.134 0.5000000000
23278  33.828  -42.578  -41.903 0.6000000238
21412  24.591  -44.554  -36.394 0.4000000060
22329  25.252  -43.520  -36.240 0.6000000238
23242  25.123  -42.602  -36.014 0.6000000238
24180  26.407  -41.530  -35.055 0.6000000238
25054  26.630  -40.746  -34.898 0.6000000238
25053  27.416  -40.614  -34.645 0.6999999881
25052  28.398  -40.575  -34.421 0.6999999881
25051  29.845  -40.356  -34.058 0.6999999881
118617  30.353  -40.923  -33.918 0.6999999881
25050  30.574  -40.076  -33.899 0.8000000119
25049  31.391  -40.731  -33.793 0.8000000119
25048  32.360  -40.945  -34.048 0.6000000238
25064  33.620  -40.605  -35.247 0.6000000238
25082  34.044  -40.298  -37.298 0.8000000119
136860  34.143  -40.821  -38.100 0.6999999881
24232  35.300  -42.287  -44.178 0.5000000000
119916  33.066  -42.542  -43.613 0.6000000238
25108  33.379  -40.897  -40.891 0.6999999881
116949  34.560  -42.151  -44.411 0.6000000238
132949  23.706  -43.270  -36.496 0.5000000000
21413  23.719  -44.055  -36.283 0.4000000060
22316  23.098  -44.093  -35.793 0.4000000060
23249  24.151  -42.865  -36.598 0.5000000000
22330  24.403  -43.747  -36.399 0.5000000000
24181  25.320  -41.544  -35.663 0.6000000238
135323  25.917  -40.897  -35.242 0.6000000238
115699  29.196  -40.225  -34.255 0.8000000119
25906  31.424  -39.738  -33.909 0.6000000238
25904  32.822  -40.167  -34.537 0.6000000238
25073  33.947  -40.180  -36.136 0.6999999881
25929  33.937  -39.542  -36.776 0.6999999881
25953  33.846  -39.406  -39.021 0.6999999881
24224  33.124  -41.761  -42.318 0.6000000238
25098  33.015  -39.875  -41.374 0.6000000238
25117  33.150  -41.791  -44.086 0.6000000238
123172  32.839  -39.847  -42.503 0.6000000238
23250  23.290  -42.532  -36.873 0.5000000000
22331  23.237  -43.324  -36.306 0.5000000000
23257  23.561  -42.048  -37.224 0.5000000000
25907  30.661  -39.226  -34.124 0.6999999881
26776  31.516  -38.835  -34.289 0.6000000238
25918  32.830  -39.214  -34.772 0.6000000238
26787  33.354  -38.810  -35.437 0.6000000238
26800  33.949  -38.738  -36.798 0.6000000238
25942  33.899  -39.321  -37.766 0.6000000238
25964  33.482  -39.410  -40.140 0.6999999881
25106  34.835  -40.896  -42.998 0.5000000000
136214  23.066  -41.942  -37.471 0.5000000000
23251  22.858  -42.644  -36.402 0.5000000000
119127  22.822  -43.384  -35.588 0.5000000000
22293  22.424  -43.233  -34.459 0.5000000000
22294  21.928  -43.939  -33.916 0.5000000000
21370  21.107  -44.239  -33.381 0.5000000000
26801  33.785  -38.326  -36.054 0.6000000238
27726  34.035  -37.735  -36.783 0.4000000060
135076  33.881  -38.753  -38.537 0.5000000000
26840  33.644  -38.625  -39.778 0.4000000060
25973  32.798  -39.242  -42.028 0.4000000060
26841  33.044  -38.969  -41.193 0.5000000000
24195  22.767  -42.046  -37.138 0.6000000238
130917  22.564  -42.075  -36.450 0.5000000000
23243  22.605  -42.490  -35.312 0.5000000000
22273  21.959  -43.051  -33.657 0.5000000000
122150  21.293  -43.387  -33.256 0.5000000000
113760  20.501  -43.705  -33.040 0.4000000060
22274  19.868  -43.230  -32.903 0.5000000000
22275  19.104  -43.637  -33.299 0.4000000060
22276  18.233  -43.662  -33.776 0.4000000060
135268  17.857  -44.475  -34.254 0.4000000060
27727  33.650  -37.503  -35.994 0.6000000238
117583  33.989  -38.038  -38.715 0.4000000060
27767  33.017  -38.100  -41.410 0.4000000060
24183  22.437  -41.602  -35.702 0.5000000000
23214  22.308  -42.273  -33.875 0.4000000060
23215  21.423  -42.460  -33.151 0.5000000000
23207  20.648  -42.227  -32.836 0.4000000060
23208  20.025  -42.446  -32.798 0.5000000000
24144  19.615  -41.946  -32.927 0.5000000000
23216  19.215  -42.625  -33.132 0.5000000000
23217  18.417  -42.327  -33.547 0.3000000119
23218  17.758  -42.894  -33.952 0.3000000119
126226  17.069  -43.187  -34.683 0.3000000119
28654  34.196  -36.802  -37.134 0.4000000060
24168  22.469  -41.701  -34.491 0.5000000000
25032  22.272  -41.295  -33.748 0.4000000060
25055  22.513  -40.794  -34.604 0.4000000060
131596  22.190  -40.258  -33.569 0.4000000060
25911  22.680  -40.077  -35.343 0.4000000060
25893  22.751  -39.856  -34.220 0.4000000060
131715  23.058  -39.486  -34.813 0.4000000060
116168  21.169  -40.072  -33.014 0.4000000060
25923  23.026  -39.532  -35.931 0.3000000119
121136  22.428  -39.379  -33.556 0.4000000060
25894  21.680  -39.511  -33.178 0.4000000060
124604  20.905  -39.221  -32.884 0.4000000060
26780  23.526  -38.925  -34.949 0.4000000060
25895  20.277  -39.839  -32.903 0.4000000060
115148  20.088  -38.992  -32.951 0.4000000060
25892  23.125  -39.181  -34.013 0.4000000060
26764  22.681  -38.646  -33.353 0.4000000060
26765  21.709  -38.738  -32.970 0.4000000060
26757  21.383  -38.028  -32.735 0.3000000119
26775  32.280  -38.819  -34.515 0.6000000238
24182  24.393  -42.048  -36.620 0.5000000000
27710  33.249  -38.026  -35.519 0.6000000238
27739  34.140  -37.444  -37.805 0.4000000060
133286  34.697  -42.577  -37.724 0.6999999881
24206  34.234  -41.204  -37.379 0.6999999881
22375  35.433  -43.270  -42.059 0.5000000000
23284  35.144  -43.048  -43.497 0.4000000060
25047  33.165  -41.142  -34.631 0.6999999881
121960  33.947  -41.035  -39.201 0.6999999881
128687  32.082  -40.184  -33.889 0.6000000238
25092  33.958  -40.162  -38.488 0.6999999881
25116  35.698  -41.959  -44.163 0.5000000000
25097  33.630  -40.134  -39.781 0.6999999881
25905  32.178  -39.474  -34.194 0.6999999881
25917  33.461  -39.688  -35.348 0.6999999881
25930  33.831  -39.199  -36.053 0.6999999881
25118  32.755  -40.715  -43.213 0.6000000238
26788  32.755  -38.450  -34.973 0.6000000238
26812  33.960  -38.349  -37.689 0.6000000238
120384  33.740  -37.666  -40.042 0.4000000060
132132  18.513  -43.031  -33.471 0.4000000060
22295  17.584  -43.671  -34.279 0.4000000060
16011  40.449  -50.612  -39.262 0.3000000119
16038  40.863  -51.213  -40.082 0.3000000119
19683  37.730  -46.439  -41.600 0.4000000060
19687  40.716  -46.105  -44.117 0.4000000060
19688  39.306  -46.449  -43.157 0.4000000060
122970  40.117  -46.906  -43.921 0.4000000060
20558  38.269  -44.814  -40.937 0.4000000060
20559  37.736  -45.206  -40.364 0.4000000060
20553  37.294  -44.837  -39.794 0.4000000060
135706  36.792  -45.356  -39.212 0.5000000000
20544  36.406  -45.269  -38.496 0.5000000000
20567  39.560  -45.385  -42.845 0.4000000060
19682  38.600  -46.024  -42.043 0.5000000000
20564  38.118  -45.595  -41.098 0.5000000000
19658  36.222  -45.971  -38.117 0.5000000000
132619  40.986  -45.269  -44.077 0.5000000000
18779  41.164  -46.932  -44.204 0.4000000060
18784  40.371  -47.635  -44.765 0.4000000060
18783  41.019  -47.651  -44.563 0.4000000060
17868  40.863  -48.417  -44.612 0.3000000119
133747  40.492  -50.289  -43.457 0.4000000060
21449  38.769  -44.228  -41.539 0.4000000060
21446  37.984  -44.153  -40.902 0.4000000060
135485  37.325  -44.093  -40.108 0.4000000060
21448  39.549  -44.089  -42.374 0.4000000060
135869  38.692  -44.755  -41.429 0.4000000060
125470  37.730  -44.599  -40.355 0.4000000060
21441  36.623  -44.597  -39.191 0.5000000000
21452  40.443  -44.449  -43.384 0.4000000060
20562  39.241  -44.680  -42.011 0.4000000060
20563  38.735  -45.205  -41.581 0.4000000060
22359  36.511  -43.823  -39.655 0.5000000000
20535  36.120  -44.655  -38.277 0.5000000000
21421  35.602  -44.572  -37.538 0.6000000238
22338  35.378  -43.683  -37.826 0.6000000238
20515  35.442  -45.400  -37.122 0.6000000238
22353  34.909  -43.002  -38.414 0.6000000238
21406  35.202  -44.777  -36.828 0.5000000000
18778  41.584  -46.820  -44.015 0.4000000060
22307  34.355  -43.814  -35.610 0.5000000000
18782  41.151  -47.691  -44.182 0.4000000060
17867  40.953  -48.594  -43.530 0.4000000060
16924  40.742  -49.541  -43.564 0.4000000060
22365  37.483  -43.527  -41.339 0.4000000060
22366  36.626  -43.504  -40.841 0.5000000000
22367  35.828  -43.450  -40.567 0.5000000000
22351  36.105  -44.045  -38.833 0.5000000000
22368  34.937  -43.195  -41.007 0.5000000000
22352  35.479  -43.545  -38.709 0.6000000238
22361  34.951  -43.148  -39.611 0.6000000238
16012  39.466  -50.215  -38.887 0.3000000119
16036  42.244  -51.610  -39.669 0.3000000119
16060  42.256  -51.420  -40.940 0.3000000119
22371  39.189  -43.416  -42.529 0.4000000060
22372  38.290  -42.713  -43.355 0.4000000060
22364  38.293  -43.568  -41.882 0.4000000060
22373  37.440  -42.954  -42.857 0.4000000060
22374  36.338  -43.160  -42.535 0.4000000060
21422  35.143  -44.024  -36.972 0.6000000238
21407  34.730  -44.472  -36.200 0.5000000000
20536  35.985  -45.307  -37.787 0.5000000000
16061  41.897  -50.870  -41.530 0.3000000119
22360  35.674  -43.489  -39.630 0.6000000238
16037  41.305  -51.088  -39.495 0.3000000119
21409  27.838  -43.444  -36.846 0.5000000000
21430  35.764  -44.086  -38.191 0.6000000238
22268  20.622  -42.908  -32.908 0.5000000000
22296  16.887  -44.092  -34.660 0.4000000060
22308  33.775  -43.978  -35.074 0.6000000238
22309  31.374  -43.924  -34.823 0.6000000238
23237  34.182  -42.579  -35.382 0.6000000238
23239  29.384  -42.923  -35.313 0.6999999881
23241  26.032  -42.366  -35.489 0.6000000238
24132  20.217  -41.712  -32.787 0.4000000060
24143  21.021  -41.644  -32.897 0.4000000060
24160  33.478  -41.937  -34.730 0.6999999881
24164  30.011  -41.703  -34.167 0.6999999881
24165  28.648  -41.405  -34.447 0.6999999881
24179  27.166  -41.725  -34.886 0.6999999881
24225  32.714  -40.725  -42.640 0.6000000238
24234  32.696  -41.711  -43.710 0.6000000238
25066  26.219  -40.342  -35.379 0.6999999881
118922  26.000  -44.078  -36.340 0.5000000000
123812  34.031  -43.234  -35.180 0.6000000238
125386  23.408  -39.533  -38.811 0.4000000060
125959  33.948  -42.092  -35.094 0.6000000238
135929  32.947  -42.349  -44.092 0.6000000238
