#!ascii label  , from subject sub-v1s10x0050984_ses-1 vox2ras=TkReg
1005
14011  34.438  -71.014  -42.113 0.3000000119
134327  31.932  -59.370  -43.628 0.6000000238
27596  31.369  -55.504  -42.522 0.6999999881
28559  30.954  -54.694  -42.341 0.6999999881
13996  33.928  -70.341  -41.807 0.4000000060
18387  32.770  -65.251  -45.817 0.4000000060
123256  33.395  -69.715  -41.360 0.5000000000
14851  33.953  -70.341  -40.718 0.5000000000
24267  32.764  -59.757  -43.968 0.6999999881
25118  32.033  -58.490  -43.335 0.6999999881
138676  32.809  -58.985  -43.612 0.5000000000
26731  32.775  -56.526  -42.965 0.6000000238
26725  31.851  -56.377  -42.646 0.6000000238
28558  31.912  -54.684  -42.682 0.6999999881
29515  30.946  -53.992  -42.178 0.6999999881
14862  32.960  -69.025  -41.997 0.5000000000
18380  32.333  -65.776  -45.492 0.4000000060
20370  32.932  -64.429  -45.772 0.4000000060
135494  32.702  -62.807  -45.021 0.5000000000
15726  32.421  -68.308  -41.466 0.6000000238
21369  32.442  -62.041  -44.642 0.6000000238
22351  32.300  -61.337  -44.417 0.6000000238
15711  32.889  -69.013  -40.845 0.6000000238
23321  32.814  -60.665  -44.321 0.6000000238
120133  32.992  -57.303  -43.213 0.6000000238
26730  33.539  -56.657  -43.326 0.6000000238
28566  33.872  -54.564  -43.243 0.6999999881
27595  32.560  -55.589  -42.811 0.6999999881
28567  32.981  -54.646  -42.903 0.6999999881
29526  32.410  -53.859  -42.785 0.6999999881
134142  31.322  -53.377  -42.278 0.6999999881
29525  33.399  -53.846  -43.033 0.6999999881
131976  32.882  -53.097  -42.893 0.6999999881
29520  31.891  -53.034  -42.608 0.6999999881
129564  33.200  -52.320  -43.117 0.6999999881
15739  32.463  -68.413  -42.546 0.5000000000
16637  31.612  -67.253  -43.541 0.5000000000
17464  31.561  -66.845  -43.987 0.5000000000
18386  33.252  -64.981  -45.802 0.4000000060
16629  31.940  -67.675  -42.098 0.5000000000
119928  33.516  -63.697  -45.395 0.5000000000
22350  33.286  -61.647  -44.580 0.6000000238
16604  32.405  -67.404  -39.899 0.6000000238
127236  31.990  -67.360  -41.036 0.5000000000
18346  32.590  -65.912  -40.910 0.5000000000
24266  33.509  -59.305  -43.916 0.6999999881
130837  33.747  -58.283  -43.646 0.6000000238
127623  33.980  -55.952  -43.429 0.6000000238
25911  33.835  -57.523  -43.541 0.6000000238
126366  34.331  -55.238  -43.464 0.6000000238
132356  33.287  -56.001  -43.147 0.6000000238
28565  34.748  -54.564  -43.507 0.6000000238
29524  34.308  -53.815  -43.317 0.6999999881
30536  31.456  -52.634  -42.169 0.6999999881
30542  34.708  -53.009  -43.397 0.6000000238
141664  32.477  -52.440  -42.792 0.6999999881
30535  31.941  -52.118  -42.480 0.6999999881
18379  33.150  -65.245  -45.418 0.4000000060
16630  31.649  -67.231  -42.678 0.5000000000
17463  31.891  -66.283  -43.434 0.4000000060
124652  34.414  -64.268  -45.229 0.5000000000
125585  34.601  -62.308  -44.730 0.6000000238
17456  31.962  -66.384  -42.407 0.4000000060
131776  34.119  -60.983  -44.484 0.6000000238
16619  31.651  -66.967  -42.042 0.4000000060
18372  33.280  -65.205  -43.602 0.4000000060
18364  33.154  -65.209  -42.469 0.4000000060
19335  33.822  -64.816  -43.109 0.4000000060
131744  34.368  -59.608  -44.240 0.6999999881
25117  34.057  -58.820  -43.891 0.6000000238
25910  34.763  -57.385  -43.917 0.6000000238
125173  35.085  -55.211  -43.677 0.6000000238
27602  34.937  -55.923  -43.733 0.6000000238
28564  35.674  -54.797  -43.792 0.6000000238
31540  31.588  -51.758  -42.042 0.6999999881
31548  33.356  -51.443  -43.238 0.6999999881
30543  34.176  -52.128  -43.359 0.6000000238
125168  33.526  -65.161  -44.673 0.4000000060
19355  34.875  -64.337  -44.884 0.4000000060
19346  34.271  -64.755  -44.294 0.4000000060
23319  35.110  -60.444  -44.448 0.8000000119
19326  33.909  -64.692  -42.082 0.5000000000
25123  34.989  -58.863  -44.247 0.6999999881
25918  35.270  -58.037  -44.193 0.6000000238
27601  35.772  -55.562  -43.982 0.5000000000
25909  35.251  -56.711  -44.045 0.6000000238
31534  31.581  -51.469  -41.444 0.6999999881
30540  36.662  -52.496  -43.908 0.6000000238
125736  35.411  -53.833  -43.609 0.6000000238
32528  32.660  -50.872  -42.909 0.8000000119
32520  32.140  -50.455  -42.351 0.8000000119
30541  35.648  -52.847  -43.613 0.6000000238
134635  35.033  -52.311  -43.489 0.6000000238
20364  35.306  -63.969  -45.002 0.5000000000
123239  34.623  -63.522  -45.113 0.6000000238
19344  35.562  -64.040  -44.693 0.5000000000
20347  35.802  -63.447  -43.363 0.6999999881
19334  34.623  -64.396  -43.278 0.4000000060
24274  35.310  -59.647  -44.386 0.6999999881
27607  36.744  -56.108  -44.459 0.6000000238
26735  36.310  -56.931  -44.412 0.6000000238
27600  36.594  -55.223  -44.246 0.6000000238
32513  31.867  -50.113  -41.609 0.6000000238
29523  36.546  -53.458  -43.934 0.6000000238
32527  33.485  -50.556  -43.229 0.6999999881
32519  32.813  -49.956  -42.782 0.6999999881
128225  35.780  -51.977  -43.661 0.6999999881
31546  34.978  -51.567  -43.511 0.6999999881
20363  35.893  -63.578  -44.734 0.5000000000
131074  35.738  -62.508  -44.761 0.6000000238
22349  35.390  -61.562  -44.580 0.6000000238
21354  36.734  -62.246  -43.182 0.6999999881
20356  36.046  -63.661  -44.382 0.6000000238
21355  36.139  -62.734  -42.671 0.6999999881
20341  35.532  -63.290  -42.126 0.6999999881
24273  36.048  -59.269  -44.424 0.6999999881
26734  37.403  -56.879  -44.583 0.5000000000
25917  36.372  -57.941  -44.433 0.6000000238
33478  31.769  -49.654  -39.309 0.5000000000
28563  37.562  -54.945  -44.514 0.6000000238
27606  37.707  -55.692  -44.622 0.6000000238
33488  31.971  -49.582  -40.835 0.6000000238
33482  32.035  -49.106  -39.960 0.5000000000
29522  37.674  -53.151  -44.310 0.6000000238
28562  37.611  -54.112  -44.393 0.6000000238
134881  33.246  -49.303  -42.744 0.6000000238
33491  32.272  -49.198  -41.621 0.5000000000
34459  32.585  -48.312  -41.220 0.5000000000
30539  37.867  -52.064  -44.274 0.6999999881
31545  36.621  -51.601  -43.855 0.6999999881
32524  36.507  -50.797  -43.783 0.6999999881
141228  35.009  -50.105  -43.466 0.6999999881
33495  33.972  -49.038  -42.901 0.5000000000
31544  37.264  -51.210  -43.994 0.6999999881
33501  35.534  -49.524  -43.450 0.6000000238
23318  36.277  -61.031  -44.499 0.6000000238
21361  36.735  -62.486  -44.117 0.6999999881
125286  36.902  -61.371  -44.335 0.6000000238
22341  37.357  -61.616  -42.624 0.6999999881
121174  36.230  -60.104  -44.458 0.6999999881
119482  37.560  -58.345  -44.545 0.6999999881
25121  36.884  -58.817  -44.526 0.6999999881
125508  38.427  -57.339  -44.516 0.6000000238
27605  39.079  -55.965  -44.758 0.5000000000
138886  32.638  -47.742  -40.615 0.4000000060
31552  39.225  -52.344  -44.561 0.6000000238
29529  38.823  -53.920  -44.651 0.6000000238
34465  33.254  -48.556  -42.436 0.5000000000
34466  32.644  -48.598  -41.994 0.5000000000
33502  34.575  -49.585  -43.271 0.5000000000
34464  34.133  -48.241  -42.672 0.4000000060
31543  38.141  -51.118  -44.257 0.6000000238
32523  37.366  -50.483  -43.926 0.6999999881
33500  36.491  -49.971  -43.692 0.6000000238
130124  36.438  -49.105  -43.571 0.5000000000
22346  37.220  -61.724  -43.550 0.6000000238
23312  37.457  -61.080  -43.809 0.6999999881
23317  37.146  -60.476  -44.335 0.6999999881
22340  37.819  -61.119  -42.332 0.6999999881
24262  38.320  -60.020  -42.757 0.6999999881
24272  37.145  -59.597  -44.465 0.6000000238
25120  37.956  -58.927  -44.427 0.6000000238
27604  40.084  -55.485  -44.464 0.6000000238
26732  39.145  -56.813  -44.451 0.5000000000
28569  38.950  -54.986  -44.852 0.6000000238
30544  40.140  -52.984  -44.503 0.6000000238
29528  39.793  -53.781  -44.666 0.6000000238
125916  33.596  -47.675  -42.268 0.4000000060
34458  32.988  -47.916  -41.879 0.5000000000
35377  32.900  -47.416  -41.215 0.4000000060
139475  38.906  -51.692  -44.483 0.6000000238
35385  33.905  -46.917  -42.299 0.4000000060
32522  38.491  -50.260  -44.207 0.6000000238
34469  37.201  -48.574  -43.686 0.5000000000
24265  38.066  -59.846  -43.570 0.6999999881
24271  37.730  -59.701  -44.191 0.6000000238
24263  37.825  -59.347  -42.345 0.6999999881
122197  38.453  -58.792  -43.785 0.6000000238
25908  38.580  -58.314  -44.140 0.6000000238
130808  37.083  -59.408  -41.621 0.6999999881
28561  40.390  -54.998  -44.271 0.6000000238
27599  40.283  -55.446  -44.247 0.6000000238
28568  39.944  -54.611  -44.712 0.6000000238
29527  40.285  -54.116  -44.410 0.5000000000
31551  40.182  -51.914  -44.630 0.6000000238
34468  38.184  -48.745  -43.954 0.5000000000
25112  37.970  -58.551  -42.798 0.6999999881
25903  38.708  -58.158  -43.715 0.6999999881
26723  39.502  -56.843  -43.756 0.6000000238
27592  39.949  -55.951  -43.720 0.5000000000
29517  40.327  -54.334  -43.843 0.6000000238
28555  40.113  -55.118  -43.735 0.6000000238
30538  41.104  -52.483  -43.958 0.6000000238
32530  40.690  -50.970  -44.612 0.6000000238
33498  38.957  -49.349  -44.206 0.5000000000
18315  33.476  -65.825  -38.593 0.5000000000
19315  34.150  -64.302  -40.315 0.5000000000
19286  34.413  -64.779  -38.348 0.5000000000
19304  34.167  -64.460  -39.264 0.5000000000
20335  35.314  -63.308  -41.078 0.6999999881
20326  35.380  -63.283  -39.383 0.6999999881
129368  35.114  -63.406  -40.261 0.5000000000
20316  34.794  -64.006  -38.695 0.5000000000
21348  36.054  -62.679  -41.388 0.6999999881
21338  35.675  -62.907  -40.390 0.6999999881
21347  36.737  -62.144  -42.051 0.6999999881
13995  34.545  -70.906  -41.101 0.3000000119
25905  32.219  -57.164  -42.867 0.6000000238
123478  31.463  -53.905  -42.517 0.6999999881
30531  31.426  -52.298  -41.392 0.6999999881
124767  34.590  -64.229  -42.207 0.6000000238
126713  36.516  -54.384  -44.048 0.6000000238
31547  34.210  -51.117  -43.421 0.6999999881
131861  32.260  -49.751  -42.203 0.6000000238
33503  33.709  -49.775  -43.125 0.6999999881
33496  32.673  -49.201  -42.356 0.6000000238
32525  35.687  -50.379  -43.591 0.6999999881
126293  32.255  -48.917  -40.784 0.5000000000
34454  32.388  -48.351  -40.303 0.5000000000
130928  35.737  -48.745  -43.366 0.5000000000
25915  38.347  -58.111  -44.406 0.5000000000
25111  38.265  -59.310  -43.257 0.6999999881
26728  39.443  -56.846  -44.126 0.5000000000
136787  40.781  -52.342  -44.424 0.6000000238
32531  39.363  -51.007  -44.558 0.6000000238
29521  40.453  -54.290  -44.192 0.6000000238
123755  39.003  -57.525  -43.563 0.5000000000
21328  36.598  -62.130  -39.182 0.6000000238
121538  38.146  -60.162  -37.263 0.6000000238
25079  38.515  -58.626  -37.163 0.4000000060
22301  37.322  -61.388  -37.771 0.5000000000
21329  36.123  -62.594  -39.737 0.6000000238
22352  31.086  -61.438  -44.425 0.5000000000
131317  39.355  -58.627  -37.400 0.4000000060
121005  31.796  -60.843  -44.231 0.5000000000
120226  30.873  -59.794  -43.639 0.5000000000
25078  39.689  -57.846  -37.749 0.4000000060
23313  31.865  -60.162  -43.977 0.5000000000
24268  31.006  -59.009  -43.283 0.5000000000
23253  37.626  -60.761  -37.556 0.6000000238
22302  36.886  -61.530  -38.481 0.5000000000
140341  36.274  -62.433  -40.528 0.6000000238
26705  40.209  -56.261  -38.299 0.4000000060
27570  40.533  -55.583  -38.527 0.4000000060
24225  37.841  -59.267  -37.200 0.4000000060
25110  29.477  -58.275  -42.088 0.5000000000
23266  37.041  -60.688  -38.072 0.5000000000
25114  30.331  -58.640  -42.793 0.5000000000
25901  29.958  -57.067  -41.960 0.5000000000
22319  36.706  -61.378  -39.523 0.6000000238
23281  36.595  -60.761  -40.006 0.6000000238
21337  36.673  -62.053  -41.027 0.6000000238
25906  31.254  -57.120  -42.588 0.5000000000
26727  30.353  -56.321  -42.056 0.5000000000
25897  30.183  -57.147  -41.168 0.4000000060
125003  36.715  -60.731  -38.829 0.5000000000
130393  36.562  -59.866  -38.337 0.5000000000
24241  36.328  -60.142  -39.298 0.6000000238
24250  36.290  -59.899  -40.309 0.6000000238
23294  36.894  -60.754  -40.875 0.6000000238
24258  36.913  -60.036  -41.276 0.6000000238
22334  37.617  -60.726  -41.773 0.6000000238
134430  39.037  -58.072  -37.398 0.4000000060
26706  39.643  -56.246  -37.898 0.4000000060
27591  30.412  -55.580  -41.916 0.5000000000
27588  30.599  -55.697  -41.118 0.5000000000
27582  31.012  -55.923  -40.260 0.4000000060
27597  30.626  -55.505  -42.167 0.6000000238
26720  30.661  -56.493  -40.675 0.4000000060
130432  36.638  -59.204  -37.835 0.6000000238
24242  35.867  -59.316  -39.529 0.6000000238
24251  35.865  -59.064  -40.199 0.6000000238
25103  35.894  -58.313  -40.584 0.6000000238
28533  39.896  -54.685  -37.948 0.4000000060
28550  30.588  -54.867  -41.516 0.5000000000
27587  31.004  -55.070  -40.351 0.4000000060
27574  31.796  -55.273  -38.754 0.4000000060
25875  37.015  -58.075  -37.107 0.6000000238
25080  37.758  -58.418  -37.069 0.4000000060
25083  35.736  -58.207  -38.272 0.6000000238
25081  37.070  -58.901  -37.372 0.6000000238
24234  36.090  -59.407  -38.839 0.5000000000
25098  35.575  -58.497  -39.671 0.6000000238
25091  35.705  -58.741  -38.898 0.5000000000
25107  36.802  -58.572  -41.655 0.6000000238
28532  40.418  -54.360  -38.367 0.4000000060
26698  39.034  -56.652  -37.521 0.4000000060
28553  30.779  -54.098  -41.681 0.6000000238
28543  31.329  -54.266  -39.849 0.5000000000
135711  31.606  -54.301  -38.777 0.5000000000
27565  32.015  -54.949  -37.964 0.5000000000
120287  36.988  -57.186  -36.923 0.4000000060
126772  38.071  -56.741  -37.098 0.4000000060
134706  36.407  -57.684  -37.334 0.5000000000
25884  35.493  -57.416  -38.306 0.5000000000
118243  35.289  -57.033  -39.017 0.5000000000
126648  35.408  -57.531  -39.860 0.6000000238
25896  35.783  -57.515  -40.643 0.6000000238
25899  36.898  -57.697  -41.987 0.6000000238
28520  38.741  -54.597  -37.197 0.4000000060
124438  39.308  -55.042  -37.617 0.4000000060
28519  39.387  -54.212  -37.564 0.4000000060
29491  40.005  -53.874  -37.918 0.4000000060
29514  31.106  -53.310  -41.800 0.6000000238
27548  37.980  -55.067  -36.747 0.4000000060
27562  38.678  -55.418  -37.261 0.4000000060
29504  31.434  -53.530  -39.343 0.6000000238
29493  31.526  -53.288  -38.367 0.5000000000
28523  31.690  -54.051  -37.741 0.4000000060
26692  37.302  -56.409  -36.782 0.4000000060
25876  35.875  -57.633  -37.713 0.5000000000
26713  35.308  -56.428  -39.679 0.5000000000
26719  35.587  -56.832  -40.451 0.6000000238
25900  36.167  -57.111  -41.258 0.6000000238
131491  36.870  -56.714  -42.039 0.6000000238
29474  38.843  -53.724  -37.136 0.4000000060
119152  31.423  -52.846  -39.813 0.6000000238
118710  31.444  -52.917  -39.029 0.5000000000
126526  31.593  -53.912  -36.024 0.5000000000
27549  36.986  -55.625  -36.508 0.4000000060
26693  36.453  -56.391  -36.799 0.4000000060
26694  35.759  -56.271  -37.098 0.5000000000
26708  35.208  -56.165  -38.787 0.5000000000
26721  35.987  -56.312  -41.066 0.5000000000
30493  38.979  -52.822  -37.081 0.4000000060
30527  31.448  -52.358  -40.447 0.6000000238
30505  31.484  -52.492  -38.540 0.5000000000
30484  31.419  -52.516  -36.876 0.5000000000
27572  35.282  -56.009  -37.785 0.5000000000
27580  35.177  -55.519  -39.290 0.4000000060
27590  35.752  -55.560  -40.692 0.4000000060
27589  36.378  -55.670  -41.483 0.4000000060
27594  37.345  -55.852  -42.232 0.6000000238
27593  38.816  -56.037  -42.946 0.4000000060
30481  38.445  -52.324  -36.581 0.4000000060
28507  38.107  -54.150  -36.673 0.4000000060
31530  31.542  -51.561  -40.555 0.6000000238
28508  37.081  -54.583  -36.242 0.4000000060
32510  31.614  -50.681  -40.277 0.5000000000
122271  31.508  -52.039  -39.703 0.5000000000
120120  31.474  -51.999  -38.107 0.5000000000
30518  31.521  -51.766  -38.815 0.4000000060
27564  35.021  -55.106  -37.585 0.5000000000
28542  34.957  -54.693  -39.103 0.5000000000
128065  35.237  -54.957  -39.680 0.6000000238
28552  36.028  -54.859  -40.990 0.4000000060
28551  36.747  -54.924  -41.686 0.4000000060
29519  38.024  -54.361  -42.380 0.4000000060
29510  35.719  -54.105  -40.575 0.5000000000
32503  31.613  -50.394  -39.457 0.5000000000
31523  31.547  -51.221  -39.579 0.6000000238
138064  31.631  -50.076  -38.722 0.4000000060
29511  37.605  -53.471  -42.047 0.5000000000
28556  39.072  -55.154  -42.954 0.5000000000
131979  35.457  -53.464  -40.240 0.5000000000
28548  35.514  -54.867  -40.273 0.5000000000
29513  36.330  -54.133  -41.236 0.5000000000
29512  37.117  -54.210  -41.840 0.5000000000
29441  36.779  -53.196  -35.683 0.4000000060
31541  41.257  -51.383  -44.225 0.5000000000
130994  39.767  -53.528  -43.287 0.4000000060
29518  39.125  -54.136  -42.900 0.5000000000
30529  36.665  -52.777  -41.457 0.5000000000
30530  35.984  -53.267  -40.901 0.5000000000
141649  31.774  -49.493  -38.635 0.4000000060
31536  40.898  -51.552  -43.438 0.4000000060
31537  39.951  -51.877  -42.809 0.4000000060
30532  40.913  -52.379  -43.708 0.5000000000
30533  39.862  -52.749  -43.108 0.5000000000
30528  37.547  -52.429  -41.946 0.5000000000
30534  38.746  -53.062  -42.518 0.5000000000
31538  38.690  -52.126  -42.334 0.4000000060
26726  30.817  -56.295  -42.341 0.5000000000
28554  30.636  -54.512  -42.048 0.6000000238
25913  31.675  -57.802  -42.963 0.6000000238
131176  31.656  -62.461  -44.826 0.5000000000
33483  31.737  -49.925  -40.119 0.5000000000
25904  38.096  -57.670  -42.831 0.6000000238
25907  29.915  -58.064  -42.347 0.5000000000
120919  30.258  -57.185  -42.219 0.5000000000
27581  31.487  -55.753  -39.466 0.4000000060
25082  36.347  -58.404  -37.685 0.6000000238
122274  31.458  -54.912  -39.441 0.4000000060
27563  37.988  -55.909  -36.923 0.4000000060
137352  31.033  -53.656  -41.187 0.6000000238
119173  31.276  -53.597  -40.311 0.6000000238
123125  31.882  -54.698  -37.042 0.5000000000
26701  32.230  -55.574  -37.145 0.5000000000
118212  31.619  -53.927  -36.819 0.5000000000
29476  31.515  -53.252  -37.325 0.5000000000
30495  31.482  -52.562  -37.786 0.5000000000
27586  35.350  -55.588  -39.988 0.5000000000
29460  31.465  -53.223  -36.400 0.5000000000
27551  35.423  -55.485  -36.992 0.5000000000
28557  37.744  -55.049  -42.311 0.3000000119
9425  35.102  -75.658  -35.230 0.3000000119
138764  35.159  -77.001  -35.803 0.3000000119
9435  35.922  -76.818  -35.661 0.3000000119
7858  35.976  -77.830  -37.163 0.3000000119
7844  36.034  -77.927  -37.039 0.3000000119
8643  36.488  -77.510  -37.122 0.3000000119
128463  34.443  -76.697  -37.550 0.3000000119
9468  35.388  -76.480  -37.430 0.3000000119
10284  38.842  -75.134  -36.339 0.3000000119
10303  37.314  -75.685  -36.801 0.3000000119
10304  36.146  -74.945  -36.716 0.3000000119
10318  34.346  -75.361  -37.273 0.3000000119
10285  37.917  -74.806  -36.458 0.3000000119
12002  37.685  -72.985  -35.751 0.3000000119
11127  37.182  -73.714  -35.969 0.3000000119
11135  35.526  -73.969  -36.345 0.4000000060
10305  35.059  -74.758  -36.845 0.4000000060
11137  33.456  -73.110  -36.551 0.4000000060
142226  32.596  -73.230  -37.388 0.3000000119
12921  36.060  -71.195  -34.663 0.3000000119
12936  35.689  -71.843  -35.055 0.4000000060
139474  34.636  -72.525  -35.668 0.4000000060
11136  34.421  -73.565  -36.374 0.4000000060
12920  37.260  -71.285  -34.894 0.3000000119
12017  33.295  -72.211  -36.411 0.4000000060
14786  37.921  -68.799  -33.710 0.4000000060
140748  36.666  -69.765  -34.045 0.4000000060
12032  32.823  -72.258  -37.534 0.4000000060
12969  33.583  -71.762  -38.082 0.3000000119
129711  35.914  -69.622  -34.186 0.4000000060
12922  35.100  -71.053  -34.830 0.3000000119
12923  34.343  -71.101  -35.297 0.4000000060
14794  36.366  -69.042  -33.866 0.4000000060
13909  34.271  -70.270  -36.337 0.5000000000
13907  33.792  -70.925  -35.911 0.4000000060
15690  32.915  -68.895  -39.753 0.5000000000
15630  37.549  -68.071  -33.681 0.4000000060
12959  33.259  -71.639  -37.328 0.4000000060
12997  35.244  -71.142  -40.858 0.3000000119
13980  35.723  -70.880  -40.563 0.4000000060
12054  36.325  -72.865  -39.546 0.3000000119
20366  30.756  -63.024  -45.188 0.4000000060
21370  30.448  -62.094  -44.728 0.4000000060
19316  33.695  -64.772  -40.914 0.4000000060
19305  33.633  -64.920  -39.866 0.4000000060
18334  32.712  -66.053  -39.969 0.4000000060
15639  35.618  -68.876  -34.672 0.4000000060
13898  34.842  -70.374  -34.926 0.3000000119
14799  34.668  -69.760  -35.716 0.5000000000
17423  32.595  -66.721  -39.360 0.4000000060
15691  32.639  -68.094  -39.341 0.4000000060
16522  36.717  -67.770  -34.476 0.4000000060
13981  34.731  -70.604  -40.464 0.4000000060
13921  34.422  -70.520  -37.246 0.4000000060
15689  34.730  -69.047  -39.088 0.5000000000
122597  34.620  -71.577  -38.374 0.5000000000
14850  36.281  -70.217  -40.402 0.4000000060
12996  36.389  -71.715  -41.214 0.4000000060
12984  36.692  -72.231  -39.263 0.3000000119
12995  38.075  -72.155  -41.212 0.4000000060
136127  29.710  -60.854  -44.117 0.4000000060
19325  34.340  -64.284  -41.318 0.4000000060
16532  36.539  -67.773  -35.300 0.4000000060
14798  35.100  -69.317  -35.223 0.4000000060
17404  32.969  -67.071  -38.531 0.4000000060
15674  33.175  -68.586  -38.900 0.5000000000
15650  36.225  -68.160  -35.913 0.4000000060
14801  35.107  -69.189  -36.108 0.4000000060
15673  33.991  -68.494  -38.586 0.5000000000
16543  37.555  -67.150  -36.311 0.4000000060
16555  37.121  -67.693  -36.788 0.4000000060
126458  36.543  -68.610  -37.280 0.4000000060
14809  36.286  -69.352  -37.585 0.5000000000
13919  36.306  -70.161  -38.080 0.5000000000
17403  33.762  -67.009  -38.126 0.4000000060
15672  34.989  -68.384  -38.688 0.5000000000
16542  38.212  -67.036  -36.943 0.4000000060
13934  37.184  -70.862  -38.746 0.5000000000
139097  36.265  -69.368  -39.976 0.4000000060
12966  38.346  -71.679  -39.543 0.4000000060
131146  38.993  -71.314  -40.689 0.4000000060
130573  38.466  -71.727  -41.073 0.4000000060
13978  37.785  -70.725  -41.091 0.4000000060
129792  33.594  -66.388  -38.297 0.4000000060
142050  34.718  -65.039  -37.910 0.3000000119
15660  37.783  -68.608  -38.105 0.4000000060
124332  37.815  -69.402  -38.540 0.4000000060
16566  35.252  -67.601  -38.398 0.4000000060
128625  32.183  -55.976  -38.111 0.4000000060
16552  39.513  -67.155  -38.198 0.4000000060
16553  38.657  -67.427  -37.764 0.4000000060
14819  38.431  -70.216  -39.204 0.5000000000
14834  39.017  -71.155  -39.770 0.5000000000
130108  36.103  -67.580  -38.749 0.5000000000
16586  35.941  -68.199  -39.106 0.4000000060
16562  40.089  -67.732  -39.153 0.4000000060
12982  39.015  -71.766  -40.140 0.4000000060
14849  37.104  -69.652  -40.586 0.4000000060
14848  38.242  -70.020  -41.193 0.4000000060
15710  37.514  -69.101  -40.684 0.4000000060
20315  35.485  -63.591  -38.262 0.4000000060
17390  34.312  -66.266  -37.926 0.3000000119
15659  38.493  -68.233  -38.360 0.4000000060
14818  38.678  -69.287  -39.066 0.4000000060
17402  35.709  -66.812  -38.110 0.3000000119
15670  39.882  -68.588  -39.529 0.4000000060
15684  40.253  -69.230  -40.340 0.4000000060
14833  39.447  -70.396  -39.919 0.4000000060
13955  39.612  -70.251  -40.558 0.5000000000
16561  40.945  -67.508  -39.671 0.4000000060
16581  41.157  -67.807  -40.657 0.4000000060
14847  39.471  -69.555  -41.445 0.4000000060
139455  38.789  -69.506  -41.363 0.4000000060
15686  37.449  -68.363  -40.333 0.4000000060
21314  36.044  -62.852  -38.756 0.4000000060
14846  40.059  -69.745  -41.047 0.4000000060
8711  31.680  -77.017  -41.549 0.3000000119
11125  39.332  -74.384  -36.065 0.3000000119
12934  38.159  -72.149  -35.628 0.3000000119
13895  37.685  -70.413  -34.549 0.4000000060
16520  38.110  -66.846  -34.379 0.4000000060
17377  37.772  -66.771  -35.526 0.4000000060
17361  38.973  -66.043  -35.494 0.4000000060
17386  39.957  -66.389  -37.642 0.4000000060
18303  35.550  -65.294  -37.567 0.3000000119
17398  41.282  -66.781  -39.166 0.4000000060
20297  35.760  -63.883  -37.697 0.4000000060
18302  36.415  -65.364  -37.528 0.4000000060
17401  36.539  -66.292  -38.164 0.4000000060
16601  41.525  -67.112  -41.067 0.4000000060
127830  40.530  -68.240  -41.672 0.4000000060
15725  39.651  -68.587  -41.715 0.4000000060
15708  38.928  -68.605  -41.447 0.4000000060
126819  37.441  -67.566  -39.779 0.3000000119
16565  36.686  -67.180  -38.854 0.4000000060
16616  41.224  -66.925  -41.662 0.4000000060
14821  33.883  -69.088  -39.019 0.4000000060
20314  36.167  -63.210  -37.897 0.4000000060
128476  34.815  -77.744  -36.333 0.3000000119
8617  36.327  -77.527  -36.345 0.3000000119
8645  34.566  -77.819  -37.539 0.3000000119
7907  31.231  -77.214  -40.973 0.3000000119
9526  31.619  -76.314  -40.995 0.3000000119
9453  36.192  -76.030  -37.227 0.3000000119
11126  38.501  -74.074  -36.188 0.3000000119
10306  33.840  -74.139  -36.843 0.4000000060
12003  36.404  -72.725  -35.510 0.3000000119
12935  36.841  -72.031  -35.209 0.3000000119
11129  34.945  -73.083  -35.888 0.4000000060
12005  33.750  -71.663  -35.833 0.4000000060
12919  38.527  -71.345  -35.380 0.3000000119
15629  38.403  -68.175  -33.645 0.4000000060
14810  35.338  -69.479  -37.046 0.4000000060
12968  35.779  -71.542  -38.658 0.5000000000
12983  38.740  -72.331  -40.042 0.3000000119
13936  35.014  -70.939  -38.020 0.5000000000
17376  38.366  -66.520  -36.144 0.4000000060
13977  39.269  -70.479  -41.112 0.4000000060
16584  38.195  -68.084  -40.673 0.4000000060
21279  38.389  -62.615  -36.635 0.4000000060
21280  37.727  -62.534  -36.904 0.4000000060
22284  39.508  -61.444  -36.777 0.4000000060
23251  39.220  -60.493  -36.944 0.3000000119
23252  38.298  -60.989  -37.129 0.5000000000
21294  37.265  -62.484  -37.288 0.4000000060
21313  36.629  -62.416  -38.262 0.4000000060
24230  45.317  -59.332  -38.692 0.3000000119
24229  45.812  -59.547  -39.572 0.3000000119
26718  44.642  -56.284  -41.050 0.3000000119
25890  41.839  -57.259  -39.319 0.3000000119
26712  41.488  -56.690  -39.167 0.3000000119
25883  40.386  -57.600  -38.284 0.3000000119
25094  46.052  -58.885  -40.906 0.3000000119
25898  46.034  -57.513  -41.270 0.3000000119
134930  45.341  -55.945  -41.331 0.3000000119
24231  44.442  -59.105  -38.141 0.3000000119
25087  44.961  -58.449  -38.630 0.3000000119
27578  42.535  -55.599  -39.663 0.3000000119
136845  41.680  -55.316  -39.351 0.3000000119
130483  46.130  -57.234  -40.433 0.3000000119
28546  45.160  -54.513  -41.154 0.3000000119
27577  43.911  -55.453  -40.411 0.3000000119
27576  45.538  -55.943  -39.717 0.3000000119
27575  45.759  -55.174  -40.258 0.3000000119
29509  44.901  -53.338  -40.831 0.3000000119
131274  45.970  -54.104  -39.832 0.3000000119
29498  46.021  -52.607  -40.040 0.3000000119
121171  45.083  -56.739  -39.013 0.3000000119
126524  43.189  -54.711  -39.999 0.3000000119
29501  41.756  -53.861  -39.429 0.3000000119
29490  40.554  -53.550  -38.419 0.3000000119
28530  44.828  -54.309  -38.634 0.3000000119
28538  43.593  -53.790  -40.361 0.3000000119
30515  41.997  -52.721  -39.496 0.3000000119
29487  45.583  -52.838  -39.564 0.3000000119
30523  45.435  -51.717  -40.493 0.3000000119
29499  43.864  -52.698  -40.530 0.3000000119
133567  43.647  -50.973  -40.305 0.3000000119
30492  39.609  -52.492  -37.512 0.3000000119
29489  41.174  -53.208  -38.972 0.3000000119
30491  40.217  -52.163  -37.941 0.3000000119
31493  39.150  -51.820  -37.049 0.3000000119
30482  37.678  -52.776  -36.119 0.3000000119
31468  38.094  -51.092  -35.954 0.3000000119
31481  37.896  -51.901  -36.045 0.3000000119
30470  37.031  -52.349  -35.560 0.3000000119
24223  39.782  -59.418  -37.316 0.3000000119
23239  38.849  -61.358  -36.773 0.4000000060
26704  40.931  -56.315  -38.789 0.3000000119
28531  40.970  -54.110  -38.896 0.3000000119
22268  38.981  -62.035  -36.613 0.5000000000
25879  45.915  -58.347  -39.828 0.3000000119
28547  44.469  -54.510  -40.739 0.3000000119
26710  43.354  -56.379  -39.922 0.3000000119
25097  41.691  -57.957  -39.079 0.3000000119
25089  40.994  -58.143  -38.574 0.3000000119
124262  45.764  -56.119  -41.088 0.3000000119
26702  45.723  -56.773  -39.899 0.3000000119
28539  42.109  -54.734  -39.568 0.3000000119
28545  45.602  -54.467  -40.604 0.3000000119
30512  45.707  -51.789  -40.223 0.3000000119
32497  45.306  -50.409  -40.124 0.3000000119
29500  42.747  -53.265  -39.877 0.3000000119
29488  44.781  -53.486  -38.612 0.3000000119
31520  42.466  -51.402  -39.613 0.3000000119
16564  37.428  -66.731  -39.038 0.3000000119
17400  38.202  -66.268  -39.245 0.4000000060
19303  40.497  -64.811  -39.978 0.4000000060
18312  39.520  -65.219  -39.101 0.4000000060
18301  37.383  -65.012  -37.508 0.3000000119
19269  40.226  -64.013  -37.979 0.4000000060
20313  41.444  -63.552  -38.970 0.3000000119
136190  38.359  -65.364  -38.387 0.4000000060
138212  39.104  -64.608  -37.947 0.4000000060
20293  40.787  -63.152  -37.693 0.3000000119
19271  37.563  -64.271  -37.082 0.3000000119
21293  40.009  -62.821  -36.962 0.4000000060
20274  37.779  -63.147  -36.759 0.3000000119
20273  38.619  -63.424  -36.724 0.4000000060
21278  39.752  -62.187  -36.770 0.4000000060
19272  36.648  -64.434  -37.283 0.3000000119
20295  37.202  -63.044  -37.074 0.3000000119
20296  36.502  -63.655  -37.406 0.3000000119
19273  35.790  -64.498  -37.522 0.3000000119
20294  39.676  -63.396  -37.091 0.4000000060
131387  39.668  -70.409  -35.234 0.3000000119
16583  39.230  -67.242  -40.914 0.3000000119
13878  41.226  -70.702  -33.344 0.3000000119
13886  41.352  -70.764  -34.341 0.3000000119
14790  40.790  -69.937  -34.995 0.3000000119
15636  39.000  -68.998  -33.987 0.3000000119
18333  39.063  -65.901  -39.653 0.3000000119
17447  40.491  -67.150  -42.001 0.3000000119
14780  42.831  -69.383  -32.918 0.3000000119
15634  41.017  -69.259  -34.382 0.3000000119
14785  42.088  -69.789  -33.878 0.3000000119
132616  39.302  -68.411  -33.769 0.3000000119
17348  38.656  -66.958  -33.969 0.3000000119
18332  40.062  -65.599  -40.258 0.3000000119
14775  44.004  -68.850  -31.363 0.3000000119
15626  42.442  -68.856  -33.517 0.3000000119
122325  43.505  -69.148  -32.078 0.3000000119
15627  41.306  -68.331  -33.823 0.3000000119
15633  41.732  -69.335  -34.091 0.3000000119
17347  39.465  -66.777  -33.870 0.3000000119
16496  43.407  -68.566  -32.598 0.3000000119
16507  42.887  -68.125  -33.084 0.3000000119
16508  41.223  -67.256  -33.565 0.3000000119
128386  42.111  -67.895  -33.455 0.3000000119
18273  39.609  -65.667  -34.935 0.3000000119
18299  40.052  -65.849  -36.789 0.3000000119
17385  40.834  -66.408  -38.333 0.3000000119
15620  44.283  -68.258  -31.446 0.3000000119
17350  39.853  -66.082  -34.234 0.3000000119
18251  40.774  -65.982  -33.952 0.3000000119
18286  39.735  -65.631  -35.849 0.3000000119
19302  41.029  -65.227  -40.882 0.3000000119
129031  44.447  -67.048  -32.037 0.3000000119
16485  44.683  -66.826  -31.491 0.3000000119
123135  42.692  -67.156  -33.143 0.3000000119
17345  41.669  -66.525  -33.569 0.3000000119
19220  40.828  -65.122  -34.770 0.3000000119
18298  40.930  -65.868  -37.545 0.3000000119
17418  41.868  -66.486  -40.454 0.3000000119
18343  41.583  -65.653  -41.027 0.3000000119
124108  41.600  -64.409  -40.668 0.3000000119
17421  38.304  -67.199  -40.139 0.3000000119
126621  43.711  -65.346  -33.295 0.3000000119
18259  40.962  -65.405  -34.369 0.3000000119
18284  41.562  -65.385  -36.865 0.3000000119
18311  42.458  -65.763  -39.050 0.3000000119
15635  40.060  -69.071  -34.356 0.3000000119
13885  41.839  -70.314  -33.686 0.3000000119
14789  41.457  -69.951  -34.635 0.3000000119
7838  36.396  -77.677  -36.878 0.3000000119
7839  35.960  -77.924  -36.800 0.3000000119
7840  35.386  -78.124  -36.973 0.3000000119
7857  36.316  -77.703  -37.087 0.3000000119
8618  35.624  -77.734  -36.361 0.3000000119
8630  36.763  -77.352  -36.985 0.3000000119
8644  35.425  -77.553  -37.441 0.3000000119
8710  32.433  -76.489  -41.815 0.3000000119
9452  37.028  -76.893  -37.089 0.3000000119
9467  36.232  -77.240  -37.361 0.3000000119
11128  35.980  -73.381  -35.854 0.3000000119
11134  36.686  -74.390  -36.361 0.3000000119
11138  32.800  -72.690  -37.035 0.3000000119
12004  35.252  -72.461  -35.479 0.4000000060
12016  34.023  -72.553  -35.945 0.4000000060
12018  32.954  -71.989  -36.919 0.4000000060
12053  37.649  -72.892  -39.836 0.3000000119
12912  40.900  -71.405  -34.898 0.3000000119
12949  33.382  -71.536  -36.486 0.4000000060
12958  34.027  -71.190  -37.632 0.4000000060
12967  37.020  -71.595  -39.018 0.5000000000
12970  32.979  -72.042  -37.938 0.3000000119
13891  41.593  -70.294  -34.434 0.3000000119
13892  41.107  -70.616  -35.062 0.3000000119
13893  40.436  -70.590  -35.377 0.3000000119
13894  39.045  -70.745  -35.219 0.3000000119
13896  36.469  -70.450  -34.377 0.4000000060
13897  35.514  -70.356  -34.529 0.4000000060
13906  34.404  -70.380  -35.484 0.5000000000
13910  33.726  -70.964  -36.757 0.4000000060
13920  35.368  -70.228  -37.630 0.5000000000
13935  36.075  -70.856  -38.381 0.5000000000
13956  39.284  -70.979  -40.274 0.5000000000
13957  35.079  -70.273  -39.947 0.4000000060
13958  34.101  -70.112  -39.961 0.5000000000
13979  37.099  -71.249  -41.081 0.4000000060
14787  36.979  -68.505  -33.715 0.4000000060
14791  39.823  -69.786  -34.833 0.3000000119
14792  38.628  -69.801  -34.435 0.4000000060
14793  37.287  -69.368  -33.853 0.4000000060
14795  35.328  -69.622  -34.648 0.3000000119
14796  34.808  -69.895  -35.096 0.3000000119
14802  34.768  -69.699  -36.430 0.4000000060
14808  37.109  -69.006  -37.877 0.4000000060
14811  34.741  -69.971  -36.969 0.4000000060
14820  37.286  -69.971  -38.455 0.5000000000
14832  39.908  -69.881  -40.434 0.4000000060
14835  35.430  -69.583  -39.661 0.5000000000
14836  34.414  -69.632  -39.475 0.4000000060
14837  33.569  -69.381  -39.493 0.4000000060
14861  39.945  -69.193  -41.524 0.4000000060
15621  43.995  -68.571  -31.903 0.3000000119
15628  40.135  -68.326  -33.841 0.3000000119
15637  37.078  -67.870  -33.887 0.4000000060
15638  36.344  -68.456  -34.143 0.4000000060
15643  36.080  -68.243  -34.937 0.4000000060
15644  35.571  -68.683  -35.562 0.4000000060
15661  36.581  -68.110  -36.719 0.4000000060
15662  35.871  -68.703  -36.668 0.4000000060
15671  39.172  -68.678  -39.118 0.4000000060
15683  40.644  -68.661  -40.988 0.4000000060
15685  39.670  -69.454  -39.735 0.4000000060
15687  36.675  -68.733  -39.993 0.4000000060
15688  35.700  -68.870  -39.418 0.5000000000
15706  40.254  -69.070  -41.312 0.4000000060
15707  40.222  -69.466  -40.867 0.4000000060
15709  38.205  -68.930  -41.051 0.4000000060
15712  32.495  -68.190  -40.347 0.6000000238
15724  40.134  -68.628  -41.727 0.4000000060
16486  44.516  -67.606  -31.154 0.3000000119
16495  44.297  -67.832  -31.858 0.3000000119
16506  43.665  -67.600  -32.532 0.3000000119
16509  40.229  -67.478  -33.665 0.3000000119
16510  39.108  -67.615  -33.679 0.4000000060
16511  37.947  -67.500  -33.859 0.4000000060
16521  37.419  -67.318  -34.345 0.4000000060
16531  37.138  -67.221  -35.253 0.4000000060
16544  36.815  -67.621  -36.074 0.4000000060
16554  37.792  -67.704  -37.391 0.4000000060
16556  34.642  -66.892  -37.957 0.4000000060
16563  39.260  -67.935  -38.695 0.4000000060
16567  34.272  -67.695  -38.265 0.4000000060
16568  33.375  -67.773  -38.426 0.5000000000
16569  32.839  -67.801  -38.741 0.4000000060
16580  41.567  -67.102  -40.118 0.3000000119
16582  40.627  -68.364  -40.096 0.4000000060
16585  36.703  -67.907  -39.524 0.4000000060
16587  32.610  -67.437  -39.079 0.4000000060
16602  41.015  -67.690  -41.479 0.4000000060
16603  39.505  -67.925  -41.759 0.4000000060
16617  40.764  -67.404  -41.917 0.4000000060
16618  40.155  -67.852  -41.982 0.4000000060
17344  42.637  -65.963  -33.423 0.3000000119
17346  40.387  -66.639  -33.749 0.3000000119
17351  38.947  -66.348  -34.530 0.3000000119
17362  38.257  -66.466  -35.137 0.4000000060
17363  37.693  -66.839  -34.881 0.4000000060
17375  39.295  -66.145  -36.507 0.3000000119
17384  41.659  -66.177  -38.593 0.3000000119
17387  38.935  -66.704  -37.191 0.4000000060
17388  35.804  -65.959  -37.670 0.3000000119
17389  35.085  -66.110  -37.720 0.3000000119
17397  41.900  -66.403  -39.553 0.3000000119
17399  40.441  -66.998  -38.680 0.4000000060
17419  39.754  -66.482  -40.823 0.3000000119
17420  38.861  -66.621  -40.153 0.3000000119
17422  33.162  -65.657  -39.386 0.4000000060
17433  41.572  -66.363  -41.207 0.4000000060
17434  41.189  -65.958  -41.425 0.3000000119
17435  40.570  -66.622  -41.755 0.3000000119
17436  32.325  -66.642  -40.410 0.4000000060
17445  41.283  -66.350  -41.517 0.4000000060
17446  40.943  -66.745  -41.836 0.4000000060
17448  32.082  -66.527  -41.422 0.4000000060
17457  31.616  -66.832  -42.936 0.5000000000
17470  31.913  -66.310  -44.487 0.5000000000
18258  41.554  -64.947  -34.566 0.3000000119
18272  40.398  -65.247  -35.368 0.3000000119
18285  40.571  -65.457  -36.411 0.3000000119
18300  38.132  -64.695  -37.522 0.3000000119
18313  37.358  -65.818  -38.248 0.3000000119
18314  34.136  -65.596  -38.125 0.4000000060
18331  42.258  -65.938  -40.005 0.3000000119
18344  40.618  -65.972  -41.157 0.3000000119
18345  33.127  -65.389  -40.423 0.4000000060
18355  33.126  -65.246  -41.435 0.5000000000
18356  32.521  -65.812  -41.898 0.4000000060
18365  32.486  -65.727  -42.954 0.4000000060
18373  32.588  -65.668  -44.284 0.4000000060
19237  41.178  -64.836  -35.279 0.3000000119
19254  37.862  -63.722  -36.804 0.3000000119
19255  37.236  -63.668  -37.003 0.3000000119
19270  38.398  -64.163  -37.091 0.4000000060
19274  35.164  -64.931  -37.704 0.3000000119
19283  40.969  -64.149  -39.633 0.3000000119
19284  40.060  -64.631  -38.805 0.4000000060
19285  35.118  -64.394  -37.910 0.4000000060
19287  33.752  -65.168  -38.844 0.5000000000
19314  41.823  -64.973  -40.893 0.3000000119
19345  35.114  -64.379  -44.383 0.5000000000
19356  33.906  -64.741  -45.206 0.4000000060
20272  39.226  -62.759  -36.640 0.5000000000
20327  34.648  -63.826  -39.742 0.5000000000
20336  34.718  -63.808  -40.726 0.6999999881
20342  34.922  -63.805  -41.682 0.6999999881
20348  35.101  -63.822  -42.774 0.6000000238
20355  36.342  -63.121  -44.469 0.5000000000
20357  35.551  -64.135  -44.010 0.4000000060
20369  33.654  -64.550  -45.538 0.4000000060
21295  36.789  -62.810  -37.530 0.4000000060
21362  36.464  -63.060  -43.889 0.6999999881
21365  36.496  -62.579  -44.425 0.5000000000
21366  36.188  -62.974  -44.689 0.5000000000
21367  35.560  -63.302  -44.929 0.6000000238
21368  33.536  -62.645  -44.901 0.5000000000
22269  38.224  -61.828  -36.867 0.5000000000
22283  40.299  -61.637  -37.055 0.4000000060
22285  37.580  -61.928  -37.317 0.5000000000
22286  37.080  -62.051  -37.788 0.4000000060
22324  36.774  -61.454  -40.543 0.6000000238
22345  37.972  -61.191  -43.001 0.6000000238
22347  36.903  -61.929  -44.233 0.6999999881
22348  36.407  -62.071  -44.560 0.6000000238
23309  38.138  -60.646  -42.511 0.6999999881
23311  38.147  -60.569  -43.205 0.6999999881
23316  37.721  -60.317  -43.849 0.6000000238
23320  33.604  -60.078  -44.259 0.6999999881
23322  30.786  -60.522  -44.045 0.5000000000
24224  38.782  -59.433  -37.134 0.4000000060
24226  37.206  -59.859  -37.601 0.6000000238
24257  37.893  -60.067  -41.998 0.6999999881
25085  46.070  -58.893  -40.132 0.3000000119
25086  45.656  -58.713  -39.306 0.3000000119
25090  36.174  -58.958  -38.310 0.5000000000
25102  36.383  -59.197  -40.917 0.6000000238
25108  36.257  -57.810  -41.221 0.6000000238
25113  30.742  -57.893  -42.634 0.5000000000
25115  38.203  -59.136  -44.030 0.6000000238
25116  34.406  -58.159  -43.884 0.6000000238
25119  31.167  -58.386  -43.005 0.5000000000
25122  35.862  -58.578  -44.366 0.6999999881
25872  39.796  -56.985  -37.997 0.3000000119
25873  38.466  -57.898  -37.206 0.4000000060
25874  37.805  -57.611  -37.026 0.4000000060
25880  45.562  -57.724  -39.469 0.3000000119
25881  44.482  -57.550  -38.527 0.3000000119
25882  41.100  -57.266  -38.826 0.3000000119
25887  46.226  -58.089  -40.557 0.3000000119
25889  42.772  -57.219  -39.650 0.3000000119
25893  46.178  -58.146  -41.108 0.3000000119
25902  39.162  -57.578  -44.008 0.6000000238
25912  32.423  -57.779  -43.184 0.6000000238
25914  38.988  -57.565  -44.250 0.5000000000
25916  37.463  -57.608  -44.559 0.6000000238
26699  36.110  -57.028  -37.228 0.5000000000
26700  35.617  -56.861  -37.695 0.5000000000
26707  35.348  -56.690  -38.336 0.5000000000
26709  46.034  -56.342  -40.732 0.3000000119
26711  42.185  -56.540  -39.496 0.3000000119
26715  31.217  -56.579  -39.760 0.4000000060
26716  46.106  -56.848  -41.084 0.3000000119
26717  45.507  -56.792  -41.363 0.3000000119
26722  30.311  -56.373  -41.652 0.4000000060
26724  38.473  -56.900  -42.880 0.6000000238
26729  34.367  -56.680  -43.637 0.6000000238
26733  38.162  -56.506  -44.636 0.5000000000
27561  39.220  -55.825  -37.608 0.4000000060
27567  45.437  -54.900  -39.321 0.3000000119
27569  41.140  -55.476  -38.972 0.4000000060
27571  39.878  -55.527  -38.027 0.4000000060
27573  35.014  -55.330  -38.456 0.5000000000
27579  41.610  -56.002  -39.262 0.3000000119
27583  45.754  -55.370  -40.681 0.3000000119
27584  45.464  -55.343  -41.060 0.3000000119
27585  44.987  -55.338  -41.234 0.3000000119
27598  40.361  -55.243  -44.309 0.6000000238
27603  33.506  -55.321  -43.177 0.6000000238
28528  45.874  -53.158  -40.049 0.3000000119
28529  45.561  -53.839  -39.443 0.3000000119
28537  45.753  -53.500  -40.271 0.3000000119
28540  41.353  -54.736  -39.188 0.3000000119
28549  30.936  -54.245  -40.852 0.6000000238
28560  40.367  -54.944  -44.323 0.6000000238
29456  38.280  -53.238  -36.637 0.4000000060
29457  37.467  -53.652  -36.183 0.4000000060
29473  39.485  -53.358  -37.529 0.4000000060
29486  46.043  -52.306  -39.952 0.3000000119
29507  45.716  -52.676  -40.323 0.3000000119
29508  45.316  -52.516  -40.788 0.3000000119
29516  40.606  -53.353  -43.985 0.5000000000
30499  45.659  -51.686  -39.871 0.3000000119
30501  41.401  -52.182  -38.971 0.3000000119
30502  40.682  -52.662  -38.451 0.3000000119
30503  40.110  -53.028  -37.924 0.3000000119
30513  44.158  -51.545  -40.583 0.3000000119
30514  43.048  -52.142  -40.083 0.3000000119
30522  45.713  -52.022  -40.319 0.3000000119
30524  44.755  -51.955  -40.793 0.3000000119
30526  35.494  -52.701  -40.250 0.5000000000
30537  41.175  -52.130  -44.175 0.6000000238
30545  38.922  -53.026  -44.577 0.6000000238
31469  37.346  -51.499  -35.476 0.3000000119
31480  38.560  -51.453  -36.465 0.3000000119
31516  45.533  -51.295  -40.259 0.3000000119
31517  45.519  -50.948  -40.078 0.3000000119
31518  44.592  -50.109  -40.330 0.3000000119
31519  43.542  -50.249  -40.053 0.3000000119
31527  44.896  -51.034  -40.610 0.3000000119
31533  31.717  -50.952  -41.886 0.8000000119
31535  41.311  -51.167  -43.871 0.5000000000
31539  32.040  -51.283  -42.437 0.8000000119
31542  41.335  -51.935  -43.954 0.6000000238
31549  32.576  -51.724  -42.869 0.6999999881
31550  40.952  -51.788  -44.492 0.6000000238
32509  31.734  -50.217  -40.812 0.5000000000
32514  31.648  -50.826  -41.112 0.6999999881
32526  34.325  -50.305  -43.377 0.6999999881
33499  37.550  -49.508  -43.845 0.5000000000
117801  38.966  -67.845  -41.130 0.4000000060
119233  33.058  -58.162  -43.414 0.6000000238
119373  35.756  -51.166  -43.667 0.6999999881
120140  39.865  -67.242  -41.848 0.3000000119
120255  35.855  -69.078  -34.215 0.4000000060
120566  37.193  -61.463  -41.578 0.6000000238
122520  39.207  -63.980  -37.252 0.4000000060
123437  31.277  -53.011  -40.849 0.6000000238
123805  37.116  -68.233  -37.368 0.4000000060
124190  40.632  -53.099  -44.073 0.5000000000
124405  36.609  -62.035  -40.113 0.6000000238
125765  46.338  -57.339  -40.991 0.3000000119
126525  40.775  -54.884  -38.725 0.4000000060
126786  35.763  -56.215  -44.147 0.5000000000
127122  45.471  -60.183  -38.983 0.3000000119
128214  39.688  -56.247  -44.379 0.5000000000
128343  33.374  -69.708  -40.264 0.5000000000
129227  40.475  -56.888  -38.468 0.3000000119
129306  34.394  -71.964  -35.501 0.4000000060
129383  37.807  -61.370  -37.339 0.5000000000
129608  35.379  -57.927  -38.997 0.5000000000
130100  39.114  -57.438  -37.522 0.4000000060
130265  34.889  -71.653  -35.183 0.4000000060
130289  33.789  -53.052  -43.189 0.6999999881
130742  39.939  -56.100  -44.137 0.6000000238
131944  40.334  -65.518  -34.555 0.3000000119
132524  35.521  -56.142  -40.349 0.6000000238
132722  40.299  -55.013  -38.321 0.4000000060
132806  45.487  -53.463  -40.538 0.3000000119
133059  42.615  -54.099  -39.799 0.3000000119
133320  36.680  -53.550  -41.482 0.5000000000
134415  34.815  -65.531  -37.781 0.3000000119
134765  34.984  -50.759  -43.516 0.6999999881
135393  31.491  -52.423  -39.159 0.5000000000
135518  38.515  -57.259  -37.285 0.4000000060
135701  33.003  -66.301  -38.808 0.5000000000
135898  33.439  -58.711  -43.665 0.6999999881
136000  38.076  -70.810  -39.162 0.5000000000
136330  30.526  -55.005  -42.081 0.5000000000
136345  37.999  -72.345  -39.643 0.3000000119
136929  41.484  -62.521  -38.029 0.3000000119
136996  42.338  -57.827  -39.438 0.3000000119
137262  35.544  -57.350  -44.243 0.6000000238
138393  41.932  -67.252  -33.435 0.3000000119
138885  40.035  -60.953  -36.950 0.4000000060
139075  36.621  -60.780  -39.412 0.6000000238
139200  35.231  -75.620  -37.217 0.3000000119
139520  38.633  -56.102  -37.305 0.4000000060
140051  34.246  -60.255  -44.372 0.6999999881
140869  32.813  -66.165  -39.359 0.4000000060
141238  36.038  -64.870  -37.396 0.3000000119
141346  38.378  -55.419  -44.742 0.6000000238
142185  40.998  -66.582  -33.667 0.3000000119
142246  39.432  -67.625  -41.555 0.3000000119
142319  35.803  -69.786  -37.597 0.5000000000
142363  44.443  -50.756  -40.523 0.3000000119
142484  29.767  -57.650  -42.097 0.5000000000
142513  45.777  -54.503  -40.365 0.3000000119
