#!ascii label  , from subject sub-v1s10x0050985_ses-1 vox2ras=TkReg
1198
51446  33.195  -14.743  21.887 0.0000000000
75285  41.272  8.815  4.358 0.0000000000
61287  33.737  -5.498  11.228 0.0000000000
128375  14.595  -17.485  32.493 0.0000000000
52436  28.345  -13.804  25.240 0.0000000000
67191  34.231  0.476  10.637 0.0000000000
52418  20.121  -13.458  26.615 0.0000000000
48400  18.347  -17.486  30.585 0.0000000000
51387  24.643  -14.016  25.741 0.0000000000
74349  45.457  7.260  2.376 0.0000000000
55546  30.535  -10.722  21.796 0.0000000000
147757  30.879  -8.424  19.073 0.0000000000
54501  35.559  -11.692  21.627 0.0000000000
79154  44.547  12.369  2.485 0.0000000000
76261  48.113  9.689  -0.708 0.0000000000
75243  38.428  8.772  7.705 0.0000000000
71158  42.449  4.330  6.551 0.0000000000
69165  37.452  2.647  7.453 0.0000000000
64327  38.616  -2.670  11.219 0.0000000000
47433  32.525  -18.222  26.171 0.0000000000
43950  13.511  -21.542  36.649 0.0000000000
43923  9.527  -21.715  38.303 0.0000000000
43869  9.363  -21.269  43.303 0.0000000000
51435  30.454  -15.186  23.236 0.0000000000
48451  27.839  -17.052  26.901 0.0000000000
63314  28.340  -3.804  14.379 0.0000000000
61191  34.068  -5.533  16.927 0.0000000000
80171  50.297  13.227  -3.520 0.0000000000
75299  42.758  8.423  3.098 0.0000000000
136275  43.974  7.478  5.903 0.0000000000
53507  32.176  -12.349  21.729 0.0000000000
54515  32.097  -11.797  20.255 0.0000000000
52505  34.290  -13.440  21.315 0.0000000000
78160  40.871  11.839  5.146 0.0000000000
80110  43.647  13.449  4.817 0.0000000000
143102  42.643  11.126  3.012 0.0000000000
76246  44.399  9.125  1.468 0.0000000000
39350  7.143  -26.343  43.216 0.0000000000
72257  37.822  5.419  6.916 0.0000000000
70120  35.818  3.891  8.937 0.0000000000
64342  34.242  -2.341  9.862 0.0000000000
65315  36.427  -1.857  9.212 0.0000000000
62366  36.791  -4.060  10.770 0.0000000000
61246  37.226  -5.474  13.632 0.0000000000
47403  16.510  -18.327  31.229 0.0000000000
47375  17.934  -18.201  32.933 0.0000000000
46266  15.916  -19.387  32.629 0.0000000000
44938  15.424  -20.502  36.163 0.0000000000
44976  13.979  -19.942  33.877 0.0000000000
46192  11.217  -19.246  37.551 0.0000000000
43898  9.239  -21.601  40.294 0.0000000000
51419  29.397  -14.710  24.201 0.0000000000
48475  28.981  -17.236  24.597 0.0000000000
50382  27.496  -15.400  24.196 0.0000000000
51347  23.586  -13.683  28.710 0.0000000000
145551  25.134  -14.744  28.323 0.0000000000
58720  32.876  -7.454  20.981 0.0000000000
145123  31.421  -5.901  18.233 0.0000000000
126440  35.003  3.072  10.963 0.0000000000
136622  34.157  -0.800  12.543 0.0000000000
64329  31.974  -2.791  11.612 0.0000000000
51350  20.934  -14.818  27.897 0.0000000000
49357  20.152  -16.304  30.578 0.0000000000
50345  19.270  -15.276  27.834 0.0000000000
50313  17.099  -15.303  29.829 0.0000000000
145197  15.903  -15.143  31.443 0.0000000000
125242  25.696  -13.948  24.574 0.0000000000
53455  24.434  -12.080  25.002 0.0000000000
52416  22.522  -13.184  26.300 0.0000000000
58693  28.466  -7.627  22.123 0.0000000000
58734  27.432  -7.769  19.106 0.0000000000
56565  29.005  -10.015  20.142 0.0000000000
130850  33.391  -9.402  20.252 0.0000000000
78206  48.313  11.594  0.264 0.0000000000
77222  46.087  10.775  1.052 0.0000000000
74368  46.776  7.757  0.661 0.0000000000
134307  39.539  9.277  5.785 0.0000000000
74298  41.191  7.125  5.683 0.0000000000
128703  39.170  5.951  6.327 0.0000000000
69173  39.678  2.947  6.735 0.0000000000
67212  40.241  0.899  8.902 0.0000000000
130863  35.793  1.119  8.672 0.0000000000
129585  38.562  -0.424  9.246 0.0000000000
49428  33.500  -17.119  24.093 0.0000000000
50378  35.461  -15.623  24.303 0.0000000000
78146  40.212  11.610  7.375 0.0000000000
142882  13.284  -17.377  34.737 0.0000000000
46223  12.193  -20.096  35.149 0.0000000000
43000  11.286  -22.146  36.785 0.0000000000
130781  10.768  -23.889  39.123 0.0000000000
144655  8.793  -23.994  39.547 0.0000000000
142236  8.067  -24.025  41.362 0.0000000000
42933  7.783  -23.079  43.981 0.0000000000
42918  6.579  -22.602  45.657 0.0000000000
148457  31.380  -15.186  22.740 0.0000000000
48472  31.215  -17.452  23.929 0.0000000000
136461  30.406  -18.272  26.950 0.0000000000
50367  26.132  -15.790  25.700 0.0000000000
145427  30.862  -4.598  12.605 0.0000000000
59957  28.311  -6.769  16.195 0.0000000000
61210  31.428  -5.582  15.232 0.0000000000
134825  34.238  -6.511  14.198 0.0000000000
52455  36.619  -13.590  24.195 0.0000000000
79226  51.238  12.190  -5.710 0.0000000000
78243  48.709  11.207  -2.367 0.0000000000
131056  50.536  10.038  -4.269 0.0000000000
75301  41.640  9.199  3.666 0.0000000000
74320  43.300  7.791  4.704 0.0000000000
75265  41.791  8.092  4.821 0.0000000000
52492  32.413  -13.641  21.771 0.0000000000
52507  32.756  -13.371  21.215 0.0000000000
131611  33.704  -14.148  21.551 0.0000000000
77192  40.341  10.731  4.610 0.0000000000
78182  41.584  11.153  3.762 0.0000000000
77206  41.509  10.289  3.584 0.0000000000
76240  42.750  9.604  2.643 0.0000000000
40243  6.540  -25.661  43.852 0.0000000000
72238  36.561  5.292  9.148 0.0000000000
72229  36.577  5.204  9.987 0.0000000000
125990  33.974  -4.135  10.229 0.0000000000
63366  34.793  -3.861  9.887 0.0000000000
61308  35.056  -4.967  10.640 0.0000000000
62330  36.622  -4.930  11.995 0.0000000000
61263  35.267  -5.812  11.974 0.0000000000
47393  15.308  -18.164  31.703 0.0000000000
47391  16.324  -18.798  31.693 0.0000000000
47378  15.048  -18.737  32.141 0.0000000000
46254  14.571  -19.573  33.227 0.0000000000
47364  13.925  -18.705  33.138 0.0000000000
51405  28.752  -14.403  24.575 0.0000000000
51420  28.089  -14.786  24.043 0.0000000000
52458  27.916  -13.982  24.444 0.0000000000
51334  22.753  -13.910  29.436 0.0000000000
63242  28.143  -3.975  20.006 0.0000000000
61099  33.670  -5.713  21.072 0.0000000000
142838  32.845  -1.691  12.049 0.0000000000
134747  32.672  -1.488  12.584 0.0000000000
51388  20.608  -14.010  26.715 0.0000000000
50332  20.282  -15.434  28.164 0.0000000000
51370  19.572  -14.633  27.323 0.0000000000
52362  18.004  -14.028  29.073 0.0000000000
140315  17.129  -14.513  30.183 0.0000000000
51317  16.702  -15.051  30.487 0.0000000000
54444  25.599  -11.356  25.629 0.0000000000
54437  21.105  -12.034  26.213 0.0000000000
53458  22.065  -12.039  25.720 0.0000000000
52417  20.896  -13.301  26.386 0.0000000000
52395  21.992  -13.634  26.870 0.0000000000
56552  28.489  -9.366  21.279 0.0000000000
55547  29.670  -10.404  21.410 0.0000000000
54513  34.280  -11.391  20.404 0.0000000000
55577  33.483  -10.976  19.983 0.0000000000
55576  34.341  -10.490  20.378 0.0000000000
56550  34.592  -9.234  21.123 0.0000000000
56532  35.853  -9.816  22.003 0.0000000000
79144  44.104  12.883  3.129 0.0000000000
79162  46.882  12.142  1.680 0.0000000000
78199  45.594  11.315  1.476 0.0000000000
74359  44.840  7.652  1.773 0.0000000000
75320  45.320  8.082  1.121 0.0000000000
74358  45.669  7.397  1.543 0.0000000000
76194  38.941  9.090  7.001 0.0000000000
74300  39.429  7.467  6.195 0.0000000000
74301  38.798  7.624  6.701 0.0000000000
70148  37.815  3.908  6.948 0.0000000000
71162  38.570  4.209  6.635 0.0000000000
69174  38.832  2.955  6.862 0.0000000000
68173  40.579  1.679  7.621 0.0000000000
141880  39.248  1.128  7.809 0.0000000000
137519  34.385  1.397  10.873 0.0000000000
148040  35.067  2.173  9.593 0.0000000000
67204  35.182  0.618  9.283 0.0000000000
64362  37.521  -2.694  9.997 0.0000000000
66263  37.079  -1.052  9.014 0.0000000000
65313  38.592  -1.448  9.968 0.0000000000
66251  39.566  -0.540  10.208 0.0000000000
48459  32.649  -17.914  25.179 0.0000000000
49414  34.507  -17.127  25.628 0.0000000000
76159  38.539  9.348  9.157 0.0000000000
76179  38.851  9.590  7.597 0.0000000000
77177  39.274  10.336  6.508 0.0000000000
49358  19.444  -16.743  30.169 0.0000000000
48387  18.903  -17.383  31.046 0.0000000000
44939  14.614  -20.859  36.090 0.0000000000
44927  15.089  -20.854  36.885 0.0000000000
128750  14.065  -21.576  37.339 0.0000000000
43936  13.441  -21.993  37.568 0.0000000000
48331  12.947  -16.904  36.186 0.0000000000
47331  12.536  -18.543  35.041 0.0000000000
47311  12.157  -18.459  36.028 0.0000000000
44915  10.332  -20.423  38.028 0.0000000000
144342  10.852  -20.655  36.763 0.0000000000
43938  10.440  -21.832  37.158 0.0000000000
42029  10.876  -23.033  37.744 0.0000000000
42030  10.084  -22.942  37.870 0.0000000000
41999  9.914  -23.854  38.976 0.0000000000
42015  8.948  -23.026  38.869 0.0000000000
43886  8.913  -22.008  41.795 0.0000000000
42944  8.536  -22.743  41.333 0.0000000000
42939  8.530  -22.570  42.500 0.0000000000
41961  8.076  -23.316  42.977 0.0000000000
42932  8.315  -22.554  43.514 0.0000000000
51417  30.859  -14.646  23.939 0.0000000000
52457  31.657  -14.077  23.534 0.0000000000
132283  31.086  -15.702  22.917 0.0000000000
125615  31.831  -16.433  23.006 0.0000000000
127392  30.379  -16.105  23.209 0.0000000000
48463  28.724  -17.424  25.461 0.0000000000
48462  29.651  -17.699  25.095 0.0000000000
48450  28.711  -17.545  26.680 0.0000000000
52438  24.942  -13.917  24.945 0.0000000000
50368  25.763  -15.177  25.195 0.0000000000
51406  25.154  -14.671  25.672 0.0000000000
50329  26.152  -15.760  28.598 0.0000000000
141047  42.302  5.935  6.277 0.0000000000
140248  43.161  6.193  6.397 0.0000000000
72272  43.674  5.447  6.606 0.0000000000
64285  28.990  -2.502  13.912 0.0000000000
63326  30.073  -3.357  12.956 0.0000000000
62316  29.485  -3.800  13.441 0.0000000000
57618  28.404  -8.812  18.391 0.0000000000
128179  27.547  -7.121  17.683 0.0000000000
58755  29.202  -8.005  17.088 0.0000000000
61175  32.349  -4.867  17.353 0.0000000000
59954  31.089  -5.697  16.590 0.0000000000
61208  32.985  -5.519  16.010 0.0000000000
59990  32.700  -6.074  14.549 0.0000000000
150238  34.485  -6.190  15.840 0.0000000000
59969  35.758  -6.365  15.627 0.0000000000
51415  36.336  -14.365  24.432 0.0000000000
80182  50.512  12.947  -4.260 0.0000000000
78219  48.058  10.840  0.018 0.0000000000
79192  48.646  11.927  -1.257 0.0000000000
77255  48.500  10.076  -1.541 0.0000000000
76307  50.067  9.919  -3.595 0.0000000000
124839  51.827  9.208  -3.938 0.0000000000
54426  19.831  -12.244  27.504 0.0000000000
53423  19.407  -13.125  27.179 0.0000000000
74351  43.849  7.817  2.696 0.0000000000
140320  45.799  7.505  3.973 0.0000000000
74319  44.088  7.711  4.539 0.0000000000
54489  31.201  -11.292  21.502 0.0000000000
54503  30.929  -11.413  20.989 0.0000000000
53529  32.071  -12.242  20.799 0.0000000000
53527  33.210  -12.512  20.490 0.0000000000
53515  35.061  -12.654  21.447 0.0000000000
80092  43.344  13.519  6.757 0.0000000000
79131  42.347  12.547  4.535 0.0000000000
79146  42.602  12.272  3.778 0.0000000000
79155  43.674  12.111  2.752 0.0000000000
78200  44.752  11.031  1.674 0.0000000000
77215  43.273  10.073  2.341 0.0000000000
76239  43.240  9.149  2.312 0.0000000000
39359  7.762  -26.758  42.577 0.0000000000
75227  37.670  8.171  8.927 0.0000000000
73296  37.737  6.935  7.525 0.0000000000
72246  37.082  5.948  7.976 0.0000000000
71148  36.771  4.602  7.761 0.0000000000
70134  36.639  3.128  7.721 0.0000000000
65295  34.189  -1.360  9.967 0.0000000000
66265  34.708  -0.715  9.646 0.0000000000
64365  35.083  -2.438  9.491 0.0000000000
63382  36.171  -3.251  9.640 0.0000000000
63363  37.915  -3.056  10.782 0.0000000000
62344  37.812  -3.963  12.014 0.0000000000
62313  38.447  -4.673  13.709 0.0000000000
47425  32.229  -18.535  27.984 0.0000000000
48401  17.600  -17.654  30.511 0.0000000000
48388  18.397  -17.709  31.455 0.0000000000
47390  17.009  -18.484  31.598 0.0000000000
46265  16.669  -19.171  32.968 0.0000000000
46237  16.261  -19.622  34.373 0.0000000000
143341  14.449  -20.470  34.918 0.0000000000
44963  13.460  -20.303  34.550 0.0000000000
47291  12.004  -17.991  37.033 0.0000000000
46175  11.171  -19.131  38.568 0.0000000000
44916  9.898  -20.861  38.759 0.0000000000
43912  9.186  -21.750  39.545 0.0000000000
44905  9.710  -21.061  39.738 0.0000000000
44895  9.782  -20.931  40.761 0.0000000000
44872  9.910  -20.712  42.775 0.0000000000
51418  29.975  -14.928  23.788 0.0000000000
49432  29.664  -16.378  23.547 0.0000000000
50380  29.227  -15.476  23.676 0.0000000000
49433  27.887  -16.267  24.271 0.0000000000
49416  27.596  -16.725  25.101 0.0000000000
52393  23.952  -13.594  27.251 0.0000000000
51364  24.982  -14.734  27.441 0.0000000000
51346  24.401  -13.944  28.839 0.0000000000
69169  43.316  3.007  7.139 0.0000000000
62280  27.475  -4.171  16.405 0.0000000000
146942  31.748  -7.446  19.831 0.0000000000
58753  30.906  -6.861  18.098 0.0000000000
141483  31.921  -6.247  19.472 0.0000000000
136697  33.170  -4.939  19.358 0.0000000000
80153  50.099  13.712  -1.851 0.0000000000
41086  5.737  -23.926  45.003 0.0000000000
68122  34.773  2.097  11.991 0.0000000000
145875  34.258  0.804  11.519 0.0000000000
142652  33.970  -0.292  11.395 0.0000000000
143494  33.440  -1.553  11.086 0.0000000000
64344  32.702  -3.031  10.972 0.0000000000
62371  32.725  -4.079  10.898 0.0000000000
51335  21.938  -14.424  29.139 0.0000000000
50311  21.410  -15.009  30.623 0.0000000000
50323  20.509  -15.644  29.149 0.0000000000
49380  19.763  -16.046  28.847 0.0000000000
49369  18.630  -16.706  29.435 0.0000000000
52380  18.406  -14.104  28.174 0.0000000000
50335  18.101  -15.460  28.716 0.0000000000
49370  17.926  -16.774  29.501 0.0000000000
49359  16.728  -16.906  30.239 0.0000000000
49348  15.697  -16.845  31.169 0.0000000000
131770  15.259  -16.264  31.865 0.0000000000
52459  27.115  -13.660  24.428 0.0000000000
53454  26.610  -12.224  25.210 0.0000000000
53475  25.227  -12.590  24.727 0.0000000000
52462  24.608  -12.954  24.925 0.0000000000
54434  23.183  -11.074  25.828 0.0000000000
53456  23.552  -12.175  25.309 0.0000000000
52415  23.457  -13.266  26.321 0.0000000000
52394  22.969  -13.488  27.101 0.0000000000
51348  22.662  -13.883  28.626 0.0000000000
59878  28.219  -6.231  22.018 0.0000000000
61119  27.608  -5.670  20.132 0.0000000000
58709  27.585  -7.371  20.649 0.0000000000
56566  27.980  -9.168  19.797 0.0000000000
56589  29.595  -9.337  18.821 0.0000000000
54517  30.702  -11.166  20.439 0.0000000000
56577  30.964  -9.908  19.516 0.0000000000
125136  31.602  -9.067  19.638 0.0000000000
57589  32.924  -8.419  20.608 0.0000000000
57573  34.161  -8.298  21.460 0.0000000000
79161  47.757  12.270  1.559 0.0000000000
78207  47.719  11.273  0.610 0.0000000000
132527  47.163  9.758  0.158 0.0000000000
77223  45.291  10.496  1.280 0.0000000000
76254  46.491  9.213  0.418 0.0000000000
76206  39.858  9.778  5.138 0.0000000000
74308  41.583  7.679  5.343 0.0000000000
74309  40.682  7.886  5.490 0.0000000000
73312  40.606  6.317  5.909 0.0000000000
71159  41.124  4.774  6.341 0.0000000000
73314  38.414  6.081  6.654 0.0000000000
71161  39.376  4.393  6.442 0.0000000000
70144  41.038  3.805  6.510 0.0000000000
69161  41.918  2.400  7.312 0.0000000000
137460  41.864  1.739  8.328 0.0000000000
71132  35.732  4.101  9.906 0.0000000000
69155  35.682  2.618  8.606 0.0000000000
68164  36.857  1.314  8.142 0.0000000000
67217  35.800  0.188  8.842 0.0000000000
67216  36.611  0.441  8.525 0.0000000000
149231  37.768  1.138  7.920 0.0000000000
67203  39.711  0.390  9.286 0.0000000000
50397  33.450  -16.130  22.849 0.0000000000
50396  34.364  -15.882  23.077 0.0000000000
50379  34.802  -16.149  23.901 0.0000000000
49413  35.209  -16.481  25.501 0.0000000000
78154  40.169  11.522  6.432 0.0000000000
77183  39.868  10.685  5.062 0.0000000000
145554  14.733  -16.159  33.037 0.0000000000
128987  14.133  -16.318  34.205 0.0000000000
48355  13.991  -17.075  33.827 0.0000000000
47347  13.344  -18.951  33.748 0.0000000000
44964  12.788  -20.284  34.778 0.0000000000
43965  12.500  -21.218  35.734 0.0000000000
46208  11.193  -19.972  36.479 0.0000000000
43966  11.901  -21.237  35.803 0.0000000000
43951  12.072  -21.826  36.289 0.0000000000
42971  11.723  -22.908  37.813 0.0000000000
42012  11.753  -23.289  38.643 0.0000000000
40264  8.980  -25.319  40.588 0.0000000000
42960  8.685  -22.961  39.489 0.0000000000
41979  8.306  -24.313  40.672 0.0000000000
40257  8.060  -25.463  41.587 0.0000000000
147534  7.625  -25.023  42.024 0.0000000000
41962  7.586  -23.970  43.521 0.0000000000
41952  7.240  -23.543  44.378 0.0000000000
42924  8.095  -22.329  44.359 0.0000000000
42925  7.557  -22.796  44.785 0.0000000000
41953  6.526  -23.814  44.760 0.0000000000
52478  31.963  -13.925  22.366 0.0000000000
148222  31.515  -14.168  22.839 0.0000000000
50407  32.679  -15.402  22.364 0.0000000000
50398  32.581  -16.261  22.847 0.0000000000
49429  32.695  -17.257  23.765 0.0000000000
149244  32.011  -17.962  24.924 0.0000000000
48473  30.447  -17.612  24.433 0.0000000000
48461  30.597  -18.024  25.345 0.0000000000
47434  31.675  -18.372  26.411 0.0000000000
143806  26.792  -15.010  24.367 0.0000000000
50383  26.472  -15.561  24.811 0.0000000000
133674  27.302  -16.715  26.122 0.0000000000
50343  25.495  -15.302  27.520 0.0000000000
49390  26.482  -16.259  27.317 0.0000000000
48436  27.573  -16.931  27.771 0.0000000000
74296  43.223  7.207  5.879 0.0000000000
64299  30.907  -2.005  12.765 0.0000000000
63338  31.302  -3.384  11.976 0.0000000000
61289  31.835  -5.413  11.909 0.0000000000
61157  27.426  -5.434  18.347 0.0000000000
61195  27.496  -5.700  16.539 0.0000000000
61213  28.363  -5.647  15.242 0.0000000000
58769  30.565  -6.629  17.067 0.0000000000
59973  29.738  -6.195  15.416 0.0000000000
131474  29.564  -5.283  14.235 0.0000000000
61229  31.091  -5.516  14.265 0.0000000000
144896  32.465  -6.218  12.998 0.0000000000
60020  34.068  -6.370  12.733 0.0000000000
60002  35.581  -6.335  13.622 0.0000000000
51444  35.034  -14.305  22.380 0.0000000000
52476  35.750  -13.810  22.860 0.0000000000
53504  36.292  -12.241  22.757 0.0000000000
147381  37.367  -12.358  24.758 0.0000000000
54466  36.976  -11.161  23.658 0.0000000000
80191  52.417  13.396  -5.756 0.0000000000
79191  49.100  12.529  -1.775 0.0000000000
79200  49.235  12.355  -2.623 0.0000000000
77267  48.970  10.103  -2.333 0.0000000000
77278  49.603  10.593  -3.571 0.0000000000
79218  49.775  11.768  -4.102 0.0000000000
78275  50.629  11.033  -5.253 0.0000000000
77309  51.664  10.897  -6.216 0.0000000000
75284  41.945  8.473  4.093 0.0000000000
51455  32.884  -14.041  21.550 0.0000000000
76215  41.017  9.732  3.954 0.0000000000
77191  40.846  10.717  4.146 0.0000000000
147978  41.565  9.735  3.555 0.0000000000
41096  5.971  -25.182  44.486 0.0000000000
62370  33.852  -4.833  10.636 0.0000000000
62369  34.578  -4.617  10.368 0.0000000000
61309  34.485  -5.214  10.852 0.0000000000
61285  35.159  -5.354  11.159 0.0000000000
61286  34.513  -5.674  11.448 0.0000000000
142831  14.845  -18.039  32.066 0.0000000000
47363  14.509  -19.125  32.779 0.0000000000
126625  14.479  -18.361  32.576 0.0000000000
51316  22.224  -14.336  30.145 0.0000000000
51315  23.106  -13.813  30.062 0.0000000000
62234  28.122  -4.221  20.739 0.0000000000
51389  20.007  -14.219  26.802 0.0000000000
52396  19.589  -13.896  26.941 0.0000000000
53439  20.636  -12.693  26.387 0.0000000000
52442  21.426  -12.569  26.089 0.0000000000
130349  29.080  -9.742  21.739 0.0000000000
54512  35.123  -10.880  20.892 0.0000000000
56548  35.414  -10.143  21.340 0.0000000000
55562  35.749  -10.675  21.714 0.0000000000
80122  44.617  13.559  3.617 0.0000000000
79143  44.989  13.092  2.879 0.0000000000
79153  45.462  12.540  2.293 0.0000000000
79163  45.946  12.049  1.740 0.0000000000
78190  45.052  11.858  1.902 0.0000000000
74348  46.245  6.946  2.077 0.0000000000
73351  46.858  6.802  2.420 0.0000000000
39365  8.861  -26.411  41.713 0.0000000000
75254  38.703  8.345  6.989 0.0000000000
74285  38.172  7.773  7.380 0.0000000000
70133  38.047  3.102  7.055 0.0000000000
69164  38.374  2.292  7.289 0.0000000000
148041  39.023  1.749  7.427 0.0000000000
68175  38.412  1.447  7.656 0.0000000000
68151  34.655  1.019  10.031 0.0000000000
64341  38.295  -2.383  10.487 0.0000000000
64361  38.120  -1.958  9.888 0.0000000000
65294  38.617  -1.830  10.318 0.0000000000
48448  33.317  -17.910  26.013 0.0000000000
47432  33.165  -18.181  26.914 0.0000000000
75236  38.140  8.815  8.640 0.0000000000
76166  38.592  9.448  8.331 0.0000000000
48413  18.786  -17.037  29.958 0.0000000000
48399  19.010  -17.175  30.517 0.0000000000
43963  13.930  -21.118  36.095 0.0000000000
43949  14.353  -21.225  36.783 0.0000000000
48344  12.643  -17.737  35.871 0.0000000000
44929  9.929  -21.099  37.995 0.0000000000
43939  9.959  -21.565  37.682 0.0000000000
42988  9.877  -22.215  37.686 0.0000000000
42972  9.427  -22.588  38.314 0.0000000000
42014  9.626  -23.308  38.492 0.0000000000
43876  9.412  -21.362  42.279 0.0000000000
43877  8.971  -21.891  42.802 0.0000000000
143012  8.675  -22.218  43.147 0.0000000000
51434  31.068  -14.733  22.999 0.0000000000
141886  28.057  -17.138  25.939 0.0000000000
48435  28.359  -17.358  27.695 0.0000000000
72274  41.956  5.041  6.389 0.0000000000
72273  42.803  5.228  6.478 0.0000000000
71157  43.323  4.404  6.641 0.0000000000
63300  27.847  -3.365  15.201 0.0000000000
146441  28.515  -1.982  14.972 0.0000000000
64286  28.429  -2.724  14.507 0.0000000000
63313  28.864  -3.335  13.827 0.0000000000
133318  28.915  -4.242  13.880 0.0000000000
57616  29.846  -8.811  18.375 0.0000000000
57632  28.777  -8.488  17.694 0.0000000000
57631  29.598  -8.433  17.796 0.0000000000
61174  33.279  -4.969  17.596 0.0000000000
61193  32.288  -5.071  16.475 0.0000000000
61192  33.128  -5.248  16.738 0.0000000000
59953  33.873  -5.914  16.054 0.0000000000
59952  34.678  -6.018  16.351 0.0000000000
81161  50.769  13.824  -3.191 0.0000000000
80170  50.815  13.513  -3.848 0.0000000000
77242  47.724  10.127  -0.226 0.0000000000
77241  48.195  10.513  -0.788 0.0000000000
54414  20.353  -11.528  27.986 0.0000000000
54415  19.734  -11.872  28.461 0.0000000000
55492  21.026  -11.191  27.593 0.0000000000
74336  44.280  7.613  3.406 0.0000000000
74337  43.348  7.895  3.500 0.0000000000
74306  43.336  7.569  5.387 0.0000000000
74305  44.264  7.717  5.503 0.0000000000
54488  31.922  -11.649  21.945 0.0000000000
53517  31.754  -11.932  21.176 0.0000000000
52506  33.477  -13.056  20.816 0.0000000000
142974  34.370  -12.729  20.936 0.0000000000
79122  41.484  12.354  5.678 0.0000000000
79121  42.204  12.688  5.401 0.0000000000
79132  41.595  12.222  4.837 0.0000000000
78181  42.291  11.519  3.489 0.0000000000
78180  42.953  11.810  3.151 0.0000000000
78192  43.310  11.118  2.568 0.0000000000
77216  42.654  10.392  2.769 0.0000000000
75314  42.671  8.958  2.767 0.0000000000
75313  43.342  8.353  2.551 0.0000000000
40249  7.577  -25.771  42.457 0.0000000000
74266  37.373  7.424  9.146 0.0000000000
73283  37.233  6.728  8.411 0.0000000000
72247  36.749  5.302  8.276 0.0000000000
71139  36.370  4.600  8.575 0.0000000000
131309  36.327  3.907  8.061 0.0000000000
65317  34.817  -1.576  9.544 0.0000000000
62367  36.075  -4.338  10.431 0.0000000000
63365  35.715  -3.879  9.881 0.0000000000
130487  36.469  -3.732  10.103 0.0000000000
63364  37.182  -3.427  10.414 0.0000000000
63352  37.515  -3.713  11.162 0.0000000000
62345  37.088  -4.339  11.567 0.0000000000
61261  36.940  -5.259  12.827 0.0000000000
62314  37.669  -4.924  13.237 0.0000000000
61245  37.844  -5.213  13.913 0.0000000000
61225  38.332  -5.258  14.530 0.0000000000
48402  16.809  -17.721  30.598 0.0000000000
132947  17.139  -18.114  30.941 0.0000000000
47377  16.444  -19.032  32.155 0.0000000000
46251  16.832  -19.214  33.885 0.0000000000
46252  16.076  -19.554  33.463 0.0000000000
46238  15.447  -19.881  34.010 0.0000000000
44975  14.670  -19.962  33.835 0.0000000000
44962  14.177  -20.297  34.451 0.0000000000
44949  13.923  -20.734  35.243 0.0000000000
44904  10.639  -19.888  38.906 0.0000000000
143538  10.277  -20.367  39.527 0.0000000000
44883  9.903  -20.834  41.764 0.0000000000
51404  29.591  -14.601  25.113 0.0000000000
140369  30.179  -14.731  24.597 0.0000000000
126335  28.763  -14.933  23.935 0.0000000000
50381  28.350  -15.595  23.907 0.0000000000
49434  27.126  -16.037  24.586 0.0000000000
125812  24.008  -13.707  28.156 0.0000000000
51365  24.487  -14.124  27.841 0.0000000000
63276  27.511  -3.707  16.975 0.0000000000
58721  32.346  -7.474  20.454 0.0000000000
145464  32.128  -6.722  20.044 0.0000000000
59901  32.632  -6.486  20.426 0.0000000000
61115  34.050  -5.049  20.692 0.0000000000
61117  32.859  -5.561  19.913 0.0000000000
62233  33.874  -4.896  19.965 0.0000000000
135647  5.032  -24.049  45.154 0.0000000000
65277  33.655  -1.123  11.730 0.0000000000
130918  33.800  -1.138  10.776 0.0000000000
64328  32.625  -2.190  11.459 0.0000000000
137100  31.990  -3.742  11.413 0.0000000000
50322  21.275  -15.028  29.648 0.0000000000
50331  21.083  -14.983  28.696 0.0000000000
50344  19.864  -15.281  27.705 0.0000000000
50333  19.569  -15.724  28.259 0.0000000000
49368  19.262  -16.554  29.428 0.0000000000
49381  19.117  -16.268  28.806 0.0000000000
53407  18.791  -13.310  27.930 0.0000000000
51336  17.584  -14.840  29.330 0.0000000000
51352  18.078  -14.689  28.660 0.0000000000
49383  17.544  -15.952  29.343 0.0000000000
49382  18.394  -16.261  28.936 0.0000000000
49371  17.260  -16.609  29.782 0.0000000000
50314  16.748  -16.029  30.052 0.0000000000
50301  16.252  -15.560  30.817 0.0000000000
50302  15.774  -15.912  31.308 0.0000000000
50291  15.472  -15.312  32.022 0.0000000000
53453  27.310  -12.627  25.563 0.0000000000
142318  25.093  -11.855  24.951 0.0000000000
54443  25.825  -12.000  24.993 0.0000000000
52441  22.210  -12.643  25.919 0.0000000000
53457  22.742  -12.256  25.602 0.0000000000
52440  23.058  -12.744  25.776 0.0000000000
51368  21.289  -14.252  27.267 0.0000000000
51367  22.317  -13.878  27.697 0.0000000000
51349  21.700  -14.414  28.210 0.0000000000
146889  28.197  -6.903  21.924 0.0000000000
59890  27.824  -6.540  21.325 0.0000000000
58708  27.941  -7.557  21.443 0.0000000000
137533  28.327  -9.470  20.436 0.0000000000
56580  28.516  -9.543  19.622 0.0000000000
56579  29.234  -9.791  19.425 0.0000000000
54516  31.447  -11.698  20.652 0.0000000000
54525  31.543  -11.385  20.028 0.0000000000
55588  32.840  -10.199  19.799 0.0000000000
150713  31.993  -10.759  19.645 0.0000000000
55590  31.875  -9.958  19.595 0.0000000000
56564  32.448  -9.043  19.955 0.0000000000
57602  31.859  -8.381  19.948 0.0000000000
139869  35.572  -9.048  22.048 0.0000000000
57572  34.956  -8.791  21.716 0.0000000000
80097  44.172  13.908  5.426 0.0000000000
79150  48.211  12.780  2.004 0.0000000000
78198  46.471  11.511  1.332 0.0000000000
78197  47.345  11.688  1.173 0.0000000000
78208  46.922  11.021  0.837 0.0000000000
77230  47.380  10.536  0.355 0.0000000000
77231  46.528  10.173  0.562 0.0000000000
77224  44.534  10.091  1.542 0.0000000000
76245  45.067  9.610  1.152 0.0000000000
75330  46.134  8.330  0.671 0.0000000000
76255  45.628  9.081  0.772 0.0000000000
75329  46.808  8.502  0.385 0.0000000000
76253  47.214  8.986  0.030 0.0000000000
75267  40.158  8.788  5.424 0.0000000000
75268  39.679  8.668  5.826 0.0000000000
73313  39.656  6.594  6.060 0.0000000000
74299  40.186  7.226  5.782 0.0000000000
139426  39.854  5.876  6.054 0.0000000000
72276  40.449  5.384  6.163 0.0000000000
146225  37.470  5.848  7.366 0.0000000000
73315  37.835  6.252  7.057 0.0000000000
70146  39.154  3.614  6.613 0.0000000000
70145  40.015  3.690  6.502 0.0000000000
71160  40.264  4.529  6.349 0.0000000000
69172  40.593  2.961  6.708 0.0000000000
69171  41.534  2.947  6.775 0.0000000000
68162  40.819  1.316  8.357 0.0000000000
68172  41.448  1.783  7.881 0.0000000000
71105  35.938  4.263  10.841 0.0000000000
70108  35.366  3.550  10.481 0.0000000000
69147  35.408  1.995  8.888 0.0000000000
143073  35.310  2.698  9.287 0.0000000000
68165  36.034  1.976  8.306 0.0000000000
137899  35.359  -0.961  9.247 0.0000000000
141075  35.241  -0.191  9.272 0.0000000000
66264  36.092  -1.108  8.998 0.0000000000
141039  37.862  -0.580  8.988 0.0000000000
66274  37.283  -0.166  8.664 0.0000000000
67215  37.539  0.559  8.324 0.0000000000
66273  38.150  0.018  8.689 0.0000000000
67214  38.522  0.676  8.191 0.0000000000
66272  38.953  0.216  8.940 0.0000000000
49447  33.141  -16.772  23.320 0.0000000000
49446  33.984  -16.548  23.580 0.0000000000
49401  35.013  -16.892  26.157 0.0000000000
78145  40.861  12.034  6.924 0.0000000000
76193  39.189  9.561  6.348 0.0000000000
77184  39.588  10.904  5.919 0.0000000000
136830  39.431  10.154  5.721 0.0000000000
50312  20.694  -15.690  30.107 0.0000000000
50300  20.831  -15.648  31.059 0.0000000000
47389  17.799  -18.156  31.970 0.0000000000
142305  15.685  -20.522  36.902 0.0000000000
50282  15.045  -15.683  32.768 0.0000000000
128601  13.361  -16.767  35.406 0.0000000000
49300  13.795  -16.095  35.224 0.0000000000
49311  13.684  -16.864  34.581 0.0000000000
48356  13.559  -17.869  33.863 0.0000000000
135125  12.180  -19.290  35.255 0.0000000000
46240  12.606  -19.631  34.671 0.0000000000
44951  12.347  -20.723  35.372 0.0000000000
47292  11.655  -18.429  37.505 0.0000000000
145567  11.604  -18.944  36.693 0.0000000000
43953  10.929  -21.389  36.679 0.0000000000
44940  11.314  -20.930  36.197 0.0000000000
43952  11.556  -21.563  36.325 0.0000000000
42999  11.934  -22.445  36.997 0.0000000000
135869  11.163  -23.582  38.700 0.0000000000
146723  11.177  -23.303  38.189 0.0000000000
41998  11.583  -23.658  39.319 0.0000000000
41135  9.324  -24.259  39.500 0.0000000000
41126  9.522  -24.802  40.074 0.0000000000
41127  8.781  -24.552  40.102 0.0000000000
43913  8.828  -22.289  39.833 0.0000000000
130991  8.307  -23.519  40.874 0.0000000000
41118  7.995  -24.703  41.390 0.0000000000
41971  7.783  -24.205  42.269 0.0000000000
41095  6.808  -24.618  43.967 0.0000000000
43864  8.514  -21.610  44.710 0.0000000000
42917  7.247  -22.386  45.405 0.0000000000
41941  6.945  -23.069  45.068 0.0000000000
41942  6.215  -23.268  45.333 0.0000000000
53506  32.194  -13.021  22.143 0.0000000000
50408  31.743  -14.766  22.530 0.0000000000
146102  31.854  -15.638  22.681 0.0000000000
49430  31.116  -16.705  23.273 0.0000000000
48482  31.914  -17.160  23.517 0.0000000000
48471  32.120  -17.691  24.313 0.0000000000
48460  31.368  -17.935  24.826 0.0000000000
48474  29.607  -17.158  24.117 0.0000000000
48449  30.051  -18.089  26.067 0.0000000000
47435  30.851  -18.268  26.211 0.0000000000
47443  31.284  -18.182  25.639 0.0000000000
133031  31.089  -18.422  26.931 0.0000000000
52460  26.313  -13.431  24.479 0.0000000000
51422  26.533  -14.225  24.389 0.0000000000
49417  26.796  -16.267  25.371 0.0000000000
49403  26.565  -16.288  26.372 0.0000000000
147697  25.706  -15.395  28.223 0.0000000000
49366  26.642  -16.216  29.044 0.0000000000
49379  26.558  -16.250  28.184 0.0000000000
49389  26.973  -16.572  27.792 0.0000000000
74297  42.197  7.123  5.708 0.0000000000
65249  31.347  -1.287  13.238 0.0000000000
65250  30.509  -1.520  13.443 0.0000000000
62331  30.712  -3.850  12.475 0.0000000000
62349  31.371  -4.477  11.939 0.0000000000
61267  31.283  -5.162  12.421 0.0000000000
59902  27.428  -6.363  19.572 0.0000000000
61138  27.514  -5.545  19.266 0.0000000000
146245  27.357  -6.961  19.132 0.0000000000
58772  27.877  -7.223  16.886 0.0000000000
59939  27.484  -6.459  17.144 0.0000000000
59958  27.740  -6.509  16.507 0.0000000000
61214  27.798  -5.486  15.747 0.0000000000
59975  28.007  -6.164  15.864 0.0000000000
59938  31.221  -5.762  17.498 0.0000000000
61194  31.623  -5.306  16.133 0.0000000000
59972  30.798  -5.768  15.615 0.0000000000
61212  29.125  -5.810  14.834 0.0000000000
61211  30.585  -5.586  14.658 0.0000000000
61230  30.289  -5.133  13.836 0.0000000000
59989  33.543  -6.371  14.404 0.0000000000
61247  32.189  -6.048  13.719 0.0000000000
60005  32.958  -6.341  13.660 0.0000000000
60021  33.194  -6.331  12.832 0.0000000000
60004  33.756  -6.478  13.545 0.0000000000
60019  34.952  -6.288  12.732 0.0000000000
59988  34.990  -6.506  14.383 0.0000000000
59968  36.559  -6.254  15.463 0.0000000000
50395  35.163  -15.435  23.438 0.0000000000
51433  34.721  -15.113  22.669 0.0000000000
51432  35.472  -14.638  23.111 0.0000000000
51431  36.121  -14.133  23.606 0.0000000000
52475  36.346  -13.330  23.404 0.0000000000
52490  36.030  -13.003  22.718 0.0000000000
146392  36.465  -12.665  23.242 0.0000000000
53490  37.198  -11.788  24.181 0.0000000000
55526  36.722  -10.447  23.181 0.0000000000
80192  51.563  13.033  -5.411 0.0000000000
80180  52.113  13.785  -4.988 0.0000000000
78283  51.717  11.708  -6.299 0.0000000000
79169  48.660  12.261  0.579 0.0000000000
79201  48.743  11.799  -2.143 0.0000000000
78242  49.038  11.610  -2.857 0.0000000000
143136  50.035  10.456  -4.078 0.0000000000
78253  49.414  11.324  -3.527 0.0000000000
78264  49.801  11.053  -4.174 0.0000000000
78263  50.168  11.428  -4.725 0.0000000000
77288  50.283  10.713  -4.634 0.0000000000
75300  42.215  8.803  3.344 0.0000000000
75283  42.597  8.193  3.861 0.0000000000
74321  42.556  7.897  4.748 0.0000000000
53516  32.332  -12.802  21.345 0.0000000000
145105  33.389  -13.658  21.222 0.0000000000
134343  34.524  -14.021  21.820 0.0000000000
78168  40.438  11.199  4.738 0.0000000000
78167  41.152  11.564  4.412 0.0000000000
77205  42.111  10.703  3.253 0.0000000000
76229  42.098  9.691  3.136 0.0000000000
126437  7.078  -25.417  43.308 0.0000000000
73273  37.202  6.608  9.556 0.0000000000
131753  36.919  5.834  9.725 0.0000000000
71131  36.196  4.635  9.457 0.0000000000
63367  34.065  -3.314  10.002 0.0000000000
63384  34.688  -3.056  9.696 0.0000000000
62368  35.325  -4.471  10.278 0.0000000000
62347  35.658  -4.886  10.819 0.0000000000
62346  36.365  -4.665  11.149 0.0000000000
61284  35.884  -5.245  11.541 0.0000000000
61262  36.160  -5.567  12.385 0.0000000000
60001  36.427  -5.849  13.328 0.0000000000
48390  15.879  -17.829  31.143 0.0000000000
47392  15.782  -18.710  31.639 0.0000000000
147594  15.486  -19.054  32.055 0.0000000000
46267  15.228  -19.277  32.522 0.0000000000
46253  15.304  -19.639  33.213 0.0000000000
46255  13.947  -19.437  33.437 0.0000000000
46160  10.759  -19.701  39.914 0.0000000000
146793  23.144  -13.724  29.075 0.0000000000
51333  23.639  -13.700  29.477 0.0000000000
63266  27.851  -4.088  18.544 0.0000000000
58706  34.019  -7.243  21.863 0.0000000000
59900  33.132  -6.534  21.062 0.0000000000
59889  33.606  -6.565  21.510 0.0000000000
137610  33.166  -1.593  11.654 0.0000000000
65262  33.604  -1.270  12.682 0.0000000000
65263  32.149  -2.011  11.995 0.0000000000
51369  20.371  -14.735  27.338 0.0000000000
52361  18.086  -13.263  29.722 0.0000000000
126028  17.547  -13.880  29.936 0.0000000000
54445  24.682  -11.398  25.376 0.0000000000
55505  21.985  -11.101  26.557 0.0000000000
54435  22.403  -11.376  25.950 0.0000000000
144800  21.528  -12.065  25.933 0.0000000000
140600  21.635  -13.176  26.288 0.0000000000
144220  21.237  -13.708  26.638 0.0000000000
57575  28.248  -8.510  21.584 0.0000000000
56535  28.712  -9.093  21.911 0.0000000000
56551  28.967  -10.040  20.916 0.0000000000
55578  29.755  -10.536  20.534 0.0000000000
54514  33.445  -11.881  20.233 0.0000000000
55589  32.476  -11.179  19.810 0.0000000000
135886  33.711  -10.144  20.105 0.0000000000
56563  34.186  -9.703  20.531 0.0000000000
55575  34.899  -9.987  20.866 0.0000000000
56549  35.247  -9.517  21.493 0.0000000000
80123  43.759  13.321  3.863 0.0000000000
80108  45.145  14.112  4.142 0.0000000000
79152  46.417  12.620  2.209 0.0000000000
75321  44.515  8.271  1.552 0.0000000000
146275  44.942  8.802  1.160 0.0000000000
149992  46.003  7.684  0.968 0.0000000000
74356  47.237  7.085  0.986 0.0000000000
73359  47.010  6.786  1.701 0.0000000000
75253  39.265  8.516  6.336 0.0000000000
126071  38.945  6.774  6.473 0.0000000000
71147  37.422  4.623  7.174 0.0000000000
71163  38.037  4.663  6.784 0.0000000000
70147  38.478  3.551  6.781 0.0000000000
69163  40.178  2.264  7.042 0.0000000000
138832  39.310  2.301  7.101 0.0000000000
68174  39.767  1.643  7.479 0.0000000000
68163  40.048  1.132  8.024 0.0000000000
69133  34.691  2.292  11.097 0.0000000000
133562  35.008  2.768  10.194 0.0000000000
68134  34.728  1.889  10.205 0.0000000000
68150  35.093  1.463  9.424 0.0000000000
65314  37.341  -1.919  9.476 0.0000000000
66262  38.092  -1.191  9.466 0.0000000000
65312  38.899  -0.861  9.806 0.0000000000
48470  32.938  -17.549  24.454 0.0000000000
48458  33.649  -17.477  25.109 0.0000000000
127403  33.983  -17.567  26.008 0.0000000000
76158  39.137  9.786  9.587 0.0000000000
76165  38.954  9.960  8.783 0.0000000000
77152  39.307  10.533  8.353 0.0000000000
77168  39.217  10.365  7.463 0.0000000000
78155  39.599  11.015  6.903 0.0000000000
76178  39.074  9.805  6.973 0.0000000000
49346  19.549  -16.895  31.083 0.0000000000
43935  14.770  -21.269  37.672 0.0000000000
130150  14.125  -21.763  38.028 0.0000000000
42984  13.276  -22.440  38.294 0.0000000000
47330  13.039  -18.220  34.453 0.0000000000
48343  12.944  -17.511  35.307 0.0000000000
44941  10.737  -20.150  37.323 0.0000000000
44928  10.368  -20.976  37.318 0.0000000000
42987  10.629  -22.508  37.383 0.0000000000
42986  11.293  -22.642  37.314 0.0000000000
42013  10.490  -23.436  38.380 0.0000000000
42000  9.196  -23.685  39.070 0.0000000000
42001  8.769  -23.448  39.376 0.0000000000
43885  9.325  -21.470  41.256 0.0000000000
43899  8.862  -22.156  40.778 0.0000000000
41970  8.206  -23.391  41.860 0.0000000000
42908  6.248  -22.228  46.317 0.0000000000
142918  29.335  -17.809  26.024 0.0000000000
47436  29.599  -17.980  26.902 0.0000000000
144423  25.487  -14.536  24.913 0.0000000000
50357  25.608  -15.346  25.956 0.0000000000
50330  25.707  -15.151  28.966 0.0000000000
50320  26.204  -15.660  29.442 0.0000000000
73311  41.760  6.486  5.957 0.0000000000
73310  42.713  6.681  6.104 0.0000000000
65222  28.922  -1.371  15.124 0.0000000000
65235  29.600  -1.861  13.764 0.0000000000
64300  30.161  -2.403  13.091 0.0000000000
64301  29.471  -2.858  13.424 0.0000000000
62315  30.232  -4.350  13.139 0.0000000000
57619  27.779  -8.425  18.690 0.0000000000
58744  27.625  -7.749  18.221 0.0000000000
57633  28.033  -8.258  17.902 0.0000000000
58756  28.382  -7.905  17.224 0.0000000000
58771  28.757  -7.350  16.511 0.0000000000
59937  31.789  -5.123  17.856 0.0000000000
61176  31.680  -5.049  16.995 0.0000000000
61209  32.305  -5.526  15.521 0.0000000000
61228  31.868  -5.730  14.602 0.0000000000
59971  33.308  -6.021  15.289 0.0000000000
59970  34.333  -6.356  15.150 0.0000000000
126665  35.209  -6.427  15.133 0.0000000000
127970  35.000  -6.300  15.757 0.0000000000
50377  36.047  -15.088  24.765 0.0000000000
51416  35.793  -14.894  23.914 0.0000000000
130303  36.449  -14.576  25.153 0.0000000000
52431  36.798  -13.872  25.145 0.0000000000
80181  51.257  13.456  -4.518 0.0000000000
79216  50.836  12.620  -5.011 0.0000000000
79181  48.678  12.089  -0.280 0.0000000000
78218  48.369  11.329  -0.597 0.0000000000
78230  48.427  11.091  -1.632 0.0000000000
76306  50.909  9.396  -3.577 0.0000000000
77287  50.894  10.308  -4.955 0.0000000000
143042  51.302  9.684  -4.480 0.0000000000
53422  20.014  -12.672  26.765 0.0000000000
129431  19.223  -12.565  28.035 0.0000000000
55491  21.739  -10.932  27.324 0.0000000000
54424  21.294  -11.436  26.724 0.0000000000
54425  20.528  -11.924  26.917 0.0000000000
74350  44.558  7.577  2.505 0.0000000000
74335  45.240  7.415  3.261 0.0000000000
74318  44.958  7.644  4.280 0.0000000000
75282  44.935  8.041  5.323 0.0000000000
148193  30.689  -11.107  21.316 0.0000000000
133228  32.630  -12.207  20.395 0.0000000000
53528  32.637  -12.771  20.799 0.0000000000
53526  33.980  -12.301  20.545 0.0000000000
54502  34.808  -11.959  20.896 0.0000000000
79113  42.806  13.138  6.072 0.0000000000
79120  42.918  13.049  5.126 0.0000000000
78166  41.892  11.930  4.098 0.0000000000
79130  43.047  12.939  4.202 0.0000000000
79145  43.316  12.588  3.445 0.0000000000
78191  44.207  11.533  2.213 0.0000000000
77214  43.970  10.591  2.007 0.0000000000
76247  43.815  9.573  1.860 0.0000000000
75322  43.811  8.570  1.896 0.0000000000
75312  44.065  7.927  2.064 0.0000000000
39366  8.242  -26.251  41.934 0.0000000000
74276  37.944  8.244  8.169 0.0000000000
74277  37.627  7.565  8.241 0.0000000000
136014  37.453  6.347  7.615 0.0000000000
72237  36.848  6.001  8.826 0.0000000000
72258  37.176  5.294  7.515 0.0000000000
139868  36.995  3.914  7.428 0.0000000000
149982  37.386  3.340  7.317 0.0000000000
66252  34.180  -0.458  10.278 0.0000000000
67205  34.653  0.142  9.806 0.0000000000
65316  35.598  -1.772  9.242 0.0000000000
63383  35.390  -3.212  9.604 0.0000000000
64364  35.883  -2.563  9.368 0.0000000000
64363  36.694  -2.602  9.555 0.0000000000
63337  38.595  -3.631  12.384 0.0000000000
62327  38.937  -3.974  13.153 0.0000000000
62329  37.383  -4.621  12.422 0.0000000000
62328  38.157  -4.310  12.824 0.0000000000
62312  39.255  -4.270  13.885 0.0000000000
130513  32.400  -18.426  27.139 0.0000000000
47416  33.138  -18.374  28.033 0.0000000000
48414  18.144  -17.230  29.952 0.0000000000
48389  17.686  -17.980  31.093 0.0000000000
47376  17.218  -18.665  32.483 0.0000000000
44948  15.544  -20.213  35.368 0.0000000000
44961  14.934  -20.254  34.629 0.0000000000
137652  14.824  -20.543  35.395 0.0000000000
43964  13.243  -21.177  35.798 0.0000000000
46176  10.813  -19.759  38.066 0.0000000000
42959  9.070  -22.291  39.005 0.0000000000
137182  9.398  -21.532  39.032 0.0000000000
44894  10.317  -20.337  40.337 0.0000000000
50399  29.905  -15.540  23.397 0.0000000000
140410  28.803  -16.521  23.978 0.0000000000
49415  28.320  -16.944  24.714 0.0000000000
148532  28.164  -17.110  25.288 0.0000000000
52414  24.170  -13.568  26.196 0.0000000000
126987  24.627  -14.254  26.736 0.0000000000
51331  25.140  -14.482  29.350 0.0000000000
70142  42.913  3.580  6.755 0.0000000000
70141  43.825  3.614  6.916 0.0000000000
64275  27.842  -2.880  15.925 0.0000000000
62292  27.631  -4.168  15.625 0.0000000000
58733  31.140  -7.622  19.014 0.0000000000
57615  30.453  -8.160  18.334 0.0000000000
59912  31.449  -6.577  18.927 0.0000000000
59922  31.879  -5.594  18.698 0.0000000000
151017  32.333  -6.024  19.832 0.0000000000
61137  32.432  -5.449  19.263 0.0000000000
61156  32.546  -4.913  18.384 0.0000000000
61155  33.520  -4.844  18.484 0.0000000000
80162  50.180  13.502  -2.734 0.0000000000
75340  48.541  8.477  -0.500 0.0000000000
75353  48.701  9.112  -1.016 0.0000000000
150906  6.085  -24.475  44.677 0.0000000000
70087  35.496  3.534  11.294 0.0000000000
69122  35.135  2.831  11.663 0.0000000000
68123  34.502  1.603  11.566 0.0000000000
65296  33.694  -1.909  10.445 0.0000000000
65278  33.127  -2.152  10.935 0.0000000000
64343  33.497  -2.729  10.406 0.0000000000
63368  33.349  -3.607  10.485 0.0000000000
139503  33.364  -4.329  10.610 0.0000000000
62348  33.077  -4.909  10.951 0.0000000000
49367  19.968  -16.236  29.669 0.0000000000
52397  19.004  -13.925  27.454 0.0000000000
51371  18.852  -14.695  27.765 0.0000000000
50346  18.811  -15.191  27.984 0.0000000000
51351  18.425  -14.981  28.195 0.0000000000
50334  18.818  -15.697  28.306 0.0000000000
48415  17.422  -17.235  30.026 0.0000000000
49347  16.227  -16.437  30.682 0.0000000000
48403  16.247  -17.193  30.711 0.0000000000
48379  15.148  -17.332  31.777 0.0000000000
49335  14.809  -16.601  32.478 0.0000000000
52437  27.647  -13.272  24.961 0.0000000000
53473  26.888  -12.889  24.751 0.0000000000
53474  26.072  -12.692  24.656 0.0000000000
137843  25.665  -13.214  24.552 0.0000000000
52461  25.200  -13.349  24.679 0.0000000000
52439  24.455  -13.484  25.407 0.0000000000
54446  23.830  -11.428  25.454 0.0000000000
54447  22.936  -11.694  25.554 0.0000000000
150574  24.161  -12.459  25.181 0.0000000000
127234  23.930  -12.940  25.524 0.0000000000
51366  23.303  -13.631  27.958 0.0000000000
61118  27.869  -5.062  20.849 0.0000000000
146527  27.738  -5.833  20.900 0.0000000000
59891  27.538  -6.493  20.396 0.0000000000
135880  27.489  -8.060  20.024 0.0000000000
57576  27.769  -8.260  20.830 0.0000000000
57592  27.793  -8.812  20.266 0.0000000000
57606  27.698  -8.589  19.506 0.0000000000
57605  28.099  -9.068  19.123 0.0000000000
145685  30.318  -8.940  18.886 0.0000000000
55563  30.312  -10.963  21.046 0.0000000000
55591  30.288  -10.571  19.898 0.0000000000
136922  31.156  -10.777  19.750 0.0000000000
56578  30.116  -9.769  19.379 0.0000000000
57604  30.902  -9.077  19.333 0.0000000000
57590  32.216  -8.164  20.277 0.0000000000
57574  33.427  -8.161  21.125 0.0000000000
57588  33.837  -8.913  20.819 0.0000000000
58707  33.471  -7.395  21.405 0.0000000000
79160  48.512  12.480  1.322 0.0000000000
78196  48.109  11.910  0.951 0.0000000000
144621  45.736  9.993  0.834 0.0000000000
76262  47.944  8.862  -0.381 0.0000000000
75286  40.565  9.272  4.713 0.0000000000
75266  41.011  8.398  5.042 0.0000000000
74310  39.863  8.081  5.811 0.0000000000
72275  41.365  5.657  6.174 0.0000000000
144207  41.710  4.303  6.488 0.0000000000
73295  38.282  6.902  6.889 0.0000000000
138946  38.679  5.136  6.516 0.0000000000
137645  39.612  5.204  6.282 0.0000000000
70143  42.020  3.606  6.642 0.0000000000
69170  42.432  2.953  6.923 0.0000000000
68171  42.202  2.006  7.981 0.0000000000
69162  41.062  2.298  7.136 0.0000000000
142608  36.212  4.656  10.199 0.0000000000
70121  35.428  3.375  9.609 0.0000000000
70127  35.948  3.241  8.352 0.0000000000
68177  36.752  2.245  7.856 0.0000000000
68176  37.587  1.834  7.673 0.0000000000
66275  36.417  -0.356  8.775 0.0000000000
67213  39.463  0.697  8.499 0.0000000000
66261  39.269  -0.182  9.574 0.0000000000
67202  40.476  0.499  9.767 0.0000000000
50406  33.786  -15.395  22.381 0.0000000000
49427  34.438  -16.786  24.599 0.0000000000
49426  35.143  -16.196  24.676 0.0000000000
78153  40.787  11.997  6.011 0.0000000000
78161  40.196  11.392  5.490 0.0000000000
76216  40.351  10.174  4.541 0.0000000000
49345  20.299  -16.246  31.534 0.0000000000
50283  14.624  -15.766  33.610 0.0000000000
49324  14.406  -16.737  33.225 0.0000000000
48368  14.115  -17.732  33.130 0.0000000000
146986  12.869  -19.100  34.284 0.0000000000
46239  13.286  -19.769  34.126 0.0000000000
44950  12.974  -20.756  35.172 0.0000000000
142276  11.744  -19.549  35.788 0.0000000000
44952  11.730  -20.489  35.682 0.0000000000
132371  12.780  -21.554  36.235 0.0000000000
43937  12.705  -22.017  36.848 0.0000000000
42985  12.589  -22.507  37.612 0.0000000000
42970  12.514  -22.880  38.489 0.0000000000
41997  12.382  -23.246  39.352 0.0000000000
41134  10.190  -24.386  39.565 0.0000000000
40255  9.259  -25.886  41.141 0.0000000000
40256  8.654  -25.776  41.241 0.0000000000
41136  8.498  -23.718  39.974 0.0000000000
42950  8.524  -22.904  40.315 0.0000000000
40265  8.432  -25.090  40.825 0.0000000000
41110  7.407  -24.866  42.912 0.0000000000
43870  8.739  -21.853  43.763 0.0000000000
42916  7.809  -22.003  45.045 0.0000000000
59877  28.674  -6.649  22.547 0.0000000000
51447  32.416  -14.445  22.051 0.0000000000
49448  32.451  -16.830  23.248 0.0000000000
47442  31.919  -18.159  25.495 0.0000000000
49431  30.360  -16.992  23.637 0.0000000000
142052  31.637  -18.505  27.425 0.0000000000
51421  27.326  -14.495  24.244 0.0000000000
50384  26.100  -14.762  24.648 0.0000000000
150039  26.952  -15.526  24.452 0.0000000000
51386  25.278  -15.062  26.668 0.0000000000
134915  25.894  -15.758  26.740 0.0000000000
50342  26.028  -15.827  27.755 0.0000000000
49402  27.099  -16.654  27.058 0.0000000000
74307  42.483  7.558  5.321 0.0000000000
71156  44.199  4.482  6.799 0.0000000000
65248  32.268  -1.160  13.156 0.0000000000
65264  31.734  -1.697  12.591 0.0000000000
130725  31.417  -2.462  12.203 0.0000000000
64313  30.701  -2.908  12.519 0.0000000000
139340  32.240  -4.717  11.387 0.0000000000
61288  32.785  -5.511  11.551 0.0000000000
62235  27.833  -4.755  19.879 0.0000000000
62246  27.680  -4.757  18.926 0.0000000000
62256  27.585  -4.635  18.264 0.0000000000
59923  27.388  -6.346  17.967 0.0000000000
61177  27.380  -5.591  17.462 0.0000000000
140454  27.437  -4.876  17.771 0.0000000000
138526  27.368  -4.694  17.017 0.0000000000
136605  27.518  -4.857  16.099 0.0000000000
135941  27.939  -4.240  14.899 0.0000000000
58754  30.090  -7.659  17.426 0.0000000000
58770  29.691  -7.230  16.644 0.0000000000
59956  29.307  -6.779  15.988 0.0000000000
59955  30.246  -6.403  16.198 0.0000000000
59974  28.775  -6.377  15.568 0.0000000000
61231  28.576  -4.905  14.478 0.0000000000
148155  29.094  -4.784  13.998 0.0000000000
61248  30.912  -5.182  13.238 0.0000000000
131551  31.522  -5.689  13.754 0.0000000000
125696  31.728  -5.779  12.783 0.0000000000
61266  32.519  -5.990  12.268 0.0000000000
61265  33.519  -6.039  11.983 0.0000000000
150256  34.034  -5.865  11.641 0.0000000000
61264  34.395  -6.073  12.046 0.0000000000
60018  35.695  -6.042  12.778 0.0000000000
130607  36.330  -6.166  14.076 0.0000000000
59987  35.905  -6.382  14.710 0.0000000000
59986  36.759  -6.118  14.675 0.0000000000
61226  37.484  -5.674  14.443 0.0000000000
51445  34.182  -14.681  22.020 0.0000000000
52491  35.251  -13.403  22.069 0.0000000000
53505  35.733  -12.482  22.153 0.0000000000
54486  36.066  -11.820  22.296 0.0000000000
52454  37.084  -13.090  24.778 0.0000000000
53470  36.850  -12.699  23.975 0.0000000000
53491  36.725  -12.003  23.427 0.0000000000
54500  36.061  -11.202  22.175 0.0000000000
55544  36.250  -10.520  22.423 0.0000000000
56520  36.409  -9.772  22.730 0.0000000000
80154  49.576  13.195  -1.344 0.0000000000
80163  49.609  13.074  -2.274 0.0000000000
80172  49.720  12.849  -3.114 0.0000000000
141715  48.669  10.671  -2.186 0.0000000000
76308  49.500  10.019  -2.969 0.0000000000
77266  49.047  10.790  -2.871 0.0000000000
79209  49.449  12.099  -3.399 0.0000000000
79208  49.958  12.530  -3.863 0.0000000000
79217  50.230  12.191  -4.603 0.0000000000
79227  50.622  11.801  -5.255 0.0000000000
77297  51.284  10.599  -5.584 0.0000000000
78274  51.152  11.375  -5.764 0.0000000000
46280  15.838  -19.161  32.024 0.0000000000
52430  37.414  -13.223  25.593 0.0000000000
54436  21.686  -11.668  26.104 0.0000000000
54485  36.483  -11.341  22.832 0.0000000000
55515  23.813  -10.870  25.847 0.0000000000
55592  29.621  -10.222  19.879 0.0000000000
56590  28.795  -9.371  18.865 0.0000000000
57591  27.990  -8.969  20.919 0.0000000000
57603  31.405  -8.306  19.519 0.0000000000
57617  29.163  -8.965  18.253 0.0000000000
58722  27.410  -7.187  19.804 0.0000000000
58757  27.843  -7.683  17.559 0.0000000000
59913  27.375  -6.293  18.786 0.0000000000
60003  34.602  -6.488  13.510 0.0000000000
61116  33.462  -5.229  20.225 0.0000000000
61227  36.859  -5.850  14.041 0.0000000000
61232  27.879  -4.911  15.271 0.0000000000
62302  29.568  -4.616  13.708 0.0000000000
63288  27.618  -3.520  16.167 0.0000000000
63381  36.820  -3.177  9.890 0.0000000000
64265  27.763  -2.937  16.706 0.0000000000
65236  28.919  -1.894  14.404 0.0000000000
68161  41.532  1.488  8.674 0.0000000000
69154  36.164  2.631  8.123 0.0000000000
70128  35.567  3.186  8.933 0.0000000000
74357  46.452  7.201  1.271 0.0000000000
132307  33.139  -5.827  20.532 0.0000000000
139519  27.422  -7.062  18.474 0.0000000000
141331  47.624  9.457  -0.249 0.0000000000
141449  30.040  -5.777  14.877 0.0000000000
142745  38.955  10.002  8.106 0.0000000000
145561  28.777  -6.836  16.035 0.0000000000
146104  35.761  -0.479  8.974 0.0000000000
148135  46.081  9.633  0.620 0.0000000000
148250  32.824  -11.653  20.022 0.0000000000
